0	9
0	108
0	180
1	17
1	71
1	75
1	105
1	140
1	150
1	161
2	49
2	108
2	110
2	177
3	80
3	81
3	90
3	173
4	85
4	93
4	96
4	100
4	125
5	19
5	63
5	74
5	126
5	192
6	7
6	12
6	88
6	115
6	148
6	160
6	180
6	188
7	178
7	187
8	25
8	31
8	97
8	116
8	195
9	65
9	82
9	171
9	173
10	42
10	59
10	64
10	97
10	118
11	21
11	72
11	144
12	195
13	44
13	76
13	93
13	153
13	171
14	146
15	43
15	52
15	58
15	66
15	71
15	83
15	193
15	197
16	39
16	50
16	72
16	188
16	197
17	54
17	139
17	146
18	31
18	50
18	70
18	86
18	87
18	107
18	186
19	77
19	100
19	170
19	172
19	180
20	65
20	176
20	186
21	55
21	185
22	27
22	77
22	97
22	130
22	179
23	67
23	171
24	160
24	167
24	188
25	37
25	95
25	97
25	115
25	175
25	192
26	93
26	168
26	179
26	181
27	58
27	108
27	116
27	125
27	154
27	169
27	195
28	43
28	61
28	171
28	184
29	72
29	128
29	198
30	62
30	153
31	134
31	158
32	160
32	161
32	199
33	55
33	153
33	155
33	157
33	178
34	149
34	184
34	188
35	46
35	89
36	37
36	39
36	91
36	120
37	77
38	167
39	102
40	69
40	72
40	103
40	109
41	118
41	185
42	78
43	59
43	96
43	156
44	50
44	66
44	194
45	58
45	89
45	105
45	136
45	139
45	171
46	83
46	115
46	194
47	115
47	124
47	137
48	52
48	54
48	63
48	103
48	146
48	157
48	195
49	81
49	86
49	93
49	197
50	163
50	173
51	53
51	98
51	129
51	131
51	146
51	165
51	197
52	71
52	163
52	168
53	104
53	147
53	153
53	159
53	189
54	135
54	148
55	111
55	128
56	61
56	157
56	161
56	165
57	118
58	70
58	87
58	114
58	157
58	182
59	100
59	101
59	127
60	61
60	96
60	179
60	188
61	115
61	170
62	65
62	81
62	118
63	99
63	111
64	106
64	193
65	68
65	140
66	135
66	142
66	156
66	163
67	106
68	81
68	101
68	136
68	174
69	162
70	76
70	149
71	104
71	135
72	182
72	186
73	153
73	154
74	81
74	193
75	100
75	198
76	167
76	168
76	174
77	81
77	130
77	133
77	148
77	176
77	193
78	92
78	146
78	192
79	97
79	184
80	95
81	131
81	134
81	138
81	163
81	174
82	100
82	176
83	136
83	185
84	139
85	90
85	166
85	173
85	184
86	194
87	160
87	192
87	195
88	111
88	163
89	112
89	123
90	124
90	134
91	173
92	103
92	109
92	114
93	109
93	133
93	174
94	131
94	143
94	159
94	192
95	129
95	131
95	135
96	137
96	144
96	192
97	124
97	140
97	175
99	169
99	174
99	183
100	145
100	179
101	146
101	148
102	134
102	149
104	168
105	114
105	162
106	124
106	171
106	187
107	128
107	133
107	150
108	131
108	164
109	111
109	137
109	181
110	111
110	140
110	150
110	156
111	112
111	125
111	143
111	154
112	168
113	120
114	120
114	167
114	179
116	149
116	154
116	178
116	193
117	138
117	186
118	129
118	180
119	195
120	139
121	143
122	161
124	161
124	180
125	145
125	149
125	188
127	184
128	130
128	157
128	164
128	166
128	174
128	187
129	170
129	190
130	150
130	166
130	192
131	137
131	150
132	171
134	158
135	163
137	151
140	198
141	172
142	173
143	153
144	162
144	181
145	183
151	183
152	183
152	196
153	181
153	186
157	198
158	180
160	161
167	183
168	186
171	181
173	178
173	185
175	181
180	188
185	188
191	195