0	111
0	124
0	146
0	181
0	187
1	49
1	137
1	144
1	151
1	186
2	16
2	32
2	60
2	98
2	188
2	190
3	13
3	136
4	70
4	100
4	168
5	47
5	71
5	87
5	111
6	54
6	128
7	132
7	147
8	39
8	55
8	58
8	100
8	166
9	137
9	175
10	106
10	166
10	175
11	24
11	72
11	178
11	184
12	88
12	126
12	140
12	143
12	160
13	23
13	72
13	153
14	23
14	84
14	194
15	18
15	31
15	114
15	184
16	121
16	122
16	152
17	65
17	78
17	95
17	107
17	193
18	114
18	185
18	192
19	25
19	50
19	56
19	166
19	190
19	191
20	73
20	119
21	36
21	43
21	110
21	112
21	114
21	154
21	162
22	23
22	65
22	78
22	173
23	29
23	129
23	183
24	132
24	149
25	93
25	156
25	198
26	32
26	63
27	69
27	82
27	93
27	95
27	154
28	54
28	74
28	105
28	117
28	198
29	38
29	199
30	58
30	99
30	108
30	145
30	182
31	34
31	41
31	118
32	139
32	151
32	163
32	198
33	40
33	44
33	81
33	105
33	169
33	198
34	86
34	100
34	101
34	182
35	152
36	125
36	170
36	176
36	199
37	77
37	80
37	150
37	187
38	67
38	94
38	123
38	165
38	169
39	51
39	121
39	152
40	130
40	163
40	197
41	76
41	111
41	186
42	55
42	122
42	172
43	69
43	194
44	89
44	139
44	154
44	172
45	69
45	80
45	120
45	168
46	79
46	146
46	158
46	166
46	194
47	96
47	119
47	160
48	128
49	123
49	135
50	54
50	165
51	98
51	120
51	189
52	91
53	100
53	133
53	169
53	195
54	99
54	127
55	87
55	97
55	131
55	173
56	85
56	145
56	164
56	189
57	84
57	125
57	126
57	151
57	155
58	78
58	97
58	137
58	171
58	198
59	128
59	149
59	193
60	61
60	85
60	105
61	102
61	109
61	123
61	187
62	110
62	121
62	147
62	176
62	198
63	151
63	181
64	123
65	121
65	149
65	165
66	71
66	108
66	141
66	173
68	149
68	156
69	153
69	164
69	168
70	114
70	134
70	175
71	166
71	193
72	83
72	95
72	103
72	173
72	191
73	168
74	117
74	143
74	160
74	174
75	96
75	130
76	112
76	142
76	148
77	126
77	166
78	102
78	138
78	151
78	186
79	147
80	95
80	142
80	171
81	147
82	147
83	143
83	149
83	150
85	138
85	156
85	186
87	119
88	101
88	126
89	95
89	117
89	130
89	174
90	105
90	116
90	161
92	164
92	188
92	195
93	100
93	107
93	117
93	173
94	127
94	144
95	132
95	181
96	117
96	139
96	166
98	139
100	152
100	161
101	159
101	177
102	122
102	168
103	187
104	153
104	198
105	167
105	178
107	109
108	146
109	114
111	132
111	137
112	175
112	187
113	153
113	158
113	190
114	164
114	174
115	183
116	138
116	172
116	198
118	197
119	156
120	146
122	144
122	165
123	135
123	140
123	188
124	138
125	129
125	179
126	135
126	182
127	158
127	162
128	139
128	152
128	182
129	141
130	160
131	154
131	162
131	178
132	168
132	181
133	155
133	168
134	141
137	148
137	187
138	173
140	174
140	196
142	180
144	176
144	181
146	171
146	178
147	186
149	182
151	159
152	188
152	193
153	197
154	185
156	175
157	160
158	164
158	190
159	189
161	182
163	169
163	180
163	189
164	175
165	185
166	167
166	194
166	198
167	176
168	196
176	184
179	182
180	185
182	191
185	187
187	199
188	190
189	198