0	38
0	154
0	158
0	193
1	24
1	91
1	175
2	28
2	148
3	77
3	91
3	144
3	198
4	69
4	89
4	125
5	16
5	25
5	148
6	51
6	153
6	184
7	90
7	95
7	173
7	188
8	12
8	96
9	11
9	17
9	41
9	78
9	97
9	171
9	193
9	198
10	13
10	55
10	72
10	74
11	53
11	116
11	150
11	156
12	29
12	38
12	132
12	176
13	115
13	141
14	57
14	78
14	79
15	22
15	66
15	132
15	160
16	89
17	105
17	161
18	34
18	78
18	174
19	142
20	73
20	97
20	108
20	157
20	162
20	180
20	188
21	28
21	110
21	133
22	26
22	29
22	69
22	86
22	95
22	98
22	148
23	33
23	42
23	80
23	181
24	51
24	73
24	150
24	155
24	188
24	197
25	56
25	61
25	158
25	162
26	46
27	30
27	54
27	142
27	173
28	186
29	38
29	40
29	56
29	100
29	113
29	119
30	33
30	85
30	125
30	163
31	48
31	155
31	166
32	67
32	108
33	67
34	42
34	69
34	82
34	159
34	169
34	175
35	152
36	61
36	110
37	43
37	45
37	117
39	80
39	100
40	43
40	53
40	117
40	168
40	179
41	73
41	90
41	98
41	128
42	79
42	98
42	164
42	170
42	175
43	67
43	125
43	133
44	194
45	58
45	71
45	83
46	140
46	157
47	126
47	150
48	135
48	148
48	175
49	111
49	139
49	142
49	192
50	81
50	105
51	53
51	70
51	93
51	125
51	130
51	180
52	59
52	103
52	132
52	190
52	191
53	85
53	162
54	72
54	87
54	194
55	165
55	171
56	61
56	71
56	91
57	71
57	83
57	113
57	154
58	61
58	179
59	60
59	82
59	109
59	126
59	149
60	66
60	79
60	97
60	123
60	178
60	188
61	93
61	124
61	154
61	163
61	171
61	187
62	138
62	145
62	167
62	199
63	160
63	172
64	89
64	127
64	190
65	114
65	127
65	170
66	73
66	88
66	92
67	120
67	131
67	160
67	166
68	98
68	118
68	145
69	175
70	76
70	96
70	97
70	130
70	136
70	184
71	101
71	149
71	156
71	187
72	156
73	92
74	82
74	106
74	171
74	198
75	97
75	102
75	107
75	120
75	143
75	147
75	175
75	194
76	92
76	98
76	120
76	156
77	93
78	168
78	186
79	84
79	142
79	170
80	172
80	181
81	96
81	143
82	142
82	185
83	107
84	125
85	96
85	135
85	152
85	170
86	143
86	169
86	196
87	98
87	102
87	192
88	159
88	189
89	103
91	95
91	147
91	178
92	194
93	188
94	108
94	175
95	112
95	150
95	199
96	121
96	124
96	130
96	137
96	198
97	180
98	110
98	156
98	163
98	185
99	146
99	158
99	179
100	120
100	121
100	155
100	184
101	103
101	149
101	189
102	173
104	170
105	123
105	168
106	151
106	191
107	110
108	124
108	165
108	171
109	158
112	116
112	144
112	148
113	181
114	173
115	118
115	129
115	130
115	140
115	150
115	154
115	178
116	125
116	147
116	157
116	192
118	129
118	146
120	183
120	190
122	146
122	185
122	191
123	181
125	127
125	149
126	174
126	180
126	184
128	174
128	195
130	192
132	149
132	160
133	156
134	190
135	193
138	170
139	173
139	194
140	142
140	149
141	152
141	160
143	150
143	157
144	162
145	179
146	174
148	153
148	155
148	163
150	154
151	199
152	158
152	198
155	189
156	159
156	171
157	178
158	197
159	178
159	197
166	177
167	187
170	196
171	182
171	187
174	175
176	183
177	181
181	194
186	188
193	195
193	196