0	11
0	17
0	44
0	47
1	64
1	78
1	136
1	156
2	100
2	121
3	40
3	80
3	125
3	132
3	138
3	154
4	7
4	123
4	157
4	188
4	195
5	21
5	52
5	72
5	134
5	154
6	89
6	100
6	111
7	54
7	105
7	194
7	195
8	81
8	97
8	135
8	167
9	71
10	196
12	31
12	79
12	120
12	139
13	70
13	82
13	135
13	142
13	161
13	167
13	197
14	129
15	18
15	26
15	35
15	48
15	74
16	131
17	136
17	142
17	172
17	181
18	59
18	98
19	22
19	82
19	103
19	159
20	63
20	65
20	133
20	160
21	136
21	196
23	29
23	64
23	112
23	115
23	125
23	128
24	199
25	127
26	27
26	49
26	100
26	114
26	138
26	194
27	58
27	74
27	126
27	135
28	38
28	123
28	171
29	122
30	117
31	56
31	122
31	124
32	158
33	198
34	83
34	138
35	93
35	103
35	115
35	121
35	142
35	143
36	85
37	178
38	145
39	68
39	138
39	188
39	193
39	196
40	148
40	186
40	196
41	67
41	88
41	163
41	188
42	120
43	102
43	108
43	123
44	92
45	52
45	185
45	195
46	86
46	173
47	69
47	78
47	103
47	140
47	189
48	108
48	123
48	160
49	56
49	143
49	164
50	175
50	183
51	99
51	120
51	123
51	166
52	101
53	67
53	74
53	85
53	95
53	99
54	89
54	152
54	172
55	116
57	66
57	77
57	79
57	108
58	120
58	196
59	68
59	109
60	68
60	101
60	108
60	168
60	185
61	180
62	98
62	137
62	171
62	180
63	146
64	105
64	141
64	174
64	176
64	196
65	112
65	158
65	172
65	193
66	89
66	168
67	70
67	143
68	162
69	85
69	103
69	114
69	149
69	199
70	73
71	99
71	106
71	113
71	127
72	73
72	74
72	77
72	80
72	89
72	103
73	103
73	109
73	114
73	159
73	183
74	112
74	149
75	133
75	185
76	126
76	169
76	176
77	122
77	142
77	169
77	172
77	174
77	180
78	104
78	113
79	122
80	130
80	168
81	104
81	198
82	113
82	136
83	146
83	170
83	173
84	168
84	173
85	169
86	96
86	140
86	189
87	94
87	126
87	127
88	91
88	143
88	154
89	105
89	194
90	160
90	178
91	135
91	152
92	115
93	132
93	147
93	185
94	175
95	136
95	158
95	161
95	192
95	197
96	145
97	110
97	158
98	136
98	190
99	109
99	128
100	174
100	185
100	193
101	181
101	183
102	126
102	160
103	125
103	176
104	144
104	189
105	112
105	120
106	195
107	122
107	137
108	155
108	179
109	143
110	121
111	158
111	172
112	119
112	162
112	190
113	157
114	116
114	171
116	150
116	153
116	190
117	191
118	122
118	183
119	140
119	191
121	128
121	157
123	131
123	167
123	176
125	129
125	179
126	128
126	153
127	152
128	147
129	142
130	173
131	148
131	170
131	195
132	148
133	141
133	169
133	182
134	167
134	185
135	169
137	153
137	171
139	158
139	164
139	190
140	181
140	193
141	144
141	155
141	167
142	144
142	152
143	174
145	157
145	184
145	194
147	179
147	184
150	167
151	195
152	159
152	171
154	174
158	175
158	195
160	196
161	185
161	190
162	169
162	187
165	183
166	168
166	178
167	181
168	173
168	199
170	192
171	186
172	181
173	186
174	191
177	179
186	188