0	42
0	65
0	125
0	147
0	169
0	196
1	5
1	53
2	65
2	70
2	125
2	177
3	8
3	166
3	170
4	53
4	93
5	27
5	51
5	136
5	147
5	159
6	44
7	87
7	147
8	89
8	107
8	128
8	182
9	20
10	20
10	94
10	113
10	156
10	176
11	14
11	35
11	93
11	141
11	192
12	35
12	81
12	105
12	181
13	23
13	34
13	38
13	62
13	86
13	192
14	182
15	19
15	47
15	49
15	64
15	100
15	115
15	128
15	168
16	37
17	21
17	56
17	77
17	88
17	132
17	164
18	20
18	35
18	62
18	191
18	193
19	34
19	100
19	190
20	34
20	177
21	100
21	132
21	161
22	29
22	71
22	77
22	92
22	177
23	108
24	36
24	45
24	132
24	144
25	111
25	152
26	157
27	28
27	115
27	180
28	85
28	137
28	143
28	197
29	32
29	130
30	38
30	42
30	70
30	132
31	66
31	111
31	189
32	47
32	54
32	107
32	127
33	37
33	66
33	71
33	99
33	124
34	89
34	110
34	120
34	122
34	154
34	170
35	46
35	71
35	80
35	81
35	101
36	61
36	91
36	101
37	38
37	113
37	138
37	148
38	51
38	77
38	169
38	185
39	66
39	93
39	163
39	182
40	85
40	107
41	121
41	162
42	45
42	83
42	96
42	165
42	167
42	168
43	44
43	147
44	113
44	138
44	147
45	55
45	121
45	168
46	110
47	68
47	99
47	104
47	145
47	158
48	62
48	114
48	179
49	117
49	121
49	184
50	51
50	147
50	163
50	176
51	65
52	70
53	71
53	72
53	155
54	118
55	63
55	65
55	66
55	85
55	126
55	171
56	104
56	121
56	123
56	150
56	158
57	100
58	124
58	129
58	147
58	190
58	193
59	66
59	100
59	125
59	140
59	161
60	119
60	145
60	159
60	169
61	82
61	85
61	93
61	106
61	124
61	174
61	183
62	80
62	153
63	98
63	174
64	86
64	115
64	147
64	160
64	188
66	183
67	111
67	155
67	158
68	180
69	79
69	126
69	152
69	153
69	161
69	168
70	80
70	159
70	182
70	192
71	176
72	94
72	153
72	188
73	116
73	132
73	180
73	199
74	80
74	91
74	179
74	189
75	158
76	79
76	140
76	175
78	193
78	199
79	131
79	162
79	188
79	197
80	179
82	127
82	131
82	198
82	199
83	164
83	188
83	192
84	128
84	138
85	102
85	156
85	185
86	162
87	128
87	139
87	143
87	156
87	165
87	181
88	113
88	164
89	112
89	125
90	190
91	120
91	165
92	103
93	107
93	129
93	135
93	173
93	185
94	195
95	124
95	155
95	185
96	167
96	188
97	151
97	155
97	158
97	170
98	104
99	179
101	124
101	198
103	121
103	144
103	159
104	124
104	141
104	147
105	129
105	175
106	155
107	149
107	178
107	184
108	154
108	181
108	185
109	153
112	126
112	157
113	120
113	132
113	142
113	156
115	181
117	126
117	147
118	185
119	161
120	146
120	163
120	170
121	163
122	155
122	168
123	169
123	183
124	127
124	161
124	176
124	187
125	184
125	195
126	162
126	178
127	161
127	167
127	185
127	193
127	194
128	132
128	140
128	141
128	158
128	174
129	165
130	157
131	184
132	134
132	157
133	184
133	186
134	140
134	184
136	159
136	161
137	162
137	170
142	162
143	180
144	147
144	174
145	161
145	191
146	155
147	173
148	186
148	189
150	187
151	187
154	158
154	169
154	172
154	173
154	175
154	197
156	161
156	184
157	176
159	163
159	180
161	168
162	173
164	172
167	179
167	196
168	178
171	191
172	176
172	186
176	186
179	182
185	188
188	189
190	191