0	9
0	21
0	30
0	109
0	129
1	10
1	117
1	129
2	53
2	104
3	90
3	117
3	140
4	7
4	8
4	87
4	198
5	113
5	146
6	57
6	101
6	142
6	155
6	178
7	42
7	63
8	44
8	113
9	199
10	41
10	53
10	88
11	54
11	90
11	92
12	65
12	90
13	30
13	100
13	128
13	177
14	80
14	89
14	129
14	189
15	95
15	154
15	198
16	58
16	199
17	66
17	145
18	19
18	31
18	87
18	93
18	106
18	123
19	43
19	93
19	96
19	113
19	176
20	34
20	86
20	145
20	198
21	110
21	115
21	148
21	180
21	192
22	47
22	157
23	24
23	43
23	47
23	140
23	184
24	25
24	116
24	150
24	158
24	176
25	26
25	101
25	107
25	158
26	42
26	158
26	191
26	192
27	31
27	93
27	132
28	118
29	53
29	115
29	124
29	155
29	165
30	44
30	182
31	92
31	136
32	53
32	85
32	147
33	196
34	132
34	198
35	70
35	141
35	166
35	190
36	76
36	135
36	191
37	65
37	75
37	102
37	132
37	137
37	148
38	138
39	94
39	101
39	128
39	138
39	158
40	113
41	96
41	99
41	138
41	171
42	49
42	76
44	58
44	135
44	171
44	195
45	82
45	165
45	184
46	108
46	163
47	49
47	95
47	104
47	127
47	197
48	91
48	107
48	163
49	75
49	80
49	128
49	163
50	61
50	76
50	133
50	180
50	199
51	66
51	118
51	120
51	128
51	182
52	145
53	76
53	172
54	65
54	68
54	92
54	130
54	166
54	180
55	63
55	154
55	173
56	145
57	88
57	95
57	133
57	183
58	67
58	116
58	169
59	86
59	111
60	93
60	115
60	119
60	126
60	137
60	152
61	98
61	191
62	86
62	89
62	193
63	74
64	73
64	77
64	103
64	182
65	68
65	69
66	91
67	90
67	116
67	120
67	194
68	75
68	89
68	166
69	139
70	71
70	101
70	173
71	181
71	189
72	145
72	153
73	113
73	123
74	125
75	142
76	97
76	125
76	154
76	157
76	189
78	107
79	80
79	134
79	163
79	184
79	191
80	141
81	98
81	103
81	152
82	145
82	150
82	167
82	171
82	190
83	185
84	103
84	122
85	171
86	174
87	97
87	122
87	144
89	137
89	165
89	196
90	109
90	134
90	144
91	113
91	179
93	161
94	102
94	133
94	176
95	189
96	123
96	127
96	165
96	177
97	140
97	195
98	151
99	141
99	157
100	108
100	114
100	130
100	145
100	147
100	167
100	194
101	156
101	198
102	104
102	115
102	170
102	179
103	144
103	148
104	150
104	198
105	150
106	153
107	147
108	141
108	161
108	178
109	161
109	175
110	145
110	154
110	168
111	129
112	143
113	143
113	155
113	180
114	143
116	133
117	125
117	135
117	184
120	158
120	159
121	124
121	152
121	167
121	168
123	199
124	135
124	150
125	147
131	171
133	160
133	162
134	168
135	187
136	173
140	149
141	196
142	145
142	188
142	193
143	158
144	182
144	195
145	165
145	170
145	180
148	164
148	192
149	172
150	185
151	189
153	174
153	184
154	186
156	192
159	172
161	179
162	166
163	187
164	171
164	197
166	169
169	194
170	188
170	193
173	177
173	195
179	186
180	183
180	187
186	188
188	197
190	198
193	195