0	46
0	78
0	123
1	45
2	80
2	156
2	161
2	170
3	5
3	19
4	21
4	79
4	85
4	88
4	111
4	127
4	140
4	182
5	61
5	120
5	178
5	182
6	116
7	16
7	67
7	166
8	49
9	36
9	38
9	82
9	157
10	48
10	102
10	144
11	53
11	65
11	102
11	107
11	113
11	120
11	199
12	16
12	107
13	173
13	199
14	60
14	72
14	169
15	118
15	172
15	196
16	40
16	49
16	65
16	100
16	117
16	130
16	183
16	186
17	94
17	127
18	46
18	180
19	43
19	165
20	29
20	57
20	97
20	114
20	157
21	60
21	66
21	105
21	139
22	51
22	135
23	54
23	82
23	93
23	103
23	145
24	68
24	85
24	91
24	140
24	150
24	171
25	108
25	171
25	198
26	36
26	77
26	99
26	114
26	130
26	186
27	78
27	97
27	199
28	39
28	107
28	130
28	197
29	40
29	103
29	120
30	70
30	171
31	91
31	119
31	163
31	194
32	40
32	73
32	146
32	156
32	166
33	60
33	115
33	149
34	49
34	56
34	106
34	108
34	141
34	164
35	90
36	97
36	139
37	50
38	73
38	109
38	159
39	67
39	180
40	62
40	99
40	117
41	84
41	110
41	147
41	156
42	83
42	110
42	119
42	153
42	173
42	180
42	184
43	46
43	59
43	146
43	195
44	103
45	49
45	101
45	111
46	90
46	116
46	128
46	198
46	199
47	85
47	154
47	187
48	80
48	133
49	94
49	133
50	71
50	86
50	186
51	108
51	145
51	153
51	170
52	95
52	100
52	126
52	138
52	167
53	58
53	70
53	85
53	173
53	175
53	179
54	104
55	166
56	94
56	136
56	175
58	93
58	112
58	118
58	136
59	85
59	112
59	114
59	157
60	80
60	186
61	141
61	178
62	88
62	187
63	94
63	137
64	94
64	192
65	77
65	169
65	179
66	80
66	108
66	158
67	106
67	123
67	177
68	72
68	74
69	113
69	157
69	160
69	174
70	185
71	91
71	171
71	185
71	198
72	75
72	85
74	85
74	106
76	179
76	182
77	118
77	199
78	118
78	140
78	164
78	179
80	94
80	140
81	86
81	125
81	142
81	166
82	151
82	184
82	191
83	88
83	97
83	136
84	150
84	191
85	180
86	119
87	133
87	146
87	182
88	107
89	99
89	184
90	97
90	120
90	129
90	171
91	95
91	96
91	112
91	163
92	93
92	133
94	120
94	147
94	164
95	197
96	123
97	116
97	195
98	103
98	109
98	127
98	155
98	195
99	139
100	121
100	145
100	169
101	182
101	192
103	125
103	185
104	132
104	156
106	160
108	135
109	116
109	165
109	183
110	140
110	183
111	142
111	184
112	151
114	136
114	142
114	174
114	193
115	149
115	189
116	177
116	197
118	119
118	148
118	153
118	175
119	167
120	199
121	129
121	145
121	161
121	174
121	177
122	152
123	140
124	149
124	173
124	195
125	164
126	198
129	173
131	171
133	138
133	153
133	192
133	193
134	154
134	161
134	170
134	197
135	183
138	145
140	148
140	176
140	183
142	180
143	191
144	174
144	179
144	181
144	182
144	196
147	177
148	167
148	177
148	193
149	164
149	192
151	165
152	174
153	154
153	156
153	157
154	161
156	180
158	172
158	199
160	180
160	192
161	169
161	193
161	195
162	173
163	168
163	179
164	171
164	177
165	195
167	171
170	192
174	185
174	190
174	194
175	185
177	180
179	185
179	196
184	188
186	198