0	14
0	45
0	63
0	78
0	87
0	98
0	155
0	170
1	79
1	85
1	102
1	133
1	164
1	174
2	24
2	38
2	107
2	126
3	18
3	37
3	44
3	134
3	173
4	55
4	117
4	120
4	133
4	162
4	164
5	21
5	50
5	73
5	194
6	35
6	58
6	86
6	94
6	147
6	193
7	91
7	114
7	194
8	117
8	164
8	192
9	47
9	74
9	111
9	115
9	142
10	98
11	144
11	148
11	158
12	38
12	198
13	133
15	33
15	34
15	45
15	180
15	186
15	189
16	48
16	56
16	142
16	178
17	73
17	75
17	93
17	139
18	32
18	129
19	122
20	43
20	99
20	168
21	75
21	118
21	122
21	145
22	157
22	161
23	122
24	33
24	44
24	98
24	167
25	128
25	170
25	194
26	52
26	99
27	78
27	145
28	35
28	104
28	146
28	152
29	48
29	182
30	33
30	76
30	100
30	107
30	150
31	66
32	64
32	103
32	134
32	159
32	162
32	191
33	43
33	111
33	122
33	139
33	186
33	189
34	66
34	181
36	75
36	105
36	124
36	127
36	159
37	40
37	61
37	164
37	196
38	166
39	73
39	94
39	133
39	139
40	117
40	177
40	198
41	63
41	135
41	166
42	78
42	184
43	45
43	93
43	152
43	161
43	168
43	194
44	97
44	115
44	170
44	185
45	153
45	157
45	181
45	185
46	120
46	133
46	152
46	155
47	115
47	129
48	53
48	54
48	119
48	122
48	123
48	124
49	91
49	165
49	175
49	186
50	58
50	91
50	113
50	146
50	196
51	120
51	160
51	167
51	192
52	68
52	114
52	121
52	194
53	74
53	136
53	182
54	57
54	65
55	60
55	118
55	191
56	82
56	96
57	192
57	195
58	162
59	135
59	175
59	187
60	108
60	193
61	67
61	127
61	141
61	154
61	199
62	65
62	135
63	162
63	168
63	170
63	180
64	129
64	176
64	191
65	188
66	197
67	113
67	121
67	172
67	182
68	86
68	105
68	175
69	84
70	106
71	151
71	152
71	175
72	74
72	105
72	175
73	91
73	99
73	130
73	156
73	176
74	107
74	131
74	132
74	157
75	103
76	136
76	181
77	99
77	156
78	180
79	91
80	197
81	102
81	119
82	138
83	90
83	102
83	155
83	163
83	199
84	111
85	98
87	160
87	162
88	100
88	167
88	169
89	119
89	147
90	96
90	103
90	128
90	160
90	179
90	187
90	190
91	100
91	131
91	166
91	188
92	127
92	184
93	99
94	103
94	124
94	162
94	169
94	196
95	98
95	159
96	99
96	132
96	157
97	128
97	143
98	120
99	115
99	120
99	170
99	177
100	189
101	152
102	117
102	131
102	160
102	163
102	198
103	107
103	115
103	125
103	127
104	133
104	189
105	134
106	112
106	168
109	145
110	122
113	146
113	194
114	189
115	116
115	133
116	136
116	146
117	139
118	173
118	180
119	183
120	127
120	148
120	157
120	189
122	125
122	126
122	128
122	143
122	145
122	182
123	142
123	164
123	170
124	134
124	154
124	182
125	173
126	140
127	129
127	179
128	175
129	141
131	189
132	177
133	138
134	136
134	174
134	192
135	145
136	154
137	194
138	148
138	165
139	152
139	169
141	160
141	162
141	199
142	147
142	154
142	163
142	172
143	159
144	162
144	163
144	164
146	166
147	184
149	165
149	173
152	165
152	167
155	191
157	171
157	179
162	172
165	176
167	189
172	174
172	176
173	196
175	182
176	181
179	185