0	103
0	142
0	160
0	197
1	33
1	59
1	146
1	175
2	7
2	28
2	54
2	179
3	48
3	93
3	122
3	161
4	29
5	57
5	170
5	175
5	181
5	182
6	85
6	168
7	22
8	125
9	16
9	44
9	79
9	96
9	167
9	177
10	19
10	176
10	182
10	190
11	29
11	66
11	79
11	84
11	139
11	166
12	102
12	106
12	116
12	175
12	194
13	34
13	62
13	80
13	101
13	120
13	148
13	149
14	44
14	58
14	88
14	89
14	90
14	113
14	156
15	32
15	36
15	104
15	121
15	126
16	99
16	142
16	180
17	42
17	71
17	132
18	53
18	78
18	109
18	141
19	142
19	150
19	157
19	160
20	80
21	63
21	177
22	56
22	127
22	162
22	166
23	25
23	36
23	70
23	197
24	42
24	107
24	156
25	83
25	94
25	162
25	164
25	166
26	61
26	83
26	89
26	100
26	195
27	71
27	83
27	108
28	132
28	180
29	40
29	84
29	158
29	193
29	199
30	91
30	110
30	135
30	137
30	148
31	130
32	71
32	173
33	96
33	108
33	157
33	192
34	106
35	94
35	189
35	191
36	194
37	99
37	108
37	139
37	150
37	170
38	157
38	167
39	65
39	165
40	56
40	63
40	80
40	142
40	143
41	68
41	76
41	134
41	140
41	171
41	196
42	45
42	102
43	95
43	139
43	148
43	176
44	83
44	118
46	114
47	73
48	112
48	186
49	70
50	58
50	79
50	88
50	169
50	184
51	123
52	167
52	196
54	78
54	123
54	136
54	148
54	182
55	97
55	138
55	186
55	199
56	158
56	170
57	72
58	68
58	106
59	157
59	165
60	177
61	94
61	108
61	133
62	141
62	154
63	197
64	127
65	182
66	72
66	97
66	100
66	104
66	183
66	185
67	141
67	164
68	185
69	120
69	130
69	167
69	170
71	120
72	114
72	116
72	143
72	197
73	77
73	102
73	127
74	191
75	107
75	114
75	160
76	158
76	186
78	180
80	120
80	172
81	106
81	120
81	144
82	131
82	145
82	161
82	165
84	111
84	138
84	197
85	144
85	169
85	172
85	180
86	102
86	103
86	122
86	174
86	181
86	184
86	192
86	199
87	123
87	140
87	161
87	162
88	114
88	165
88	176
89	97
89	99
89	122
89	149
89	153
89	169
90	186
92	187
93	120
94	142
95	128
95	137
95	139
96	139
96	185
97	128
97	135
98	103
98	165
99	102
100	140
100	153
100	168
101	123
101	136
101	154
101	171
101	187
103	112
103	194
103	197
104	127
104	165
105	109
106	137
107	124
108	140
109	131
110	150
112	126
112	163
113	129
113	139
114	122
114	153
114	169
114	178
115	130
115	131
115	156
116	124
116	147
117	162
118	130
118	164
118	170
118	175
118	180
119	134
121	145
121	152
122	125
123	124
123	179
123	188
125	135
125	162
126	174
127	137
127	149
127	177
128	168
129	156
129	185
130	133
131	184
131	192
133	150
134	143
134	180
134	196
135	152
137	172
139	179
139	198
140	161
140	179
141	185
142	159
142	189
143	158
143	181
143	192
144	154
144	160
144	161
144	192
145	182
146	166
147	149
147	156
147	181
148	161
148	183
149	165
151	170
152	156
152	175
153	157
153	168
155	157
162	172
162	177
166	180
176	198
178	181
187	195