0	44
0	103
0	158
1	59
1	118
1	119
1	129
2	4
2	139
3	25
3	100
3	175
4	24
4	135
4	162
5	41
5	54
5	124
5	139
5	172
6	7
6	146
7	11
7	96
7	101
7	113
7	133
7	168
8	52
8	107
8	122
8	144
8	161
8	168
9	67
9	98
9	140
9	144
10	152
11	48
11	51
11	87
11	107
11	178
11	198
12	26
12	37
12	105
13	115
13	199
14	34
14	133
14	135
14	155
15	81
15	94
15	98
15	103
15	117
15	125
15	143
15	178
16	19
16	33
16	37
16	66
16	100
16	167
16	189
17	20
17	79
18	133
18	175
19	23
19	42
19	104
19	123
20	141
21	33
21	68
21	78
21	86
21	147
21	171
22	101
22	105
22	141
22	174
23	46
24	32
24	43
24	45
24	49
24	97
24	115
24	196
25	50
25	85
25	105
26	103
26	147
27	66
27	137
27	177
28	41
28	43
28	113
29	43
29	79
29	102
29	172
29	182
29	198
30	68
30	174
31	43
31	137
32	102
32	161
32	162
32	170
33	86
33	92
33	198
34	44
34	64
34	99
35	51
35	177
35	196
36	67
36	151
37	104
37	163
37	164
37	187
38	42
38	54
38	59
38	105
38	151
39	124
39	172
40	179
40	180
41	62
43	91
43	127
43	152
43	173
44	77
44	80
45	111
45	117
46	118
46	142
46	158
46	184
47	55
48	50
48	71
48	151
48	173
48	178
49	55
49	65
49	141
50	58
50	144
50	163
51	156
51	175
51	186
52	79
53	114
53	144
53	198
54	55
54	109
54	179
54	191
55	73
55	101
56	80
56	125
56	163
57	62
57	77
57	83
57	84
57	112
57	126
57	179
57	184
58	97
58	123
58	144
58	161
59	72
59	117
60	161
61	120
61	133
62	147
62	170
62	179
63	66
63	119
63	145
63	173
64	149
64	160
65	76
65	93
65	102
65	136
65	180
66	112
66	125
66	137
68	92
68	99
68	153
68	164
68	183
68	184
68	189
69	76
69	83
70	100
70	127
70	187
71	87
71	96
71	119
71	121
71	186
72	113
72	175
73	124
73	125
73	151
73	160
73	189
74	115
75	78
75	82
75	90
75	106
75	149
76	169
77	83
77	137
78	187
81	100
81	146
81	168
82	113
82	198
83	139
84	95
84	158
84	189
86	92
86	120
86	168
88	90
89	157
89	162
90	101
90	159
90	182
91	133
91	158
91	192
92	126
92	139
92	175
93	162
94	121
94	161
94	196
95	124
96	105
96	134
96	148
97	121
97	164
98	101
98	141
99	119
99	136
99	149
99	189
99	192
100	102
100	195
101	120
101	142
102	193
103	157
103	195
103	199
104	136
104	159
105	149
105	199
106	151
107	157
108	197
109	143
109	193
110	131
111	112
111	141
112	160
112	166
113	130
115	138
115	153
115	171
116	175
117	125
118	184
118	191
120	129
120	150
120	195
122	138
122	153
123	163
124	142
124	177
124	183
125	176
126	145
126	154
126	185
126	194
128	147
128	176
130	133
130	155
130	162
132	156
133	198
134	172
135	143
135	150
135	191
136	183
137	156
138	148
140	158
141	168
141	190
141	192
142	183
145	179
146	150
146	158
146	159
146	196
148	162
149	159
149	160
150	167
151	190
152	198
155	181
155	182
156	192
158	186
158	195
160	187
161	165
162	172
162	188
166	170
166	172
166	181
166	194
167	174
167	182
171	183
172	190
172	196
175	176
176	189
176	194
178	188
186	199
192	199
197	198