0	17
0	69
0	85
0	91
0	129
1	48
1	65
1	135
1	141
1	191
2	130
2	190
3	53
3	54
3	64
3	138
3	151
3	180
4	19
4	46
5	38
5	182
5	193
6	16
6	25
6	41
6	52
6	121
6	127
7	89
7	97
7	113
7	147
7	164
8	51
8	67
9	125
9	146
9	194
10	47
10	53
10	84
10	127
10	178
11	18
11	95
11	131
11	136
11	165
11	175
11	178
12	163
13	16
13	51
13	61
13	109
13	135
13	173
13	188
14	24
14	27
14	72
14	181
14	189
14	198
15	49
15	80
15	83
15	134
15	166
16	124
16	163
17	52
17	59
17	63
17	86
17	95
17	197
18	46
18	160
19	50
19	154
20	57
20	97
20	136
20	144
20	189
21	60
21	120
21	129
21	142
21	147
22	29
22	40
22	49
22	79
22	80
22	82
22	154
23	132
24	64
24	102
24	135
24	185
25	52
25	56
25	93
25	194
26	64
26	127
26	145
27	33
27	45
27	107
27	182
28	152
28	170
29	76
29	101
29	124
29	130
29	176
30	48
30	62
30	189
31	43
31	114
31	175
32	39
32	62
32	127
32	137
32	145
32	152
33	174
34	75
34	82
34	130
34	167
35	42
35	92
35	138
36	66
36	192
37	89
39	51
39	56
39	73
39	156
40	55
40	151
40	172
41	75
41	139
41	154
42	87
42	106
42	108
42	142
42	163
42	188
43	63
43	99
44	83
45	54
45	94
45	153
46	61
46	77
46	109
46	185
47	138
48	67
48	150
48	156
48	169
49	65
49	109
49	145
49	189
49	198
50	51
50	75
50	93
50	148
50	196
52	61
52	73
52	75
52	90
52	188
53	55
53	144
54	64
54	73
54	124
54	131
54	147
55	110
55	172
55	176
55	179
55	192
56	104
56	150
56	151
56	174
57	123
57	145
58	143
59	66
59	67
59	91
59	113
60	104
61	115
61	118
61	139
61	193
63	69
63	104
65	115
65	119
65	130
65	136
66	121
66	129
66	177
67	94
67	124
68	80
69	119
70	85
70	127
70	177
71	133
71	139
71	163
72	102
72	104
72	112
73	149
73	174
74	87
75	177
76	94
76	190
77	96
77	114
77	150
77	192
78	121
78	124
78	134
78	195
79	129
80	131
80	135
80	153
81	85
81	138
81	179
82	100
82	130
82	136
82	169
82	197
83	141
83	189
83	190
83	194
84	127
85	120
86	145
86	175
86	179
87	118
87	162
88	136
88	165
88	174
89	96
89	139
90	95
90	183
91	127
92	129
93	107
94	102
95	155
95	182
96	157
96	198
97	137
97	181
97	182
98	168
99	196
100	180
101	121
101	140
101	147
101	154
101	159
102	120
102	185
103	160
104	144
104	184
105	112
105	113
106	149
107	110
107	174
107	177
108	147
109	132
109	159
109	198
110	132
110	152
110	162
110	189
110	193
111	144
111	155
112	134
112	161
113	132
113	169
114	134
114	173
114	178
115	170
116	142
116	175
117	132
117	143
117	157
118	149
118	161
118	198
119	136
119	153
119	172
120	158
122	197
126	128
126	161
127	138
128	153
129	186
131	135
131	180
131	194
132	177
133	148
133	158
133	159
133	171
134	143
134	182
135	169
136	171
137	158
138	181
139	187
140	197
140	199
141	153
142	199
143	187
144	197
146	182
147	192
148	171
149	151
149	187
150	199
153	155
153	178
155	157
155	188
155	198
156	182
161	191
162	187
163	195
169	191
172	181
181	182
190	191
195	199