0	38
0	103
0	138
0	172
1	113
1	148
2	35
2	49
2	120
3	96
3	172
3	191
3	193
4	157
5	125
5	183
6	49
6	137
7	48
7	183
8	45
8	69
8	99
8	111
8	113
8	160
9	162
10	39
10	56
10	141
10	175
11	158
12	94
12	104
12	192
13	34
13	49
13	65
13	174
14	32
14	41
14	152
14	164
15	43
15	76
16	57
16	80
16	102
16	133
16	164
17	58
17	108
17	136
17	160
18	44
18	63
18	112
18	133
18	144
18	166
18	196
19	63
19	86
19	126
19	140
19	141
19	161
20	29
20	35
20	191
21	102
21	127
22	180
23	48
23	50
23	62
23	82
23	90
23	95
23	96
23	160
23	174
24	47
24	87
24	113
24	159
24	171
24	177
24	194
25	34
26	196
27	35
27	47
27	89
27	112
27	166
28	96
28	99
28	110
28	112
28	145
28	165
28	170
28	184
29	132
29	158
29	163
29	179
29	192
30	43
30	119
30	174
31	93
31	95
31	99
31	147
32	48
32	100
32	130
32	152
32	181
32	186
33	132
33	158
33	161
33	166
33	170
34	48
34	112
34	119
34	130
35	175
36	49
36	117
36	163
36	187
37	52
37	63
39	59
40	46
40	61
40	144
40	153
40	190
41	80
41	99
42	66
42	99
42	109
42	117
42	143
44	90
44	99
44	132
44	149
45	80
45	167
45	175
46	112
46	117
46	135
47	124
48	120
48	169
48	185
48	186
49	138
50	62
50	112
50	116
50	169
50	199
51	148
52	123
52	147
53	126
53	129
53	180
54	101
54	145
55	62
55	69
55	86
55	164
56	144
57	117
57	127
57	188
58	125
58	156
58	164
59	92
59	135
60	62
60	109
60	112
60	149
60	165
60	170
61	148
61	150
61	183
62	86
63	86
63	135
63	171
64	77
64	124
64	125
64	162
64	196
65	98
65	112
66	151
66	155
66	167
67	181
68	80
69	101
69	134
69	154
69	167
70	127
70	162
71	180
72	96
72	114
72	127
73	123
73	129
73	156
74	76
74	175
75	140
75	191
76	124
77	99
78	90
78	163
79	196
80	95
81	84
81	111
81	145
81	183
82	112
82	125
82	136
83	115
83	166
84	99
84	107
85	90
85	108
85	198
86	97
86	126
86	161
86	188
87	129
87	132
87	196
88	93
89	115
90	124
90	130
90	140
90	166
91	130
92	157
93	185
93	186
94	182
95	101
95	165
97	170
97	177
98	148
98	150
98	166
99	163
100	148
100	149
101	152
101	154
102	113
103	111
103	181
103	182
104	107
104	117
104	133
104	137
104	180
105	198
106	129
106	141
106	162
106	173
107	115
107	189
108	124
108	133
108	199
109	114
109	190
111	114
112	151
112	182
112	195
112	199
113	121
113	189
114	149
115	134
116	189
117	119
117	125
118	138
118	153
119	132
119	168
121	137
121	139
121	170
121	176
121	196
122	137
122	191
123	163
123	172
123	175
126	133
126	148
127	176
127	198
128	137
129	191
130	163
130	184
131	175
132	167
132	195
134	180
134	196
135	188
135	195
136	181
136	193
136	198
137	142
138	146
138	155
139	186
141	148
141	171
144	189
145	153
147	149
147	170
147	175
148	158
150	158
150	176
152	178
154	165
155	166
155	167
156	197
162	175
164	177
164	178
164	182
165	186
168	188
172	181
173	196
173	198
176	184
176	194
183	197