0	7
0	92
0	108
0	126
1	32
1	56
1	171
2	33
2	41
2	44
2	73
2	125
2	145
2	147
2	196
3	50
3	96
3	107
3	124
3	183
4	31
4	65
4	99
4	128
5	133
5	190
6	14
6	24
6	27
6	40
6	42
6	49
6	72
6	140
6	165
6	170
7	10
7	16
7	32
7	48
7	69
7	72
7	73
7	195
8	43
8	61
8	169
9	125
10	58
10	64
10	69
10	91
10	101
10	122
10	182
11	30
11	68
11	97
11	138
11	150
11	158
11	162
12	80
12	87
12	103
13	43
13	67
13	105
13	131
14	49
14	105
14	125
15	48
15	71
15	113
15	132
16	20
16	149
16	185
17	32
17	54
17	149
17	187
18	91
19	197
20	42
20	109
20	172
20	199
21	59
21	135
21	187
22	193
23	125
23	126
23	156
23	187
24	30
24	41
24	50
24	117
24	124
25	34
25	53
25	61
25	198
26	125
26	176
27	146
28	51
29	175
30	48
30	181
31	70
31	77
31	91
31	187
31	189
32	63
32	105
32	133
32	137
32	138
33	54
33	88
33	98
33	185
34	43
34	167
35	96
36	79
36	96
36	168
37	119
37	158
37	161
38	47
38	90
38	91
38	177
39	82
39	166
41	81
41	166
41	189
42	64
42	65
42	129
43	117
43	163
44	57
44	58
44	111
44	135
44	157
45	60
45	67
45	96
45	179
46	54
46	193
47	48
47	68
47	112
47	127
47	129
47	135
47	196
48	145
48	159
49	61
49	118
49	125
50	110
50	184
51	59
51	69
51	103
51	153
51	176
51	182
52	65
52	73
52	86
53	68
53	90
54	88
54	124
54	136
54	145
54	184
55	71
55	72
55	141
55	142
55	185
55	189
56	118
56	155
57	89
57	196
58	63
58	129
58	132
58	150
58	152
58	159
58	161
59	131
59	143
59	173
60	102
60	124
60	150
60	164
60	171
60	183
61	85
61	130
61	168
61	174
62	90
62	117
62	160
63	72
63	91
63	133
63	165
63	173
64	76
64	85
64	103
64	119
64	147
64	157
64	165
64	181
65	66
65	89
65	90
65	113
65	124
65	195
66	161
66	197
66	198
67	72
67	88
68	190
69	78
69	133
69	147
70	143
70	197
71	91
71	109
71	139
72	134
72	140
72	160
73	117
73	145
73	158
74	111
74	126
74	128
75	120
76	196
77	110
77	134
77	149
78	87
78	159
78	164
79	128
79	147
79	176
79	185
80	134
80	136
80	138
80	181
80	188
81	109
81	183
82	153
82	154
83	168
83	186
84	156
85	158
88	139
88	153
88	171
89	139
89	175
90	95
90	156
90	166
91	124
91	155
91	180
92	150
93	126
93	141
94	162
94	172
95	97
95	126
96	112
96	138
96	153
97	141
97	177
98	104
98	185
99	131
100	174
100	195
101	137
101	162
101	169
101	196
102	119
102	149
102	162
103	124
103	178
103	180
104	152
104	186
105	146
106	166
107	151
108	146
108	147
109	138
109	175
111	159
112	165
113	192
114	128
114	196
114	199
115	189
116	185
117	174
117	189
118	121
118	131
118	146
118	199
119	125
120	128
120	156
121	129
121	150
121	181
121	182
121	193
122	128
123	196
124	193
124	194
125	147
126	139
127	165
127	169
128	156
129	190
130	157
130	175
130	176
131	175
132	135
132	172
133	173
133	177
133	193
135	168
135	178
136	180
136	182
137	141
137	174
140	166
140	185
141	199
142	196
144	155
145	154
146	153
146	199
147	156
148	158
148	181
149	185
149	197
151	167
153	165
154	171
157	182
160	189
160	195
161	192
164	166
164	181
166	181
167	178
168	190
170	171
170	180
170	182
170	185
172	185
173	193
174	193
175	199
176	195
177	199
182	191
186	187
188	196