0	16
0	23
0	26
0	52
0	100
1	20
1	122
1	123
1	176
2	70
3	52
3	55
3	56
3	121
3	137
3	149
3	161
3	162
3	166
4	7
4	76
4	105
4	118
4	186
5	27
5	52
5	135
5	153
5	162
6	115
7	53
7	74
7	102
7	122
7	124
7	172
7	179
8	40
8	42
8	94
8	163
8	182
8	196
9	17
9	26
9	40
9	41
9	123
9	143
9	172
9	176
10	53
10	161
10	168
11	26
11	33
11	35
11	59
11	172
11	174
12	56
12	113
13	38
13	71
13	111
13	143
14	30
14	90
14	151
14	157
15	35
15	43
15	159
15	196
16	21
16	82
16	153
16	168
16	198
18	108
18	131
18	143
18	176
18	193
19	21
19	72
19	113
19	177
20	138
20	167
20	173
21	147
21	154
22	41
22	60
22	111
22	173
23	193
24	77
24	98
24	130
24	145
25	34
25	42
25	176
25	197
26	65
26	111
26	113
26	115
27	32
27	34
27	161
28	74
28	77
28	81
28	189
28	197
28	199
29	77
29	173
30	54
30	59
30	181
31	96
31	151
31	171
31	197
32	73
32	82
32	96
32	103
32	110
32	143
32	197
32	199
33	63
33	76
33	163
34	45
34	109
35	98
36	78
37	68
37	94
37	122
37	185
38	50
38	92
38	144
39	76
39	138
40	168
40	190
40	192
41	93
41	97
41	142
41	165
41	198
42	116
43	118
43	122
43	127
43	147
43	188
44	45
44	64
45	63
45	98
45	191
46	81
46	112
46	122
46	128
46	135
46	151
46	172
46	181
46	187
46	195
47	72
47	85
47	180
48	68
48	89
48	127
49	145
49	149
50	56
50	79
50	125
50	137
51	81
51	125
51	138
52	74
52	124
52	142
52	182
53	82
53	108
53	188
55	94
55	183
56	57
56	98
56	148
56	152
57	194
58	162
59	83
60	117
60	124
60	163
61	198
62	105
62	114
62	149
62	158
62	184
63	94
63	156
63	187
64	69
64	84
64	125
64	146
64	172
65	69
65	82
65	196
66	145
66	165
66	186
67	90
67	99
67	193
68	77
68	118
69	125
69	134
71	97
71	109
71	133
71	139
71	182
72	116
73	117
73	127
73	132
73	163
74	151
75	186
76	117
76	136
76	148
77	103
78	91
80	103
80	124
80	127
82	94
82	128
83	108
84	99
84	144
84	192
85	91
85	149
85	165
85	177
86	92
87	96
87	193
88	112
88	154
88	163
89	151
89	177
90	116
90	146
90	174
90	199
91	93
92	99
93	141
94	157
95	97
95	115
96	99
96	175
97	173
98	171
99	180
100	160
101	145
101	149
101	154
101	186
103	121
103	124
104	143
104	166
105	107
105	144
106	119
106	137
106	184
106	189
108	195
109	113
109	153
109	182
110	126
110	173
111	145
112	150
113	161
114	137
114	164
115	129
115	136
115	190
116	150
116	195
117	126
117	191
117	194
118	165
119	138
119	159
119	172
120	121
120	124
120	195
121	138
121	142
121	144
122	140
122	157
122	181
122	198
123	198
124	138
124	146
125	185
126	135
126	148
126	154
126	191
127	129
127	161
127	182
128	189
129	192
132	150
132	156
133	190
135	151
136	194
137	138
138	142
138	144
138	146
138	177
139	142
139	147
140	162
141	180
142	192
143	150
144	159
144	162
146	190
146	195
146	196
147	194
147	195
148	196
150	168
151	162
152	185
152	189
152	197
154	190
155	168
155	188
159	173
160	168
160	169
160	190
161	182
161	193
162	182
162	184
162	196
163	169
163	172
164	168
164	178
164	186
165	199
169	170
173	195
176	186
177	189
177	192
179	181
180	181
181	188
182	183
182	185
195	197