0	1
0	82
0	92
0	103
1	75
1	107
2	81
2	162
2	164
3	21
3	71
4	89
4	173
4	175
5	191
5	194
6	103
6	172
7	13
7	52
7	75
7	97
7	123
7	153
7	165
7	167
7	181
8	54
8	67
8	160
9	114
9	149
10	76
10	93
10	157
10	190
11	28
11	170
12	58
12	70
12	97
12	185
12	191
13	117
13	180
14	50
14	91
14	116
14	132
14	161
15	73
15	113
15	120
16	84
16	135
16	181
16	194
17	35
17	41
17	81
17	100
17	187
18	65
19	93
20	35
20	71
20	140
20	195
21	23
21	46
21	58
21	107
21	174
21	188
21	196
22	66
23	93
23	115
23	125
23	135
23	183
23	190
24	31
24	178
25	33
25	47
25	101
25	110
25	126
25	182
26	49
26	65
26	74
26	79
26	171
27	37
27	38
27	58
27	65
27	93
27	110
28	31
28	97
28	108
29	41
29	123
30	64
30	99
30	146
30	179
31	40
32	81
32	87
32	89
32	124
32	165
32	196
33	113
33	181
34	184
35	69
35	84
35	86
35	95
35	146
35	163
36	88
36	127
36	150
37	63
37	119
37	143
37	155
37	172
38	87
38	125
38	141
38	170
38	196
39	83
39	145
39	162
39	179
40	43
40	80
40	138
40	147
41	48
41	76
41	132
41	142
41	170
42	79
42	85
43	51
43	189
44	64
44	71
45	88
46	119
46	134
46	154
46	183
46	199
47	101
47	135
48	98
48	103
48	129
48	144
49	50
49	192
49	196
50	196
51	66
51	80
51	111
52	73
53	72
53	97
53	113
54	140
54	144
55	57
56	125
56	138
56	156
57	61
57	68
57	72
57	102
57	164
57	187
58	79
58	105
58	153
58	164
58	167
58	168
58	169
58	170
59	117
59	137
59	169
59	171
59	194
59	198
60	67
60	130
60	198
61	82
61	110
61	173
62	118
63	92
64	96
64	99
64	120
65	106
66	129
66	157
67	68
67	119
68	172
69	92
70	75
70	77
70	96
71	114
71	119
71	171
72	158
73	112
73	126
73	132
73	135
73	180
74	93
74	118
74	147
74	155
75	82
75	84
75	194
76	92
76	175
77	140
77	171
78	91
78	130
78	133
78	139
79	105
79	126
79	127
79	146
80	111
80	169
81	95
82	124
83	139
83	155
83	158
83	161
83	173
85	142
86	87
86	98
86	143
86	170
88	105
88	117
89	108
89	115
89	128
89	134
89	169
89	196
90	125
90	144
90	184
91	107
91	154
91	163
93	111
93	165
93	176
94	105
94	144
94	189
95	161
95	189
95	195
96	140
96	158
97	171
97	181
98	156
99	103
99	106
99	145
99	174
99	189
100	104
100	124
100	164
101	124
102	134
102	171
103	125
103	183
103	188
104	170
105	106
106	163
106	191
106	199
107	115
107	162
107	165
108	148
108	167
109	128
109	165
109	169
110	114
110	137
111	140
111	180
111	198
113	149
113	180
114	154
114	168
114	173
114	198
116	125
116	132
116	152
116	167
117	120
117	130
117	134
117	143
117	191
118	164
119	129
119	190
120	136
121	149
121	182
122	128
122	162
124	171
125	143
125	199
126	137
127	135
129	160
130	133
130	165
131	153
132	196
133	143
133	177
133	178
133	187
134	158
136	148
137	146
137	154
137	178
138	156
138	179
138	191
139	178
141	168
141	169
141	178
141	179
141	189
141	198
142	191
143	166
143	192
144	156
144	174
144	196
145	182
145	183
147	164
147	187
147	191
150	183
151	156
151	188
154	194
155	173
157	177
157	195
158	185
159	192
160	184
160	193
162	194
162	195
163	185
163	191
163	198
164	185
167	175
167	196
167	197
172	179
172	184
173	187
177	179
186	196
194	196