0	76
0	124
0	197
1	5
1	75
1	92
1	183
1	190
1	194
2	13
2	173
3	55
3	123
3	168
4	31
4	65
4	69
4	168
4	169
5	89
5	156
6	116
6	120
6	147
6	165
6	174
7	12
7	48
8	18
8	123
8	147
8	162
8	180
8	181
9	10
9	95
9	103
9	145
9	146
9	174
10	77
10	143
11	15
11	30
11	45
11	52
11	59
11	123
11	176
11	179
12	68
12	89
12	96
12	99
12	115
12	138
13	16
13	43
13	79
13	139
13	182
13	195
14	78
14	85
14	97
14	135
14	138
14	165
15	16
15	90
15	98
16	116
16	156
17	74
17	79
17	150
17	167
18	23
19	109
19	146
19	151
19	195
20	74
20	116
20	130
20	185
21	58
21	166
21	168
22	43
23	32
23	104
24	83
24	192
25	34
25	88
25	192
26	78
26	90
26	118
26	132
26	198
27	35
27	155
28	88
28	168
28	199
29	33
29	56
30	156
30	159
30	177
30	190
31	64
31	101
31	156
32	38
32	72
32	126
32	197
33	45
33	96
33	104
33	195
34	47
34	118
35	78
35	178
36	130
37	130
38	59
38	64
39	183
40	68
40	173
41	112
42	135
42	152
43	60
43	197
44	55
44	103
45	94
45	167
45	179
46	198
47	81
47	130
49	132
50	109
50	174
50	187
51	52
51	65
51	69
52	64
52	97
52	98
52	134
52	150
52	185
53	90
53	174
54	83
54	133
54	151
55	104
55	108
55	176
55	178
55	179
55	197
56	69
57	171
57	183
57	191
58	179
58	186
59	182
60	75
60	159
60	192
61	150
61	152
61	177
62	75
62	95
63	87
63	95
63	121
63	160
64	122
64	171
65	164
65	194
66	83
66	101
66	179
66	199
67	112
68	116
68	175
69	71
69	81
69	155
70	99
70	166
71	88
71	171
71	185
72	158
72	181
72	189
73	93
74	129
75	89
75	102
75	154
76	164
78	161
79	130
80	121
80	129
80	133
80	151
80	153
82	94
82	186
83	130
83	165
84	132
84	150
85	106
86	146
87	133
87	146
88	94
88	122
88	142
88	157
88	161
88	167
88	169
88	180
89	104
89	135
89	195
90	95
90	120
91	169
92	133
92	191
93	122
93	140
95	161
96	114
96	143
96	163
97	107
98	111
98	163
99	100
99	139
99	142
100	142
100	144
100	175
101	117
101	131
101	141
101	160
102	170
103	147
104	107
104	115
104	152
105	111
105	154
105	157
105	188
107	108
107	125
107	130
107	144
107	145
107	179
107	189
108	190
108	198
109	119
109	134
110	139
110	144
111	119
111	126
111	146
112	127
112	139
112	182
113	118
115	119
116	125
116	183
116	191
119	168
120	174
121	142
122	198
123	134
123	142
123	178
124	132
125	140
125	163
128	156
128	163
131	191
132	156
133	148
133	151
133	159
133	163
133	186
134	161
134	183
135	167
136	154
137	147
138	150
139	173
140	161
140	185
140	189
140	199
141	153
142	163
142	183
143	169
148	157
148	174
149	157
149	165
149	176
149	194
149	197
151	153
151	170
152	166
153	172
153	193
155	167
156	186
157	170
157	199
158	168
158	184
158	196
159	163
160	164
160	192
163	178
163	180
163	187
164	192
164	194
165	187
166	174
168	185
170	189
171	174
174	179
175	177
177	180
177	185
179	183
182	189
190	191
191	196