0	139
0	174
0	186
1	7
1	19
1	32
1	173
1	179
2	68
3	35
3	51
3	155
3	156
4	43
4	196
5	49
5	106
5	162
6	17
6	121
6	125
6	179
7	48
7	49
7	56
7	102
7	162
8	31
8	110
8	119
8	169
9	11
9	49
9	71
9	88
9	103
9	128
9	197
9	199
10	55
11	36
12	131
13	149
13	160
14	17
14	37
14	42
14	93
14	176
15	26
15	51
15	75
15	86
15	139
15	177
16	84
16	179
16	182
16	198
17	122
17	161
17	176
18	40
18	95
18	133
18	186
19	67
19	80
19	165
19	169
20	29
20	96
20	114
20	143
20	150
21	87
21	106
21	114
22	48
22	188
23	146
23	173
24	109
24	122
25	74
26	29
26	93
26	187
26	197
27	129
28	137
29	131
29	153
29	188
29	196
30	129
31	44
31	81
31	89
31	125
31	144
31	150
32	35
33	34
33	65
33	101
33	119
33	128
33	144
34	125
34	186
34	192
35	46
35	71
35	128
35	153
36	199
37	71
37	74
37	161
37	168
37	185
38	51
38	56
38	83
38	89
38	110
38	140
38	149
38	156
39	40
39	59
39	65
39	85
39	103
39	121
40	63
40	174
40	178
40	191
41	43
41	85
41	89
41	93
41	129
41	191
42	43
42	46
42	52
42	53
42	84
42	97
42	158
43	88
43	131
43	198
44	80
44	180
44	190
45	71
45	124
45	126
46	156
46	175
46	181
47	50
47	145
47	164
47	176
48	66
48	70
48	80
48	117
49	50
49	73
49	85
49	91
49	93
49	105
50	141
50	161
51	74
51	169
51	198
52	162
52	171
52	199
53	63
53	71
53	128
53	161
53	179
53	190
54	61
54	77
54	154
54	164
55	83
55	182
56	62
56	113
56	153
56	157
56	180
57	78
57	162
58	85
58	130
59	80
59	100
60	72
60	115
61	71
61	116
61	140
62	164
62	186
63	84
63	94
63	156
63	199
64	117
64	145
64	191
65	74
65	87
65	177
65	180
66	105
67	149
67	176
67	180
68	151
68	171
68	178
69	151
69	171
70	80
70	121
70	153
70	197
71	123
71	131
71	184
72	80
72	112
72	157
73	93
73	108
73	147
74	109
74	160
75	142
76	99
76	132
76	147
77	97
77	124
77	177
78	88
79	186
80	128
80	134
80	163
80	173
80	195
81	110
81	181
82	159
82	196
82	199
83	131
83	176
83	190
83	193
84	105
84	141
84	191
85	121
85	155
86	173
86	191
86	195
87	103
87	135
87	176
87	187
88	106
88	150
88	158
89	162
90	139
91	192
92	129
92	180
93	96
93	120
94	173
95	145
95	175
95	176
96	104
96	115
96	166
98	134
98	170
99	114
99	179
100	130
100	131
101	120
101	157
101	176
101	189
102	127
105	178
106	187
107	133
108	163
108	181
108	194
109	129
109	132
110	126
110	179
111	136
112	169
113	157
114	136
114	181
114	193
115	140
116	196
117	173
117	185
118	139
118	168
118	174
119	146
119	180
120	198
121	122
121	145
121	159
121	164
121	179
121	183
122	191
123	168
123	178
123	183
123	191
124	161
124	173
125	130
125	148
125	153
125	195
126	129
126	159
126	180
126	185
127	155
128	167
128	177
129	138
129	150
129	179
129	185
130	142
130	144
130	170
131	145
131	165
131	193
132	164
133	144
133	160
134	154
135	158
136	147
136	179
137	174
137	192
138	139
138	183
139	157
139	169
140	177
141	149
141	160
142	172
142	177
143	174
143	176
143	191
150	152
153	170
153	178
157	162
158	188
160	186
161	169
161	184
162	163
162	180
162	190
162	198
166	187
167	187
167	189
168	185
169	173
169	180
170	178
174	181
175	191
176	198
184	197
186	197
186	198
187	198
190	198
192	199