0	153
1	25
1	27
1	81
1	163
1	180
1	188
2	29
2	55
2	98
2	166
2	184
3	134
3	162
3	167
4	40
4	119
4	152
4	172
5	13
5	110
6	23
6	47
6	75
6	79
6	98
6	125
6	188
6	189
7	17
7	91
8	83
8	183
8	198
9	15
9	44
9	53
9	142
10	75
10	101
10	148
10	188
11	99
12	27
12	45
12	76
12	198
13	21
13	91
13	155
13	159
13	172
14	54
14	133
14	164
15	22
15	53
15	131
16	35
16	78
16	79
17	54
18	23
18	28
18	40
18	61
18	82
18	106
18	136
18	147
19	172
19	192
20	93
20	176
21	159
21	193
22	42
22	69
22	120
22	150
22	156
23	38
23	40
23	78
23	92
23	162
23	193
24	41
24	115
24	129
24	173
25	37
25	95
25	104
25	153
25	173
26	32
26	108
26	116
26	143
26	144
26	174
27	197
28	82
28	185
29	69
29	95
30	66
30	74
30	78
30	105
30	167
31	47
31	146
31	153
31	171
31	174
32	43
32	64
32	149
32	165
32	175
33	92
33	188
34	61
34	67
34	117
34	128
34	182
35	194
36	70
36	117
37	62
37	136
38	58
39	77
39	112
39	133
39	139
39	153
39	195
40	41
40	83
40	103
40	173
41	56
41	123
41	130
41	143
42	109
42	162
43	167
43	196
44	87
44	134
44	150
44	183
45	143
46	114
46	125
46	134
46	141
47	72
47	83
47	108
47	130
47	182
47	184
48	67
48	156
48	161
48	179
49	50
49	108
49	139
50	58
50	129
50	137
50	158
51	119
51	121
51	160
52	150
53	57
53	184
54	123
54	144
54	149
54	190
55	62
55	103
55	113
55	114
55	191
56	62
56	150
57	121
57	159
57	188
58	169
58	186
58	198
59	72
59	93
59	130
59	131
59	133
59	145
59	164
60	81
60	90
60	92
60	190
61	94
61	128
62	64
63	81
63	82
63	187
64	136
64	151
64	187
65	131
65	149
65	172
66	82
66	83
66	98
66	138
66	149
66	166
67	83
67	106
67	182
68	92
68	104
68	125
68	139
68	162
69	128
69	154
69	172
70	117
70	124
70	139
71	108
72	133
72	146
73	113
73	157
73	177
74	96
74	119
74	194
75	165
75	191
76	133
77	79
77	118
77	148
77	150
78	92
79	98
79	135
79	169
79	192
80	102
80	127
80	148
81	98
81	123
82	89
82	170
82	189
83	101
83	168
84	89
84	115
84	130
84	144
84	171
85	99
85	145
86	127
86	132
86	152
87	151
87	194
88	113
89	98
89	113
89	171
89	185
91	182
93	109
94	121
94	170
94	182
95	134
95	135
95	157
95	179
95	186
96	116
96	147
96	150
96	189
97	125
97	162
98	132
98	137
98	179
99	101
99	131
99	161
100	128
101	160
101	178
102	107
102	118
103	122
103	149
103	176
103	195
105	146
105	148
106	122
106	134
106	150
106	153
108	134
108	135
108	145
109	166
109	185
109	186
109	192
110	154
110	175
111	160
112	114
112	190
113	188
113	194
114	169
115	136
116	183
117	179
117	180
118	124
118	140
118	145
121	151
122	157
122	189
123	198
124	132
124	170
124	172
126	132
127	134
127	145
127	193
127	195
130	198
132	147
132	188
133	154
135	136
136	158
136	182
137	147
138	173
138	177
138	189
139	166
139	168
141	150
149	197
153	157
153	168
154	171
155	158
155	175
155	185
158	189
158	194
160	175
160	190
161	173
162	180
162	192
165	178
169	183
170	183
170	184
171	188
173	185
174	182
178	189
179	192
180	185
181	183
181	192
185	195
188	197
191	199