0	13
0	82
0	100
0	152
0	159
0	171
0	174
1	46
1	88
1	134
1	137
2	86
2	147
2	165
3	9
3	75
3	114
3	127
4	71
4	101
4	158
4	177
5	73
6	26
6	42
6	196
7	21
7	112
7	115
7	126
7	187
8	113
8	138
8	154
8	193
9	82
9	97
10	63
10	120
10	196
11	47
11	169
12	20
12	84
12	146
13	22
13	72
13	78
13	137
13	146
13	150
14	25
14	37
14	83
14	120
14	130
14	139
14	145
14	187
15	104
15	117
15	127
15	195
15	199
16	90
16	99
16	191
17	33
17	40
17	47
17	179
18	32
18	76
18	124
18	165
18	178
19	52
19	87
19	95
19	111
19	177
21	56
21	63
21	69
21	161
21	173
21	176
22	110
22	128
22	147
22	180
23	102
23	168
23	193
24	42
24	53
24	87
25	28
25	90
25	122
25	126
25	136
26	27
26	89
26	96
26	113
26	118
26	143
26	147
26	148
26	154
26	180
26	184
27	32
27	95
27	110
27	124
27	129
27	189
28	52
28	86
28	125
28	166
28	188
29	75
29	97
29	108
29	137
29	141
30	145
30	185
31	114
31	188
31	190
32	52
32	76
32	90
32	164
33	56
33	105
34	117
34	166
34	178
35	90
35	148
35	171
36	65
36	69
36	189
37	95
37	129
37	140
38	163
39	92
39	110
39	166
39	182
40	67
40	102
40	103
40	125
40	157
40	160
40	190
41	51
41	177
41	188
42	57
42	59
42	75
42	84
42	126
42	135
42	159
43	97
43	107
43	139
43	145
43	167
44	52
44	121
44	149
45	47
45	51
45	53
45	99
45	156
46	72
46	87
46	162
47	78
47	153
48	64
49	68
49	95
49	120
49	126
50	180
51	59
51	68
51	88
52	76
52	115
52	158
52	165
52	185
53	91
54	84
54	124
54	139
55	166
55	181
56	73
56	85
56	134
56	158
56	161
57	162
57	175
58	120
58	172
58	182
59	81
59	86
60	64
60	166
61	112
61	133
61	153
62	87
62	183
63	80
63	84
63	126
63	199
64	65
64	68
64	82
64	95
64	157
65	67
66	98
66	107
66	111
66	169
67	78
67	176
67	195
68	91
68	108
68	143
68	145
68	174
69	75
69	148
69	193
70	77
70	100
71	76
71	94
71	132
71	176
71	196
72	79
72	83
73	85
74	144
75	103
75	129
75	137
75	198
76	111
76	135
76	162
77	83
77	108
77	155
78	87
78	168
79	102
79	134
80	111
80	179
81	85
83	99
83	103
83	125
83	152
83	198
83	199
84	145
85	189
86	196
87	106
87	149
87	169
87	188
87	195
88	90
88	129
89	139
89	165
90	97
90	176
91	132
91	138
93	115
93	125
93	189
93	195
94	128
94	188
94	192
97	183
98	151
99	165
99	166
100	126
100	131
100	142
101	161
102	124
102	179
102	183
105	122
105	127
105	131
105	135
105	136
105	174
105	184
107	124
107	158
107	172
108	143
109	113
109	169
110	184
112	116
113	143
114	147
114	160
114	198
116	133
116	143
119	138
119	158
120	130
120	131
120	133
120	144
120	161
122	174
122	178
123	137
124	126
124	135
124	136
124	183
125	140
126	135
126	185
126	199
128	143
129	170
130	156
130	159
130	194
131	158
132	171
134	166
134	187
135	198
137	174
139	152
140	158
140	163
140	168
140	189
141	149
142	199
143	152
143	175
145	168
147	189
148	152
148	156
148	161
148	170
149	163
151	176
151	182
153	181
154	185
157	195
158	179
160	186
161	178
161	180
161	189
162	177
163	178
163	194
165	179
173	178
173	197
176	180
178	194
180	191
180	198
189	199
194	199
196	199