0	8
0	105
0	160
1	8
1	194
2	45
2	156
3	31
3	59
3	78
3	93
3	101
3	163
3	184
4	23
4	41
4	104
4	122
4	132
4	167
4	172
5	33
5	44
5	157
5	160
6	10
6	54
6	60
6	110
6	153
6	163
7	19
7	142
7	154
8	25
8	126
9	68
9	78
9	144
10	49
10	66
10	88
10	151
11	34
11	165
11	181
12	41
12	67
12	93
12	96
12	137
13	72
14	21
14	29
14	122
14	133
14	183
15	171
15	179
16	32
16	69
17	47
17	137
17	198
18	38
18	41
18	66
18	134
18	153
18	160
19	96
19	98
19	128
19	140
19	162
20	38
20	92
20	103
20	140
21	44
21	54
21	99
21	101
21	168
21	181
22	60
23	38
23	70
23	153
23	154
23	170
24	56
24	86
24	173
24	187
25	151
25	162
25	192
26	119
26	170
26	196
27	28
27	121
27	143
27	164
28	49
28	83
28	99
28	121
28	184
29	49
29	51
29	150
30	32
30	46
30	67
30	82
31	86
31	123
32	52
32	69
32	88
32	92
32	130
32	144
32	170
33	187
34	78
34	97
34	147
35	68
35	72
35	169
35	199
36	134
37	173
38	40
38	127
38	129
38	160
38	176
39	48
39	150
40	112
41	67
41	73
41	179
41	188
42	160
43	100
44	48
44	56
44	153
45	56
45	102
45	133
45	165
45	192
46	84
47	75
47	97
47	108
47	124
48	92
48	134
48	168
49	136
49	171
50	162
51	85
51	90
51	146
52	155
52	187
53	150
54	109
54	127
55	59
55	121
55	131
56	58
56	60
56	72
56	76
56	93
56	109
57	109
57	133
57	141
57	142
57	149
58	59
58	103
58	183
59	136
59	168
60	105
60	112
60	167
60	170
60	195
60	198
61	146
62	92
62	156
62	183
62	197
63	103
63	126
63	166
63	186
63	191
64	83
64	87
64	140
64	142
65	71
66	133
66	144
66	176
67	92
67	148
67	193
68	83
68	102
68	121
68	199
69	128
69	183
70	101
70	166
71	107
71	194
72	104
72	147
72	158
72	171
72	185
73	78
73	174
74	76
74	149
74	160
74	163
75	100
75	130
76	87
76	102
76	141
76	159
77	167
78	96
78	128
78	140
78	159
78	172
79	93
79	110
79	192
79	199
80	82
80	96
80	100
80	121
81	125
81	194
83	162
83	199
84	99
85	141
85	181
85	185
86	109
86	117
86	137
86	180
87	93
87	102
87	126
87	166
87	176
87	192
88	151
88	161
89	119
90	120
90	191
91	194
92	121
92	183
93	130
93	164
93	165
93	176
94	138
95	192
96	182
97	144
97	165
97	188
98	161
99	123
99	131
99	153
99	174
99	178
99	199
100	115
100	167
101	134
102	163
102	195
103	152
104	154
104	189
104	190
105	125
106	171
106	175
106	185
106	198
108	110
108	146
109	184
110	112
110	198
111	115
111	127
111	187
113	146
113	190
114	185
115	164
115	166
115	171
116	140
116	143
118	124
118	147
119	190
120	125
120	126
121	127
123	154
124	139
125	154
126	163
127	167
128	140
131	185
131	197
132	141
132	178
133	151
133	161
135	172
136	139
136	144
136	150
136	172
137	164
137	182
139	143
139	151
140	176
141	198
142	143
142	145
145	151
145	168
146	183
146	190
147	174
149	159
158	176
158	185
158	199
159	171
159	188
161	171
161	181
161	185
162	181
165	176
167	176
168	177
178	199
179	182
179	190
180	189
189	192
191	193