0	82
0	184
0	205
0	510
0	905
1	215
1	223
1	377
1	539
1	614
2	77
2	282
2	290
3	47
3	575
3	582
3	953
3	969
4	30
4	340
4	355
4	948
5	55
5	591
5	629
6	130
6	331
6	714
6	955
7	271
7	393
7	469
7	543
7	681
8	287
8	348
9	327
9	896
9	924
10	175
10	375
10	455
10	551
10	576
10	711
11	15
11	188
11	532
12	952
13	359
13	500
13	670
13	743
13	826
14	130
14	433
14	442
14	825
14	835
14	853
14	919
15	102
15	281
15	601
15	609
15	612
15	685
15	694
15	874
15	974
16	385
17	333
17	672
17	780
17	858
17	932
17	981
18	129
18	298
18	836
19	26
19	132
19	867
19	956
20	152
20	484
20	756
20	802
20	995
21	436
21	515
21	578
21	651
22	31
22	111
22	151
22	433
22	590
22	973
23	217
23	558
23	738
24	28
24	47
24	101
24	764
24	986
25	309
26	362
26	391
26	708
26	793
26	841
26	866
27	476
27	703
28	372
28	641
28	750
28	819
29	45
29	56
30	821
30	926
30	972
30	995
31	403
31	446
31	561
31	603
32	167
32	181
32	325
32	688
33	74
33	430
33	504
34	206
34	291
34	404
34	426
34	468
35	542
35	801
35	871
36	527
36	703
36	856
36	880
37	75
38	83
38	285
38	376
38	573
38	718
39	369
39	377
39	556
39	587
39	627
40	52
40	81
40	159
40	722
40	737
41	79
41	132
41	147
41	644
41	673
42	104
42	631
42	968
43	534
43	646
43	819
43	932
44	387
45	170
45	317
45	373
45	433
45	494
45	668
45	786
45	871
45	945
46	220
46	369
46	417
46	432
46	464
46	566
46	743
46	750
46	786
47	189
47	793
48	562
48	658
49	86
49	224
49	298
49	427
49	436
49	599
50	768
51	239
51	434
51	843
52	146
52	952
53	61
53	229
53	274
53	806
53	843
54	132
54	205
54	231
54	604
55	98
55	227
55	304
55	334
55	368
55	457
56	72
56	346
56	367
56	555
56	622
56	701
56	858
56	891
57	559
58	261
58	287
58	341
58	833
59	256
59	285
59	481
59	499
59	824
60	107
60	249
60	289
60	333
60	619
60	670
60	673
60	886
61	68
61	110
61	779
62	305
62	311
62	372
62	397
62	563
63	190
63	530
63	737
63	835
64	181
64	267
64	475
64	505
64	576
64	791
64	803
64	937
65	175
65	437
65	732
66	278
66	704
66	769
66	871
66	934
66	952
67	366
67	612
68	516
69	678
69	843
70	296
70	399
70	407
70	412
70	421
70	665
71	385
71	426
71	447
71	520
72	169
72	449
72	718
73	250
73	841
74	659
75	925
75	934
76	689
77	221
77	319
77	546
78	127
78	184
78	289
78	399
78	592
79	304
79	321
79	991
80	98
80	207
80	427
80	853
81	368
81	521
81	698
81	774
83	415
83	681
83	693
84	146
84	150
84	209
84	700
84	744
84	881
84	944
84	972
85	318
85	435
86	274
86	625
86	666
86	715
86	913
87	453
87	462
88	104
88	482
89	373
89	533
89	548
89	693
90	110
90	657
91	182
91	223
91	427
91	577
91	622
91	637
91	906
92	948
93	261
93	837
94	294
94	399
94	614
94	919
94	997
95	215
95	480
95	594
95	867
96	446
96	526
96	596
97	301
97	460
97	893
98	459
98	563
99	926
100	134
100	159
100	776
100	826
101	156
101	447
101	657
101	769
102	211
102	287
102	298
102	729
102	731
102	848
102	971
103	219
103	376
103	894
105	199
105	271
105	293
105	429
105	553
105	667
105	937
106	176
106	450
106	718
107	940
108	381
108	567
108	741
108	962
109	241
109	496
109	540
109	743
109	848
110	147
110	313
110	712
110	954
111	297
111	335
112	493
112	687
112	817
112	879
113	680
113	801
113	853
114	733
114	993
115	148
115	385
115	530
115	755
115	987
116	416
117	237
117	362
117	625
118	899
119	333
119	820
120	280
120	410
120	603
120	689
120	913
121	327
122	151
122	396
122	631
122	634
122	894
123	235
123	278
123	696
123	950
123	964
124	422
124	720
124	922
125	168
125	561
125	785
125	820
125	984
126	144
126	145
126	793
126	986
126	990
127	728
127	870
127	993
128	602
128	732
128	781
128	976
129	226
129	315
129	324
129	395
129	593
129	656
129	857
130	240
130	353
130	584
130	713
131	280
131	347
131	572
132	185
132	308
132	752
132	785
133	854
133	968
134	366
134	577
134	586
134	654
134	664
134	763
135	300
136	817
136	837
137	180
137	929
138	269
138	428
138	429
138	526
139	693
139	788
139	965
140	268
140	431
140	472
141	328
141	692
141	928
141	971
142	313
142	400
142	731
142	911
143	410
143	751
143	983
144	250
144	877
145	161
145	181
145	953
146	241
146	279
147	210
147	735
147	908
147	957
148	790
149	705
149	961
150	225
150	428
152	405
153	597
153	905
154	427
154	747
155	278
155	426
155	507
155	715
156	587
156	677
156	714
156	715
156	795
156	810
157	545
157	889
157	896
158	563
158	700
158	874
158	887
159	329
159	349
159	795
159	907
160	642
160	725
161	717
161	895
161	984
162	533
163	904
164	291
165	613
165	700
166	693
166	835
167	353
167	417
167	827
167	930
168	222
168	257
168	353
168	895
169	650
169	699
169	849
170	201
170	479
170	540
170	658
170	967
171	196
171	834
172	269
172	494
172	648
173	378
174	432
174	476
174	764
174	778
174	874
174	925
175	257
175	371
175	535
175	577
175	733
175	792
176	472
177	353
178	353
178	541
178	701
178	828
179	379
179	527
179	771
179	808
179	946
179	949
179	982
181	463
181	573
181	718
181	732
181	822
182	714
182	868
183	704
183	940
183	973
185	257
185	683
185	759
185	784
185	887
185	944
186	282
186	312
186	533
186	723
187	433
187	921
188	410
188	509
188	583
188	620
188	716
188	785
188	813
189	261
189	304
189	854
189	862
191	724
192	484
192	685
193	503
194	480
195	274
195	361
195	642
196	275
196	892
197	403
197	465
197	498
197	566
197	789
198	383
198	528
198	804
199	626
199	727
199	832
200	422
200	525
200	742
201	969
202	436
202	569
202	777
202	988
203	485
203	521
203	964
204	457
205	664
205	706
205	907
205	909
206	220
206	304
206	791
207	373
207	580
207	990
208	231
208	352
208	379
208	381
208	483
208	629
209	763
209	962
210	255
210	611
210	661
210	767
210	802
210	924
210	966
212	406
212	440
212	518
212	549
212	693
212	873
213	437
213	563
213	602
213	820
213	936
214	289
214	428
214	602
214	818
215	493
215	589
215	608
215	794
216	384
217	475
217	510
217	605
217	934
218	243
218	276
218	695
218	823
218	859
218	958
219	270
219	689
220	617
220	855
220	922
220	984
221	226
221	669
223	450
223	516
223	612
223	806
224	499
224	565
224	673
225	290
225	355
225	385
225	440
225	665
225	785
227	261
227	316
227	357
227	366
227	431
227	514
227	768
228	461
229	235
229	250
229	328
229	777
229	880
230	250
230	388
230	534
230	711
231	272
231	343
231	939
232	911
233	798
234	288
234	315
234	423
234	928
235	292
235	701
236	943
237	454
237	635
237	664
237	763
237	783
237	945
238	351
239	478
239	500
239	565
240	553
240	660
240	892
240	915
240	948
240	991
241	334
241	501
241	776
242	493
242	849
243	446
243	554
243	823
244	270
244	404
245	436
245	823
246	420
247	850
247	854
247	881
248	424
248	729
248	921
249	477
249	478
249	854
249	860
250	293
250	424
250	448
250	495
251	580
251	720
252	263
252	358
252	400
252	443
252	655
252	663
253	345
253	405
253	454
253	745
253	879
254	272
255	630
256	307
256	344
256	457
256	519
256	749
257	489
257	686
258	497
258	741
258	817
258	925
259	450
259	997
260	291
260	512
262	365
262	738
262	784
264	848
264	893
265	738
265	753
266	294
266	867
267	533
267	646
268	640
269	387
269	696
270	495
270	559
270	755
270	947
271	379
271	539
272	336
272	603
272	691
272	740
272	857
273	395
273	694
274	312
274	388
274	405
274	925
275	481
275	778
276	493
276	593
276	736
276	858
276	934
277	661
277	825
278	524
278	980
279	411
279	505
279	589
281	432
281	935
281	981
282	289
282	513
282	796
282	936
283	368
283	657
283	849
284	327
284	579
284	840
285	347
285	605
285	921
285	972
286	312
286	459
288	726
289	831
289	993
290	326
290	781
290	841
290	938
291	474
291	869
291	884
291	911
291	926
291	972
292	432
292	675
292	863
292	879
292	932
293	518
293	744
294	822
294	877
294	893
295	467
295	631
296	393
296	821
297	362
297	420
297	457
297	517
298	332
298	734
298	913
299	759
299	823
299	877
299	889
300	409
300	535
300	643
300	840
301	862
302	431
302	890
302	922
302	951
302	996
303	447
303	786
303	877
304	979
305	338
305	573
305	916
306	365
306	543
307	324
307	466
307	586
308	388
308	417
308	501
308	679
309	848
310	332
310	430
310	689
312	520
312	691
312	942
313	581
314	515
315	494
315	509
315	539
315	556
315	796
315	827
317	443
317	603
317	680
317	772
317	908
318	352
318	429
318	689
319	769
319	869
319	958
320	414
320	544
320	659
320	756
320	810
320	961
321	394
321	528
321	746
321	825
321	868
322	328
323	395
323	668
323	700
324	781
325	328
325	480
325	490
325	522
325	612
325	865
326	362
326	480
326	601
326	639
328	447
328	846
329	577
330	449
330	619
330	620
330	858
331	598
331	663
331	764
331	983
332	393
332	883
333	465
333	601
333	651
333	710
333	753
334	417
334	454
334	477
334	598
335	979
336	372
336	375
336	770
336	813
337	415
337	436
337	512
337	645
337	681
338	719
338	797
339	529
339	653
340	545
340	641
340	694
341	585
341	603
341	710
341	957
342	378
342	853
343	417
343	427
343	689
343	840
344	604
344	764
345	501
345	614
345	728
345	821
346	452
346	688
346	800
346	868
346	894
347	478
347	583
347	636
347	694
347	944
347	951
348	913
348	932
349	394
349	563
349	753
349	763
349	764
350	991
351	352
351	629
352	424
352	722
352	814
352	949
353	881
353	974
354	812
354	941
354	974
356	386
356	528
357	943
358	625
358	827
359	528
359	834
360	436
360	650
361	638
361	763
362	572
362	800
362	829
362	857
362	927
363	388
363	558
363	641
363	868
363	935
363	973
364	567
364	649
364	797
364	841
365	376
365	600
365	694
366	490
366	508
366	700
366	798
368	607
369	426
369	931
370	808
372	623
372	718
372	728
372	957
373	530
373	727
373	999
374	419
375	640
375	787
376	482
376	544
376	964
378	383
378	443
378	790
378	911
379	694
379	793
380	407
380	803
381	607
382	768
383	501
383	600
383	645
384	545
384	766
384	839
384	847
385	407
385	563
386	569
386	921
387	572
388	844
389	415
389	946
390	609
390	942
391	613
391	882
391	937
391	970
392	748
393	964
394	428
394	458
394	737
394	935
395	940
396	948
397	425
397	795
397	856
398	922
399	446
399	502
399	576
399	582
399	682
399	820
399	945
400	947
401	506
401	537
402	464
402	503
402	572
402	678
403	438
403	628
403	777
403	971
404	841
404	871
406	593
406	694
406	844
407	720
407	810
407	935
407	958
407	959
408	891
409	480
409	560
409	628
410	519
410	539
410	575
410	584
411	453
411	608
411	780
411	938
412	607
412	692
413	421
414	969
415	570
415	724
415	862
415	980
416	484
416	873
416	987
417	676
417	931
418	661
418	840
420	616
420	715
420	775
420	824
420	830
420	893
420	984
422	433
422	434
422	856
422	938
422	990
423	783
423	881
424	621
424	727
424	902
424	954
425	595
425	847
426	667
427	566
427	639
427	710
428	581
428	586
428	622
428	840
428	896
430	794
430	929
431	547
431	798
431	903
432	442
432	502
432	557
432	716
432	729
432	790
433	552
433	753
433	905
434	644
434	681
434	718
434	852
435	798
436	598
436	920
437	622
437	638
437	707
437	849
437	875
438	552
438	657
438	769
438	775
438	910
438	930
439	639
439	916
440	495
440	522
440	816
440	826
441	626
442	552
442	799
442	954
443	559
443	784
443	992
444	492
445	717
446	794
446	893
447	874
448	506
448	764
449	550
449	692
449	849
449	956
450	497
450	798
451	712
451	773
452	581
452	641
452	712
453	559
453	935
454	608
454	645
454	818
454	979
454	991
455	487
455	714
455	806
456	647
457	560
458	655
459	464
461	489
461	520
462	525
462	627
462	644
462	664
462	858
462	945
463	480
464	729
464	794
465	526
465	808
466	993
467	824
467	894
469	700
469	769
469	930
470	768
470	808
470	876
471	525
471	539
471	716
471	727
472	611
472	719
472	964
472	999
473	839
473	941
474	511
474	563
474	702
474	879
475	638
475	788
476	531
477	585
479	948
480	700
480	715
480	789
481	638
481	704
483	963
485	498
485	545
485	604
485	801
486	555
486	632
486	664
486	741
486	766
486	936
486	948
487	535
487	538
487	808
487	916
488	742
489	758
489	915
490	608
490	825
490	852
491	662
491	790
492	496
492	546
493	673
493	711
494	650
494	739
494	826
495	688
496	699
497	707
497	792
498	585
499	578
500	632
501	750
501	791
502	747
502	874
503	807
503	889
504	981
505	599
505	713
505	774
505	807
505	870
505	918
507	675
507	933
508	571
508	640
508	785
509	817
510	672
510	983
511	514
511	530
512	545
512	587
512	615
512	868
513	813
513	969
513	988
514	700
514	872
515	946
517	562
517	793
517	948
518	746
518	942
519	565
519	688
519	737
519	885
520	536
520	893
521	596
522	679
522	681
522	806
522	857
523	661
523	912
523	956
524	607
524	706
524	707
525	646
525	964
526	638
526	808
527	731
527	882
527	957
528	963
528	999
530	547
530	566
530	616
532	792
532	933
532	941
534	788
534	928
535	648
535	708
535	710
536	554
536	905
537	571
538	725
538	727
539	873
540	906
540	979
542	749
542	934
543	962
544	918
544	985
544	988
545	869
545	902
546	800
546	806
546	973
548	553
548	841
548	851
549	559
549	705
550	577
552	572
552	586
552	811
552	960
552	968
553	847
554	898
554	936
555	629
556	567
556	757
556	762
556	831
556	931
557	721
558	660
558	802
558	952
559	636
560	665
560	775
560	890
560	910
560	947
562	798
562	870
563	752
563	837
564	908
566	720
567	887
568	771
568	822
568	863
568	907
568	953
569	730
569	746
569	826
569	884
570	577
570	578
572	664
572	748
573	903
574	627
574	799
574	811
574	955
575	620
575	913
576	666
576	675
577	704
578	605
578	780
578	789
580	746
580	952
581	763
581	767
581	864
582	753
582	773
583	838
586	852
586	876
587	616
587	735
587	868
587	893
587	904
588	698
589	900
589	958
589	985
590	694
593	612
596	754
597	936
599	651
599	723
601	938
602	604
603	708
603	711
604	853
604	904
606	712
606	763
606	902
607	647
607	756
607	856
608	779
609	676
609	703
609	934
609	985
610	905
611	614
611	996
612	689
612	828
612	868
613	929
614	918
615	685
615	796
616	760
617	661
617	807
618	886
619	970
619	986
620	677
621	624
622	901
623	803
624	664
624	698
624	709
624	780
624	954
625	971
627	783
627	988
630	641
630	705
631	666
631	759
631	901
632	717
632	729
632	774
633	898
633	939
634	686
636	752
636	826
637	651
637	697
638	892
639	765
640	857
641	726
641	753
641	923
643	911
643	950
644	762
644	948
645	947
647	824
648	662
648	792
648	851
649	949
649	956
650	735
650	854
650	991
651	715
651	832
652	755
652	795
653	668
653	842
654	701
654	992
655	833
657	787
658	863
658	943
659	759
659	876
660	722
660	725
661	981
664	950
665	694
665	762
666	898
667	834
668	734
670	867
670	874
670	972
671	860
672	710
672	926
674	937
679	964
681	878
681	989
682	757
682	993
683	762
684	770
685	691
687	694
688	865
688	955
688	991
689	694
689	956
690	781
690	928
691	763
691	952
692	952
693	862
694	729
694	759
694	804
695	713
695	747
695	904
695	980
696	772
696	822
699	828
700	928
701	851
703	831
704	899
705	753
705	789
708	843
710	785
710	894
711	899
712	932
712	957
712	981
714	782
714	868
714	929
715	912
716	777
716	856
717	876
718	740
718	961
720	762
721	725
723	790
723	944
724	853
725	764
726	994
729	804
729	875
729	894
729	936
730	839
731	735
732	977
733	772
733	790
733	816
736	901
738	914
740	768
740	926
742	833
742	849
742	877
742	918
743	822
743	838
745	802
745	984
749	827
749	857
749	913
751	948
756	788
758	830
758	877
758	885
758	886
758	978
759	780
759	791
760	822
761	953
761	994
763	967
766	828
766	938
767	935
770	809
771	875
773	878
773	923
773	926
773	965
774	795
775	805
775	883
775	896
777	842
777	888
779	980
780	809
780	939
781	872
783	863
784	886
787	999
789	807
790	909
791	975
792	980
794	864
797	924
797	979
799	818
799	822
801	837
801	976
802	917
802	941
803	828
803	891
806	851
807	930
808	853
813	909
815	892
815	954
817	937
817	980
819	859
819	872
819	909
819	967
819	970
819	971
824	864
826	933
827	917
828	838
828	905
828	933
828	971
832	895
834	864
836	976
837	901
839	895
839	937
840	867
840	976
843	942
844	852
844	897
845	883
848	908
850	975
850	988
853	892
856	861
857	948
859	943
861	926
864	921
864	946
865	919
867	976
868	940
872	960
874	897
875	992
878	978
879	998
880	935
881	957
883	922
883	923
883	993
886	998
892	931
898	932
898	961
903	956
904	969
905	932
908	959
908	985
909	919
918	936
918	995
919	999
923	980
924	996
927	930
928	933
932	975
942	992
943	976
947	962
951	969
964	992
975	976
979	986
987	992