0	82
0	292
0	617
0	950
1	43
1	129
1	137
1	379
1	796
1	919
2	427
2	459
2	985
3	10
3	70
3	235
3	430
3	442
3	752
3	973
4	56
4	460
4	613
5	477
5	503
5	737
5	779
5	795
5	922
6	293
6	357
6	486
6	518
6	653
6	810
6	987
7	16
7	139
7	198
7	500
7	685
7	705
7	785
8	60
8	97
8	419
8	424
8	470
8	525
8	974
8	986
9	91
9	159
9	167
9	625
9	818
10	335
10	358
10	420
10	796
11	167
11	307
11	310
11	311
11	335
11	729
11	990
12	185
12	193
12	285
12	805
13	534
13	585
13	695
13	706
14	370
14	443
14	517
14	536
14	613
15	408
15	566
15	618
15	782
15	904
16	53
16	144
16	701
16	879
16	944
17	33
17	591
17	859
17	901
18	140
18	162
18	760
19	46
19	302
20	766
21	200
22	42
22	192
22	210
22	247
22	311
22	642
22	928
23	66
23	336
23	459
23	593
24	122
24	129
24	156
24	159
24	294
24	787
25	186
25	499
25	747
26	153
26	565
26	618
27	214
27	226
27	320
27	403
27	520
27	943
28	233
29	310
29	607
29	802
29	816
29	866
30	39
30	840
31	327
31	702
32	133
32	203
32	386
32	455
32	938
33	473
33	638
34	184
34	426
34	634
35	91
35	327
35	461
35	543
36	245
36	375
36	683
36	895
37	61
37	111
37	226
37	273
37	285
37	534
37	999
38	686
38	702
38	873
38	912
39	201
39	553
40	694
40	934
40	979
41	393
41	666
42	350
43	114
43	174
43	205
43	477
44	191
44	506
44	571
44	659
45	188
45	466
45	483
45	595
46	79
46	102
46	235
46	262
46	267
46	292
46	373
46	653
47	143
47	184
47	238
47	282
47	473
47	488
47	699
47	800
48	144
48	247
48	527
48	788
48	976
48	990
49	187
49	533
49	685
49	699
49	722
49	796
49	851
50	443
50	959
51	829
51	841
51	939
52	159
52	446
52	547
52	671
52	869
53	76
53	202
54	579
54	672
54	916
55	133
55	609
55	659
56	116
56	121
56	134
56	137
57	649
57	756
58	712
59	157
59	295
59	318
59	321
59	511
59	533
59	597
59	643
59	789
61	230
61	332
61	573
61	608
61	748
61	800
61	871
62	97
62	452
62	645
63	331
63	450
63	569
63	589
63	671
63	692
64	159
64	453
64	466
65	192
65	406
65	659
66	427
66	924
67	602
67	779
68	162
68	343
68	390
68	407
68	598
69	353
69	534
69	561
70	152
70	239
71	578
71	590
72	376
72	433
73	515
73	693
73	881
74	483
74	831
74	943
75	330
75	434
75	941
76	406
76	436
76	459
76	677
76	848
76	870
76	942
77	645
77	730
77	972
78	91
78	485
78	700
78	972
79	173
79	269
79	370
79	627
79	826
79	837
79	907
79	926
80	838
80	886
80	987
81	506
81	540
81	582
81	685
81	719
81	859
81	969
82	526
82	757
82	916
83	160
83	585
83	818
83	872
83	926
84	390
85	522
85	679
85	976
86	104
86	665
86	755
87	384
87	524
88	223
88	358
89	150
89	233
89	641
89	940
90	96
90	381
90	754
90	902
90	906
92	160
92	231
92	736
93	591
94	282
94	308
94	393
94	431
94	434
95	284
95	308
95	335
95	672
95	705
95	887
95	921
95	922
96	306
96	351
96	981
97	133
97	880
97	972
98	612
98	879
98	973
99	856
99	874
99	900
100	390
100	733
101	134
101	343
101	918
102	240
102	409
103	186
104	284
104	520
104	734
105	483
105	652
105	791
106	188
106	231
106	379
106	424
106	530
106	953
107	148
107	220
107	694
107	780
107	937
108	121
108	243
108	374
108	384
108	883
109	264
109	744
109	776
109	781
109	902
110	310
110	486
110	706
110	853
110	899
110	933
110	958
111	564
111	919
111	979
112	351
112	492
112	502
112	849
112	858
113	428
113	450
113	588
113	891
113	944
113	964
114	345
114	416
114	452
115	296
115	748
115	765
115	908
116	197
117	172
117	278
117	404
117	923
117	981
118	240
118	385
118	906
119	395
119	442
119	692
120	225
120	397
120	597
120	636
120	639
120	682
121	141
121	553
121	710
121	911
122	397
122	634
122	966
123	154
123	987
123	998
124	282
124	551
124	763
125	265
125	656
125	720
126	386
126	495
126	677
126	961
127	130
127	136
127	227
127	379
127	847
128	952
129	264
129	570
129	713
129	741
130	853
130	895
131	386
131	586
132	513
132	543
132	594
132	650
132	660
132	681
132	908
133	134
133	249
133	273
134	585
135	266
135	341
135	350
135	535
135	582
135	682
135	764
135	941
135	948
136	296
136	313
136	791
136	958
136	988
137	198
137	694
137	914
137	974
138	549
138	697
138	874
139	555
139	849
140	215
141	286
141	699
141	795
142	281
142	727
143	238
143	249
143	317
144	621
144	700
145	227
145	276
145	345
145	527
145	602
146	155
146	234
146	676
146	770
147	504
147	520
148	274
148	547
148	740
148	771
148	995
149	321
149	322
149	444
149	560
149	750
150	277
150	533
150	824
150	831
151	430
151	436
151	658
151	815
152	444
152	506
152	552
152	739
152	967
152	974
153	233
153	566
154	219
154	221
154	559
154	626
154	769
155	480
155	607
155	804
156	217
156	435
156	616
156	780
156	969
157	337
157	356
157	465
157	538
158	223
158	601
158	920
159	164
159	402
159	455
159	664
159	848
160	607
160	647
161	202
161	237
161	303
161	690
161	927
162	192
162	303
162	398
163	572
163	830
164	315
164	325
164	500
164	598
164	651
164	996
165	483
165	743
165	971
165	991
166	657
167	294
167	926
167	934
168	330
168	360
168	549
168	874
169	178
169	288
169	322
169	369
169	386
169	725
169	780
170	389
170	705
171	361
171	821
171	917
171	947
171	954
172	317
172	642
172	680
172	878
173	228
173	293
173	324
173	327
173	445
173	499
173	500
173	724
174	261
175	185
175	193
175	534
175	975
176	478
177	217
177	399
177	654
177	727
177	920
178	229
178	694
179	262
179	645
179	663
179	664
179	954
180	206
180	367
180	492
180	531
180	583
180	983
181	636
181	708
182	372
182	417
182	690
182	951
183	619
183	686
183	853
184	246
184	881
184	889
184	908
185	305
185	650
185	797
187	725
188	201
188	876
189	454
189	723
189	823
190	235
190	521
190	728
191	630
191	673
191	753
192	243
192	306
192	508
192	695
192	823
192	835
193	211
193	242
193	654
194	558
194	705
194	853
194	872
195	209
195	862
196	325
196	428
196	465
197	697
198	351
198	433
198	605
198	737
199	487
199	726
199	893
199	921
201	311
201	715
201	717
202	436
202	811
203	246
203	382
203	866
204	224
204	412
204	724
204	784
204	835
205	483
205	829
206	722
206	862
206	965
207	420
207	717
208	411
209	299
210	609
210	906
211	299
211	434
211	624
211	668
211	989
212	781
213	720
214	568
214	581
214	645
214	652
215	312
215	436
215	650
215	754
215	770
215	926
215	991
216	272
216	480
216	570
216	760
217	297
218	389
218	780
218	983
219	467
220	882
221	326
221	351
221	955
222	319
222	514
222	857
222	967
223	385
223	909
224	305
224	354
224	388
224	394
224	456
225	335
225	569
227	266
227	375
227	742
227	755
227	799
228	249
228	633
228	700
228	778
229	587
230	398
230	659
230	734
230	833
230	923
231	714
232	671
233	506
234	334
234	845
234	951
234	982
235	834
235	897
236	578
236	779
236	922
237	272
238	668
238	722
238	810
239	362
239	759
239	926
240	420
240	559
240	943
241	893
242	248
242	984
243	273
243	303
243	330
243	517
243	541
243	594
243	681
244	463
244	920
245	414
245	415
245	929
246	304
246	346
246	560
247	351
247	840
247	899
248	782
248	816
248	879
248	999
249	339
249	354
249	622
250	294
251	906
252	648
252	966
253	747
253	925
254	764
254	934
255	924
256	513
256	533
256	799
257	273
257	563
257	726
258	591
259	270
259	414
259	601
259	674
259	733
259	809
260	742
260	928
261	478
261	916
261	925
261	968
262	899
263	397
264	560
264	604
264	920
265	354
265	575
266	495
266	735
266	817
266	955
267	546
267	598
267	639
267	956
268	310
268	867
268	976
270	539
270	772
271	299
271	340
271	363
271	471
271	783
272	516
272	573
272	815
272	850
273	913
274	463
274	554
274	743
274	946
275	327
275	429
275	492
275	671
275	690
276	493
276	740
276	939
277	633
278	438
278	589
278	743
278	807
278	823
279	443
279	927
280	720
281	659
281	938
281	999
282	586
282	680
282	726
282	822
283	549
283	794
283	796
284	514
284	664
284	877
285	366
285	494
285	780
285	787
287	950
287	975
288	323
288	327
288	519
288	673
288	739
288	761
289	444
289	739
289	814
290	833
291	596
292	343
292	389
292	463
292	729
293	415
294	523
294	623
294	676
294	904
295	688
295	735
295	954
295	981
295	987
295	991
296	948
296	972
297	671
297	787
298	381
299	560
299	679
300	536
300	747
300	765
301	328
301	329
301	465
301	502
301	743
301	956
303	837
303	948
304	465
304	607
304	670
304	681
305	341
305	396
305	404
305	688
305	755
305	849
306	768
307	499
307	716
307	763
307	808
307	818
308	497
308	675
308	684
308	752
308	873
309	347
309	680
309	790
309	866
310	353
310	415
310	418
311	326
312	538
312	654
312	792
312	835
313	822
314	370
314	472
314	571
314	785
315	484
315	567
315	934
316	379
317	413
317	447
317	685
317	825
317	894
318	371
318	386
318	816
318	883
319	432
319	497
320	745
320	857
321	682
321	928
321	961
322	471
322	794
322	974
323	343
323	430
323	953
324	488
324	495
324	974
325	652
325	893
326	746
327	541
328	352
328	514
328	777
329	498
329	715
329	731
329	850
330	657
331	374
331	414
331	482
331	483
331	631
331	867
332	436
332	632
332	644
332	821
333	659
333	760
333	815
333	926
334	523
334	744
335	394
335	560
335	633
335	661
335	784
336	892
337	506
338	348
338	386
338	422
338	571
338	786
339	586
340	385
341	504
341	651
342	678
342	791
342	975
343	417
343	538
343	777
343	992
344	389
344	707
345	382
345	608
345	824
345	878
345	910
346	498
346	709
346	726
346	899
347	572
347	837
347	854
347	922
347	942
348	524
349	836
349	977
350	832
351	499
351	578
351	646
351	659
351	692
352	459
352	471
352	490
352	529
352	711
352	890
353	529
353	643
353	743
353	923
354	478
354	624
354	713
354	954
355	399
355	446
355	650
355	959
356	826
357	590
357	663
359	414
361	426
362	497
362	754
362	808
363	415
363	440
363	484
363	658
363	916
363	985
364	498
364	585
364	938
365	415
365	515
365	607
365	725
366	472
366	781
366	786
366	899
367	414
367	807
367	920
367	925
367	939
368	928
369	619
370	399
370	570
370	795
371	468
371	961
372	400
372	809
373	388
373	403
373	754
373	829
373	857
373	903
373	984
374	929
376	491
376	631
376	670
376	677
376	706
376	762
376	785
376	882
377	453
377	859
377	920
378	483
379	929
380	494
380	595
380	754
381	753
381	937
382	477
382	884
382	887
382	969
383	984
384	690
385	446
385	708
385	830
386	461
386	806
386	840
387	574
388	910
389	625
390	543
391	420
391	518
391	683
391	993
392	547
393	413
393	432
393	586
393	963
394	410
394	621
394	674
396	638
396	655
396	734
396	799
396	872
396	956
396	965
397	567
398	401
398	403
398	554
398	724
398	881
398	931
399	431
399	564
399	834
401	656
401	773
402	437
402	732
403	762
403	860
404	554
404	563
404	713
404	990
405	643
407	971
408	454
408	470
408	528
408	532
409	792
410	447
410	486
410	650
410	989
410	999
411	433
411	548
411	743
412	743
412	920
413	497
413	596
414	505
414	991
415	474
415	684
415	724
417	471
418	834
419	520
419	536
419	946
420	581
420	663
420	787
420	839
421	467
421	902
423	696
423	893
424	582
424	888
425	485
425	488
425	531
425	875
426	624
426	711
427	598
429	977
430	455
430	526
430	626
430	823
431	621
431	979
432	638
432	850
432	952
433	699
433	841
433	890
434	496
435	982
436	661
436	712
436	773
437	975
439	545
439	716
439	932
440	823
441	461
441	711
442	445
442	456
442	516
442	906
444	646
444	653
445	705
445	845
446	973
447	701
447	724
448	775
448	785
448	802
448	874
449	559
449	566
449	846
449	945
450	499
450	575
450	852
450	989
451	544
451	754
451	849
451	872
451	972
452	500
452	877
454	761
455	568
455	600
456	914
457	749
457	769
457	784
457	796
457	885
458	521
459	629
459	683
459	911
460	649
460	787
460	885
461	675
461	970
462	637
463	590
464	526
464	605
464	620
464	786
464	894
464	955
465	844
465	976
466	790
466	819
466	932
466	941
468	626
468	715
468	721
469	578
469	927
469	988
470	796
471	541
471	873
471	917
472	555
473	517
473	561
473	597
473	616
473	829
473	867
473	900
474	608
474	702
474	761
474	840
474	878
475	532
475	705
475	758
475	900
476	579
477	702
478	585
478	677
478	808
479	606
479	745
479	869
480	986
481	570
481	799
481	944
482	497
482	503
483	542
483	614
483	712
483	830
484	607
484	685
484	725
484	885
484	966
486	862
486	931
487	491
487	603
487	750
487	784
487	817
488	608
489	746
490	830
491	606
491	690
491	910
492	805
492	979
493	522
493	530
493	721
493	758
493	859
493	974
494	560
494	821
494	875
494	880
494	958
495	609
495	651
496	805
496	902
496	910
497	749
498	799
498	865
498	975
499	748
499	782
499	970
499	975
500	600
500	796
500	903
500	942
501	630
501	827
501	951
504	507
504	573
504	914
504	975
505	595
505	720
506	922
507	711
507	765
507	890
508	563
508	848
508	930
509	823
510	635
510	924
510	937
512	658
512	709
512	737
512	943
512	984
512	991
513	933
514	823
515	743
516	709
517	616
517	711
518	868
519	673
519	852
519	969
520	692
520	710
521	954
522	617
522	756
522	895
523	534
523	995
526	758
527	684
527	852
529	692
530	919
531	689
531	803
532	874
532	931
533	871
534	681
534	770
534	833
536	852
537	743
537	844
537	853
538	555
538	572
538	702
539	709
540	757
542	608
543	773
543	859
543	885
544	545
544	562
544	803
544	811
544	888
545	756
546	709
547	640
549	876
549	944
550	870
551	616
551	619
551	674
551	777
552	655
552	917
553	727
553	879
553	935
553	980
554	743
555	623
555	638
555	717
555	876
555	889
556	773
556	779
557	596
558	915
558	949
559	821
560	582
561	599
561	638
563	606
563	709
563	759
563	961
564	597
566	877
566	979
567	928
568	670
568	974
570	586
572	585
572	816
573	797
573	805
573	854
573	998
574	725
575	628
576	653
576	671
576	711
576	734
576	994
577	587
578	582
578	985
579	584
579	851
579	889
580	734
580	813
580	990
581	856
583	977
584	652
584	672
584	937
584	991
585	959
586	937
587	689
587	953
588	866
589	773
589	795
589	829
589	949
590	878
591	648
591	791
591	843
591	883
592	611
592	670
592	716
593	642
594	956
595	621
595	622
595	974
596	684
596	765
596	975
597	765
597	818
597	974
598	702
598	858
599	873
600	724
603	667
605	829
606	841
606	985
607	957
608	693
609	737
609	838
610	714
610	791
613	937
614	846
614	903
615	998
617	821
617	867
617	944
618	896
618	970
620	817
620	994
621	694
621	940
622	764
625	669
625	721
626	824
626	914
628	640
628	828
629	977
632	766
637	765
637	798
638	757
638	888
641	675
643	840
643	967
644	668
644	679
644	766
644	865
644	960
646	799
646	975
649	902
651	693
651	817
651	957
653	779
653	847
655	663
655	724
656	693
656	717
656	732
656	974
657	662
657	680
658	726
659	822
659	950
660	994
661	747
661	835
661	876
661	970
661	973
663	670
663	690
663	899
665	671
665	871
665	965
667	978
668	725
669	700
669	713
669	895
670	843
670	894
670	903
670	966
670	974
671	696
671	949
673	783
673	803
674	691
674	722
677	696
677	888
678	871
679	894
679	986
680	796
681	903
682	711
682	732
682	800
682	898
682	962
684	830
684	888
684	946
685	899
686	699
686	886
687	739
687	823
687	861
689	997
690	704
690	792
690	796
690	857
691	843
691	979
692	967
695	869
696	707
697	818
698	753
698	808
698	879
699	721
699	882
700	784
700	988
701	873
701	905
701	963
702	795
703	873
703	915
703	988
704	865
705	709
705	777
706	842
706	917
710	733
710	852
711	865
718	750
720	983
722	774
722	783
722	914
724	963
726	731
727	807
727	836
727	913
727	970
729	733
729	756
730	763
730	814
730	914
731	853
733	932
734	741
734	828
734	844
737	784
738	893
739	758
739	872
740	980
741	960
743	840
743	888
744	822
745	765
745	916
747	949
749	758
750	920
750	936
750	966
750	968
750	972
751	789
752	856
754	791
755	912
756	929
758	820
758	919
761	773
764	894
765	916
767	870
767	921
768	850
768	923
769	783
769	793
770	837
770	933
773	815
773	857
773	920
774	945
776	846
777	937
777	940
777	968
778	835
781	801
782	814
782	852
786	792
786	887
786	979
787	978
788	805
789	919
791	876
794	829
796	863
797	980
799	847
800	941
802	806
803	963
804	823
805	814
806	911
809	871
810	939
810	984
811	896
811	927
811	936
812	859
812	909
813	851
815	897
817	821
821	977
822	843
823	829
823	880
825	864
826	847
828	864
828	912
828	958
833	867
834	978
835	876
836	859
837	858
837	870
838	917
840	845
842	863
843	931
844	999
845	985
847	855
850	907
851	950
852	857
852	993
858	994
860	918
860	955
864	865
864	968
867	985
868	953
869	968
870	883
871	913
871	983
877	990
880	946
885	953
887	949
890	894
890	918
895	956
896	992
897	991
898	991
901	969
913	931
916	971
920	980
925	993
926	931
927	965
929	995
931	974
934	942
936	959
939	981
947	968
954	987