0	1
0	72
0	177
0	592
0	631
0	760
0	967
1	261
1	291
1	410
1	988
2	322
3	571
4	27
4	782
5	29
5	79
5	680
5	794
5	853
5	932
6	799
6	857
6	939
7	34
7	226
7	324
7	415
8	224
8	274
8	298
8	338
8	373
8	616
8	866
9	635
9	892
9	924
9	955
10	80
10	108
10	501
10	621
10	686
10	785
11	808
12	99
12	207
12	269
12	369
12	678
12	741
12	789
12	940
13	27
13	573
13	984
14	269
14	691
14	699
14	844
14	988
14	996
15	44
15	257
15	311
15	372
15	679
15	945
16	291
17	302
17	554
17	954
18	76
19	168
19	202
19	216
20	415
20	522
20	820
20	890
21	182
22	331
22	617
22	777
23	253
23	774
23	826
24	121
24	400
24	417
24	627
24	662
24	730
24	855
25	37
25	386
25	415
25	528
25	553
25	767
25	854
25	867
26	626
27	152
27	258
27	920
28	278
28	390
28	827
28	897
28	974
29	35
29	389
29	490
29	605
29	856
29	962
30	312
30	451
30	634
30	722
30	768
31	196
31	298
31	868
31	927
31	967
32	637
32	798
32	978
33	621
33	757
34	167
34	449
34	555
34	731
34	811
35	229
35	466
35	764
35	933
36	145
36	516
36	700
36	788
37	545
38	128
38	144
38	405
38	451
38	587
38	820
39	100
39	192
39	400
39	422
39	428
39	454
39	480
39	946
40	55
40	247
40	758
40	818
40	862
41	198
41	302
41	642
41	658
42	101
42	170
42	307
42	342
42	709
42	977
43	719
44	641
44	762
45	102
45	539
45	818
45	950
45	972
46	377
46	427
47	172
47	199
47	297
47	332
47	551
47	574
47	612
48	189
48	842
49	327
49	632
49	655
49	708
49	805
49	993
50	130
50	151
50	152
50	531
50	826
50	874
51	227
51	597
51	948
52	597
53	431
53	582
54	200
54	335
54	640
54	712
54	768
54	967
54	973
55	168
55	181
55	203
55	236
55	294
56	290
56	579
57	208
57	285
57	416
57	470
57	885
58	73
58	165
58	834
59	169
59	693
59	789
59	870
60	237
60	466
61	306
61	320
62	329
63	109
63	319
63	370
63	401
63	455
63	791
63	984
64	453
64	530
64	681
64	772
64	785
64	792
65	105
65	143
65	337
65	493
65	798
65	884
66	70
66	402
66	526
66	575
66	690
67	420
67	736
67	931
68	300
68	484
68	516
68	911
69	203
69	320
69	417
69	848
69	861
70	885
71	356
71	830
72	165
72	220
72	307
72	650
72	712
73	331
73	459
73	464
73	508
73	527
73	838
74	335
74	676
74	677
75	176
75	750
75	819
76	190
76	232
76	398
76	506
76	675
76	855
77	216
77	521
77	582
77	879
77	918
77	962
78	104
78	243
79	191
79	387
81	498
81	589
82	132
82	720
82	850
83	781
83	810
83	841
84	377
84	664
84	697
84	742
84	784
84	903
85	200
86	421
86	535
86	555
86	611
86	629
87	417
88	280
88	344
88	677
89	147
89	164
89	674
89	705
89	772
90	358
90	806
91	194
91	343
91	420
91	617
92	101
92	324
92	357
92	382
93	110
94	273
94	389
94	534
95	463
96	206
96	298
96	490
96	797
96	964
97	445
97	587
97	921
98	191
98	355
98	517
98	780
98	811
98	968
98	999
99	221
99	626
99	706
100	151
100	178
100	609
100	950
100	960
101	441
101	662
101	781
102	275
102	724
102	772
102	854
102	863
102	976
103	293
103	394
103	399
103	888
104	347
104	553
104	839
104	972
105	127
105	130
105	414
106	117
106	189
106	691
106	737
107	870
107	935
108	163
108	286
108	833
108	834
109	182
109	593
109	986
110	407
110	897
111	678
111	899
111	985
112	339
112	372
112	619
112	767
112	775
113	324
113	629
113	737
113	778
114	160
114	238
114	301
114	311
114	560
114	592
114	638
114	740
114	802
114	916
115	489
116	321
116	580
116	684
116	918
117	813
117	841
117	903
118	308
118	346
118	441
119	553
119	843
119	982
120	599
120	791
120	845
122	290
122	819
122	829
122	985
122	990
123	348
123	697
123	767
123	822
124	147
124	211
124	736
125	660
125	970
126	585
126	829
127	156
127	315
127	335
127	414
127	614
127	722
128	216
128	356
128	503
128	906
129	187
129	329
129	332
129	410
129	498
130	596
130	679
131	133
131	390
131	530
131	597
131	612
131	789
131	878
132	312
132	332
132	922
133	343
133	599
134	262
134	425
134	992
135	651
135	670
135	768
136	849
136	928
137	787
138	156
138	314
138	467
138	505
138	548
138	892
139	408
139	419
140	466
140	571
140	762
141	427
142	273
142	356
142	390
142	822
143	598
143	750
144	150
144	250
144	396
144	721
144	769
145	248
145	829
146	171
146	552
147	180
147	307
147	504
147	834
148	702
148	706
148	731
148	875
148	917
149	297
149	582
149	628
149	633
150	825
151	154
151	376
151	421
151	447
151	472
151	991
152	616
152	678
152	855
152	948
153	279
153	789
153	833
154	350
154	676
154	740
154	955
155	167
155	204
155	265
155	552
155	570
155	607
155	805
155	996
156	607
157	206
157	272
157	728
158	290
158	351
158	701
159	604
159	630
159	744
159	788
159	896
160	327
160	444
160	765
160	873
161	435
161	762
161	977
161	979
162	166
162	668
162	729
162	978
163	239
163	484
163	607
163	826
163	960
164	182
164	316
164	430
165	370
165	712
165	823
166	272
166	401
166	764
166	803
167	448
167	526
167	680
167	815
167	840
168	525
168	526
168	647
169	243
169	258
169	737
169	747
169	817
169	950
169	997
170	390
170	642
170	839
171	412
171	678
171	823
172	939
173	273
173	696
173	812
174	298
174	702
174	939
174	972
175	281
175	372
175	507
175	906
176	206
176	290
176	790
176	832
177	221
178	323
178	769
178	789
178	804
178	893
178	900
179	272
179	643
179	752
179	769
179	775
179	893
180	290
180	441
180	556
180	711
181	188
182	461
182	755
183	613
183	627
183	741
183	839
183	843
184	674
184	717
184	832
184	918
185	281
185	502
185	664
185	747
186	749
186	767
186	830
187	321
187	331
187	366
187	403
187	525
187	622
188	213
188	220
188	465
188	565
189	400
189	708
189	890
190	242
191	264
191	595
192	391
192	510
192	669
193	242
193	827
194	311
194	940
195	531
195	558
195	824
195	918
196	288
196	445
197	678
198	327
198	604
199	325
199	918
200	221
200	986
200	999
201	458
201	775
202	337
202	712
202	856
203	347
203	441
203	597
203	604
203	639
203	691
203	749
203	997
204	303
204	473
204	475
204	701
204	802
204	924
204	986
205	280
205	644
206	386
206	689
206	807
206	953
206	963
207	212
207	285
207	776
207	985
208	219
208	561
208	649
208	857
208	868
209	433
209	461
209	517
209	657
209	926
210	247
210	361
210	463
210	529
210	574
211	636
212	333
213	289
213	538
213	667
213	937
214	463
214	480
215	320
215	425
215	601
215	639
216	419
216	740
217	406
217	870
217	885
218	341
218	434
218	444
219	380
219	500
219	753
221	491
221	748
221	749
221	977
222	291
222	355
222	505
222	538
222	561
222	700
223	338
223	744
224	247
225	266
225	368
225	487
225	492
225	497
225	669
225	949
226	830
226	846
226	866
226	902
226	912
227	279
227	384
227	992
228	893
228	912
229	339
229	492
229	496
230	271
230	380
230	521
230	566
230	812
231	233
231	236
231	435
231	762
233	301
233	523
234	554
235	418
235	462
236	321
236	971
237	313
237	365
237	805
237	999
238	624
239	596
239	702
239	827
239	983
240	244
240	312
240	560
240	649
240	709
240	809
240	847
240	933
241	794
242	478
242	480
242	547
242	609
242	919
242	965
243	534
243	636
243	807
244	321
244	412
244	464
244	567
244	674
244	685
244	826
245	267
245	359
245	590
245	599
245	998
246	395
246	416
246	953
247	515
247	734
247	899
248	297
248	558
248	901
249	359
249	557
249	851
249	910
250	429
250	829
250	930
251	300
251	327
251	733
251	818
251	829
252	359
252	988
253	625
254	386
254	444
254	981
255	413
255	866
255	871
256	569
256	647
256	975
257	402
257	443
257	576
257	602
258	478
258	540
259	686
259	895
260	532
260	932
261	271
261	361
261	810
261	918
263	477
264	344
264	612
264	688
264	947
264	963
265	286
265	423
265	471
265	850
265	973
266	351
266	581
266	768
266	850
267	529
267	779
268	538
268	896
269	470
269	876
269	881
269	914
269	973
270	294
270	369
270	423
270	494
270	803
270	962
271	412
271	606
271	613
272	840
273	311
273	358
273	666
274	327
274	496
274	666
274	754
274	974
275	379
275	653
275	776
276	455
277	576
277	734
279	427
279	546
279	894
280	602
280	607
280	702
280	842
281	334
281	628
281	795
281	947
282	315
282	587
282	629
283	648
283	824
283	868
284	300
284	374
284	394
284	428
284	482
284	753
285	463
286	377
286	400
286	443
286	626
286	797
287	315
287	386
287	767
287	807
287	839
288	301
288	525
288	776
288	915
289	842
290	737
291	349
291	467
291	709
292	337
292	509
292	925
293	438
294	432
294	856
294	989
295	346
296	498
296	628
296	766
296	839
297	475
297	670
297	701
297	814
297	859
297	909
297	996
298	568
298	935
298	942
299	349
299	369
299	543
299	824
300	319
300	777
300	960
301	645
301	766
302	583
303	337
304	348
304	512
304	520
305	392
305	393
305	658
305	850
305	957
305	990
306	894
306	900
307	464
307	500
307	509
307	633
308	695
308	777
309	366
309	442
310	493
310	554
311	703
312	341
312	365
312	527
312	675
313	455
313	806
313	817
313	995
313	999
314	431
315	471
315	532
315	831
316	320
316	430
316	943
317	543
317	904
318	923
319	518
319	783
319	951
319	965
319	985
320	518
320	770
320	858
321	968
322	355
322	803
323	459
323	904
324	868
324	900
325	506
325	680
326	542
326	953
326	959
326	992
327	631
327	703
328	604
328	756
328	768
329	714
329	802
330	564
330	990
331	396
331	448
331	472
331	611
331	748
331	782
331	862
331	954
332	502
332	842
333	402
333	857
334	560
334	586
334	771
335	502
335	911
336	400
337	441
337	458
337	740
337	862
337	889
338	385
338	907
339	356
339	501
340	432
340	603
341	742
342	474
343	902
343	959
344	668
344	769
345	423
345	574
345	917
345	923
346	475
346	509
346	572
346	773
346	783
346	861
346	909
347	656
347	773
347	776
348	499
349	503
349	561
349	690
349	900
349	958
350	593
350	826
350	916
351	980
352	739
353	541
353	646
353	939
354	357
354	524
354	539
354	576
354	813
354	818
355	486
355	647
356	430
356	684
357	435
357	640
357	725
357	754
357	970
358	661
358	718
358	741
359	719
359	953
359	995
360	469
360	650
360	855
360	885
360	889
361	559
362	917
362	935
362	956
363	585
363	689
363	746
363	906
364	377
364	753
364	853
365	786
365	909
365	947
366	760
366	826
367	680
368	679
368	917
369	576
369	938
370	802
371	379
371	415
371	418
371	734
371	783
371	848
372	384
372	478
372	602
373	450
373	482
373	519
373	831
374	492
374	543
374	702
375	421
375	894
376	377
376	526
376	585
376	965
377	426
377	818
378	612
379	571
379	593
379	828
380	508
380	673
380	739
381	916
382	649
383	474
383	670
383	697
383	779
383	914
384	536
384	580
385	473
385	776
385	909
386	393
386	665
386	998
387	825
388	415
388	612
389	578
389	659
389	837
390	501
390	602
390	615
391	403
391	779
391	857
391	973
392	522
392	778
392	821
392	824
392	991
393	474
393	731
393	745
394	527
394	843
394	904
395	664
395	698
395	781
396	453
396	570
396	677
396	903
397	710
398	736
398	988
399	475
399	594
400	548
400	865
401	440
401	457
401	778
402	435
402	545
402	697
402	703
402	854
402	876
402	942
403	629
403	835
404	773
405	572
406	459
406	463
406	844
406	893
407	552
407	673
407	908
408	552
409	420
409	808
411	942
413	462
413	553
413	754
413	814
414	947
416	758
417	486
417	657
417	806
417	975
418	600
418	819
418	902
419	794
419	960
419	978
419	986
420	489
420	514
421	925
421	940
421	996
422	460
422	481
422	544
422	594
422	754
422	793
422	834
423	497
423	745
423	825
424	746
425	546
425	590
425	814
425	837
426	510
426	635
426	937
427	845
427	992
428	560
428	954
429	508
429	581
429	956
430	462
430	486
430	587
431	499
431	835
434	530
434	554
435	753
435	968
436	731
437	513
437	620
437	927
438	718
438	962
439	644
440	482
440	700
441	486
441	498
442	721
442	770
442	976
444	522
444	807
445	458
445	593
446	467
446	982
447	727
447	996
448	462
448	529
448	560
448	621
448	679
448	799
448	867
449	484
449	765
449	888
449	938
450	629
451	562
452	760
452	765
452	850
453	645
453	785
453	831
453	881
454	601
454	701
454	750
455	741
455	874
456	560
457	947
458	539
458	577
458	928
459	662
459	977
460	671
460	705
460	944
460	998
461	640
461	891
461	938
462	725
462	761
462	844
463	493
463	586
464	671
465	580
465	727
465	938
466	485
466	629
466	899
467	938
468	967
469	650
470	897
470	986
471	629
471	726
471	815
471	909
472	937
473	677
473	978
474	700
474	881
474	995
475	503
476	583
476	586
476	607
477	509
477	661
477	771
479	521
480	801
480	941
481	493
481	675
482	664
482	710
483	610
483	720
483	788
484	640
484	739
484	989
485	695
486	588
486	664
486	910
487	813
488	610
488	651
488	883
489	517
489	967
491	773
493	525
493	972
494	763
494	904
495	564
495	670
495	802
496	533
496	695
496	985
497	833
498	574
498	908
500	789
501	546
501	618
503	513
503	675
503	772
503	845
504	762
506	577
506	897
507	868
507	954
508	591
508	674
508	732
509	585
509	602
509	843
509	893
510	525
510	745
510	841
511	718
511	815
512	874
513	761
513	792
513	854
514	673
514	766
516	587
516	798
516	921
517	625
517	633
517	713
517	839
517	865
518	634
518	742
518	988
520	597
520	711
521	605
522	540
522	747
523	584
523	631
524	623
524	727
524	877
525	527
525	657
525	740
526	855
527	540
527	938
527	986
530	805
530	839
531	548
531	694
532	875
534	639
534	720
535	560
535	650
535	933
535	946
535	947
536	613
536	625
536	690
536	727
537	863
537	930
537	952
538	699
538	850
539	665
539	850
540	560
541	629
542	592
543	616
543	827
543	890
544	936
545	583
545	630
545	704
545	842
546	694
547	621
547	865
548	693
548	733
549	587
549	935
550	568
550	754
551	560
551	751
551	963
552	747
552	937
554	651
554	807
554	961
556	599
556	687
556	779
557	656
557	876
558	739
558	766
559	792
559	881
559	885
560	564
560	570
560	584
561	639
561	718
561	934
561	974
562	567
562	990
563	774
563	868
564	882
565	684
565	727
565	816
566	619
566	785
566	827
566	966
567	706
568	570
569	622
569	823
569	989
570	602
570	759
571	820
572	603
572	642
572	723
572	854
573	770
573	807
574	693
574	799
575	615
575	735
575	775
575	786
575	802
575	890
575	927
576	766
577	804
577	844
578	634
578	776
579	809
579	960
581	836
582	682
582	684
583	626
583	658
583	940
584	628
584	823
584	848
584	928
586	802
586	923
587	741
587	761
587	793
587	839
587	862
588	689
589	859
589	893
590	625
590	860
591	898
591	942
593	885
595	696
595	987
596	694
596	706
596	807
597	605
597	672
597	854
598	959
599	664
601	623
601	888
603	664
603	804
604	624
607	684
607	790
607	876
608	664
608	840
608	905
609	698
609	982
610	641
611	748
611	749
612	788
612	827
612	833
613	654
613	969
614	696
614	976
615	681
615	714
615	830
618	771
619	977
622	770
623	838
624	860
625	700
625	825
627	664
627	797
628	740
628	908
629	947
629	989
630	820
631	702
633	692
633	737
633	962
637	752
637	887
638	850
639	969
642	769
643	770
643	796
644	680
644	969
645	653
645	858
646	912
648	840
649	669
649	740
650	700
650	911
650	929
651	687
651	879
651	914
652	719
654	756
654	775
656	715
656	830
656	995
657	814
657	840
658	915
658	996
660	673
661	772
662	845
663	691
663	876
663	998
664	692
664	772
668	743
669	814
669	904
670	824
671	911
672	732
672	916
672	988
673	792
674	999
675	825
675	980
676	787
676	816
676	929
678	842
678	874
679	834
679	924
680	766
681	841
682	852
682	915
683	707
683	879
683	976
685	740
685	887
686	709
686	920
687	993
688	813
690	799
690	979
691	769
691	845
692	848
694	789
696	720
696	886
696	980
696	984
697	839
698	751
698	849
698	864
702	773
703	813
703	935
705	889
706	913
707	741
707	977
708	734
708	793
708	806
709	802
710	940
711	976
713	840
713	899
713	960
714	785
714	927
716	732
716	749
716	766
716	866
720	977
722	755
722	907
723	994
726	748
726	769
727	827
728	891
729	743
729	846
729	931
730	775
733	889
734	853
735	763
735	985
737	841
737	919
738	769
738	934
738	970
741	866
741	873
742	771
743	784
743	789
743	841
743	902
743	921
746	760
746	980
748	764
748	777
748	919
748	990
750	799
750	822
750	908
751	876
753	807
753	980
754	767
758	863
759	838
760	827
760	922
761	841
761	921
766	770
766	820
767	778
767	825
768	985
770	866
770	932
771	919
771	947
772	908
772	950
776	923
777	813
781	808
784	941
786	849
787	808
787	826
789	856
794	971
794	980
795	891
795	968
796	834
796	966
799	884
799	986
800	906
802	829
802	926
803	847
808	955
810	970
811	862
812	870
812	985
814	857
815	969
816	923
816	992
818	820
823	872
824	913
825	886
826	839
828	869
828	880
838	938
840	908
844	846
844	938
845	894
846	887
846	940
847	926
849	991
851	960
853	989
857	933
857	938
862	955
864	896
866	930
871	950
872	910
875	954
875	995
879	898
879	921
880	937
881	959
884	892
886	890
888	987
890	981
891	944
901	920
902	911
902	979
905	955
908	933
909	975
913	940
915	972
921	985
922	924
922	935
927	975
942	973
945	979
948	957
960	962
961	994
968	998
979	995
988	989