0	257
0	269
0	451
0	455
0	533
0	557
0	854
0	901
1	233
1	658
1	953
2	155
2	617
2	723
3	875
4	118
4	659
4	876
4	989
5	264
5	337
5	437
5	574
5	818
5	980
6	604
6	720
6	746
6	816
7	257
7	516
7	647
8	40
8	99
8	280
8	414
8	826
8	923
9	574
9	815
9	848
10	77
10	215
10	378
10	652
10	831
10	976
11	349
11	357
11	381
11	635
11	653
11	808
12	961
13	615
13	623
13	738
14	244
14	250
14	790
15	711
15	752
16	28
16	562
16	959
17	213
17	231
17	678
17	883
18	46
18	73
18	419
18	505
18	622
18	914
19	190
19	776
19	830
19	897
20	194
20	857
21	172
21	379
21	523
21	946
22	167
22	470
22	506
23	948
24	300
24	571
24	860
25	183
25	357
25	847
26	396
26	725
27	361
27	454
27	474
27	505
27	597
27	732
27	913
28	405
29	291
29	342
29	785
29	940
30	198
30	422
30	601
31	127
31	650
31	714
32	114
32	260
32	300
32	610
33	58
33	130
33	382
33	483
33	685
34	63
34	147
34	296
34	465
34	506
34	529
34	604
35	128
35	187
35	447
35	522
35	574
35	718
35	754
36	104
36	208
36	223
36	424
36	862
37	400
37	483
37	654
37	672
38	410
38	544
38	794
39	52
39	860
39	941
40	177
40	423
40	458
40	847
40	886
41	167
41	211
41	273
41	481
41	805
41	902
42	601
43	281
43	380
43	550
43	601
43	608
43	802
43	887
43	929
44	232
44	291
44	345
44	508
44	703
44	800
45	174
45	184
45	563
45	628
45	728
46	151
46	953
47	776
47	781
48	382
49	159
50	578
50	624
50	841
51	116
51	414
51	507
51	676
51	738
52	254
52	651
52	672
52	888
53	452
53	491
54	424
55	319
55	559
55	791
55	950
56	650
56	757
56	847
56	944
57	218
57	268
57	664
57	935
58	149
58	775
59	159
59	438
59	494
59	627
59	802
59	999
60	85
60	96
60	286
60	464
60	685
60	696
60	955
60	975
61	324
61	407
61	578
62	179
62	189
62	561
62	831
63	128
63	241
63	309
63	507
63	521
63	527
63	544
64	65
64	182
64	456
64	461
64	475
64	805
64	851
65	344
65	493
65	638
66	93
66	257
66	430
67	211
67	618
68	555
68	611
68	928
68	933
69	83
69	115
69	130
69	323
69	694
69	957
69	974
70	104
70	853
70	877
71	183
71	507
71	514
71	686
72	237
72	403
72	450
72	594
73	391
73	483
73	581
73	976
74	218
74	230
74	423
74	525
74	669
74	694
74	743
74	783
74	954
75	792
75	855
75	977
76	882
77	331
78	420
78	424
78	495
78	831
78	935
79	407
79	714
80	667
81	594
81	634
81	752
82	190
82	202
82	609
82	643
82	875
82	924
82	966
83	672
83	936
84	272
84	389
84	496
84	742
84	955
85	242
85	339
85	403
85	499
85	719
85	760
86	781
87	231
87	348
87	398
87	476
87	513
88	345
88	605
88	944
89	91
89	348
89	793
90	121
90	702
90	889
91	107
91	668
91	692
91	853
91	876
92	100
92	217
92	507
92	600
92	817
92	958
93	102
93	259
93	379
93	415
93	676
93	690
93	693
93	752
93	936
94	703
94	787
95	99
95	579
95	766
95	803
95	963
96	105
96	161
96	273
96	283
96	662
96	725
96	946
97	526
97	646
98	846
98	986
99	366
100	285
100	308
100	449
100	814
100	863
100	966
101	485
101	526
101	709
101	757
101	831
101	880
102	868
103	532
103	695
103	731
103	887
103	928
104	211
104	344
104	660
104	892
105	169
105	325
105	611
105	758
105	892
106	548
106	917
107	412
107	413
108	293
108	418
108	699
108	745
108	809
108	921
108	961
108	969
109	956
110	625
110	632
110	944
111	594
111	748
112	829
112	944
113	184
113	260
113	344
113	604
113	788
113	805
114	321
114	611
114	691
114	732
115	237
115	378
115	764
115	805
115	856
116	246
116	639
116	807
117	256
117	364
117	544
117	769
117	908
117	972
118	277
118	619
118	853
119	189
119	331
119	569
119	607
119	831
119	836
119	938
120	826
121	132
121	219
121	323
121	761
122	466
122	726
123	160
123	277
123	334
123	454
123	513
123	865
124	130
124	177
124	237
124	521
124	752
125	210
126	433
126	689
126	757
127	313
127	474
127	502
127	654
127	657
127	698
127	937
128	563
128	783
128	837
129	873
129	927
130	213
130	472
130	910
130	942
131	272
131	276
131	425
131	708
131	740
131	873
132	604
132	789
132	799
132	908
133	259
133	290
133	321
133	712
134	241
134	562
134	782
135	449
135	683
135	839
136	454
137	278
137	286
137	406
137	581
137	799
138	362
138	434
138	445
138	489
138	521
139	348
139	487
140	973
140	992
141	156
141	259
141	290
141	315
141	364
141	456
141	658
141	872
141	986
142	153
142	317
142	375
142	747
142	795
142	826
143	574
143	633
143	976
144	210
144	284
144	536
144	731
145	267
145	319
145	692
146	703
146	743
146	765
146	845
146	848
147	945
148	178
148	255
148	327
148	551
149	382
149	624
149	900
150	175
150	310
150	730
150	899
151	212
151	234
151	341
151	343
151	406
151	625
151	904
151	972
152	176
152	742
152	858
153	848
154	667
155	316
155	645
155	949
156	349
156	986
157	183
157	411
157	983
158	251
158	467
159	531
159	789
159	953
160	206
160	416
160	773
161	386
161	775
161	990
162	170
163	173
163	188
163	295
163	819
164	899
165	441
165	829
166	253
166	341
167	183
167	818
168	287
168	928
169	622
170	367
171	215
171	266
172	432
172	602
172	901
172	902
172	986
173	185
173	292
173	350
174	320
174	465
174	515
174	660
174	742
174	892
175	327
175	482
175	522
175	579
175	907
175	927
175	947
175	969
176	756
176	818
177	231
177	232
177	494
177	746
178	261
178	344
178	794
178	841
179	291
179	542
179	885
179	915
180	267
180	445
181	340
181	789
181	803
181	814
181	817
181	850
182	733
183	185
183	291
183	336
183	512
183	532
183	803
184	449
185	479
185	819
185	974
186	539
186	801
186	907
187	543
188	713
188	942
189	328
190	218
190	394
190	937
191	233
191	596
191	937
192	299
192	318
193	587
193	621
193	652
194	364
194	587
194	875
195	279
195	567
195	940
195	969
195	987
196	439
196	574
196	686
196	913
196	942
197	608
197	667
197	872
198	216
198	265
198	996
199	266
199	321
199	377
199	454
199	714
199	871
200	467
200	473
200	649
200	702
201	296
202	233
202	456
202	629
202	866
202	944
203	483
203	520
203	786
203	930
204	366
204	691
204	713
205	456
205	461
205	600
206	240
206	894
206	941
207	454
207	514
207	944
207	967
208	220
208	245
208	457
208	536
208	566
208	732
208	792
208	985
209	240
209	529
209	584
209	590
209	939
210	376
210	821
210	995
211	720
211	856
211	870
212	400
212	496
213	479
213	638
213	660
213	918
213	987
214	342
214	570
214	831
215	329
215	368
215	685
216	953
217	363
217	395
218	683
219	274
219	331
219	605
219	687
219	822
219	824
219	850
220	525
220	906
221	445
221	482
221	606
221	718
221	780
222	262
224	711
225	242
225	383
225	635
225	938
226	364
226	404
227	518
227	550
227	554
227	895
228	505
228	903
228	963
229	602
229	827
229	913
230	378
230	678
232	634
232	721
232	948
232	998
233	256
233	625
234	591
234	641
234	925
235	471
235	483
235	942
236	462
236	538
237	296
237	698
237	710
238	349
238	374
238	390
238	618
238	867
238	902
239	820
239	890
240	455
240	676
240	709
240	721
240	892
240	964
241	797
241	953
242	295
242	303
242	997
243	512
243	520
243	564
243	755
244	367
244	401
244	804
244	915
244	950
245	292
245	466
245	567
246	652
247	301
247	302
247	702
248	452
248	952
249	642
250	421
250	877
250	933
251	502
252	389
252	960
253	492
253	789
253	802
253	863
253	975
254	271
254	281
254	430
254	559
254	687
254	705
254	966
255	367
255	386
255	459
255	516
256	593
256	638
256	805
256	824
256	915
256	967
256	982
257	395
258	792
259	373
259	490
260	328
260	380
260	560
261	509
261	698
261	844
262	394
262	400
262	514
262	599
262	834
263	604
263	729
264	293
264	294
264	506
264	771
264	846
264	906
265	275
265	421
265	884
265	948
266	702
267	856
267	904
268	343
268	827
269	309
269	325
269	568
269	908
269	942
270	313
270	506
271	323
271	335
271	380
271	657
271	907
272	526
272	732
272	773
273	308
273	401
274	495
274	589
274	705
274	708
274	759
274	774
275	619
275	811
275	875
275	942
275	990
276	481
276	492
276	563
277	532
277	889
278	492
278	669
278	957
279	860
279	997
280	852
280	938
281	466
281	599
281	607
281	642
281	834
281	846
281	912
281	929
282	331
282	648
282	915
282	951
283	457
283	741
283	833
283	972
284	552
284	945
287	674
287	876
288	501
288	599
289	544
289	770
290	558
290	783
291	655
292	527
292	820
293	559
293	653
293	807
294	668
294	671
295	316
295	475
295	653
296	348
296	395
296	828
297	575
298	342
298	494
299	652
299	874
300	432
300	434
300	525
300	833
301	520
301	663
301	952
303	460
303	604
303	680
303	700
303	884
304	645
304	759
304	760
304	768
304	769
304	916
305	568
306	330
306	401
306	629
307	419
307	537
307	728
307	751
307	915
308	950
309	455
309	716
309	860
309	977
310	518
310	884
311	439
311	750
311	851
311	914
312	378
313	352
313	623
313	701
313	770
313	822
314	927
315	396
315	568
315	589
316	658
316	829
318	504
318	649
318	701
319	333
319	813
319	852
320	767
321	648
321	713
322	323
322	522
322	597
322	951
323	332
323	499
323	644
323	713
324	724
324	743
324	845
324	864
324	980
326	330
326	420
326	478
326	721
326	740
326	797
327	851
328	754
328	969
329	484
329	674
329	909
330	547
331	476
331	522
331	863
331	913
331	983
333	373
333	901
333	934
334	467
334	719
334	864
335	869
335	966
336	498
337	445
337	617
338	915
339	915
340	411
340	416
340	738
341	671
342	662
342	721
343	411
343	570
343	850
344	367
344	526
345	511
345	514
345	800
346	527
346	677
347	354
347	667
347	926
347	960
347	996
348	378
348	428
348	696
348	705
348	813
348	828
349	520
349	533
349	621
349	741
349	865
349	948
350	394
350	439
350	856
351	644
351	840
352	731
352	854
352	884
352	931
353	481
353	685
353	695
353	725
353	916
353	927
354	395
354	475
354	621
354	810
355	422
356	397
357	652
358	640
358	914
359	733
360	383
360	394
361	400
361	593
361	873
362	454
362	884
362	969
363	543
363	679
364	520
364	655
364	664
364	668
364	828
364	987
365	517
365	615
366	447
366	504
366	930
367	473
368	402
368	953
369	582
369	998
370	605
371	570
371	643
371	997
372	517
372	579
373	494
373	769
373	881
373	978
374	507
375	576
375	827
376	397
376	510
376	926
377	622
378	591
378	601
378	876
379	462
379	592
379	932
380	419
380	589
380	643
381	683
381	701
381	828
381	905
382	458
382	808
382	825
382	850
382	986
383	491
383	668
383	765
383	946
384	799
384	934
385	436
385	648
385	947
386	893
387	567
387	695
388	517
389	455
389	458
389	487
391	777
391	980
392	616
392	657
392	755
393	580
393	634
393	930
394	960
396	406
396	558
396	829
397	477
397	564
397	641
397	787
397	888
397	926
398	473
398	597
398	640
398	943
399	434
399	894
401	917
402	803
402	919
403	464
403	488
403	759
403	899
403	929
403	933
404	723
404	729
404	738
405	520
405	527
405	774
407	437
407	572
408	822
408	901
408	909
408	965
409	939
410	460
410	582
410	942
411	528
411	831
411	937
412	575
412	692
412	866
413	414
413	536
413	885
415	417
415	629
416	776
416	793
416	891
417	485
417	703
417	809
417	906
418	420
418	454
418	922
419	451
419	510
419	515
419	521
419	549
419	725
419	731
419	858
419	998
420	445
420	685
420	747
420	932
421	469
422	696
423	437
423	511
423	640
423	897
424	501
425	779
425	794
426	467
427	592
428	435
428	895
429	552
429	591
429	673
429	676
429	751
430	742
430	780
431	633
431	640
431	741
431	854
432	460
432	639
433	739
433	950
433	993
434	691
434	898
434	960
436	499
436	956
437	484
437	596
437	630
438	555
438	713
439	881
439	926
440	586
440	601
440	700
440	968
441	659
442	563
442	572
442	638
443	678
444	500
444	518
444	862
445	648
445	688
446	455
446	569
446	608
446	665
446	728
447	615
447	857
448	868
448	988
449	531
449	747
449	852
449	948
450	549
450	563
450	748
450	806
450	924
451	452
453	597
453	690
453	719
453	756
453	998
454	574
454	820
454	938
455	601
455	976
456	483
456	598
456	621
456	727
457	650
457	747
457	908
458	594
459	666
459	693
459	752
459	812
459	932
462	612
462	644
462	957
463	507
464	476
464	506
464	581
464	664
464	924
465	467
465	582
465	740
466	746
466	783
466	879
467	947
468	545
468	736
468	801
468	970
469	692
469	816
470	492
470	676
470	692
471	659
471	777
472	661
472	905
473	654
473	660
474	574
474	671
474	729
475	484
475	820
475	903
476	623
476	868
477	883
477	946
478	603
478	667
478	749
478	823
478	963
479	523
479	616
479	834
480	501
480	672
480	721
480	744
480	947
481	743
481	955
482	936
483	653
483	772
483	817
483	998
484	490
484	529
484	728
484	877
485	790
486	704
486	732
487	514
487	569
487	766
487	785
487	791
488	929
489	743
489	858
490	762
491	555
492	653
492	836
493	832
494	661
494	685
494	738
494	985
495	559
495	938
496	569
496	582
497	899
497	926
498	552
498	651
498	699
498	706
498	799
498	804
499	655
499	696
500	534
500	739
500	785
500	929
501	604
501	715
501	778
501	779
501	786
501	797
501	879
501	914
501	966
503	702
503	988
504	517
504	796
505	531
505	603
505	933
506	544
506	669
506	706
506	914
507	643
507	729
507	936
507	986
508	796
508	865
509	991
510	605
510	848
510	855
513	587
513	750
514	534
514	682
514	781
514	952
515	560
515	643
516	546
516	668
516	701
517	655
517	705
518	824
519	783
520	652
521	956
522	529
523	533
524	818
524	990
525	768
526	853
527	605
527	967
529	582
529	659
529	853
529	890
529	944
530	543
530	577
530	583
530	725
530	871
531	835
531	878
532	654
532	812
532	942
532	953
535	726
535	852
535	903
535	982
536	888
537	698
538	607
538	805
538	887
540	752
540	756
540	815
540	856
540	931
541	628
541	868
541	932
542	644
542	783
543	650
544	600
544	675
544	676
544	851
544	973
545	577
546	973
547	638
547	909
548	954
549	799
550	906
551	802
551	944
552	815
552	837
552	901
553	957
554	632
554	807
555	840
555	928
556	882
558	613
558	694
558	987
560	882
560	895
561	689
562	862
563	806
563	830
564	619
564	779
564	812
564	927
565	843
565	881
566	745
566	872
567	697
567	774
567	790
568	735
568	772
569	646
569	890
569	922
569	975
571	663
571	849
573	919
574	744
575	648
575	966
576	638
576	886
577	784
581	691
581	698
581	885
583	765
584	934
585	994
587	631
587	892
588	795
589	871
590	612
590	687
590	779
590	975
591	700
591	779
591	850
591	861
592	625
592	648
592	683
592	781
592	894
593	702
593	907
593	949
594	737
594	857
595	596
595	637
596	627
599	657
600	626
600	696
600	735
600	870
601	792
602	740
603	669
603	894
604	912
605	780
605	880
606	871
606	939
607	778
607	785
608	816
608	877
609	711
609	870
610	697
611	923
612	703
614	678
614	725
616	725
617	672
617	882
618	889
618	909
618	970
620	726
621	971
621	992
622	846
624	812
625	656
625	753
628	642
628	779
628	863
628	885
629	769
629	921
630	636
630	862
631	689
631	729
631	867
632	670
634	959
635	785
635	807
635	948
635	974
636	970
637	666
637	967
640	672
640	983
641	722
641	746
641	912
642	846
642	997
643	670
643	752
643	788
643	917
644	711
644	933
645	721
645	917
646	705
647	811
647	971
648	963
651	887
651	898
652	656
652	997
654	679
654	866
655	687
655	704
657	905
657	994
660	719
661	798
662	778
665	878
666	680
666	846
666	938
669	864
670	857
671	785
673	829
673	895
674	675
674	800
674	811
675	698
675	798
676	896
677	960
678	951
679	733
679	832
679	896
681	993
682	904
683	743
684	686
684	771
684	966
685	744
685	955
686	768
686	837
686	876
687	827
688	724
688	754
689	705
689	765
690	767
692	717
695	754
695	779
697	886
697	984
698	979
699	770
699	966
700	746
701	937
702	845
702	979
703	907
703	998
704	843
705	727
705	911
705	918
706	789
706	852
707	762
707	780
708	741
708	963
709	905
711	729
712	935
714	837
714	934
717	958
718	842
718	976
720	727
720	877
720	898
723	875
723	890
723	898
724	807
726	796
728	775
728	830
728	869
729	783
730	798
730	921
732	826
732	940
734	820
735	915
737	908
737	932
737	956
741	807
741	940
742	926
743	875
744	827
744	952
745	750
745	773
745	785
746	807
747	902
747	908
747	935
749	981
750	837
751	954
753	914
753	944
755	832
755	850
756	780
756	880
759	815
759	880
760	769
760	925
763	902
763	957
766	908
766	956
767	975
769	858
770	793
770	840
771	836
771	868
773	846
773	859
773	917
773	939
774	875
779	793
780	869
783	986
785	786
785	820
785	854
785	879
785	913
786	830
787	895
787	937
788	833
788	958
789	812
790	828
790	857
790	978
791	800
793	808
793	976
796	808
796	986
797	959
800	905
800	909
801	920
802	822
802	907
802	937
803	830
804	881
805	902
806	827
807	949
809	942
811	993
812	923
822	885
822	994
824	868
825	966
827	926
828	915
828	925
828	942
829	939
830	871
831	950
833	969
836	850
836	895
837	952
838	988
843	983
845	907
846	969
847	926
847	956
848	850
850	874
850	883
851	893
853	986
855	924
855	960
856	869
856	947
856	992
863	904
865	935
865	942
868	915
870	934
877	943
878	973
880	983
882	893
884	943
885	886
888	891
888	894
890	891
890	938
891	955
891	977
898	937
913	928
913	943
914	979
917	945
921	927
929	941
929	995
930	974
932	959
933	983
938	965
940	952
941	962
941	997
943	982
947	959
954	993
956	980
960	998
960	999
961	972