0	241
0	435
0	538
0	785
0	857
1	289
1	366
1	891
2	853
2	862
2	865
3	127
3	237
3	334
3	353
3	402
3	526
3	654
3	782
3	883
3	935
4	126
4	298
4	326
5	194
5	621
5	755
5	904
6	317
6	519
6	578
6	648
7	54
7	62
7	335
7	598
7	639
8	154
8	387
8	745
8	914
8	949
9	157
9	634
9	695
9	910
9	931
10	748
11	220
11	282
11	422
11	451
11	666
11	683
11	689
12	724
12	750
12	978
13	422
14	165
14	643
14	708
15	269
15	275
15	708
15	905
16	163
16	769
16	775
16	871
16	937
16	982
17	343
17	546
17	889
18	380
19	26
19	78
19	138
19	202
19	386
19	616
19	686
19	706
20	462
20	885
21	412
22	51
22	159
22	427
22	582
22	642
23	90
23	276
23	406
23	528
23	589
23	604
23	636
23	821
23	961
24	66
24	102
24	277
24	554
24	620
24	890
24	955
24	995
25	234
25	610
26	228
26	439
26	544
27	289
27	397
27	519
27	533
27	694
28	131
28	252
28	388
28	671
28	727
28	737
28	771
28	951
29	77
29	155
29	263
29	335
29	507
29	591
29	653
30	109
30	299
30	509
30	598
30	712
30	779
30	844
31	309
31	380
32	122
32	298
32	389
32	463
32	578
32	633
32	732
33	477
33	526
33	549
33	734
33	980
34	79
34	177
34	391
34	422
34	437
34	447
34	559
34	652
34	985
35	73
35	525
35	819
36	59
36	431
37	61
37	303
37	492
38	162
38	781
38	789
39	561
39	824
40	69
40	167
40	438
40	503
41	437
41	514
41	659
42	507
43	483
43	657
43	763
43	922
44	445
45	459
45	917
45	999
46	121
46	136
46	176
46	289
46	344
46	356
46	801
46	850
47	145
47	633
47	881
47	901
48	91
48	209
48	244
48	897
48	960
48	964
49	415
49	747
50	305
50	320
50	394
50	711
50	866
51	650
51	871
51	966
52	296
52	330
52	451
53	128
53	456
53	566
53	570
53	585
53	661
54	185
54	676
55	86
55	290
55	402
55	743
55	789
56	78
56	153
56	208
56	802
57	203
57	268
57	417
57	517
57	789
58	160
58	255
58	874
58	914
59	487
60	99
60	696
60	847
61	559
61	566
61	653
62	256
62	917
63	118
63	120
63	145
63	273
63	398
64	314
64	883
65	225
65	457
66	213
66	281
66	401
66	789
66	827
66	896
66	981
67	90
67	163
67	373
67	627
68	224
68	678
68	926
69	84
69	204
69	353
69	794
69	828
69	830
70	125
70	349
71	371
71	563
71	742
71	768
71	788
71	856
71	897
72	543
72	889
72	906
73	133
73	186
73	251
73	596
73	880
73	955
74	618
74	651
74	704
75	555
75	915
76	103
76	170
76	469
76	522
76	529
76	883
76	941
77	169
77	952
78	324
78	542
78	553
78	764
78	983
79	147
79	504
79	538
79	808
79	894
80	306
80	856
80	980
81	384
81	597
82	241
82	494
82	543
83	178
83	215
83	469
83	926
84	544
84	545
84	796
84	798
84	905
84	912
85	119
85	288
85	301
85	326
85	467
85	677
85	817
85	989
85	990
86	191
86	246
86	481
87	328
87	427
87	577
87	810
87	868
88	309
88	414
89	90
89	96
89	254
89	362
89	489
89	860
90	191
90	364
90	385
90	524
90	569
90	591
91	515
91	668
91	979
92	168
92	676
92	863
92	913
93	438
93	650
93	833
94	306
94	559
94	833
94	879
95	127
95	320
95	619
95	851
96	290
96	531
96	915
97	296
97	463
97	645
97	734
97	743
98	805
99	220
99	409
99	597
100	867
101	433
101	595
102	161
102	279
102	569
103	179
103	193
103	265
103	274
103	958
104	105
104	144
104	631
104	977
105	183
105	263
105	678
105	696
105	968
105	993
106	284
106	750
106	919
106	988
107	129
107	182
107	483
108	132
108	385
108	431
108	455
108	946
109	800
109	918
110	200
110	401
110	516
110	736
110	948
110	977
111	362
111	756
111	789
111	831
112	311
112	480
112	498
112	733
112	746
112	795
112	901
113	650
113	786
113	914
114	285
114	928
114	944
115	367
115	604
115	697
115	995
116	527
117	203
118	757
118	870
119	193
119	305
119	592
119	722
119	756
119	877
120	379
121	176
121	332
121	615
121	862
121	964
122	136
122	252
122	340
122	441
122	660
122	750
122	864
123	183
123	421
123	576
123	903
124	628
124	893
124	903
124	992
125	129
125	280
125	401
125	485
125	846
126	960
127	510
127	557
127	574
127	686
127	731
127	735
128	408
128	427
128	496
129	237
129	774
129	868
130	955
131	296
131	365
131	604
131	704
131	824
131	899
132	367
132	386
132	393
132	568
133	862
134	235
134	320
134	531
134	753
134	819
135	354
135	379
135	490
135	914
135	915
136	265
136	527
136	711
136	753
137	379
137	477
138	185
138	430
138	829
139	446
139	767
139	836
140	309
140	330
140	366
140	515
140	547
140	622
140	643
140	927
141	188
141	331
141	436
141	897
141	950
141	955
142	171
142	234
142	441
142	529
142	688
142	911
143	813
143	837
144	235
144	491
144	577
145	575
145	748
145	904
145	931
145	947
145	976
146	297
146	721
146	727
146	925
147	376
147	504
147	573
147	798
148	373
148	527
148	951
149	634
149	649
150	207
150	257
150	830
151	446
151	772
151	968
152	445
152	738
153	855
153	897
154	205
154	589
154	650
154	699
154	733
155	192
155	463
155	819
156	300
156	323
156	896
157	354
157	425
157	719
157	747
158	309
159	236
159	252
159	478
159	712
160	252
160	474
161	315
161	706
163	960
164	175
164	668
165	196
165	634
165	696
165	775
166	489
166	641
167	354
167	459
167	804
167	862
168	183
168	583
168	714
169	290
169	347
169	651
170	473
170	574
170	787
170	797
171	419
172	297
172	482
172	775
172	832
172	924
172	957
172	963
173	557
173	929
173	966
174	184
174	499
175	442
175	482
175	916
176	332
176	506
176	658
176	682
177	761
177	831
177	854
178	310
179	219
180	632
180	780
180	936
181	192
181	497
182	271
182	371
182	783
183	347
183	370
183	387
183	516
183	640
183	642
183	672
183	880
184	263
184	639
184	736
184	897
186	264
186	535
186	760
186	956
187	550
187	848
188	290
188	450
188	832
188	851
188	998
189	197
189	400
189	948
190	729
191	320
191	567
191	598
191	639
191	785
191	970
192	200
192	546
192	702
193	236
193	401
193	501
193	583
193	613
194	195
194	301
194	608
194	633
194	731
194	756
195	304
195	765
196	680
196	731
197	387
197	451
197	502
197	994
198	325
198	330
198	663
198	771
198	940
199	395
199	440
199	726
199	835
199	868
199	998
200	215
201	726
201	879
202	263
202	269
202	320
202	508
202	918
203	274
204	207
204	557
204	773
204	947
204	999
205	847
205	855
206	497
206	729
206	748
207	406
207	440
207	498
207	655
207	735
208	245
208	365
208	532
208	701
209	237
209	349
209	445
209	472
209	560
209	879
209	951
209	976
210	484
210	583
211	588
212	646
213	297
213	304
213	781
213	895
214	254
214	580
214	602
214	808
215	615
215	741
215	773
215	949
216	344
216	792
217	595
218	476
218	521
218	570
218	577
219	409
219	475
220	257
220	345
220	483
220	767
221	335
221	374
221	435
222	951
223	242
223	452
223	925
224	252
224	363
224	460
224	491
224	508
224	596
224	934
225	581
225	683
225	829
226	301
226	358
226	538
226	551
226	721
226	789
227	507
227	785
227	999
228	272
228	817
228	935
229	297
229	685
230	749
230	873
230	964
231	370
232	482
232	569
232	691
232	943
233	384
233	771
233	798
234	279
235	762
236	609
236	752
236	840
237	713
237	780
237	957
238	554
239	321
239	379
239	457
239	596
239	799
239	974
240	259
240	540
240	582
240	721
241	266
242	563
242	820
243	406
243	495
243	582
243	739
243	797
243	871
243	893
244	862
245	274
245	560
247	590
247	915
248	531
248	532
248	641
248	897
248	978
249	350
249	526
249	585
250	641
251	757
251	786
251	792
252	324
252	976
253	277
253	311
253	491
253	811
253	986
254	633
255	284
255	308
257	278
257	317
257	399
258	330
258	407
258	433
258	896
259	400
259	828
260	367
260	544
260	755
261	787
261	922
262	327
262	491
262	497
262	603
262	651
262	906
263	999
264	818
264	930
264	941
265	331
265	678
266	315
266	661
266	884
266	919
267	373
267	376
267	408
267	600
267	626
267	793
267	884
267	963
268	430
268	589
268	647
268	699
269	561
270	634
270	832
270	851
271	272
271	353
271	589
271	599
271	634
272	502
272	662
273	456
273	701
273	766
273	821
275	699
275	775
276	549
277	336
278	587
278	735
278	876
278	993
279	473
279	481
280	387
280	426
280	916
281	635
281	689
281	740
282	377
282	540
282	654
282	768
283	371
283	431
283	522
283	585
283	606
283	808
284	285
284	865
285	462
285	628
286	999
287	305
287	576
287	847
287	940
288	674
289	355
289	406
289	748
289	810
289	858
290	571
290	801
291	474
291	568
291	837
292	708
292	869
293	371
293	477
293	595
293	820
294	321
294	624
294	755
294	938
295	404
295	747
296	614
296	689
297	642
297	947
297	968
298	953
299	389
299	450
299	525
300	678
302	343
302	625
302	951
303	858
303	887
304	481
304	623
304	658
304	661
304	949
305	318
305	511
305	664
306	467
307	828
307	853
308	581
308	595
308	658
309	488
309	581
310	334
311	833
312	755
313	572
313	873
313	898
314	393
314	400
314	772
314	868
314	874
314	973
315	661
315	735
315	794
316	548
316	686
316	756
317	377
317	512
317	645
317	756
318	455
318	778
318	814
318	957
319	480
321	341
321	465
321	683
322	415
322	478
322	765
323	554
323	776
323	825
323	893
324	516
324	623
324	773
324	798
325	371
325	376
325	549
325	619
325	747
325	999
326	437
326	512
326	722
326	999
327	523
328	612
328	753
328	889
328	912
329	337
329	482
329	578
329	605
329	938
329	982
331	356
331	839
332	345
332	480
332	820
333	380
333	447
333	630
333	832
333	892
334	349
334	391
334	431
334	912
334	985
335	591
335	597
335	690
336	460
336	641
336	655
336	885
336	890
336	986
337	802
337	859
337	998
338	362
338	816
338	977
339	382
339	393
339	638
339	692
339	764
340	571
340	581
340	770
341	685
342	357
342	526
343	352
343	836
343	932
344	819
344	976
345	496
345	906
346	461
346	578
346	723
347	418
347	667
347	786
347	960
348	921
349	651
349	729
350	515
350	633
350	701
351	831
351	886
352	455
352	571
353	797
354	517
355	484
355	488
355	644
355	652
355	762
355	900
357	458
357	492
357	933
358	402
358	731
359	570
359	756
359	878
359	949
359	977
360	397
360	454
360	778
361	658
361	671
361	705
361	989
362	372
363	367
364	500
364	505
365	452
365	699
366	912
367	939
367	976
368	577
368	794
368	830
368	900
369	501
369	585
369	980
369	992
370	551
370	579
370	718
370	761
370	809
370	878
371	654
371	672
371	983
372	464
372	525
372	599
372	689
372	737
372	776
372	806
373	604
373	632
374	396
374	455
374	695
374	752
374	850
374	873
375	886
376	693
376	728
376	786
377	638
377	775
378	524
378	861
379	516
379	822
380	436
380	608
380	610
380	799
381	656
382	387
382	567
382	601
382	618
382	661
382	742
382	801
382	819
383	436
383	717
383	810
383	929
384	960
386	646
387	528
387	613
387	675
387	722
388	763
388	954
389	655
389	775
389	874
389	901
389	929
389	997
390	433
390	512
390	551
390	822
391	544
391	779
391	868
391	973
392	556
392	790
393	517
393	571
393	698
393	792
394	896
394	935
395	629
396	465
396	534
396	680
397	893
397	903
399	657
399	749
399	860
400	474
400	578
401	787
401	924
401	936
403	518
403	652
403	727
403	784
403	940
404	458
404	468
404	769
405	727
405	823
405	982
406	463
406	750
406	813
406	985
407	538
407	608
408	718
409	502
410	486
410	628
410	730
410	870
411	560
412	485
413	993
414	714
414	752
414	839
415	971
415	997
416	638
416	744
417	526
417	883
417	925
418	425
418	664
420	951
420	999
421	475
421	489
421	798
422	447
422	658
422	756
423	454
423	484
423	927
424	869
426	484
426	889
426	926
427	817
427	894
428	677
429	566
430	800
430	988
431	502
431	952
432	839
432	903
433	503
433	791
433	813
433	943
434	526
434	546
435	936
436	593
436	637
436	888
437	445
437	659
437	973
438	724
438	739
438	771
439	544
439	951
440	534
441	716
441	717
441	822
441	948
443	563
443	975
444	599
444	787
444	805
444	988
444	995
445	558
446	516
446	567
447	644
447	706
448	816
449	505
449	686
449	805
449	923
450	983
451	567
451	704
451	761
452	484
452	516
452	562
452	614
452	726
452	732
452	791
453	507
453	542
453	642
454	636
454	803
454	935
455	500
455	581
455	754
455	804
455	977
456	511
456	567
456	572
456	734
457	692
457	710
457	929
458	478
459	634
459	676
460	519
460	855
461	624
461	637
461	724
461	805
461	870
462	526
462	533
462	844
462	849
463	680
463	933
464	637
464	783
464	875
465	769
465	851
465	907
466	705
466	790
466	974
467	925
467	980
468	628
468	703
469	644
470	707
471	742
471	852
471	863
471	916
472	536
472	985
473	873
473	886
473	982
474	602
474	735
474	871
474	986
475	678
475	720
476	551
476	645
476	855
477	923
478	761
479	864
480	798
480	864
480	953
481	483
481	976
482	909
483	516
483	610
483	701
483	845
483	923
484	546
484	649
484	762
485	499
485	806
485	817
486	583
486	921
487	686
487	701
487	859
488	567
488	708
489	491
490	771
490	887
491	718
491	882
492	570
492	728
493	682
493	790
493	861
494	595
495	661
496	665
496	940
497	552
497	662
497	764
498	697
498	747
499	597
500	562
500	740
500	839
501	548
501	771
501	913
502	532
502	604
502	611
503	885
503	984
505	933
505	967
507	522
507	753
508	590
508	985
509	553
509	696
511	725
511	790
513	779
514	594
514	616
514	700
515	585
515	776
515	919
516	598
516	737
516	822
516	890
517	721
517	869
517	913
518	532
518	859
519	610
519	780
520	705
521	543
521	570
521	628
522	536
522	590
523	673
523	845
524	793
525	632
525	864
525	910
526	704
526	777
527	529
527	665
527	790
528	531
528	952
529	721
529	898
529	969
530	943
531	798
532	672
532	728
534	605
534	809
534	912
536	613
537	644
537	653
537	886
537	941
537	980
539	739
540	634
540	663
541	678
541	711
541	964
541	978
542	924
543	622
543	652
543	808
544	977
544	986
545	696
546	576
546	967
547	558
547	593
548	625
548	727
550	766
550	848
551	702
551	858
552	974
553	853
553	865
554	816
554	885
554	903
555	878
555	930
556	715
557	617
557	811
557	904
558	985
559	669
559	697
559	894
560	774
561	652
562	584
562	740
562	967
563	645
563	877
563	951
564	668
564	673
564	823
564	837
564	842
565	763
565	907
565	936
566	657
566	956
567	850
568	727
568	827
568	837
568	929
569	667
569	765
570	800
571	643
571	839
572	681
572	872
573	818
573	840
573	997
574	587
574	670
574	802
575	626
575	798
575	888
576	667
577	642
577	648
578	743
578	772
578	808
579	746
579	980
581	789
581	904
581	991
582	692
582	998
583	930
584	639
584	659
584	667
585	642
585	899
586	778
586	831
586	860
587	742
587	909
587	945
588	652
588	942
589	630
589	679
589	689
589	707
589	863
589	899
589	934
591	901
593	733
595	816
596	941
597	967
598	819
599	623
599	818
599	982
601	628
602	963
602	973
603	814
604	703
604	869
605	681
605	879
605	920
606	633
607	942
608	707
608	763
608	884
609	727
609	761
610	748
610	829
611	714
611	865
612	773
612	794
612	910
612	936
614	816
614	921
616	740
616	972
617	709
618	638
619	908
619	943
620	687
620	700
620	742
620	813
620	833
620	870
621	762
622	672
622	746
623	759
624	973
628	763
628	766
629	644
629	728
629	849
629	950
629	972
630	684
631	929
632	973
633	792
635	908
638	886
638	989
639	784
640	642
640	723
640	886
640	969
641	820
643	919
644	926
645	780
646	692
647	678
648	755
648	876
648	944
649	684
650	735
650	828
652	904
653	754
653	859
655	809
655	984
656	681
657	724
658	878
659	749
660	728
660	828
660	965
662	950
663	736
664	845
665	726
665	845
665	904
666	888
668	806
668	857
668	932
668	943
669	701
669	757
669	775
669	852
670	738
670	934
672	693
672	765
672	957
672	995
675	893
676	793
676	852
676	966
677	823
677	856
678	871
678	983
680	888
680	984
681	766
682	823
682	936
684	854
684	942
685	700
686	744
690	697
690	907
691	804
692	730
692	759
692	807
693	864
695	813
695	837
695	974
697	775
700	720
700	950
702	825
702	878
703	710
704	815
708	812
708	930
709	822
711	776
712	831
713	825
714	860
715	948
716	832
716	833
716	975
717	967
718	825
718	861
718	868
719	797
720	779
720	796
720	836
720	865
722	782
724	803
724	843
726	821
726	917
727	833
727	913
728	767
730	787
732	780
732	844
733	871
733	972
734	761
735	877
738	754
738	899
739	837
739	990
743	760
743	972
745	874
747	756
748	800
748	958
748	978
749	898
749	899
750	926
751	972
752	971
754	774
754	806
755	785
755	845
756	845
756	869
758	811
759	811
761	997
762	806
762	860
763	959
764	793
766	955
767	998
768	944
769	810
770	795
770	880
770	988
771	828
772	920
774	817
775	853
776	813
776	923
776	983
779	857
780	989
783	796
786	827
786	958
788	841
789	982
793	936
795	821
795	951
796	864
797	945
799	811
799	839
803	912
805	974
806	989
808	834
811	976
812	941
813	917
816	851
820	898
820	935
820	952
825	911
825	942
826	978
828	958
829	834
830	838
836	862
838	928
839	859
840	998
841	872
844	880
844	963
845	853
845	854
849	948
853	875
855	991
855	996
856	882
860	989
861	916
864	936
864	983
865	918
865	953
865	954
869	959
870	874
881	921
883	937
884	900
886	933
890	896
894	980
894	999
897	934
898	961
898	984
902	904
902	997
906	991
909	914
915	982
918	962
921	963
924	980
933	938
939	987
941	947
946	965
964	965