0	679
0	803
0	860
0	977
1	352
1	431
1	608
1	773
1	985
2	663
3	106
3	382
3	575
3	901
3	944
4	461
4	547
4	657
5	321
5	834
5	884
6	754
6	937
7	205
7	226
7	228
7	384
7	390
7	396
7	920
8	91
8	137
8	919
9	106
9	191
9	241
9	423
9	631
9	685
9	704
9	974
10	69
10	99
10	224
10	332
10	805
10	995
11	128
11	205
11	387
11	966
12	128
12	317
12	393
12	699
13	298
13	575
13	708
14	160
14	198
14	227
14	244
14	474
14	619
14	842
15	146
15	430
15	932
15	958
16	272
16	435
16	672
16	883
17	78
17	200
17	379
17	808
18	31
18	203
18	373
18	453
18	493
18	599
19	22
19	28
19	268
19	414
19	751
20	189
20	514
20	779
21	28
21	129
21	789
22	346
22	411
22	636
23	88
23	91
23	972
24	363
24	403
24	796
24	801
24	925
25	43
25	140
25	151
25	604
25	683
25	771
25	841
26	350
26	589
27	44
27	378
27	655
27	937
28	378
28	470
28	770
28	778
29	429
29	571
29	848
29	960
30	179
30	635
30	880
30	923
31	137
31	283
31	676
31	740
31	779
31	867
31	995
32	358
32	720
33	175
33	444
33	632
33	705
33	979
33	988
34	83
34	515
34	563
34	933
35	340
35	649
36	471
37	483
37	515
38	208
38	649
38	724
39	715
39	894
39	959
40	235
40	367
40	422
40	742
40	932
40	950
41	124
41	262
41	594
42	88
42	445
42	673
42	844
42	964
43	486
43	499
43	895
44	554
44	683
44	727
44	800
44	983
45	114
45	159
45	279
45	348
45	481
45	517
45	628
45	646
45	688
46	338
46	493
46	498
46	505
47	112
47	136
47	161
47	204
47	615
47	811
48	252
48	283
48	290
48	322
48	462
48	911
49	77
49	456
49	548
49	817
49	984
50	197
51	332
51	613
51	668
51	707
51	880
52	72
52	219
52	885
53	251
53	341
53	789
53	806
53	898
54	322
54	543
54	643
54	892
55	123
55	327
55	615
56	122
56	233
56	335
56	641
57	255
57	295
57	365
57	962
58	387
58	517
58	580
58	658
58	678
58	699
59	161
59	555
59	838
60	127
60	214
60	421
60	435
60	455
61	348
61	462
61	516
61	598
61	620
62	171
62	444
63	720
63	843
63	950
64	854
64	860
65	227
66	72
66	128
66	650
66	826
67	105
67	406
67	437
68	353
68	451
68	694
68	709
69	125
69	174
69	175
69	187
69	276
69	890
70	524
70	540
70	916
70	925
71	186
71	479
71	586
71	670
71	712
72	81
72	645
72	651
73	127
73	668
73	748
73	842
74	166
74	194
74	301
74	434
74	513
74	598
74	747
74	950
75	531
75	635
75	727
75	764
75	826
76	215
76	439
76	635
76	666
76	687
76	722
76	865
77	223
77	257
77	329
77	433
77	757
78	175
78	288
78	632
78	857
79	413
79	507
79	569
79	811
80	395
80	421
80	488
80	767
81	193
81	400
81	426
81	667
81	670
81	849
81	861
81	961
82	520
82	697
82	706
82	864
82	923
82	955
82	973
83	387
83	434
83	713
84	144
84	214
84	224
84	337
84	752
85	922
86	410
86	469
86	911
87	537
87	867
88	356
88	501
88	732
88	899
89	784
89	796
90	307
90	449
90	889
91	248
91	366
91	368
91	517
91	947
92	120
92	131
92	816
93	589
93	825
94	326
94	640
94	686
94	737
94	797
94	882
95	267
95	915
95	988
96	534
96	540
96	556
96	848
96	892
97	196
97	249
97	251
97	497
97	720
97	823
98	271
98	275
98	367
99	346
99	473
99	491
99	732
99	829
99	901
100	569
100	820
101	122
101	442
101	807
101	906
102	173
102	751
102	776
102	905
102	947
103	120
103	352
103	467
104	228
104	856
105	258
105	262
105	572
105	717
105	798
106	163
106	521
106	591
106	708
106	811
106	908
106	948
106	951
107	108
107	610
107	870
107	890
108	211
108	746
108	815
109	150
109	284
109	566
109	592
109	881
109	905
110	213
110	895
111	217
111	322
111	378
111	552
111	785
112	745
112	787
113	307
113	963
114	184
114	187
114	390
114	557
115	664
116	192
116	513
116	889
116	891
116	961
116	978
117	450
117	809
118	610
119	230
119	562
119	717
120	440
121	305
121	470
122	275
122	443
123	180
123	400
123	413
123	613
123	763
124	381
124	533
125	429
125	920
126	241
126	480
126	515
126	845
127	140
127	843
128	411
128	431
128	486
128	577
129	220
129	972
130	193
130	985
132	559
132	617
132	718
133	386
134	208
134	794
134	839
134	910
135	874
135	959
136	304
136	317
136	974
137	366
137	761
137	802
138	808
138	811
139	479
139	984
140	169
140	388
141	357
142	364
142	730
142	871
143	549
143	782
143	832
144	287
144	330
144	704
144	766
144	893
144	952
145	573
145	838
145	849
146	494
146	748
147	256
147	431
147	438
147	644
148	338
148	415
149	173
149	234
150	278
150	645
150	862
151	675
151	677
151	709
151	772
152	316
152	543
152	927
152	951
153	193
153	223
153	384
153	809
154	200
154	294
154	770
154	931
154	969
155	265
156	416
156	525
156	783
157	228
157	300
157	891
158	342
158	731
159	604
160	761
161	566
161	792
161	824
162	662
162	669
162	984
164	271
164	370
164	405
165	942
166	272
166	710
167	624
168	399
168	559
168	636
168	839
168	866
168	949
169	919
169	923
169	965
170	502
170	599
170	615
171	675
171	865
171	914
172	498
172	651
172	831
173	320
173	356
173	382
173	474
173	537
173	630
173	830
174	332
174	763
174	929
174	950
174	962
175	228
176	284
177	541
177	914
177	998
178	215
178	246
178	291
178	364
179	559
179	990
180	853
181	499
181	942
181	972
182	727
182	792
182	858
182	898
183	231
183	386
183	531
183	772
183	945
184	438
184	583
184	639
184	834
185	294
185	594
185	850
186	237
186	847
186	867
187	236
187	749
187	781
188	220
188	478
188	687
188	714
188	722
189	499
189	534
189	686
189	831
190	320
190	863
190	947
190	956
191	271
191	311
191	370
191	493
191	876
191	952
191	954
192	279
192	427
192	702
192	711
192	726
193	673
193	821
193	884
193	957
194	570
194	623
194	799
194	814
195	513
195	564
196	362
196	636
196	896
196	990
197	659
197	702
197	819
197	991
198	426
198	562
198	586
198	640
198	833
199	794
199	819
200	836
200	911
201	261
201	449
201	905
201	968
202	262
202	290
202	430
202	608
202	759
203	642
203	716
203	885
204	360
204	497
204	973
205	427
205	462
206	243
206	742
206	759
206	979
207	344
207	702
207	809
208	525
208	883
209	413
210	253
210	702
210	743
210	911
211	309
211	389
211	447
211	506
211	912
212	410
212	417
212	577
212	617
212	777
212	820
213	656
213	762
213	889
213	943
213	953
214	376
214	411
214	631
215	424
215	435
215	450
215	552
215	631
215	675
215	936
216	558
216	692
216	910
217	570
217	643
217	774
217	844
217	959
218	283
218	299
218	825
219	295
219	373
219	725
219	783
220	670
220	741
221	775
221	829
222	726
222	788
222	872
223	469
223	827
223	830
223	882
224	680
224	929
224	973
225	247
225	268
225	284
225	626
226	875
226	916
227	655
228	255
228	379
228	505
228	827
229	374
229	463
229	561
229	799
229	861
229	999
230	430
230	623
230	719
230	720
230	945
232	309
232	907
233	309
236	397
236	636
236	934
237	468
237	818
237	833
238	507
239	661
239	768
239	863
239	895
239	907
240	752
241	657
242	318
242	653
242	672
242	894
243	275
244	254
244	704
244	955
245	589
245	878
245	892
246	502
246	506
246	804
246	874
246	961
247	722
248	341
248	449
248	566
248	581
248	804
249	346
249	359
249	639
249	925
250	440
250	621
250	726
250	781
251	377
251	411
251	662
251	837
252	450
252	460
253	645
253	791
254	424
254	446
254	482
254	655
254	907
255	291
256	367
256	673
256	911
257	395
257	429
257	576
257	638
257	700
257	845
257	983
258	601
258	606
258	629
259	352
259	449
259	624
260	378
260	406
260	559
260	594
260	806
260	831
261	312
261	398
261	407
261	592
261	968
262	339
262	379
262	626
262	784
263	290
263	416
263	421
264	430
264	550
264	877
264	983
265	398
265	430
265	660
266	943
267	529
267	765
267	970
267	991
268	327
268	331
268	349
268	656
268	717
268	842
269	943
270	351
270	433
270	471
270	679
270	717
270	838
272	333
272	401
272	447
272	678
272	751
272	992
273	383
273	449
274	984
275	529
275	992
276	376
276	427
277	319
277	394
277	522
277	680
277	779
277	946
278	487
278	670
279	312
279	582
279	796
280	343
280	393
280	688
280	953
281	376
281	836
281	956
282	630
283	390
283	864
283	958
284	516
284	537
284	539
284	668
284	756
285	497
286	762
286	909
286	954
287	676
288	373
288	589
288	774
289	339
289	593
289	769
290	546
290	827
290	982
291	496
291	609
291	751
291	981
292	456
292	659
292	881
292	984
293	741
293	873
293	990
294	556
294	583
294	678
294	704
294	775
294	975
295	357
295	563
295	732
295	997
296	476
297	506
297	679
297	846
297	851
298	395
298	714
298	777
299	554
299	968
299	981
300	353
301	331
301	474
301	720
301	868
302	378
302	392
302	557
302	689
302	823
303	496
303	616
303	885
303	893
304	478
304	652
304	881
304	938
305	391
305	704
305	853
306	480
307	545
307	876
308	519
309	782
310	383
310	682
310	686
311	354
311	697
312	486
312	488
312	573
312	703
312	916
313	598
313	713
314	333
314	344
314	471
314	603
314	637
315	674
316	775
317	678
317	957
318	386
318	521
318	778
318	861
319	515
319	627
319	752
319	833
319	926
320	357
321	324
321	395
321	406
321	680
321	772
321	826
322	323
322	472
322	511
322	913
323	338
323	697
323	828
323	840
324	367
324	407
324	457
325	384
325	835
325	868
325	983
326	742
327	493
327	682
327	701
327	968
328	375
328	475
328	665
330	427
331	544
331	582
331	657
331	963
332	342
332	761
332	925
333	536
333	683
333	864
334	612
334	892
335	684
335	763
335	995
336	495
336	870
336	919
337	518
337	747
337	883
338	950
339	795
339	854
340	388
340	479
340	662
340	744
341	400
341	432
341	720
341	751
341	769
342	432
342	933
343	996
344	769
345	585
345	606
345	607
345	688
346	422
347	535
347	622
347	760
348	638
348	798
349	710
349	809
349	905
349	964
350	710
351	841
352	707
352	982
353	506
353	774
353	885
353	968
354	431
354	801
354	859
354	896
355	450
355	823
355	900
356	396
356	492
356	773
356	823
357	905
359	583
359	694
359	846
361	385
361	542
361	907
362	388
362	618
363	572
363	775
363	846
364	827
365	500
365	602
365	607
365	699
366	479
366	947
367	469
367	719
368	555
368	667
368	841
368	880
369	484
369	500
370	382
370	723
370	763
370	773
370	830
370	845
371	535
372	488
372	798
372	856
372	990
373	663
373	668
373	952
373	969
374	728
374	961
375	461
375	738
375	764
375	881
375	942
376	473
376	681
376	719
377	951
378	530
378	536
378	682
378	878
379	460
379	896
380	648
380	773
381	419
381	450
381	889
382	472
382	573
382	591
382	924
383	434
383	708
383	988
385	455
385	471
385	556
385	676
385	678
385	693
385	771
386	639
386	929
387	392
387	426
387	497
387	565
387	698
388	544
388	913
389	505
389	855
390	593
390	666
390	769
390	794
390	797
390	823
391	518
391	601
391	770
392	479
393	539
393	734
393	746
394	674
394	890
395	946
396	573
397	486
397	720
397	869
398	474
398	669
399	568
401	446
401	651
401	988
402	614
402	873
402	890
402	932
403	410
404	633
405	503
406	496
406	567
406	794
406	823
407	431
407	646
407	724
407	864
407	984
408	850
409	531
410	666
411	686
411	804
411	811
411	845
411	880
411	968
412	744
413	636
414	468
414	636
414	750
415	852
416	460
416	470
416	623
417	659
417	857
418	550
418	594
418	636
419	421
419	440
419	454
419	861
420	447
420	811
420	881
422	454
422	456
422	702
422	867
423	543
423	568
423	747
423	983
425	432
425	485
425	757
426	560
426	588
428	430
428	450
429	645
429	703
429	997
430	631
431	446
431	715
432	852
432	953
433	805
434	500
434	552
434	820
434	941
434	983
435	825
436	528
436	836
436	912
437	727
437	938
439	626
440	459
440	944
441	616
441	666
441	737
441	828
442	587
443	894
444	618
444	909
445	523
445	657
445	755
445	915
445	936
447	609
447	676
448	457
449	560
449	582
450	687
451	494
451	962
452	684
452	833
452	933
453	647
453	751
453	957
454	506
454	735
454	840
454	846
455	481
455	727
456	543
456	672
456	777
456	979
457	595
457	930
458	879
459	557
459	806
461	582
461	605
461	687
461	723
461	737
461	960
462	809
463	835
464	722
464	863
464	940
464	944
465	519
465	610
465	649
466	966
467	669
467	755
467	832
467	990
468	489
469	607
469	892
470	602
470	632
470	635
470	669
472	624
472	866
473	676
474	597
475	876
475	985
476	868
477	704
477	727
477	822
478	539
478	643
479	671
480	768
481	514
481	822
482	642
483	501
484	818
484	937
485	515
485	534
485	984
486	742
486	832
486	902
487	654
490	956
491	619
491	626
492	708
493	521
493	649
493	752
494	825
494	973
495	641
495	642
495	643
498	601
498	716
499	689
499	878
499	966
500	628
500	863
500	970
501	572
501	609
501	885
501	964
502	625
502	836
504	675
504	732
505	657
505	717
505	877
505	932
506	702
506	896
507	643
507	692
507	859
507	892
508	839
509	776
509	828
510	778
510	967
511	650
512	513
512	645
512	714
512	899
512	953
513	526
514	624
515	541
515	705
516	563
516	989
517	627
517	884
518	655
518	745
520	551
520	906
521	693
521	721
521	860
521	999
522	568
522	956
524	756
525	528
525	693
525	811
525	878
526	884
527	550
527	677
527	892
528	730
528	754
528	853
529	675
529	713
529	838
531	734
531	783
531	919
532	652
532	818
533	713
533	739
533	951
534	781
534	995
535	572
535	876
535	886
536	774
537	583
537	659
537	893
538	743
539	831
539	854
539	969
540	934
540	991
541	608
541	824
542	965
543	600
543	984
546	942
549	676
549	840
549	853
551	835
553	584
553	812
553	887
555	581
555	754
555	842
556	649
556	690
557	650
557	939
557	959
558	569
559	783
560	572
560	994
560	995
562	742
563	635
563	774
563	988
563	998
565	600
565	885
567	806
569	692
569	811
570	687
571	578
573	758
573	926
573	938
574	704
575	845
576	907
577	688
577	729
578	718
578	889
579	639
579	666
579	967
580	913
581	864
582	629
582	685
582	690
582	909
584	609
584	917
584	941
584	953
585	588
585	835
586	647
586	657
586	978
587	846
587	969
588	649
589	606
590	688
591	975
592	612
592	963
593	667
595	596
595	691
596	785
596	924
597	989
598	747
598	976
599	628
600	829
600	999
601	653
601	846
601	901
602	636
602	679
603	670
603	892
605	620
605	814
606	617
606	730
608	786
608	841
608	935
609	674
610	935
611	652
611	778
612	686
612	923
613	781
613	968
614	716
614	816
615	777
616	642
616	885
618	656
618	896
618	929
619	897
621	870
622	734
622	896
622	968
622	981
623	636
624	764
625	635
625	777
627	775
627	930
628	786
629	715
629	848
630	634
630	733
630	769
631	672
631	887
632	882
632	997
633	952
634	993
636	746
637	722
638	722
638	767
639	845
639	916
639	920
641	777
642	680
642	920
643	652
643	783
644	890
645	746
645	775
645	878
645	950
646	665
646	762
646	984
647	673
648	836
649	660
649	743
650	746
650	771
650	890
651	824
652	866
652	887
652	951
653	800
655	939
656	697
657	832
658	755
658	844
658	892
659	922
660	849
660	975
662	797
663	702
664	817
665	722
665	732
665	830
667	766
667	944
668	984
670	911
671	712
671	818
671	897
672	743
672	762
672	858
673	811
674	735
675	732
677	714
678	683
678	751
678	754
679	797
681	908
682	696
682	744
682	937
683	717
683	973
683	976
684	897
684	901
684	912
685	852
687	751
687	884
688	831
688	980
689	927
690	827
690	932
691	819
692	750
692	863
693	857
695	787
695	894
698	765
700	988
702	793
702	890
702	986
704	802
708	916
709	825
709	891
712	785
713	752
713	875
713	905
713	937
717	789
717	838
719	765
719	782
721	773
723	908
724	736
724	888
727	995
728	888
730	997
731	770
731	783
731	791
731	875
731	903
732	893
734	944
734	946
735	998
736	985
737	999
740	866
741	773
741	931
742	902
744	956
744	999
745	881
745	982
746	860
747	850
747	897
748	765
748	953
748	964
749	881
750	830
752	780
752	836
753	765
753	958
753	987
754	766
754	776
758	780
759	910
761	794
763	825
763	852
763	968
765	846
766	784
769	829
770	988
771	905
771	971
772	995
775	946
779	835
779	963
781	939
782	835
783	862
783	890
786	790
786	794
786	933
787	852
789	863
789	896
790	951
792	888
792	889
794	972
795	860
795	872
797	839
797	869
797	879
798	907
798	970
800	886
800	970
801	810
801	854
801	891
802	841
802	965
803	929
805	913
807	808
807	903
807	919
808	925
809	891
809	922
810	871
811	996
813	823
813	836
814	901
817	881
818	835
818	918
822	826
827	869
827	901
828	883
828	907
830	944
831	851
832	848
835	904
835	997
837	920
838	907
840	851
840	929
840	935
841	933
841	969
842	952
845	954
845	975
846	930
847	914
848	983
849	855
851	880
852	889
853	945
853	974
860	967
862	947
867	905
869	947
872	915
876	971
876	979
883	970
887	984
889	908
891	921
893	993
897	948
899	928
900	954
901	951
906	948
908	981
912	930
914	988
915	958
919	951
919	964
920	925
924	967
924	995
927	929
935	939
938	994
939	983
940	953
946	949
948	957
951	969
958	961
963	966
974	999