0	400
0	458
1	131
1	608
2	300
2	637
2	687
3	93
3	121
3	360
3	538
3	558
4	145
4	683
4	786
5	46
5	187
5	294
5	303
5	355
5	399
5	439
5	493
6	217
6	410
6	832
6	836
7	86
7	440
7	653
8	99
8	161
8	333
8	386
9	238
9	467
9	538
10	65
10	431
10	446
10	790
10	829
11	162
11	237
11	454
12	407
12	634
12	744
13	63
13	305
13	548
14	113
14	557
14	695
14	797
14	851
14	881
15	168
15	811
16	58
16	313
16	428
16	498
16	518
17	186
17	237
17	597
17	786
17	871
18	179
18	276
18	512
19	125
19	233
19	653
19	716
19	870
20	57
20	967
21	243
21	357
21	360
22	314
22	388
22	565
22	760
22	977
22	982
23	266
23	708
23	726
24	393
25	820
26	291
26	416
27	203
27	585
27	655
27	995
28	228
28	259
28	304
28	371
29	73
29	373
29	818
29	995
30	484
30	506
30	533
30	560
30	689
30	860
31	396
31	436
31	437
31	524
31	999
32	232
32	761
33	43
33	213
34	173
34	448
34	559
34	778
35	45
35	398
35	938
36	56
36	118
36	378
36	911
37	85
37	659
37	880
38	299
38	581
39	215
39	503
39	616
39	799
39	867
40	410
40	466
40	746
40	785
41	106
41	273
41	294
41	805
42	124
42	470
42	600
42	739
42	931
43	672
43	898
44	73
44	601
44	648
46	254
46	356
46	454
47	491
47	766
47	827
48	543
49	218
49	370
49	449
49	637
49	754
49	780
49	949
50	722
50	944
51	146
52	57
52	67
52	172
52	431
52	613
52	854
53	211
53	250
53	706
53	788
53	972
54	187
54	206
54	395
54	465
55	249
55	271
55	372
55	999
56	652
57	237
57	418
58	142
58	407
58	469
58	525
58	629
58	718
58	895
59	249
59	302
59	461
59	617
60	71
60	182
60	302
60	315
60	381
60	960
61	176
61	290
61	293
61	573
61	635
62	74
62	161
62	240
63	156
63	470
64	293
64	518
64	661
65	249
65	279
65	345
66	466
66	580
66	621
66	809
66	892
66	894
67	293
67	377
67	430
67	755
68	599
68	733
69	98
69	185
69	515
69	647
70	120
70	807
70	989
71	103
71	253
71	639
71	799
72	238
72	497
72	582
72	619
72	794
72	887
73	302
73	638
74	912
75	136
76	442
76	552
76	674
76	753
76	760
76	850
77	680
77	812
78	113
78	859
78	935
78	966
79	508
80	223
80	358
80	770
81	310
81	458
81	596
81	682
82	173
83	328
83	330
83	534
83	548
83	576
83	937
84	349
84	509
84	579
85	187
85	667
85	738
86	276
86	565
86	593
87	558
88	162
88	248
88	495
88	760
88	965
89	360
89	410
89	587
89	866
89	930
90	234
90	539
90	610
90	801
90	919
90	973
91	123
91	526
91	553
91	877
92	818
93	948
94	404
95	756
95	987
95	994
96	255
96	309
96	994
97	226
97	745
97	871
97	944
98	149
98	224
98	333
98	662
98	694
98	786
98	914
99	200
99	303
99	690
99	929
99	966
100	282
100	561
101	120
101	125
101	263
101	435
102	447
102	617
102	793
102	799
103	221
103	305
103	774
104	295
104	467
104	604
105	174
105	811
105	962
106	317
106	497
106	609
106	837
107	189
107	245
107	259
107	481
107	517
107	620
107	631
108	234
108	690
109	408
109	866
110	214
110	243
110	373
110	662
110	938
111	488
111	635
111	685
112	313
112	354
112	641
112	643
112	785
113	192
113	648
113	663
113	827
114	428
114	689
114	849
115	501
116	249
116	379
116	389
116	667
116	807
117	791
117	929
118	210
118	759
119	528
119	681
119	773
120	127
120	405
120	470
122	633
122	766
123	373
123	927
124	139
124	438
124	494
124	558
125	214
125	241
125	650
126	506
126	685
127	221
127	369
127	589
127	598
127	694
127	724
127	742
128	297
128	791
129	405
129	769
129	940
130	293
130	408
130	949
131	165
131	228
131	237
131	311
131	553
131	767
131	995
132	261
132	595
132	616
133	203
133	559
134	779
135	486
135	564
135	873
136	898
137	139
137	695
137	811
137	929
138	279
138	339
138	417
138	547
138	688
139	181
139	732
139	754
139	857
140	377
140	676
140	690
140	896
140	998
141	383
141	593
142	283
142	679
142	717
142	858
143	348
143	588
143	654
143	838
144	546
144	859
145	843
145	955
146	190
146	718
146	832
147	939
148	748
149	196
149	249
149	491
149	642
149	816
149	824
150	229
150	445
150	982
151	439
151	570
151	594
152	168
152	537
152	824
153	463
153	473
153	667
153	896
154	612
154	869
155	317
155	654
155	739
155	779
156	297
156	352
156	678
157	336
157	706
157	800
158	166
158	274
158	365
158	471
158	481
158	623
158	635
158	642
158	810
158	902
159	418
159	496
159	630
159	987
160	194
160	221
160	390
160	428
160	461
160	697
162	697
162	924
163	535
163	872
163	879
163	956
164	377
164	564
164	740
164	757
165	315
165	581
165	605
165	969
165	989
166	462
166	679
166	988
167	372
167	453
167	837
168	219
168	538
169	459
169	515
169	549
169	614
170	573
170	612
170	651
170	681
170	768
170	790
171	473
172	200
172	293
172	319
172	844
173	815
174	312
174	520
175	423
175	603
176	379
176	954
177	336
177	617
177	936
178	261
178	434
178	522
178	679
179	686
179	704
179	804
179	939
180	258
180	301
180	551
180	812
180	972
181	261
181	333
182	203
182	453
182	512
182	981
183	230
183	557
184	618
184	742
185	452
186	382
186	599
186	709
187	563
187	605
187	877
187	898
187	942
188	260
188	323
189	363
189	433
191	237
191	486
191	747
191	798
191	837
192	765
192	800
192	872
193	310
193	710
194	256
194	284
194	932
195	480
196	281
196	336
196	438
197	399
197	563
198	314
198	682
198	724
199	981
200	203
200	300
201	303
201	407
201	413
201	773
201	978
202	499
203	406
203	767
204	218
204	287
204	380
204	436
204	569
204	575
204	724
204	928
204	967
205	210
205	291
205	785
206	393
206	616
206	809
206	962
207	375
207	676
207	944
208	284
208	319
208	463
209	440
209	780
210	291
210	603
210	646
210	884
210	937
211	312
211	615
211	698
211	827
212	502
212	611
212	718
213	239
213	483
213	747
213	985
214	849
214	875
214	953
214	989
214	993
215	606
215	861
216	767
217	320
217	560
217	562
217	904
217	983
218	686
218	738
219	409
219	585
219	625
220	315
220	465
221	444
221	569
221	833
222	947
223	644
223	680
223	852
223	895
223	999
224	536
224	577
225	499
225	863
226	439
226	752
226	884
227	869
228	897
229	489
229	621
229	802
229	979
230	656
230	740
230	768
230	791
230	851
231	320
232	798
232	956
233	362
233	466
233	782
234	601
234	613
234	972
235	337
235	405
235	441
235	447
235	538
235	594
235	862
235	990
236	383
236	816
237	253
237	360
237	552
238	676
238	829
238	870
239	266
239	462
239	919
240	401
240	538
240	683
240	779
240	871
241	325
241	370
242	591
242	760
242	853
242	891
243	259
243	352
244	294
244	491
244	654
244	771
245	308
245	336
245	446
245	732
246	433
246	589
246	725
246	727
247	430
247	457
247	736
248	737
248	934
249	800
250	444
250	484
250	489
250	504
250	534
250	853
250	914
250	974
251	330
251	520
251	734
251	751
251	854
251	902
251	916
252	453
252	526
252	684
252	724
253	280
253	771
253	865
254	999
255	521
255	965
256	341
256	374
256	509
256	641
257	270
257	339
257	581
257	586
257	647
257	763
257	997
258	518
258	834
259	271
259	282
259	403
259	630
259	731
260	551
260	920
261	723
262	559
262	864
263	271
263	301
263	588
264	335
264	377
264	436
264	532
265	292
265	708
266	292
266	665
266	872
267	426
267	576
268	310
268	497
269	565
269	620
270	608
271	689
271	812
272	281
272	585
272	780
272	944
273	410
273	707
273	736
273	746
273	866
274	288
274	923
275	332
275	358
275	789
275	816
276	625
276	962
277	825
277	893
277	992
278	423
278	997
279	475
279	542
279	554
279	562
280	375
280	393
280	708
280	767
281	299
281	310
281	704
281	842
281	935
281	983
282	369
284	655
285	581
285	884
286	338
287	320
287	548
287	614
287	635
288	722
288	830
288	855
288	877
289	654
289	681
289	714
289	794
290	421
290	456
290	790
291	453
291	534
291	656
291	668
292	311
293	785
293	829
294	376
294	541
294	547
294	719
296	462
296	746
296	799
296	935
298	495
298	509
299	395
299	666
299	879
299	964
300	380
300	485
301	373
301	490
301	508
301	691
301	802
301	840
301	960
302	685
302	912
303	473
303	636
303	711
304	520
304	835
304	962
305	434
305	563
305	933
306	506
306	522
306	605
306	626
307	441
307	782
307	785
307	914
308	910
309	342
309	566
309	612
309	719
310	322
310	688
311	403
312	345
312	857
313	879
313	950
313	991
314	455
314	563
314	966
315	445
315	770
315	834
315	888
316	379
316	848
317	456
317	606
317	919
318	603
319	360
319	755
319	775
319	821
320	878
320	975
321	334
321	502
322	663
322	736
323	604
323	698
324	775
325	400
325	706
326	384
326	674
326	810
326	926
326	943
327	658
327	762
327	856
327	987
328	975
329	342
329	755
329	950
329	964
330	450
330	528
330	839
331	497
331	954
332	627
332	838
333	457
333	512
333	586
333	935
334	648
334	847
334	885
335	417
335	444
335	491
335	996
336	383
336	819
336	904
338	667
338	813
338	829
339	875
339	977
340	368
342	472
342	702
343	598
343	694
343	934
344	755
344	776
344	823
344	920
344	990
345	496
345	760
345	875
345	888
346	995
347	439
347	776
349	390
349	883
350	375
350	605
350	911
351	431
351	642
351	802
352	609
352	641
352	895
353	719
354	896
354	927
355	395
355	590
356	428
356	628
356	649
356	700
356	789
357	437
357	544
357	795
358	476
358	500
358	646
358	822
359	443
359	520
359	627
360	405
360	463
360	663
360	899
360	903
361	416
361	700
363	896
363	914
364	423
364	653
364	761
364	997
365	433
365	677
366	665
367	372
367	420
367	427
367	711
368	480
368	506
369	496
369	557
369	908
370	500
370	506
370	738
370	829
371	763
371	919
371	950
372	511
372	602
373	741
373	771
375	626
375	831
375	907
376	912
378	659
378	705
378	868
379	473
379	698
379	886
380	436
380	679
381	732
381	805
381	876
381	939
382	842
382	964
383	400
383	958
384	688
384	867
385	485
386	514
386	687
387	823
387	926
388	773
388	826
388	989
389	456
389	676
389	703
389	775
389	930
390	661
391	588
391	778
392	644
392	941
393	836
393	847
394	631
394	731
394	751
394	807
394	850
395	468
396	774
397	461
397	552
397	554
397	658
398	537
398	878
398	976
399	514
399	761
399	881
400	573
400	916
400	963
400	999
402	641
404	619
404	784
404	785
404	858
405	689
405	735
405	861
406	875
406	883
407	442
407	935
408	409
408	631
408	768
408	885
409	601
409	777
410	418
410	758
410	778
410	943
411	423
411	464
411	466
411	532
411	904
412	556
413	556
413	938
414	503
414	707
414	803
414	976
415	629
416	473
416	550
416	809
416	913
417	580
417	765
417	796
417	863
418	584
418	726
419	694
419	855
420	508
421	644
421	700
421	914
422	962
422	968
423	659
424	509
424	894
425	594
425	853
426	443
427	846
429	610
430	538
430	696
430	779
430	849
430	930
431	527
431	792
431	894
432	602
432	687
432	762
433	681
433	883
434	902
434	931
435	538
435	540
435	615
435	624
435	637
435	706
435	751
435	899
436	569
436	831
436	997
437	522
437	810
437	931
437	980
438	945
438	981
439	446
440	538
440	656
440	735
440	746
440	866
440	971
441	698
441	914
442	694
442	727
442	761
443	893
444	562
444	965
445	521
445	834
446	548
446	741
446	921
446	980
447	735
448	787
448	844
449	916
450	455
450	547
450	756
451	989
452	491
452	721
452	771
452	779
453	502
453	935
453	985
454	820
455	704
456	692
457	583
458	555
458	560
458	645
458	659
458	804
458	805
459	654
459	794
459	870
460	476
460	508
460	639
460	642
460	649
460	671
460	959
461	794
462	519
462	882
462	998
463	779
464	563
464	572
464	968
464	994
465	568
465	938
465	979
466	511
466	596
466	738
467	880
467	970
468	605
468	661
468	811
468	968
468	994
469	520
469	534
469	592
469	610
469	753
470	478
471	477
471	481
471	537
472	641
473	487
473	505
473	554
473	916
474	880
475	708
476	678
476	714
476	787
476	962
476	976
477	503
477	678
477	841
477	914
478	528
478	559
478	663
478	831
479	492
479	619
480	961
482	595
482	703
482	795
482	945
483	566
483	707
483	761
483	864
484	556
484	577
484	617
484	767
486	857
487	943
487	948
488	710
488	791
489	868
490	786
490	805
491	502
491	646
491	669
492	498
492	532
492	562
492	619
492	647
492	707
492	771
492	883
493	531
493	628
493	715
493	717
493	761
493	839
494	509
494	638
494	857
495	633
495	765
495	776
496	551
496	657
496	940
497	619
497	762
497	861
497	915
498	506
498	619
498	740
499	720
500	954
503	971
503	991
504	702
505	515
505	549
505	627
505	718
507	599
508	735
508	935
509	846
509	866
509	913
510	678
511	519
511	649
511	917
511	986
513	525
513	722
515	564
515	815
516	901
517	746
517	942
517	967
518	679
518	958
519	688
520	920
521	622
521	802
522	791
522	936
523	563
523	571
524	559
524	580
524	581
525	763
525	792
526	864
526	972
528	581
528	838
528	950
528	978
529	613
530	624
530	720
530	775
532	592
533	624
533	663
534	784
534	807
535	720
535	893
536	757
537	606
538	788
539	742
542	554
542	593
542	686
542	724
542	864
543	768
544	755
544	831
545	614
545	974
546	673
546	698
546	699
546	812
550	672
550	691
550	758
550	783
551	682
552	583
552	588
552	705
552	846
552	901
553	640
554	654
554	681
554	996
555	799
556	670
556	902
558	716
559	762
559	787
559	798
560	824
561	565
561	601
561	633
561	813
562	582
562	745
562	811
562	822
562	895
562	923
563	659
563	799
563	961
564	852
564	912
565	705
565	922
565	990
566	569
566	849
566	959
567	628
567	963
569	602
569	801
569	845
572	779
573	625
573	654
573	851
573	968
574	778
574	830
575	899
575	992
576	623
577	633
577	847
578	609
578	619
578	661
578	804
580	813
581	628
581	724
581	730
581	994
582	856
583	658
583	958
583	964
584	631
584	833
585	614
585	892
585	996
587	852
587	862
587	873
588	678
588	856
589	609
589	771
589	854
589	936
590	616
590	690
590	749
590	910
591	946
592	703
592	944
593	768
593	781
595	616
595	939
597	673
597	679
597	921
598	640
598	851
599	742
599	893
600	771
600	832
601	636
602	786
605	997
606	612
607	961
608	971
609	758
609	831
610	846
611	653
611	681
611	717
611	978
611	988
612	639
613	672
615	708
615	815
615	883
615	976
616	775
616	884
616	900
617	737
619	887
620	630
620	685
620	748
621	818
622	764
622	774
622	966
623	824
623	988
624	908
625	755
625	839
626	709
626	939
628	680
628	708
628	966
629	698
629	997
631	731
631	823
632	897
634	830
635	858
635	933
636	963
637	641
637	806
637	952
640	935
642	863
643	704
643	900
644	661
644	890
646	722
646	746
646	765
646	777
646	890
646	905
646	941
647	815
647	822
648	912
649	681
649	777
650	911
651	814
651	935
651	992
654	765
654	856
656	703
656	733
656	864
656	957
657	807
657	934
658	946
658	954
658	970
659	693
660	666
661	958
662	869
663	837
663	976
664	708
665	981
667	733
668	709
668	803
668	847
670	852
670	859
670	952
670	980
671	750
671	804
672	779
672	953
673	826
673	892
674	857
674	994
675	899
677	943
679	987
680	985
681	729
683	806
683	868
685	851
687	710
687	793
688	826
688	939
689	726
689	851
690	706
691	950
691	953
693	971
695	743
696	833
698	748
698	828
698	954
698	978
699	735
699	913
700	791
701	758
702	773
702	854
703	849
704	914
704	960
705	997
707	867
708	797
711	734
711	870
711	951
712	730
712	832
713	722
714	804
715	853
715	871
715	968
716	957
717	879
721	787
721	939
722	808
723	920
724	900
724	902
728	730
728	938
729	931
733	750
733	810
734	775
737	853
737	942
739	853
739	942
740	959
741	750
741	765
742	975
744	973
745	912
745	927
747	868
749	767
751	856
753	773
753	891
753	932
755	761
755	841
755	858
756	899
756	918
756	957
757	932
757	964
758	858
760	928
762	770
764	902
765	849
767	849
767	864
767	926
768	836
770	858
770	894
770	974
772	963
774	874
775	944
776	906
778	973
779	803
779	829
779	857
780	904
781	849
781	872
783	828
784	797
785	852
785	854
785	875
785	892
787	970
788	832
788	940
790	811
792	903
793	826
795	810
796	987
797	891
798	860
798	873
798	974
801	899
803	817
804	866
811	997
813	892
813	936
814	833
814	889
815	842
815	933
815	987
820	939
822	847
824	965
825	986
826	958
829	863
829	942
829	968
831	864
833	865
833	885
834	846
836	937
837	838
837	866
837	943
842	954
843	968
844	875
849	851
849	880
850	870
851	912
853	909
857	946
859	937
861	877
865	931
865	957
866	884
869	953
873	927
875	965
875	968
876	958
877	984
879	904
879	935
884	971
885	975
889	908
889	938
891	914
893	981
897	963
899	995
900	916
902	989
902	991
903	999
905	920
909	930
913	918
917	937
918	990
919	955
921	985
924	977
924	981
925	976
930	948
931	972
939	990
950	994
951	987
953	991
961	996
962	997
968	994
988	990