0	2
0	325
0	335
0	446
0	610
0	744
0	787
1	4
1	466
2	503
2	541
2	908
3	676
3	987
4	90
4	383
5	95
5	361
5	511
5	654
5	716
5	968
6	292
6	346
6	456
6	657
7	741
7	746
8	154
8	191
8	380
8	520
8	944
8	955
9	188
9	264
9	346
9	479
9	517
9	833
10	150
10	457
10	894
10	927
11	332
11	756
11	758
11	974
12	675
12	804
13	199
13	269
13	332
14	273
14	436
14	874
15	234
15	487
15	731
15	875
16	58
16	146
16	944
17	200
17	355
17	901
18	205
18	483
18	572
18	577
18	788
18	819
19	393
19	406
19	473
20	354
20	897
21	52
21	69
21	251
21	495
21	506
21	562
21	641
21	772
22	99
22	291
22	715
23	233
23	585
23	836
24	237
24	273
24	474
24	598
25	317
25	388
25	526
25	763
25	888
26	115
26	227
26	531
27	59
27	97
27	108
27	534
27	725
27	904
28	437
28	656
28	729
28	954
29	139
29	299
29	675
29	871
30	156
30	369
30	481
30	646
30	928
30	931
31	101
31	222
31	248
31	267
31	279
31	485
32	506
33	167
33	750
34	321
34	335
34	416
34	558
34	627
34	902
34	918
34	932
35	109
35	165
35	292
35	394
35	824
36	242
36	274
36	295
36	297
36	509
36	845
36	970
37	135
37	158
37	625
38	102
38	190
38	742
38	940
39	469
39	553
39	739
39	743
40	354
40	504
40	597
40	645
40	767
40	867
41	236
41	319
41	585
41	603
41	903
42	207
42	368
42	569
42	658
42	679
43	241
43	826
43	830
44	424
45	253
45	474
45	610
45	870
45	983
46	397
46	447
47	114
47	637
47	723
48	368
48	612
48	770
49	289
49	391
49	425
49	601
49	630
49	917
50	822
51	411
51	590
52	79
52	522
52	959
53	139
53	320
53	333
53	390
53	483
53	505
53	835
53	901
53	923
54	496
55	469
55	667
55	945
55	961
56	58
56	671
57	100
57	109
57	203
57	576
57	764
58	117
58	543
58	872
58	901
58	902
58	907
59	606
59	645
59	813
60	298
60	400
60	540
60	934
61	68
61	230
61	354
61	440
61	508
61	577
61	885
61	973
62	96
62	225
62	511
62	748
63	719
63	906
63	990
64	121
64	900
65	417
65	581
65	643
66	410
66	561
66	647
67	242
67	406
67	489
67	771
67	916
68	152
68	658
68	665
68	679
68	821
68	839
69	199
69	361
69	440
69	831
70	79
70	900
71	94
71	181
71	382
71	459
71	461
72	134
72	179
72	284
72	383
72	421
72	707
73	453
73	611
73	729
73	925
73	931
73	969
74	154
74	380
75	220
75	254
75	670
75	902
75	944
76	124
76	918
76	940
76	945
77	287
77	561
77	685
78	259
79	117
79	338
79	463
79	838
79	952
80	124
80	205
80	317
80	345
80	978
81	579
82	280
83	89
83	186
83	235
83	261
83	601
83	711
84	159
84	406
84	813
85	626
85	850
85	991
86	184
86	194
86	639
86	725
87	228
87	232
87	389
87	437
87	765
88	405
88	436
88	637
88	749
89	417
89	574
90	234
90	436
90	468
90	730
91	238
91	469
91	611
92	404
92	556
92	753
93	265
94	230
94	273
94	498
95	102
95	579
95	711
96	245
97	117
97	180
97	332
97	496
98	139
98	149
98	159
98	477
98	480
98	586
98	893
98	938
99	195
99	683
100	189
100	211
100	223
100	355
100	819
100	874
100	993
101	170
101	177
101	237
101	585
101	824
102	248
102	366
102	734
102	885
103	225
103	266
103	346
104	200
104	507
104	941
105	396
106	707
106	952
107	145
107	163
107	283
107	458
107	718
108	395
109	188
110	190
110	214
110	352
110	389
110	672
110	885
110	928
111	472
111	497
111	573
111	642
111	801
111	885
111	953
112	651
113	266
113	631
113	732
114	420
114	483
114	558
114	752
114	849
115	779
115	819
115	826
116	655
116	691
116	864
116	892
117	299
117	382
117	893
118	254
118	319
118	968
119	155
119	176
119	457
119	733
119	888
119	941
120	170
120	274
120	410
120	627
121	441
121	884
122	192
122	375
122	407
122	580
122	631
123	175
123	340
123	888
124	613
125	295
125	315
125	344
125	933
126	548
126	770
126	917
127	309
127	427
127	430
127	453
128	243
128	324
128	639
128	898
129	173
129	315
130	184
131	268
131	551
131	697
131	792
131	882
131	956
132	157
132	514
132	522
133	321
133	750
133	831
134	150
134	296
134	338
134	349
134	368
134	398
134	467
134	585
134	948
134	972
135	453
135	555
136	800
137	459
137	487
137	795
137	934
138	347
138	458
138	593
138	959
139	141
139	226
139	227
139	448
139	528
139	592
139	682
139	756
140	362
140	708
140	921
140	969
141	476
141	512
141	611
141	627
141	642
141	778
141	792
141	889
142	987
143	292
143	452
144	203
144	513
144	749
144	830
145	365
145	485
146	184
146	936
147	384
147	790
147	830
147	937
148	389
148	895
149	315
149	397
149	575
150	184
150	685
150	982
151	375
151	459
151	509
151	595
151	602
151	697
152	581
152	682
152	756
152	834
152	840
153	830
153	886
154	670
154	969
155	157
155	165
155	185
155	616
155	823
155	927
155	996
156	388
156	585
156	713
156	792
157	590
157	801
158	570
158	633
158	891
158	968
159	527
159	615
159	894
160	237
160	527
160	871
160	923
161	190
161	280
161	471
161	555
161	633
161	650
161	658
162	832
163	273
164	225
164	384
164	605
165	211
166	630
166	643
167	229
167	770
167	863
168	256
168	635
169	332
169	480
169	547
169	645
169	874
169	892
169	971
169	997
170	260
170	341
170	967
171	317
171	607
171	802
171	815
171	881
171	897
171	955
172	672
173	342
173	750
173	883
174	651
174	703
174	923
174	939
175	729
176	302
176	935
177	874
178	470
178	497
178	597
178	918
179	302
179	561
180	631
180	665
180	828
180	858
181	273
181	750
182	932
183	824
183	939
183	959
183	979
184	248
184	650
184	961
185	603
185	955
186	214
186	318
186	607
186	640
186	894
187	612
187	931
188	297
188	948
188	958
189	207
189	647
189	680
189	727
189	750
190	403
190	578
190	629
190	703
190	883
191	428
191	713
191	795
192	639
192	859
192	902
193	667
193	765
193	834
194	597
194	682
194	810
195	717
195	834
195	883
196	246
196	269
196	301
196	634
197	244
197	334
197	653
197	665
197	838
197	843
197	996
198	521
198	669
199	344
199	679
200	372
200	612
200	729
200	733
200	768
200	783
201	544
201	642
201	725
202	847
202	895
203	409
204	263
204	284
204	894
205	217
205	602
205	907
206	849
206	952
207	875
208	298
208	368
208	680
208	734
208	912
209	263
209	452
209	506
209	869
210	225
210	943
211	300
211	345
211	684
211	737
211	786
212	335
212	512
212	719
213	297
213	369
213	769
215	452
215	583
215	917
216	746
216	754
216	873
216	948
217	317
218	267
218	853
219	358
219	686
219	735
219	809
220	281
220	578
220	607
220	914
221	379
221	568
221	673
222	237
222	360
222	695
222	750
223	617
223	816
223	841
223	939
224	678
226	312
226	883
228	896
229	281
229	308
229	414
229	490
229	575
229	644
230	694
231	278
231	570
232	361
232	385
232	450
232	574
232	661
232	780
232	933
232	939
233	346
234	437
234	804
234	899
235	460
235	719
235	851
236	378
236	466
236	641
236	704
236	783
236	826
237	253
237	967
238	618
239	569
239	591
239	918
240	253
240	522
241	273
241	381
241	675
241	786
242	724
242	758
242	894
244	569
244	617
245	299
245	303
245	383
245	771
245	776
245	893
246	550
247	514
247	515
248	422
248	648
249	315
249	539
250	302
250	794
250	962
251	641
251	884
251	928
251	960
252	888
254	995
255	656
255	728
255	772
255	830
255	836
255	895
255	960
256	267
256	792
257	476
257	616
257	760
257	888
258	263
258	547
258	751
259	398
261	348
261	714
262	551
262	687
262	746
262	781
262	786
263	693
263	911
264	361
264	696
264	829
265	795
266	278
266	436
266	471
266	612
267	676
267	926
267	933
268	634
268	804
268	828
269	595
269	662
269	719
269	729
269	924
270	404
270	451
270	572
270	761
270	883
271	278
271	281
271	667
271	760
271	790
271	816
272	334
272	520
272	613
272	878
272	887
273	288
273	315
273	513
273	670
273	702
273	765
273	777
274	529
274	905
275	607
276	326
276	720
277	430
279	477
279	563
279	635
280	327
280	343
280	454
280	997
281	613
281	790
281	879
281	887
282	666
282	709
283	541
283	568
283	672
283	936
283	982
284	473
284	823
284	983
285	465
285	468
286	550
286	836
286	887
287	367
287	627
287	716
287	744
288	887
289	488
289	691
289	744
289	836
290	591
290	839
290	934
291	428
291	531
291	856
292	556
293	883
294	515
294	627
294	837
295	580
296	444
296	594
297	390
297	615
297	619
297	724
297	753
298	704
298	917
298	978
299	347
299	529
299	597
299	631
299	771
300	303
300	334
300	860
300	994
301	520
301	714
301	742
301	794
301	873
302	599
302	850
302	916
303	312
303	375
303	507
303	544
304	305
304	327
304	330
304	728
306	323
306	672
306	943
307	409
307	426
307	864
308	620
309	924
309	988
310	428
310	822
310	897
311	609
311	665
311	928
312	338
313	358
314	368
314	428
314	691
314	711
315	815
315	835
315	858
316	490
316	715
316	925
317	493
317	587
318	810
318	940
319	341
319	574
319	991
321	482
321	570
322	516
323	706
323	823
323	833
324	667
324	734
324	829
324	832
324	994
325	902
327	374
327	521
327	563
327	623
327	885
327	970
328	716
329	363
329	381
330	618
330	629
330	630
330	663
330	868
331	369
331	501
331	767
332	393
332	456
332	630
332	766
333	360
333	457
333	723
334	987
334	989
335	516
335	570
335	690
335	770
335	783
336	587
336	849
336	893
337	676
338	360
338	589
338	630
338	774
338	885
338	902
338	918
339	361
339	796
339	801
339	937
340	509
340	627
340	662
340	936
340	963
340	969
341	472
341	543
341	704
341	786
342	537
343	792
343	875
344	915
344	926
345	553
345	613
345	699
345	781
345	979
346	507
346	647
346	889
347	459
347	619
347	704
347	723
347	951
348	366
348	483
348	499
348	502
349	391
349	574
349	678
349	877
349	886
349	972
350	870
351	555
351	646
351	738
351	745
351	857
351	985
352	429
352	446
352	636
352	687
352	880
353	430
354	393
354	496
354	590
354	644
354	888
355	544
356	474
357	414
357	652
357	704
358	730
358	785
358	882
359	503
359	511
359	710
359	714
359	800
359	850
359	886
360	391
360	511
361	568
362	718
362	900
362	907
364	522
364	677
365	661
365	801
366	396
366	481
366	650
367	371
367	885
368	372
368	409
368	449
368	670
368	682
368	777
368	968
370	614
371	799
371	917
372	815
372	876
373	630
373	804
374	722
374	818
375	729
375	739
375	859
376	455
377	977
378	537
378	830
379	609
379	613
379	741
380	762
380	810
380	992
381	506
381	663
382	636
382	672
382	921
383	454
383	838
384	955
385	482
385	763
386	410
386	739
386	755
386	893
387	627
387	766
387	856
387	915
387	939
388	407
388	536
388	604
390	473
390	474
390	962
391	611
391	828
392	581
392	730
393	538
393	885
393	955
394	828
395	724
396	775
396	974
397	418
397	465
397	611
397	984
398	460
398	927
399	456
400	416
400	511
401	616
401	875
402	422
402	536
402	677
402	694
402	713
402	941
402	977
402	988
403	535
403	810
403	929
404	673
404	790
404	802
404	840
405	725
405	736
405	826
405	953
406	765
407	594
407	725
407	967
408	555
408	983
409	589
409	593
410	479
410	567
410	675
411	520
411	548
411	584
411	663
412	434
412	621
413	415
413	852
413	983
414	551
414	606
414	783
414	851
415	492
415	684
415	912
416	550
416	581
416	603
416	757
416	806
416	902
418	426
418	665
418	853
419	924
420	436
420	894
421	474
421	495
421	621
422	642
423	564
423	583
423	618
423	669
425	454
425	513
425	870
426	736
427	705
427	876
428	702
428	783
429	830
430	734
430	764
431	968
432	702
432	840
433	707
433	838
434	542
435	893
436	523
436	788
436	803
436	813
437	791
438	746
439	794
440	558
440	758
441	456
441	724
441	935
442	827
442	850
442	987
443	767
444	564
444	662
445	608
445	728
446	787
447	620
448	813
449	480
450	665
452	877
453	572
454	638
455	668
456	854
457	567
457	682
457	713
458	702
458	960
459	504
459	899
459	921
460	663
460	750
460	760
460	844
460	879
461	474
462	898
463	485
463	588
463	873
463	947
464	526
464	680
464	904
464	925
465	557
465	612
465	961
465	970
466	831
467	525
467	650
467	945
468	810
469	514
469	626
469	851
469	948
470	541
470	867
471	678
472	739
472	937
473	847
473	998
474	498
474	546
474	670
474	714
474	901
474	903
475	616
475	789
476	554
476	634
476	737
476	963
477	489
477	913
477	928
478	959
478	968
479	710
479	734
480	712
482	614
482	931
483	489
483	955
484	775
484	921
485	620
485	795
485	984
486	922
487	529
487	888
488	519
488	561
488	615
488	752
488	785
488	800
488	825
488	872
488	950
488	981
489	871
489	958
490	590
490	861
490	947
491	763
491	900
491	961
492	564
492	976
493	797
493	927
494	565
494	820
494	872
494	931
495	694
495	789
495	869
496	813
497	720
497	810
499	704
499	798
499	815
500	543
500	563
500	564
500	932
500	949
501	665
503	571
503	807
505	804
505	872
505	956
506	553
507	517
507	901
507	968
508	643
508	646
508	738
509	654
510	871
510	905
511	612
511	707
512	754
512	761
512	817
514	786
515	889
515	972
515	997
516	571
516	625
517	603
517	622
517	743
518	572
518	699
520	917
521	559
521	818
522	785
524	610
524	682
525	577
525	839
525	942
526	571
526	773
527	610
527	793
527	842
527	886
528	559
528	731
528	785
529	545
530	673
530	746
531	897
531	950
532	853
532	979
532	991
533	552
533	821
533	907
535	566
535	702
535	797
537	685
538	664
538	704
538	971
540	689
540	710
541	614
542	875
543	544
543	731
544	611
544	946
544	962
545	956
546	817
546	865
547	747
547	972
547	999
548	628
548	713
549	574
549	622
549	632
549	726
549	772
549	838
550	620
550	796
550	982
550	998
553	957
554	632
555	631
555	649
555	775
556	633
556	747
556	986
558	585
558	604
558	654
558	737
558	772
560	637
560	884
560	895
561	782
562	954
563	736
563	776
564	722
564	751
564	781
564	805
564	861
564	879
565	847
566	737
566	880
567	915
567	985
568	872
568	952
569	845
569	900
570	786
570	850
570	945
571	635
571	841
572	655
572	934
573	585
573	687
573	815
573	915
574	889
574	903
575	651
575	757
575	766
575	905
576	968
577	620
577	701
578	593
578	602
579	640
579	688
580	933
581	672
582	611
582	717
582	836
583	824
584	922
585	717
585	748
586	726
586	735
586	774
586	852
586	893
587	692
588	771
588	975
589	923
589	938
590	815
590	824
591	992
593	905
593	982
594	675
594	853
595	671
596	659
596	878
597	639
597	678
597	740
597	975
598	840
598	844
599	871
599	981
600	610
600	620
601	603
601	997
602	661
602	810
602	953
602	993
603	930
604	667
604	700
605	706
605	784
606	684
606	770
607	741
607	932
608	890
609	613
609	708
609	759
609	927
609	934
610	673
610	803
611	652
611	764
611	907
613	944
614	912
614	999
615	711
617	916
618	734
618	788
619	626
619	712
620	701
621	768
621	894
623	807
623	885
624	849
624	885
625	939
626	841
629	708
629	814
630	759
632	735
635	717
635	832
636	735
636	914
638	868
638	899
638	905
639	787
639	910
640	783
640	795
641	931
642	655
642	877
642	927
644	900
644	912
646	814
646	919
647	671
648	939
650	812
652	668
652	796
653	863
655	741
656	763
658	674
658	823
658	873
658	968
658	973
658	997
660	665
662	748
663	732
663	749
664	897
665	901
665	974
669	930
670	671
670	873
670	995
673	726
673	801
674	964
676	685
677	830
677	895
678	710
679	950
681	916
681	938
682	735
682	756
683	961
686	915
687	812
687	928
688	708
689	854
689	985
690	785
692	698
692	779
695	824
695	919
696	977
697	997
698	804
699	955
700	724
700	782
700	812
700	829
700	842
700	924
700	942
702	770
702	917
702	938
703	721
703	767
703	842
705	923
707	913
707	934
708	724
708	746
708	873
709	955
710	798
711	784
711	839
712	785
712	792
712	815
712	820
713	722
713	997
714	729
714	737
714	749
715	755
715	799
717	770
718	738
718	954
718	965
719	858
720	737
720	746
721	746
721	979
723	980
724	991
725	789
726	848
728	869
728	971
729	905
729	996
730	820
730	823
732	836
733	815
733	821
733	901
734	983
735	810
735	860
735	896
735	942
736	822
736	849
737	764
737	871
739	767
739	845
739	999
740	980
741	861
742	996
743	940
744	885
744	909
744	950
746	841
746	998
747	778
747	834
751	795
753	969
757	902
758	930
758	952
760	958
762	969
763	821
764	779
765	961
766	831
768	906
773	933
775	930
775	978
776	985
777	907
777	995
778	844
778	846
779	864
780	876
781	942
782	831
784	924
785	814
785	845
786	962
787	829
788	976
789	815
789	901
789	929
790	808
790	813
790	882
791	852
791	965
794	982
796	920
797	983
803	948
810	838
811	886
812	832
817	862
817	964
821	926
821	932
821	995
822	842
822	971
827	923
827	945
829	847
829	937
831	994
836	919
838	863
839	924
839	928
841	887
842	976
844	960
847	961
850	866
850	951
851	877
852	896
853	983
855	879
856	940
857	988
857	992
858	874
858	961
859	917
860	943
861	983
866	892
866	921
868	896
868	978
870	983
871	942
872	960
874	928
875	972
876	987
882	924
882	927
890	913
895	937
901	956
901	960
901	984
903	971
907	918
907	972
909	916
910	911
910	924
919	926
919	998
931	981
932	935
935	962
937	966
939	953
947	985
952	986
953	995
958	988
979	997