0	413
0	659
0	847
0	984
0	994
1	397
1	420
1	588
1	759
1	864
1	982
2	770
2	806
3	465
4	635
4	893
5	16
5	670
5	684
5	881
6	49
6	277
6	633
7	72
7	309
7	638
8	92
8	323
9	154
9	283
10	14
10	198
10	212
10	332
10	438
11	109
11	479
11	539
12	22
12	888
13	238
13	452
14	109
14	289
15	279
15	495
15	517
15	836
16	212
16	296
16	410
16	455
16	458
16	464
16	501
17	208
17	502
18	222
18	334
18	724
18	936
19	501
19	509
19	629
19	764
19	829
19	963
20	31
20	508
20	600
20	601
20	827
21	598
21	740
21	880
22	255
22	333
22	339
22	698
22	832
23	93
23	95
23	145
23	247
23	749
23	762
23	886
23	911
24	74
24	240
24	501
25	194
25	442
25	808
26	30
26	209
26	215
26	313
26	460
26	681
26	986
27	208
27	221
27	379
27	402
27	717
28	42
28	212
28	216
29	202
29	654
29	655
29	826
30	42
30	417
30	460
31	267
32	711
32	807
32	832
32	907
32	959
32	996
33	122
33	544
33	663
33	737
34	44
34	225
34	548
34	716
34	845
34	930
35	84
35	284
35	425
35	484
35	526
35	641
35	682
35	765
35	824
35	869
36	529
36	667
37	149
37	229
37	339
37	619
37	679
37	787
38	354
38	515
38	628
38	800
38	959
39	45
39	559
39	802
39	836
39	889
40	589
40	657
40	709
40	996
41	190
41	434
41	546
41	642
41	771
42	119
42	491
43	133
43	202
43	250
43	768
44	90
44	450
44	525
44	870
45	115
45	141
45	312
45	349
45	863
46	203
47	513
47	569
47	795
48	263
48	409
48	642
48	713
48	907
49	64
49	99
49	153
49	297
49	443
49	489
50	77
50	154
50	372
50	427
50	596
50	743
50	793
51	160
51	268
52	123
52	571
53	323
53	373
54	715
55	67
55	492
56	79
56	114
56	145
56	188
56	336
56	461
56	833
56	934
57	124
57	129
57	205
57	213
57	498
57	924
57	970
58	89
58	166
58	374
58	610
58	682
59	765
59	904
60	148
60	174
60	772
60	818
60	901
61	595
61	636
61	850
62	87
62	418
62	720
63	196
63	274
63	477
63	848
64	184
64	487
65	160
65	400
65	432
65	778
65	937
66	160
66	652
66	709
66	723
66	789
66	875
67	109
67	382
67	663
67	883
68	838
69	121
69	347
69	355
69	507
69	557
69	725
69	965
70	387
70	389
70	577
70	935
70	965
71	157
71	224
71	662
72	111
72	228
73	277
73	330
73	371
73	489
73	790
73	850
73	902
73	913
74	326
74	464
74	825
74	891
75	222
75	544
75	554
75	580
76	184
76	201
76	367
76	673
76	872
77	110
77	287
77	483
77	675
78	202
78	536
78	581
79	119
79	156
79	748
79	831
79	998
80	86
80	161
80	554
81	244
81	277
81	363
81	385
81	481
81	779
82	164
82	206
83	105
83	754
83	835
84	105
84	503
84	601
84	682
85	284
85	358
85	378
85	950
86	181
86	685
86	765
87	332
87	507
87	522
87	889
87	897
88	357
88	584
88	633
89	468
89	825
90	402
90	602
90	653
90	700
90	858
90	948
91	586
91	752
91	761
91	818
91	933
92	148
92	463
92	857
93	707
93	723
93	770
93	926
94	99
94	267
94	590
94	630
94	852
94	863
94	866
94	924
95	548
95	920
96	122
96	297
97	229
97	236
97	464
97	676
98	863
99	702
99	957
100	129
100	467
101	794
102	350
102	366
102	412
102	491
102	671
102	882
103	276
103	479
104	214
104	233
104	883
105	758
105	889
106	115
106	190
106	437
106	732
107	347
107	735
107	863
107	941
107	944
108	112
109	114
109	194
109	382
109	891
110	196
110	403
110	448
110	733
111	148
111	277
111	362
111	649
111	959
112	712
112	779
113	590
114	870
114	939
114	943
114	969
115	336
115	852
115	982
116	380
116	479
116	854
117	645
117	887
117	898
118	329
118	989
119	513
120	173
120	379
120	897
120	981
121	369
121	485
121	624
121	876
121	911
122	561
122	585
122	627
122	846
123	273
123	397
123	630
123	993
124	189
124	195
124	254
124	846
125	301
125	934
126	162
126	226
126	854
127	134
127	183
127	323
127	333
127	769
128	165
128	198
128	293
128	465
128	520
128	582
129	675
130	152
130	204
130	765
131	187
131	329
131	715
132	383
132	384
132	461
132	650
132	781
133	277
133	696
133	856
133	872
134	169
134	299
134	377
134	425
134	833
134	937
134	984
135	173
135	408
135	427
135	495
135	537
136	378
136	542
137	205
137	217
137	288
137	361
137	741
137	755
137	965
138	411
138	839
138	983
139	311
139	813
139	857
140	282
140	636
140	683
141	655
141	842
142	263
142	446
142	716
143	252
143	391
143	625
144	294
144	464
144	579
144	882
145	231
145	355
145	666
145	741
146	609
146	764
146	932
147	282
147	387
147	445
147	685
147	718
147	837
148	389
148	391
148	612
149	385
149	718
149	781
150	565
150	905
150	916
151	323
151	405
151	984
151	995
152	155
152	163
152	221
152	745
153	814
154	351
154	394
154	469
154	535
154	643
154	995
155	189
155	524
155	630
155	945
155	977
156	979
157	221
157	652
157	679
157	730
157	763
157	783
158	667
159	166
159	260
159	492
159	519
159	771
159	804
159	912
159	981
160	282
160	430
160	913
161	198
161	485
161	750
161	780
161	803
162	736
163	254
163	475
163	689
163	950
164	391
164	643
165	236
165	745
167	450
167	456
167	927
167	946
168	735
169	843
169	984
170	815
170	865
170	985
171	344
171	852
172	352
172	461
173	290
173	528
173	645
173	668
173	835
174	206
175	182
175	208
175	592
175	848
175	944
175	973
176	463
176	502
177	205
177	263
177	284
177	610
177	874
178	312
178	366
178	674
178	876
178	910
179	200
179	256
179	276
179	461
179	825
180	700
180	708
180	750
180	995
182	306
182	371
182	544
182	682
182	717
182	843
183	866
184	242
184	407
184	566
184	906
185	736
185	829
185	997
186	532
186	546
186	682
186	757
186	850
186	879
186	931
187	550
187	629
188	290
188	631
188	872
189	637
189	897
189	962
189	984
190	254
190	558
190	836
191	265
191	374
191	676
191	682
192	502
192	690
192	764
193	276
193	701
193	944
194	207
194	266
194	727
195	422
195	598
195	665
195	749
196	644
196	945
197	242
197	342
197	579
197	712
198	470
199	276
199	685
199	965
200	267
200	308
201	269
201	701
202	305
203	776
204	299
205	224
205	266
205	444
205	485
205	680
205	834
206	224
206	387
206	665
206	709
206	770
206	864
207	317
207	325
207	446
207	525
207	728
208	394
208	899
208	936
208	982
208	984
209	610
210	340
210	472
210	718
210	821
211	275
211	414
211	717
211	792
211	982
211	994
212	395
212	530
212	837
213	297
213	907
214	765
214	877
215	447
215	473
215	544
215	978
216	419
216	464
216	627
216	727
216	849
216	903
217	518
218	416
218	420
218	533
218	640
218	705
218	999
219	445
219	727
219	986
220	485
220	850
220	922
221	390
221	796
221	956
222	371
222	572
222	722
223	539
223	806
224	789
224	926
225	396
225	662
225	837
226	640
226	718
226	982
227	669
227	720
227	746
228	656
228	953
229	267
229	305
229	771
229	924
230	623
230	891
231	911
231	994
232	263
232	274
232	423
233	840
234	303
234	632
235	472
235	582
235	879
236	788
236	814
236	816
237	356
237	646
237	824
238	307
238	384
238	492
238	758
238	818
239	298
239	337
239	471
239	758
239	784
240	243
240	599
241	245
241	593
241	706
241	742
242	255
242	581
242	703
242	734
242	735
243	531
243	568
243	711
244	649
245	567
245	584
245	864
246	348
246	368
246	372
246	538
246	827
246	872
247	249
247	495
247	647
247	711
248	433
248	636
248	654
249	339
249	406
249	591
249	643
249	729
249	847
249	863
249	966
250	256
250	317
250	565
250	643
250	798
250	840
250	867
251	400
251	498
251	577
251	638
251	658
253	311
253	344
254	538
254	588
254	754
255	459
255	570
255	922
256	463
256	856
257	438
257	687
257	846
258	634
259	744
260	563
260	654
260	668
260	920
261	643
262	484
262	580
262	803
262	959
263	278
264	441
264	644
264	899
265	321
265	341
265	542
265	626
266	459
266	614
266	817
266	823
267	454
267	575
267	591
268	410
268	456
268	647
268	754
268	784
268	831
268	852
268	969
269	500
269	539
270	768
271	423
271	810
272	588
272	598
272	971
273	346
273	418
273	536
273	569
273	617
273	667
274	361
274	426
274	593
274	957
275	347
275	447
275	991
276	309
276	523
276	534
276	637
276	668
276	676
277	335
277	533
277	659
278	427
279	393
279	779
279	940
280	445
280	610
280	771
281	342
281	385
281	471
281	530
281	645
281	648
282	328
282	576
282	602
282	704
282	829
282	833
283	399
283	422
283	674
284	285
284	314
285	294
285	342
285	524
285	698
285	701
285	796
285	952
286	881
286	974
287	628
287	658
287	742
287	852
287	862
287	884
288	507
288	849
289	468
289	908
289	928
289	933
289	963
290	447
290	586
290	717
290	750
290	841
290	926
290	993
291	308
291	428
291	608
292	515
292	556
293	504
293	607
295	336
295	678
296	478
296	891
296	940
297	367
297	597
297	653
298	397
298	497
298	499
298	620
298	758
298	781
299	357
299	427
299	437
300	517
300	732
300	873
300	969
301	590
301	778
301	934
301	983
301	990
302	446
302	563
303	388
303	626
303	816
303	874
303	903
304	847
304	908
305	518
305	529
305	889
306	320
306	484
306	693
306	855
306	891
307	427
307	613
307	877
308	336
308	528
308	552
309	996
310	581
310	657
310	798
311	460
311	541
311	684
311	716
312	364
312	428
312	539
312	626
312	627
312	811
312	946
313	569
313	670
313	954
314	349
314	522
315	739
316	350
316	714
316	919
316	936
316	980
317	640
318	463
318	742
318	942
318	989
319	697
319	802
319	895
320	409
321	497
321	519
321	657
322	591
322	606
322	740
322	874
323	498
323	597
323	738
324	328
324	585
324	648
324	708
324	712
324	884
324	905
324	927
325	349
325	544
325	612
325	801
326	461
326	651
326	904
326	908
327	972
328	671
329	641
330	550
330	860
331	801
331	831
331	908
331	967
332	530
332	601
333	549
333	775
334	572
334	652
334	663
335	826
335	884
336	562
336	756
337	343
338	400
338	435
339	387
339	485
339	514
339	536
339	661
339	774
339	926
340	364
340	657
340	687
340	998
341	487
341	622
341	678
341	827
342	401
342	470
342	503
342	774
343	548
343	582
344	854
345	649
345	682
346	548
346	704
346	773
347	423
347	728
347	974
348	380
349	381
349	448
349	789
350	978
351	458
351	695
352	568
353	670
353	872
353	897
354	407
354	854
355	912
356	552
356	571
357	439
357	446
357	467
357	629
357	662
357	669
358	449
358	509
358	693
358	821
359	915
360	488
360	528
361	604
361	638
362	826
362	910
363	571
363	671
363	938
364	531
364	593
364	875
365	420
365	478
365	552
366	571
366	904
366	909
367	561
368	452
368	757
369	511
369	676
370	656
370	698
371	637
372	431
372	458
373	376
373	541
373	644
374	390
374	423
374	448
374	574
375	518
375	591
375	683
376	660
376	816
377	463
377	672
377	680
377	891
377	980
378	391
378	602
379	690
379	940
379	974
380	498
380	591
380	597
380	692
380	923
381	620
381	772
382	443
382	871
383	459
383	715
384	538
384	543
384	752
384	856
384	879
384	885
385	963
386	730
387	503
387	682
387	801
387	953
387	963
388	524
388	874
389	946
390	949
391	927
392	470
392	507
392	798
393	493
393	599
395	410
395	627
395	890
396	638
396	728
396	931
397	458
397	460
397	461
397	490
398	430
398	715
400	831
400	834
400	851
400	889
400	951
401	521
401	785
402	984
403	957
404	432
404	619
404	651
404	920
405	860
405	874
405	966
406	552
406	608
406	818
406	930
407	808
407	862
408	432
408	501
408	752
408	914
409	436
409	470
409	592
409	604
409	958
410	489
410	638
411	433
411	458
411	469
411	583
411	755
412	627
412	659
413	571
413	813
414	740
415	592
415	960
416	526
416	800
417	424
417	702
418	497
418	982
419	934
420	436
420	868
420	910
420	995
421	437
421	462
421	472
421	559
423	447
423	576
423	598
424	611
425	448
425	643
425	875
426	629
427	872
427	946
428	554
429	525
430	458
430	919
431	540
431	890
432	715
434	911
434	929
435	918
435	947
436	535
437	602
437	937
438	724
439	769
439	771
440	614
440	641
440	917
441	675
441	772
442	636
442	871
443	834
444	516
444	530
444	850
445	765
445	953
446	552
446	644
446	800
446	805
447	984
448	578
448	714
448	918
449	567
449	755
450	836
450	909
451	763
452	890
453	671
453	957
453	977
454	533
454	586
454	921
455	526
455	916
456	853
457	689
458	540
458	572
458	901
459	617
459	683
459	731
459	849
460	509
460	535
461	708
461	832
462	688
464	666
464	714
464	732
464	763
464	880
464	990
465	699
466	512
466	566
466	936
466	948
467	544
467	595
467	714
467	817
468	836
469	510
469	618
470	558
470	681
470	707
470	809
470	840
470	844
471	628
471	637
471	663
473	836
474	880
475	663
475	723
476	588
476	670
477	617
478	571
478	623
478	635
478	760
479	484
479	925
480	753
481	558
481	703
482	755
482	764
482	951
484	713
484	733
484	857
485	849
486	809
486	838
487	837
487	996
488	632
489	774
489	906
490	526
490	734
490	936
492	842
492	953
493	623
494	711
494	765
494	816
495	644
496	849
497	571
497	634
497	989
499	689
499	713
501	907
502	625
503	622
503	640
503	666
503	821
505	834
506	717
506	744
506	761
507	594
507	883
509	641
509	920
510	640
510	738
510	872
511	716
511	835
511	843
512	612
512	759
512	973
513	717
513	873
514	525
514	984
515	675
515	937
516	539
516	795
517	520
517	742
518	742
519	692
523	729
523	930
524	555
524	585
524	710
525	899
526	604
526	756
527	854
529	858
530	730
531	582
531	851
531	853
532	800
533	614
533	621
533	652
533	942
534	831
535	841
536	557
536	698
536	918
537	609
538	758
539	623
540	695
541	802
542	561
543	940
544	986
545	827
545	915
546	817
546	822
546	993
547	604
547	730
548	551
548	654
548	897
549	554
549	738
550	585
550	747
550	824
551	600
551	979
552	942
553	598
553	627
553	790
553	793
554	803
555	652
555	817
555	843
557	675
557	740
557	880
557	927
558	726
559	662
559	665
559	732
559	911
560	705
560	816
560	934
563	936
564	722
565	597
565	620
565	657
565	733
565	770
565	777
565	842
565	998
566	797
566	886
567	954
568	598
568	694
568	912
569	617
569	784
570	730
570	917
571	737
571	816
571	830
573	829
574	699
574	833
574	979
575	777
575	930
575	946
576	667
577	798
577	862
577	892
577	906
578	593
578	650
578	739
579	645
580	884
581	928
581	983
582	851
583	679
583	949
584	603
584	635
585	800
586	995
587	631
588	985
590	600
590	621
590	713
590	997
591	631
591	755
591	860
592	653
592	859
592	966
594	824
594	936
595	740
595	808
595	948
598	671
598	792
598	880
599	631
599	953
600	653
600	739
600	910
600	925
601	679
602	738
603	654
603	674
603	729
604	791
604	808
605	704
605	855
605	872
606	719
606	726
606	892
608	997
610	745
610	808
610	875
610	999
611	653
611	721
612	657
612	841
612	943
613	934
613	985
614	657
614	872
615	785
615	847
616	727
617	687
617	740
617	966
618	749
619	808
620	895
621	645
621	695
621	866
621	908
622	715
623	751
623	958
626	759
626	891
626	946
627	922
628	866
630	875
630	990
631	726
631	883
634	770
636	724
636	952
638	812
639	790
639	818
639	898
639	978
641	692
642	771
642	977
644	934
645	720
645	991
646	914
647	685
647	881
649	997
650	819
650	889
651	683
651	715
651	797
651	873
651	921
653	863
653	906
655	662
655	807
656	777
657	668
657	746
658	985
661	666
661	820
661	969
663	989
664	798
664	856
665	668
665	921
666	673
666	716
666	727
667	715
667	764
668	862
670	673
672	699
672	784
673	921
673	925
675	708
675	805
675	969
676	734
676	834
676	955
677	701
678	755
678	858
679	753
679	758
680	686
681	964
681	975
682	786
682	998
683	731
683	740
683	766
683	962
683	975
684	866
685	818
685	886
686	836
687	842
687	848
688	908
688	987
689	692
689	782
690	748
691	768
692	878
693	718
693	843
694	753
694	762
695	814
696	767
697	917
700	988
702	945
702	947
703	984
705	906
705	991
706	756
707	842
708	793
708	923
709	815
710	769
710	870
710	943
711	788
711	920
711	974
712	970
714	807
714	897
714	938
714	963
715	845
717	753
717	860
718	765
719	908
721	815
722	795
722	848
722	931
724	766
724	850
724	875
724	896
724	971
725	742
725	859
727	808
729	904
729	943
730	976
732	768
732	911
733	808
733	825
734	993
735	965
736	775
740	835
741	798
741	883
742	864
742	897
742	923
743	991
746	899
747	863
748	906
750	852
750	861
751	809
751	914
751	985
752	931
753	768
754	841
754	916
754	956
756	830
757	999
758	826
760	804
761	894
762	958
762	991
764	895
767	869
768	979
769	864
769	878
772	776
774	827
774	961
775	849
775	914
775	917
779	855
780	796
781	897
782	812
782	906
783	834
784	889
785	859
785	943
789	855
792	847
793	879
794	853
795	894
796	898
796	928
798	906
799	808
799	854
799	892
800	879
804	869
804	954
804	982
812	837
812	939
813	858
814	913
814	971
815	900
816	819
816	972
817	849
818	920
819	840
819	880
823	994
826	879
828	881
831	890
832	981
833	986
833	989
834	894
836	950
837	978
838	845
838	899
842	988
845	934
845	962
846	867
846	885
846	948
848	854
852	914
855	875
855	971
856	992
857	891
857	945
859	936
864	967
865	887
866	995
872	896
873	995
877	906
878	997
880	909
880	916
882	921
882	940
884	977
891	954
891	990
897	937
898	957
898	968
904	928
906	917
907	997
908	923
910	939
910	971
915	948
916	941
916	994
923	974
929	940
933	967
939	966
940	960
947	990
971	983
985	990