0	36
0	256
0	391
0	691
0	926
0	971
1	242
1	358
1	530
1	582
1	643
1	683
1	690
1	842
1	938
1	978
2	348
2	376
2	848
2	996
3	42
3	206
3	306
3	623
3	735
3	763
3	883
4	260
4	643
4	715
4	756
4	972
5	68
5	135
5	253
5	491
5	885
6	240
6	450
6	654
6	997
7	50
7	642
8	321
8	378
8	787
8	933
9	629
9	831
9	900
9	908
9	918
10	576
10	765
11	92
11	122
11	204
11	241
11	783
11	977
12	278
12	999
13	27
13	109
13	908
14	117
14	180
14	379
14	422
15	476
15	588
15	677
15	780
16	219
16	449
16	587
16	874
16	985
17	88
17	278
18	171
19	105
19	207
19	391
19	440
19	972
19	975
20	24
20	413
20	542
20	741
20	747
21	441
21	627
22	450
22	703
22	999
23	129
23	475
23	864
24	124
24	266
24	342
24	436
24	915
25	41
25	568
26	385
26	518
26	900
26	903
27	340
27	397
27	459
27	616
27	635
27	880
27	952
28	600
29	192
29	675
29	770
30	349
30	367
30	411
30	818
30	829
30	847
30	953
31	78
31	123
31	449
31	870
31	922
32	387
32	596
32	942
33	42
33	600
34	321
34	587
34	707
34	987
35	119
35	167
35	666
36	164
36	276
36	427
37	791
37	821
37	955
38	192
38	730
39	98
39	458
39	934
40	423
40	558
40	781
40	854
41	150
41	672
41	741
41	806
42	265
42	583
42	605
42	680
43	913
44	114
44	819
44	835
45	144
45	578
45	872
46	147
46	454
46	681
46	801
46	916
47	103
47	684
47	753
47	786
47	829
47	993
48	644
48	718
48	833
48	841
49	72
49	113
49	297
49	602
49	883
50	648
51	83
51	473
52	165
52	375
52	579
53	274
53	748
54	103
54	158
54	407
54	964
55	369
55	371
55	774
55	870
56	203
56	346
56	388
56	971
56	995
57	153
57	439
58	418
58	719
59	232
59	311
60	185
60	271
60	462
60	547
60	580
60	617
60	849
61	140
61	516
61	875
61	901
61	909
62	101
62	184
62	256
62	305
62	403
62	415
62	779
62	782
62	796
63	185
63	281
63	425
63	463
63	756
64	104
64	464
64	524
64	623
64	741
64	745
64	752
64	968
65	334
65	689
65	879
65	883
66	411
66	475
66	484
66	782
67	248
67	266
67	298
67	407
67	789
67	870
67	888
68	319
68	329
68	517
68	552
68	779
69	94
69	205
69	273
69	295
69	448
69	653
69	948
69	973
70	328
70	428
70	516
70	585
70	610
70	712
70	764
70	848
70	947
71	917
72	115
72	181
72	310
72	369
72	759
73	291
73	520
73	697
73	765
74	301
74	530
74	746
74	938
75	227
75	394
75	550
75	646
75	663
76	223
76	492
76	628
76	854
77	218
77	256
77	510
77	526
77	671
77	686
77	743
77	759
77	798
78	399
78	613
78	806
78	837
79	602
80	170
80	340
80	656
80	720
80	725
80	782
81	657
82	110
83	89
83	324
83	599
83	741
84	265
84	699
84	838
84	998
85	156
85	241
85	633
86	313
86	340
86	893
87	323
87	900
88	127
88	741
88	924
89	600
89	611
89	974
90	135
90	406
90	633
90	765
91	574
91	631
92	111
92	141
92	338
92	640
92	811
93	505
95	104
95	370
95	458
95	587
95	951
96	218
96	450
96	697
96	924
97	503
97	925
98	472
98	554
98	633
99	273
99	714
99	822
99	880
100	314
100	972
101	104
101	413
101	446
101	455
101	520
101	522
101	734
102	257
102	458
103	737
103	963
104	120
104	370
104	636
104	921
104	932
105	401
105	466
105	646
105	651
106	118
107	167
107	572
108	112
108	171
108	659
108	661
109	324
109	945
110	125
110	413
110	541
111	139
111	352
111	368
111	425
112	286
112	370
112	407
112	554
112	625
113	237
113	423
113	765
113	934
114	120
114	257
114	510
114	559
114	820
115	434
115	509
115	713
115	880
116	268
116	404
116	572
116	735
116	759
117	589
117	622
117	634
118	207
118	459
118	554
118	717
118	954
119	160
120	137
120	324
120	338
120	564
121	169
121	255
121	441
121	448
121	457
121	687
121	800
122	151
122	389
122	446
122	455
122	588
122	703
122	970
123	431
123	743
123	889
124	228
124	562
125	127
125	328
125	491
125	805
126	173
126	652
127	403
127	425
127	534
127	620
127	781
127	958
128	219
128	352
129	535
129	541
130	269
130	437
130	490
130	584
130	623
130	815
130	887
131	837
132	251
132	317
132	419
132	494
132	571
132	812
132	852
133	432
133	824
133	963
134	190
134	583
134	766
135	207
135	264
135	551
135	562
135	582
136	137
136	227
136	686
136	844
136	995
137	821
138	565
139	210
139	364
139	576
139	636
139	984
140	293
140	749
140	761
141	377
141	697
141	708
142	148
142	257
142	319
142	409
142	556
143	577
143	930
144	266
144	857
145	328
146	361
146	439
146	560
146	803
146	843
147	249
148	172
148	486
148	651
149	169
149	308
149	314
149	415
149	423
149	483
149	595
149	632
149	679
149	940
150	303
150	749
151	372
151	376
152	350
152	524
152	529
152	538
152	548
152	640
152	809
152	856
152	966
153	209
153	314
153	488
153	696
154	357
154	442
154	550
154	648
154	827
154	834
154	879
155	461
155	542
155	554
156	230
156	534
156	554
156	567
156	667
156	883
156	935
157	197
157	278
157	461
157	644
157	666
157	828
158	455
158	740
158	818
158	955
159	161
159	228
159	436
159	629
159	773
159	825
159	847
159	994
160	272
160	614
160	787
161	369
161	428
161	498
161	621
161	654
162	359
163	249
163	965
164	243
164	792
164	864
164	969
165	289
165	378
165	558
166	830
166	872
167	316
167	406
167	465
167	581
168	196
168	404
168	504
168	963
169	402
169	409
170	177
170	856
170	860
170	908
171	436
171	837
173	323
173	505
174	516
175	202
175	392
175	597
175	661
175	727
176	437
176	764
176	799
177	241
177	563
177	799
178	331
178	794
178	895
178	964
178	984
179	323
179	653
180	339
180	677
181	688
181	753
181	846
182	337
182	578
183	508
183	701
183	986
184	185
184	618
184	832
185	308
185	475
185	638
185	775
186	188
186	425
186	626
186	678
186	695
187	430
187	458
187	581
187	975
188	263
188	287
188	721
188	985
189	238
189	699
190	426
190	802
190	873
190	881
191	498
191	720
191	974
192	333
192	503
192	779
193	542
193	727
193	875
193	994
194	468
194	741
194	933
195	920
195	999
196	334
196	881
197	251
197	419
197	612
198	235
198	583
199	456
199	658
199	783
199	833
200	229
200	305
200	555
200	655
200	782
200	889
201	268
201	660
202	341
202	409
202	957
203	420
203	443
203	626
204	581
205	411
205	545
205	732
205	779
206	953
207	208
207	353
207	785
208	335
208	653
208	803
209	462
209	906
210	396
210	403
210	958
211	599
211	727
211	983
212	704
213	793
213	895
214	325
214	899
215	402
216	671
217	362
217	595
217	770
217	989
218	350
218	537
218	541
218	546
218	636
219	269
219	397
219	455
219	617
219	913
220	642
221	356
221	995
222	317
223	254
223	604
223	747
223	865
223	926
224	594
224	936
225	540
225	635
226	329
226	491
226	805
226	869
226	871
227	249
228	304
228	326
228	343
228	515
228	819
228	916
229	511
229	572
229	821
229	890
229	981
230	438
230	483
230	957
230	971
230	982
231	280
231	349
231	415
231	715
232	249
232	393
232	478
232	505
232	550
232	598
232	720
232	793
232	924
233	796
234	250
234	502
234	566
234	731
236	322
236	435
236	485
236	840
236	880
236	894
236	978
237	270
237	472
237	735
237	750
237	832
237	981
238	261
239	365
239	608
240	423
240	480
240	509
240	709
240	732
240	810
241	419
241	723
241	786
242	414
242	623
242	664
243	289
244	442
244	574
244	651
244	672
245	331
245	369
245	590
245	971
246	588
246	737
246	859
246	958
247	294
247	427
247	430
247	500
247	521
247	892
248	316
248	328
248	474
248	560
248	595
248	649
248	762
249	308
249	352
249	452
249	461
249	780
249	853
250	666
250	981
251	545
251	619
252	416
253	647
254	822
257	748
257	882
257	913
258	356
258	567
258	786
259	266
259	782
260	331
260	665
260	690
262	305
262	342
262	429
262	433
262	591
262	807
262	848
263	499
263	627
263	744
263	860
264	871
265	520
265	608
265	788
265	798
265	933
266	881
267	380
267	519
267	659
268	410
268	754
268	899
268	989
269	315
269	677
270	728
270	797
271	403
271	484
271	538
271	682
272	472
272	781
273	329
274	417
274	423
274	721
274	945
275	528
275	753
275	866
276	360
276	747
276	853
277	294
277	328
277	455
277	647
277	876
278	414
278	523
278	584
279	678
279	939
280	369
281	354
281	688
282	429
282	481
282	505
282	705
283	809
284	399
284	408
284	483
284	528
284	615
284	806
285	666
285	811
285	816
286	660
286	839
287	644
287	787
288	901
288	938
289	404
290	391
290	582
290	607
290	797
291	837
292	406
292	569
292	655
292	675
292	875
292	959
293	379
293	540
293	722
293	790
294	420
294	537
294	587
294	639
294	720
295	369
295	425
295	593
295	729
295	980
296	502
297	335
297	446
298	394
298	924
299	697
299	983
300	685
300	786
300	802
300	937
301	581
301	643
301	646
301	851
302	527
302	576
303	461
304	908
304	990
305	723
306	913
307	345
307	510
308	322
308	424
309	324
309	429
309	742
309	814
310	482
310	829
311	429
311	656
312	428
312	487
312	819
312	978
313	582
313	666
313	903
314	438
314	713
314	883
315	386
315	406
315	453
315	689
316	458
316	839
317	487
317	671
318	394
318	818
319	463
319	469
319	475
319	718
319	896
320	436
321	873
321	891
322	385
322	491
322	735
323	475
323	497
323	584
323	587
323	791
323	906
323	995
324	417
324	532
325	470
325	923
326	328
326	956
326	964
327	416
327	443
327	695
327	726
328	362
328	443
329	550
329	726
329	733
330	351
330	371
330	948
331	545
331	626
331	678
331	765
332	341
332	628
332	664
332	864
333	457
333	683
333	833
333	945
334	444
335	345
335	626
335	994
336	676
336	754
336	807
337	792
338	640
338	696
338	870
339	619
340	453
340	709
340	732
340	755
341	441
341	506
341	827
341	882
342	684
342	854
343	555
343	597
343	609
343	667
343	746
343	810
343	926
344	528
344	584
344	827
345	408
345	520
346	565
346	637
347	558
348	602
348	997
349	465
349	619
350	366
350	474
350	823
350	851
351	391
351	460
351	826
352	472
352	496
352	630
353	729
353	804
354	454
354	999
355	377
355	902
355	939
356	844
356	986
357	376
357	481
357	641
357	716
357	894
358	377
358	466
358	515
358	608
358	756
359	676
360	700
360	776
360	871
361	400
361	637
361	688
361	772
363	468
363	693
363	908
364	544
365	372
365	395
365	933
366	592
366	616
366	871
366	908
366	930
367	836
368	386
368	495
368	695
368	840
368	940
369	405
369	474
369	868
370	582
370	828
371	453
371	856
371	910
372	546
372	882
372	964
373	431
373	509
373	799
374	455
374	546
374	570
374	672
374	762
374	961
374	969
375	425
375	677
376	383
376	391
376	518
377	431
377	565
377	957
378	728
379	453
379	454
379	559
379	713
379	779
379	794
380	390
380	898
381	470
381	728
381	790
382	617
382	811
384	703
384	780
384	987
385	521
385	557
385	796
385	811
385	842
385	988
385	995
386	886
386	933
387	939
387	988
388	409
388	555
388	565
389	412
389	493
389	540
389	874
389	947
390	793
390	803
391	403
391	438
391	451
392	461
392	661
392	906
392	970
392	986
393	570
393	715
393	832
394	408
394	808
395	743
396	772
397	462
397	739
397	920
398	648
398	995
399	645
400	408
400	419
400	491
400	804
401	536
401	610
401	798
401	876
402	413
402	684
402	758
402	958
403	744
403	912
404	459
404	643
404	915
405	910
406	435
406	479
406	535
406	973
407	612
407	803
408	899
409	460
409	487
409	634
410	729
410	780
410	828
410	839
411	490
411	633
411	679
411	781
411	855
412	473
412	585
412	592
413	680
413	831
414	419
414	876
415	423
415	453
415	587
415	646
415	747
416	445
416	457
416	547
416	608
416	640
416	673
417	522
418	684
420	892
420	918
421	428
421	458
421	851
422	665
422	805
422	909
423	640
424	573
424	824
425	581
426	657
426	706
426	914
426	931
427	500
427	544
427	629
428	650
428	725
428	780
428	817
428	963
429	631
429	712
429	820
429	880
429	922
429	962
430	664
431	570
431	868
431	933
432	598
432	667
432	737
432	991
433	677
434	606
434	943
435	467
435	719
435	805
435	852
437	603
437	605
437	700
437	953
437	998
438	681
438	713
438	784
438	820
438	989
439	592
439	733
440	599
440	609
441	672
441	889
441	990
442	752
442	797
443	632
443	731
444	958
445	458
445	681
446	447
446	637
447	654
447	783
448	550
448	647
449	489
450	788
451	948
452	538
452	766
454	457
454	631
454	768
454	878
454	954
455	795
455	915
455	952
455	976
456	819
456	990
457	565
457	667
457	851
457	979
458	966
459	763
460	490
460	710
460	789
460	894
461	533
461	701
461	756
462	468
462	592
462	640
462	722
464	505
465	607
465	693
465	793
465	937
466	713
466	771
467	571
469	769
469	989
470	731
470	851
471	536
471	609
471	696
471	697
471	897
472	485
472	899
474	532
474	837
474	917
475	600
476	533
476	687
476	908
476	954
477	488
478	732
478	736
479	493
479	904
479	967
480	802
480	829
480	907
480	992
482	770
482	845
483	568
483	619
483	825
483	838
484	546
484	560
484	894
485	499
485	675
485	851
486	607
487	962
489	652
489	844
490	587
490	602
490	729
491	583
491	585
491	891
492	681
492	937
493	507
493	524
493	590
493	701
493	909
494	722
494	734
495	979
496	578
496	703
496	716
496	777
497	579
498	533
498	987
499	721
500	607
500	684
500	711
500	720
501	672
503	978
504	508
504	578
504	650
505	583
505	687
505	799
505	875
506	779
506	834
506	865
507	543
507	819
507	961
507	963
508	576
508	763
509	658
509	787
509	816
510	675
510	723
510	773
511	788
511	798
511	868
511	954
512	742
512	938
513	612
513	892
514	834
515	574
516	691
516	734
516	806
517	652
517	724
518	972
521	524
521	711
522	643
522	648
522	679
522	773
522	908
523	711
523	826
524	587
524	708
524	936
525	532
525	704
525	735
529	616
529	683
530	709
530	869
530	890
531	827
531	902
532	604
532	781
533	788
534	925
535	631
538	816
538	838
539	671
539	766
540	862
541	812
541	816
541	868
542	569
543	565
543	848
543	939
544	751
544	865
544	959
545	936
546	587
546	993
547	672
547	699
547	867
549	747
549	866
552	570
552	714
552	736
552	855
553	804
555	702
556	563
559	563
560	638
560	871
560	988
561	602
561	622
561	676
561	985
562	630
562	680
562	937
562	985
563	567
563	791
563	844
564	807
564	835
565	594
565	610
565	796
566	733
566	911
567	906
568	775
568	892
569	667
569	850
570	672
570	819
571	618
571	879
571	958
573	951
574	620
574	633
574	731
574	733
574	900
574	926
575	694
575	784
575	877
577	669
577	697
577	867
579	615
580	701
581	919
585	666
586	627
586	848
587	701
588	607
588	849
589	625
589	805
590	615
590	933
591	720
592	978
592	994
594	679
594	992
595	660
595	828
596	699
596	736
596	954
597	598
597	609
597	645
597	694
598	947
599	793
600	665
600	846
601	641
601	659
601	892
601	918
603	802
603	886
604	605
604	650
604	986
605	894
607	642
608	749
608	857
611	640
611	657
611	682
611	723
613	675
613	883
614	625
614	652
614	836
614	900
615	620
616	779
617	802
618	720
619	763
619	942
620	691
620	737
620	900
622	760
623	665
623	804
624	816
624	934
625	970
626	899
627	758
627	905
628	771
628	870
629	715
629	928
630	758
631	707
631	861
632	704
634	655
634	681
634	734
634	775
634	811
634	862
635	882
636	872
637	671
637	726
637	940
637	954
640	815
640	833
641	818
641	974
642	661
642	752
642	956
643	710
643	752
644	707
644	930
644	965
645	734
645	751
645	912
646	688
646	746
647	762
648	743
650	755
650	770
650	779
650	835
651	797
652	658
653	944
653	954
655	750
656	830
657	702
657	930
657	940
658	868
658	892
658	911
658	979
660	724
660	738
660	745
660	790
660	923
661	747
661	981
662	819
663	848
663	849
664	672
664	784
665	673
665	962
666	703
666	892
668	906
669	849
670	696
670	960
671	672
671	819
671	895
672	706
674	678
674	748
674	880
674	969
675	805
675	888
675	963
675	970
676	807
676	847
677	947
678	691
678	813
679	729
679	732
679	916
682	690
682	739
684	943
685	711
685	817
687	827
690	947
691	718
691	891
692	863
693	819
694	757
695	940
696	813
697	925
697	955
698	903
698	910
699	894
699	951
699	999
701	751
701	865
702	882
702	970
705	862
706	866
706	944
708	800
708	834
708	883
708	947
711	745
711	948
712	876
714	959
715	793
715	935
716	727
716	882
716	904
717	814
717	935
718	907
719	894
720	955
722	731
722	829
723	873
723	913
723	963
725	761
726	901
727	878
727	982
729	802
730	739
731	788
732	756
733	778
734	793
736	967
737	971
739	784
739	863
739	884
740	948
740	953
741	953
742	939
743	794
743	930
743	933
744	863
745	982
746	830
746	956
750	966
750	977
750	997
752	803
755	794
756	972
757	808
757	947
759	855
760	913
763	924
765	809
766	883
767	840
768	937
768	968
769	834
769	946
771	875
772	792
772	933
772	985
774	878
775	950
778	883
778	967
780	980
781	849
781	897
782	816
782	852
782	876
785	939
787	951
789	811
789	910
792	884
792	941
797	899
798	904
800	926
804	940
807	878
810	828
810	924
811	864
814	861
814	921
814	993
815	874
815	964
816	942
820	863
821	919
822	837
822	877
830	954
833	882
833	884
834	941
835	883
836	895
836	948
838	850
839	986
841	992
842	958
846	851
846	895
846	984
850	954
852	986
853	883
853	884
853	935
853	968
856	999
858	945
858	976
860	896
860	920
861	869
862	989
863	942
864	867
865	879
873	951
876	918
880	979
883	932
884	916
887	959
887	986
888	932
888	954
889	939
892	966
896	973
900	930
901	976
903	918
905	965
909	947
914	970
917	952
918	980
919	929
921	959
926	936
927	929
927	996
938	961
939	954
941	946
942	993
949	980
952	978
956	997
964	999
966	988
974	975
987	988