0	32
0	152
0	620
0	762
1	671
1	961
2	47
2	440
2	620
2	815
3	80
3	138
3	484
3	770
3	787
4	895
5	341
5	362
5	632
6	17
6	241
6	473
6	600
6	764
6	997
7	512
7	607
7	655
7	894
8	304
8	319
8	487
8	507
8	535
8	664
8	696
8	894
9	151
9	290
9	298
9	787
10	22
10	57
10	100
10	104
10	156
10	332
10	517
10	939
11	270
11	576
11	584
11	646
11	647
11	893
11	981
12	982
13	866
14	300
14	407
14	455
14	458
14	561
15	54
15	108
15	473
15	714
15	805
15	868
16	42
16	720
16	747
16	963
17	538
17	573
17	589
17	612
17	970
18	260
18	421
19	241
19	251
19	382
19	413
19	483
20	79
20	651
20	961
21	464
21	671
21	944
22	85
22	391
22	448
22	985
23	677
24	25
24	259
24	277
24	739
24	780
25	154
25	197
25	353
25	487
25	565
25	808
25	951
26	88
26	172
26	597
26	767
27	54
27	117
27	264
27	487
27	532
27	797
27	837
28	298
29	107
29	255
29	326
29	334
29	366
29	398
29	442
29	733
29	962
30	178
31	166
32	259
32	329
32	628
33	625
33	650
34	225
34	343
34	362
34	491
34	748
35	370
35	553
36	207
36	210
37	785
38	305
38	389
38	988
39	278
39	466
39	597
39	732
39	846
39	894
39	902
40	827
41	88
41	705
41	776
42	446
42	537
43	216
43	309
43	367
43	506
43	692
43	960
44	65
44	388
44	533
44	769
44	881
44	931
44	957
45	144
46	245
46	354
46	649
46	719
47	205
47	740
48	216
48	344
48	813
49	250
50	296
50	350
50	384
50	423
50	803
50	974
51	189
51	352
51	607
51	767
52	90
52	249
52	857
53	785
53	932
54	382
54	441
54	534
54	592
54	604
54	995
55	79
55	251
55	713
56	228
56	671
57	68
57	145
57	369
58	137
58	142
58	292
58	525
59	664
59	679
59	830
59	888
59	898
59	934
59	960
60	152
60	516
61	577
62	112
63	231
63	498
63	719
63	846
64	108
64	179
64	682
65	318
65	689
65	763
65	835
65	995
66	775
66	911
67	203
67	282
67	294
68	106
68	180
68	288
68	298
68	856
68	932
69	102
69	183
69	780
70	256
70	512
70	695
70	916
71	220
71	451
71	502
71	562
71	692
72	194
72	275
72	498
72	541
72	989
73	143
73	495
73	593
73	784
73	875
73	893
74	313
74	319
74	522
74	582
75	97
75	301
75	323
75	327
75	740
76	196
76	271
76	278
76	708
77	471
77	726
77	863
78	847
79	329
79	602
79	738
79	816
80	715
81	200
81	783
82	197
82	448
82	553
82	787
82	858
83	721
83	944
84	196
85	331
85	532
85	913
86	268
86	389
86	396
86	529
86	749
87	358
87	373
87	410
87	552
87	934
87	935
88	351
88	368
88	457
88	493
88	633
89	421
89	495
89	602
89	719
89	734
89	865
90	167
90	733
90	848
91	408
91	508
91	715
91	991
92	193
93	283
93	360
93	438
93	452
94	518
94	800
95	312
96	135
96	710
96	718
96	725
96	882
96	941
97	295
97	624
98	504
98	859
98	929
99	499
99	557
99	767
99	937
99	955
100	393
100	395
100	718
100	808
101	249
102	120
102	312
103	131
103	346
103	486
103	488
103	554
103	597
103	625
103	792
103	978
104	112
104	445
104	776
104	838
105	450
105	853
105	889
106	179
107	403
107	512
107	539
107	672
108	262
108	666
108	733
108	864
109	463
110	368
110	433
110	638
110	736
110	878
111	204
111	212
111	285
111	383
111	458
111	467
111	471
111	969
112	141
112	773
113	536
113	787
113	972
113	986
114	216
114	842
115	276
115	328
115	609
115	742
116	369
116	383
117	262
117	285
117	373
117	940
118	120
118	550
118	554
119	169
119	256
119	367
119	518
119	786
120	290
120	542
120	768
121	180
121	233
121	674
122	191
123	136
123	218
123	302
123	361
123	435
123	502
123	905
123	914
124	293
125	301
125	369
126	276
126	341
126	439
126	458
126	603
127	493
127	559
127	625
127	645
128	475
128	815
129	542
129	697
130	214
130	534
130	716
131	191
131	516
131	763
132	231
132	479
132	541
132	604
132	868
132	941
133	230
133	309
133	327
133	385
133	843
133	867
134	205
134	397
134	413
134	707
134	921
135	208
135	882
136	987
137	197
137	252
137	452
137	570
137	578
137	642
137	714
139	194
139	868
140	166
140	203
140	494
140	531
141	302
141	355
142	348
142	504
143	389
143	441
143	523
143	589
144	361
145	183
145	348
145	362
145	453
145	512
145	538
145	614
145	680
145	683
146	222
146	285
146	485
146	633
147	200
148	369
148	516
148	924
148	978
149	402
150	567
151	172
151	288
151	391
151	498
152	281
152	958
153	279
153	514
153	691
153	923
153	934
154	250
155	253
155	576
155	590
155	663
155	741
156	481
156	595
156	887
157	323
157	446
157	504
157	878
158	165
158	343
158	345
158	665
158	729
158	826
159	906
160	570
161	751
162	302
162	471
162	661
162	665
163	644
163	893
163	946
164	652
165	188
165	242
165	263
165	363
165	395
165	438
165	452
165	765
165	935
166	478
166	549
167	381
167	502
167	587
167	739
167	939
168	617
168	635
168	798
168	928
169	428
169	688
169	707
169	979
170	547
170	609
170	760
170	887
170	937
171	363
171	628
171	664
171	754
171	924
171	946
172	583
173	781
173	842
173	980
174	567
175	178
175	183
175	313
175	435
175	485
175	617
175	743
175	787
176	468
176	809
177	354
177	538
178	448
178	686
178	687
179	348
179	546
179	866
180	395
180	495
180	615
180	782
181	438
181	622
181	698
181	826
182	677
183	399
183	635
183	757
183	924
184	401
184	578
184	651
184	664
185	260
185	366
185	916
185	978
186	455
186	487
186	742
186	841
187	206
187	209
187	286
187	618
188	210
188	226
188	418
188	681
188	745
188	991
189	326
189	723
189	795
190	193
190	420
190	664
190	841
191	531
192	514
192	658
193	388
193	719
193	808
193	819
194	213
194	753
195	716
195	759
195	811
195	888
195	892
197	357
198	828
199	398
199	781
200	854
200	952
201	636
202	232
202	719
202	771
202	982
203	662
204	876
205	353
205	816
206	578
206	715
207	245
207	315
207	374
208	861
208	957
209	312
209	468
209	739
209	866
210	240
210	468
210	936
210	962
211	587
211	836
212	348
212	371
212	577
212	612
212	670
212	747
212	844
212	881
213	278
213	285
213	333
213	508
213	975
214	319
214	451
214	511
214	746
215	671
215	704
215	768
215	782
215	903
216	521
216	603
217	256
217	514
217	871
217	932
218	252
218	367
218	394
218	403
218	583
218	689
219	541
219	562
219	701
219	891
220	341
220	704
220	719
220	914
221	264
221	349
221	614
222	343
222	640
222	792
223	335
223	557
223	789
224	297
224	505
224	591
224	688
224	725
225	564
225	923
225	926
226	252
226	378
226	891
227	496
227	699
227	777
227	824
227	893
228	492
228	541
228	769
228	993
229	245
229	342
229	551
229	745
230	603
230	813
231	634
231	675
231	748
232	458
233	619
233	822
233	939
234	237
234	251
234	562
234	585
235	243
235	403
236	243
236	359
236	505
236	554
236	933
237	323
237	652
237	721
238	646
239	273
239	312
239	360
239	503
239	508
239	607
239	710
239	988
240	258
240	376
240	471
240	952
241	477
241	517
241	629
241	761
242	298
242	376
242	393
242	555
242	798
242	984
243	379
243	724
243	797
244	645
244	901
245	792
245	862
246	533
246	760
247	273
247	424
247	435
247	583
247	741
247	842
247	875
247	980
248	308
248	352
248	360
248	374
248	390
248	726
248	793
249	295
249	482
249	510
249	603
249	631
249	724
249	988
250	631
251	277
251	701
251	787
252	787
253	512
253	729
253	940
254	408
254	814
254	831
255	329
256	411
256	518
256	726
256	828
256	829
257	268
257	733
257	968
258	286
258	380
258	522
258	589
258	752
259	520
259	660
259	802
259	927
259	971
260	388
260	415
260	432
260	676
260	719
261	318
261	855
261	959
262	491
262	568
262	575
262	594
262	639
262	647
262	698
262	699
262	725
263	271
263	598
263	844
264	579
264	874
264	922
264	938
265	355
265	412
265	935
266	914
266	964
266	982
267	359
267	390
268	447
268	522
268	553
268	933
268	974
269	445
271	534
271	544
271	554
271	600
272	384
272	719
273	894
274	444
274	928
275	279
275	324
275	845
276	449
276	544
276	703
276	733
276	744
277	546
277	949
278	283
278	504
278	948
279	723
280	297
281	929
282	472
282	828
283	351
283	383
283	387
283	568
283	680
284	715
284	721
285	605
285	866
286	440
286	713
286	936
287	859
288	368
288	469
289	341
289	930
290	411
290	989
291	570
291	946
292	709
292	772
293	874
294	440
295	517
295	648
295	812
295	854
295	983
296	372
296	578
297	391
297	579
297	835
297	938
299	481
299	567
299	633
300	658
301	577
301	604
301	612
301	638
303	562
303	594
303	631
303	952
304	349
304	407
304	413
304	676
304	745
304	852
304	883
304	893
305	564
305	788
305	834
305	884
306	560
306	758
306	861
306	909
307	342
307	685
307	753
307	776
308	345
308	584
308	682
308	857
309	429
309	539
309	560
309	853
310	536
311	431
311	762
311	934
312	336
312	598
312	828
312	860
313	355
313	385
313	473
313	552
313	699
313	744
313	750
314	636
314	682
315	383
316	494
316	688
316	804
317	544
317	666
318	410
319	368
319	484
319	976
320	541
321	446
321	507
322	467
322	617
322	645
323	482
323	617
323	770
323	830
323	866
323	920
324	345
324	845
325	555
326	783
326	859
328	484
328	574
328	577
328	715
328	799
329	530
329	597
329	606
330	435
330	605
330	967
331	928
332	591
332	813
332	824
332	902
333	352
333	465
333	653
333	711
333	766
335	581
335	586
336	361
336	658
337	407
337	474
337	891
337	932
338	699
338	879
339	375
339	786
339	818
340	390
340	810
341	453
341	456
341	493
341	523
341	757
341	771
341	799
343	598
343	919
344	405
344	412
344	614
344	646
345	384
345	826
345	881
346	424
346	552
346	897
346	969
347	502
347	798
347	860
348	401
348	518
348	905
349	437
349	644
349	708
349	754
349	883
350	453
350	734
351	365
351	510
352	363
352	441
352	563
352	899
353	524
353	703
354	826
355	542
356	789
356	824
356	864
356	919
357	606
358	384
358	485
359	443
359	597
359	984
360	370
360	744
360	788
360	934
361	391
361	482
361	630
361	715
362	963
363	494
363	803
364	740
365	770
366	682
366	706
366	929
367	841
367	869
368	513
368	761
368	903
369	671
369	942
371	411
371	592
371	678
371	857
371	910
372	982
373	616
373	704
373	857
374	404
374	715
374	739
375	875
376	545
376	558
376	650
376	724
377	482
377	499
377	651
377	658
378	460
378	537
378	696
379	483
379	488
379	515
379	775
379	837
380	507
380	511
382	395
382	539
382	600
382	808
383	642
383	953
384	586
385	484
385	513
385	698
385	864
385	873
386	734
386	850
387	427
387	530
387	539
388	505
388	677
389	991
390	439
390	484
390	497
390	502
390	921
391	511
391	686
392	393
392	542
392	747
392	751
392	966
392	969
392	982
393	542
393	793
393	993
394	415
394	545
394	546
395	554
395	626
395	922
396	452
396	985
397	780
397	959
398	474
398	767
398	810
399	419
399	757
399	817
399	866
400	564
401	526
401	767
402	407
402	428
402	659
403	904
403	956
404	741
404	901
405	703
406	521
406	981
406	991
407	658
407	838
408	465
409	945
411	414
411	465
411	635
411	969
412	580
412	585
412	734
412	805
412	911
413	610
413	633
413	722
414	746
414	748
414	959
415	672
415	780
415	818
415	940
416	458
416	498
416	749
417	471
417	662
417	817
418	505
418	537
418	994
419	684
420	956
421	623
421	651
421	657
421	829
422	729
423	493
423	547
423	997
424	449
424	728
425	448
426	480
426	558
426	937
426	986
427	622
427	779
428	510
428	645
428	650
428	669
428	714
429	593
430	896
430	973
431	433
431	658
431	869
431	943
433	913
433	971
434	581
435	843
435	872
436	700
436	910
437	519
437	745
437	781
439	521
440	688
441	588
441	831
441	982
442	514
442	866
442	911
444	550
444	671
444	994
445	553
445	603
445	713
445	804
446	454
447	622
447	670
447	689
447	730
447	834
451	460
451	604
451	686
451	728
452	743
452	896
453	503
453	621
453	820
454	507
455	529
456	505
456	850
457	588
458	459
458	556
458	579
458	699
458	712
460	572
460	626
461	867
462	563
462	591
462	743
462	811
463	561
463	740
463	945
463	974
464	596
464	675
464	740
465	810
466	495
466	561
467	599
467	615
467	748
467	873
467	989
468	998
469	665
469	669
469	802
469	819
469	854
470	503
470	969
470	978
470	990
471	500
471	737
471	759
471	846
472	700
472	898
473	539
473	653
473	691
473	726
474	569
475	647
475	726
475	775
476	883
476	917
477	893
478	485
478	793
478	804
478	950
478	985
479	546
479	770
479	995
480	727
481	847
481	895
482	838
482	868
482	891
483	719
484	622
484	649
484	983
485	825
485	922
485	991
486	956
486	989
488	719
488	880
489	912
490	501
490	736
490	900
491	714
491	907
492	875
493	682
493	898
493	925
494	809
494	830
495	651
495	687
496	706
496	867
497	629
497	867
499	529
499	656
499	882
500	841
501	989
502	993
504	742
504	758
505	769
505	927
507	870
507	928
508	519
508	628
509	695
509	910
510	663
510	766
510	774
510	819
511	514
511	597
511	713
512	634
512	782
512	831
513	609
513	631
513	963
514	820
514	899
515	912
516	536
516	548
517	799
518	615
519	834
519	997
520	927
522	573
522	700
523	608
523	916
524	621
526	612
527	914
528	636
529	620
529	639
530	781
530	826
531	551
533	781
533	839
534	544
534	571
534	586
534	794
534	913
534	959
536	588
536	880
536	927
537	727
537	758
539	612
540	976
540	977
541	678
543	606
543	783
544	571
545	680
546	632
547	590
548	561
549	932
550	730
550	766
550	861
551	625
552	768
552	821
552	875
553	962
555	697
555	846
555	852
556	860
557	953
558	590
558	596
558	986
558	997
559	703
559	725
560	633
560	829
560	838
561	630
561	867
562	800
564	939
565	696
565	741
566	766
566	833
566	973
567	815
567	897
567	922
569	638
569	877
569	945
569	972
570	798
570	813
570	971
571	682
571	745
571	996
572	778
574	855
574	996
575	813
576	835
577	742
577	760
578	593
578	836
579	695
580	918
580	919
581	752
582	833
583	683
583	686
583	812
583	871
584	965
585	697
585	779
585	792
586	782
587	794
587	820
587	848
587	850
588	618
590	992
591	717
591	985
592	691
592	865
594	667
595	964
596	714
597	928
598	633
598	981
599	853
601	693
601	938
602	741
603	654
604	692
604	818
604	865
605	717
605	756
606	624
606	664
606	819
606	941
607	684
607	866
607	868
608	905
609	767
610	920
611	829
612	793
612	881
612	990
613	804
613	820
613	821
613	967
614	899
615	761
615	800
615	908
617	814
617	998
618	668
618	984
619	695
621	912
621	938
622	852
624	729
624	850
625	802
625	852
626	725
626	868
627	810
627	884
628	845
628	961
628	981
629	779
629	998
630	913
631	790
633	777
633	981
634	688
635	820
635	896
635	958
637	649
638	686
638	786
639	901
640	673
640	714
641	643
641	947
641	979
642	659
643	989
644	751
644	787
645	706
645	784
645	998
646	746
646	851
647	675
647	746
648	905
648	930
648	979
649	669
649	696
649	958
650	829
651	730
652	824
652	888
652	990
653	682
653	811
654	954
656	967
656	982
658	715
658	873
658	983
659	756
660	780
662	695
663	829
664	855
665	683
667	746
667	756
668	973
673	705
673	717
674	807
674	827
674	976
675	706
675	968
676	717
676	788
677	886
677	909
677	911
677	915
677	957
678	721
678	768
679	690
680	755
682	832
684	852
684	925
687	699
687	708
687	802
687	950
688	775
690	937
691	884
692	793
693	730
694	801
695	880
696	863
696	899
699	824
699	917
699	967
700	736
700	942
701	986
702	906
703	734
703	782
704	838
707	761
707	843
708	793
709	773
709	814
709	858
710	727
711	791
713	934
715	846
715	944
719	941
721	759
721	826
723	946
724	823
725	814
727	848
727	853
727	945
727	996
728	737
729	770
730	948
731	920
734	823
735	759
739	874
739	992
742	810
744	851
744	863
744	953
745	868
745	902
745	944
745	977
746	877
747	824
747	918
747	927
748	871
750	783
750	846
750	904
751	782
753	909
755	785
755	927
756	783
756	818
757	766
757	964
759	903
759	909
762	843
762	858
762	898
762	919
764	919
765	936
768	817
768	986
769	774
769	949
771	849
771	854
773	850
773	880
774	889
776	953
777	870
778	878
778	885
779	841
780	898
781	789
783	829
783	952
783	965
785	888
786	787
789	958
791	916
791	982
792	846
795	869
796	947
796	985
797	877
800	829
801	890
802	909
805	873
805	949
806	945
806	954
808	966
812	922
814	893
816	868
816	934
818	888
821	964
824	913
826	830
826	878
827	892
828	835
828	876
828	964
831	843
834	855
834	944
836	970
838	890
840	852
843	901
843	944
844	920
844	942
845	976
847	950
848	936
849	976
851	858
852	879
852	989
853	950
854	866
855	896
855	920
855	927
857	984
859	860
860	972
866	996
867	943
868	934
874	914
876	911
876	989
878	909
878	940
881	964
882	923
883	886
883	894
885	887
888	947
889	977
889	994
891	937
892	914
894	911
896	917
897	916
897	998
901	939
901	965
906	954
917	995
921	956
923	955
923	963
923	992
927	978
929	983
930	943
931	937
933	978
945	973
955	991
960	986
975	983
979	983
984	999