0	686
0	885
0	962
1	226
1	416
1	543
1	823
1	858
2	120
2	309
2	460
3	271
3	330
3	337
3	389
3	464
3	476
3	821
4	171
4	214
4	240
4	335
4	369
4	388
4	748
4	984
5	579
5	584
5	590
5	944
6	656
7	178
7	664
7	933
7	970
8	678
8	788
9	36
9	255
9	294
9	397
9	415
10	54
10	705
11	173
11	253
11	856
11	882
11	889
12	176
12	582
12	712
12	736
12	766
12	843
13	180
13	702
14	19
14	55
14	171
14	183
14	914
15	121
15	275
15	802
15	835
16	143
16	566
16	636
16	668
16	899
17	36
17	141
17	171
17	320
17	338
17	412
17	493
17	605
17	633
17	643
17	800
17	991
18	155
18	522
19	541
19	707
19	768
19	936
20	308
20	466
20	559
20	959
21	260
21	290
21	316
21	728
22	65
22	440
22	484
23	451
23	532
23	582
23	741
23	755
23	847
23	920
24	250
24	421
24	465
24	767
24	777
25	151
25	679
25	955
26	428
27	72
27	100
27	250
27	603
27	635
27	762
27	779
28	105
28	223
28	504
28	621
29	160
29	247
29	396
29	696
29	796
29	932
29	940
30	521
30	592
31	84
31	192
31	491
32	248
32	902
32	970
33	200
33	207
33	291
33	466
33	630
34	271
35	340
35	780
35	807
35	905
36	171
36	230
36	267
36	933
36	956
37	295
37	356
37	464
38	55
38	528
38	627
38	765
38	824
39	278
39	694
39	870
40	364
40	420
40	455
41	286
41	443
41	509
41	636
41	832
42	544
42	577
42	694
42	849
42	950
43	262
43	269
43	411
43	459
43	818
44	101
44	500
44	858
44	998
45	147
45	671
46	749
47	900
48	432
48	852
49	117
49	260
49	475
49	548
49	724
49	772
49	853
49	895
50	53
50	379
50	429
50	697
50	832
50	932
50	974
51	236
51	348
51	399
51	474
51	622
51	782
51	821
51	971
52	441
52	528
52	718
53	65
53	545
54	595
54	677
54	708
54	879
54	898
55	336
56	270
56	743
56	781
56	795
56	803
56	842
56	849
57	448
57	716
58	369
58	547
58	645
58	832
59	274
59	834
59	872
60	440
61	124
61	308
62	129
63	561
63	730
64	353
64	399
64	685
65	159
65	330
65	581
65	808
65	882
65	969
66	132
66	793
66	841
67	248
67	470
67	784
67	831
67	876
68	376
68	459
68	820
69	158
69	242
69	627
69	659
69	692
69	697
70	834
70	874
70	971
71	196
71	221
71	405
71	568
71	642
71	932
72	206
72	869
73	138
73	247
73	350
73	454
73	654
73	984
74	388
74	499
75	119
75	414
75	475
75	657
75	759
76	395
76	522
76	554
76	674
76	716
76	886
76	980
77	569
77	668
77	673
77	904
78	575
78	630
78	631
78	692
79	244
79	402
79	446
79	598
79	619
80	204
80	255
80	271
80	642
81	477
82	631
83	149
83	163
83	170
83	270
83	668
84	655
85	263
85	296
86	188
86	333
86	632
86	904
87	577
87	943
88	241
88	247
88	397
89	265
89	274
90	274
90	303
90	442
90	760
90	902
90	926
91	662
91	687
92	636
92	710
92	955
93	408
94	163
94	188
94	897
95	197
95	715
96	502
96	737
96	771
97	324
97	516
97	598
97	612
97	732
97	786
98	500
98	831
99	130
99	540
99	674
99	745
99	952
100	957
101	158
101	228
101	411
101	804
102	534
102	951
103	286
103	433
103	460
103	506
103	892
103	923
104	206
104	468
104	590
104	645
105	218
105	281
105	390
105	452
105	602
105	950
106	175
106	410
106	450
106	530
106	545
106	804
106	904
107	113
107	344
107	420
107	544
107	559
107	595
107	760
107	924
108	266
108	748
109	603
109	906
109	972
110	455
110	532
110	750
110	784
110	857
111	626
111	921
112	732
112	751
112	864
112	921
113	145
113	272
113	296
113	309
113	411
113	626
113	939
113	981
114	290
114	298
114	410
114	503
114	605
114	934
115	351
115	544
115	872
116	363
116	398
116	425
116	852
117	137
117	225
117	529
117	788
117	834
118	206
118	220
118	286
118	936
119	340
119	345
119	375
119	724
121	227
121	493
121	845
122	543
122	610
122	671
123	307
123	311
123	480
123	497
123	527
123	531
124	228
124	237
124	290
124	384
124	705
124	794
125	150
125	229
125	282
125	299
125	403
125	581
125	657
126	511
126	515
126	741
126	856
126	954
127	239
127	629
127	949
127	951
128	160
128	574
128	778
128	875
128	925
128	977
129	419
129	471
129	553
129	675
129	856
130	380
130	383
130	397
130	624
130	656
130	953
130	962
131	742
131	931
132	507
133	319
133	437
133	631
133	672
133	906
134	384
134	386
134	664
134	695
134	782
134	829
135	237
135	295
135	350
135	561
135	675
135	717
136	159
136	591
136	654
136	797
136	967
137	317
137	559
137	831
137	959
138	183
138	449
138	571
138	832
139	242
139	581
139	632
139	831
139	924
139	927
140	494
140	539
141	497
141	755
141	789
142	630
142	764
143	613
143	842
144	276
144	371
144	493
144	561
144	572
144	849
145	298
145	312
145	333
145	478
145	609
145	894
146	165
146	305
146	450
146	540
146	787
147	670
147	921
148	365
148	794
148	894
149	431
149	866
150	270
150	644
150	841
150	868
150	883
150	958
150	968
151	440
151	563
151	598
151	645
151	953
152	381
152	544
152	853
153	922
154	203
154	302
154	354
154	434
154	610
154	722
154	858
155	334
155	489
155	496
155	598
155	622
155	770
155	937
156	378
156	453
156	707
157	525
157	544
157	784
158	612
158	718
159	239
159	372
159	599
159	760
160	290
160	416
160	929
161	401
161	860
161	958
162	816
163	567
163	674
163	928
164	180
164	316
165	429
165	886
165	998
166	232
166	324
166	459
166	635
166	891
166	960
167	347
167	380
167	627
167	844
167	936
168	364
168	600
168	664
168	921
169	612
169	792
170	301
170	602
170	893
171	243
172	355
172	504
172	559
173	235
173	440
173	607
173	917
173	945
174	260
174	305
174	582
174	593
174	609
174	868
174	876
174	879
175	220
175	299
175	408
175	552
175	644
176	190
176	374
176	892
176	893
177	184
177	231
177	288
177	809
177	976
178	451
179	345
179	400
180	216
180	300
180	645
180	862
181	513
182	400
183	211
183	477
183	622
184	275
184	770
185	201
185	240
185	726
185	825
185	875
186	379
186	423
186	780
186	783
187	611
188	232
188	379
188	638
188	805
189	193
189	222
189	225
189	275
189	294
189	675
189	903
189	961
190	269
190	808
191	321
192	499
192	745
193	671
194	620
194	651
195	580
195	956
196	226
196	292
196	363
196	681
197	681
197	966
198	199
198	733
198	785
199	759
199	956
200	706
200	817
201	373
201	636
201	758
201	994
202	406
203	358
203	497
204	859
204	888
205	309
205	360
205	519
205	795
206	374
206	475
206	757
206	850
206	979
207	378
207	484
207	518
207	538
208	570
208	958
209	289
209	506
210	651
212	576
212	947
213	477
215	298
215	543
215	709
216	364
216	391
217	599
217	814
217	833
217	845
217	887
217	928
218	223
218	237
218	542
218	543
218	664
218	925
219	228
219	526
219	661
219	697
219	975
220	371
220	955
221	582
223	251
223	282
223	724
223	796
223	886
223	905
223	936
224	704
224	785
225	479
225	575
225	836
226	510
226	678
227	402
227	546
227	578
227	940
228	282
228	292
228	453
228	653
228	729
228	824
228	860
229	240
229	265
229	274
229	297
229	518
229	760
230	255
230	486
230	489
230	512
230	519
230	905
230	982
232	510
233	274
233	434
233	510
233	549
233	612
234	298
234	516
235	403
235	632
235	875
235	888
236	591
236	998
237	370
237	383
237	467
237	610
237	752
237	929
238	955
239	248
239	768
240	281
240	343
240	493
240	743
240	946
241	305
241	579
241	951
242	494
242	581
243	767
243	849
243	950
245	278
245	410
245	469
245	552
245	649
245	684
245	952
246	380
246	849
247	854
247	928
248	532
248	756
249	374
249	440
249	462
249	801
250	878
251	559
251	657
251	857
251	983
252	268
252	768
253	616
253	823
254	741
254	889
255	356
256	735
257	286
257	383
257	689
258	447
258	622
258	757
258	795
258	864
258	927
259	331
259	374
259	416
259	631
259	787
259	967
260	339
261	560
262	360
262	777
262	864
263	264
263	346
263	437
263	565
263	791
264	299
264	342
265	282
265	305
265	344
265	739
265	947
266	586
267	646
267	745
268	326
268	439
268	590
268	822
269	390
270	286
270	399
270	434
270	479
270	514
270	568
270	632
271	694
272	396
272	683
272	864
273	290
273	338
273	417
273	863
273	918
274	533
274	780
274	818
275	360
275	508
276	346
276	593
276	742
276	991
277	482
277	521
277	779
278	669
279	652
279	695
279	830
280	493
280	541
280	680
280	712
280	972
281	351
281	373
281	501
281	773
281	952
282	597
282	964
283	299
283	344
283	628
283	680
283	688
284	672
285	736
286	475
286	960
287	308
287	453
288	575
288	585
288	588
288	615
288	700
289	518
289	732
289	752
289	860
289	918
289	963
290	411
290	656
290	700
290	912
290	931
290	979
291	667
291	815
291	881
292	421
292	998
293	462
293	630
293	662
293	693
295	835
296	318
296	326
296	615
297	554
297	763
297	896
298	553
298	634
298	843
300	390
300	416
300	496
300	540
300	784
301	522
301	627
301	690
302	407
302	448
302	841
303	355
303	605
303	613
303	774
303	813
304	606
305	394
306	376
306	549
307	395
307	442
307	706
307	993
308	356
308	584
308	854
308	945
309	853
309	996
310	354
310	435
310	929
311	527
311	831
312	405
312	544
312	566
312	751
312	854
313	749
313	775
314	337
314	713
314	772
314	944
315	674
315	743
315	828
315	985
316	537
316	641
316	682
317	476
317	494
317	581
317	602
317	624
317	854
318	528
318	681
318	954
319	582
319	962
320	325
320	330
320	606
320	882
320	981
321	444
321	552
322	752
322	825
322	943
323	388
323	618
323	738
324	331
324	400
324	562
324	631
325	428
325	524
325	658
325	794
326	459
326	798
327	765
328	415
328	763
328	794
328	998
329	806
330	336
330	430
330	452
330	608
330	673
330	784
331	348
331	616
331	652
332	377
332	529
333	392
333	511
333	752
334	439
334	631
334	660
334	797
334	854
335	710
335	789
336	507
336	557
336	972
337	521
337	555
337	724
338	430
338	467
338	591
339	546
339	562
339	681
340	464
340	630
340	792
341	407
341	503
341	902
342	427
342	442
342	599
342	715
342	878
342	907
343	398
343	450
343	456
343	508
343	983
344	721
345	533
345	928
345	957
346	527
346	638
346	877
346	889
348	523
348	617
348	759
349	397
349	925
350	822
350	946
350	986
351	529
351	830
351	860
352	446
352	546
352	645
352	688
353	898
355	480
355	522
355	671
355	791
355	855
356	796
356	961
357	548
357	817
358	474
358	843
359	958
360	786
360	819
361	686
361	784
362	727
362	892
363	427
363	719
364	372
365	369
365	405
365	442
365	519
365	619
366	452
366	722
367	800
367	851
368	376
368	560
368	802
369	402
369	548
369	763
369	894
369	917
369	985
370	393
370	455
371	431
371	467
372	414
372	927
373	407
373	628
373	939
374	610
374	819
374	840
375	551
375	838
375	907
375	980
376	777
377	386
377	704
377	954
378	984
378	999
379	384
379	931
380	442
380	451
380	562
380	730
380	939
380	969
381	439
381	921
382	696
382	867
382	993
383	407
384	411
384	651
384	995
385	547
385	561
386	441
386	675
387	400
387	482
387	827
387	888
387	900
388	648
388	874
388	944
388	995
389	396
389	433
389	602
389	691
389	839
390	923
390	936
390	978
391	395
391	614
391	657
392	936
393	545
393	549
393	568
394	513
394	983
395	509
395	641
397	615
397	895
397	951
398	547
398	725
399	589
399	660
399	851
401	443
401	917
402	460
402	720
402	786
402	999
403	877
404	557
404	754
404	884
404	972
405	421
405	929
406	523
406	525
406	601
407	418
407	421
407	543
407	608
407	693
407	795
407	928
408	823
409	989
410	855
411	520
411	536
411	750
411	757
412	911
413	444
413	482
413	517
415	509
416	890
416	900
416	939
417	437
417	551
417	558
417	680
417	893
417	898
417	905
417	976
418	636
418	682
418	733
418	967
419	477
419	635
420	538
420	829
420	869
420	950
421	460
421	591
421	734
421	860
422	798
422	993
423	630
423	673
424	428
425	791
425	942
426	803
427	609
427	709
427	710
427	997
428	434
428	496
428	863
429	635
429	791
429	883
430	641
430	840
431	599
431	765
431	847
432	671
433	913
434	514
434	607
434	844
434	890
435	538
435	712
435	849
436	457
436	718
437	650
437	947
437	953
438	604
438	785
438	911
439	871
440	474
440	475
441	479
441	721
442	492
442	555
442	681
442	787
442	863
442	986
443	559
443	582
443	626
443	753
445	994
446	477
446	820
447	694
447	824
448	562
448	955
449	922
450	531
450	575
451	528
451	716
452	748
452	776
453	507
453	569
453	710
454	996
455	459
455	599
456	677
456	752
457	858
457	974
458	593
458	750
459	990
460	508
460	537
460	605
460	877
460	996
461	516
461	958
462	991
463	543
464	606
465	514
465	775
465	822
466	706
467	589
467	860
467	966
468	537
468	578
468	977
469	667
469	939
469	991
470	635
470	900
470	969
471	639
471	708
471	725
471	779
471	969
472	604
473	948
474	541
474	725
474	776
474	815
474	878
475	533
475	550
475	552
477	478
477	563
477	752
477	900
478	577
478	907
479	611
479	680
479	752
479	930
480	524
480	651
480	805
480	862
480	871
481	617
482	661
482	833
482	856
483	894
484	629
484	937
485	546
486	840
487	755
487	889
488	708
488	971
488	999
489	951
490	649
492	929
493	559
493	908
494	907
495	549
495	792
496	635
497	629
497	681
497	834
498	674
498	990
499	622
500	835
500	848
500	930
500	992
501	687
501	762
501	775
501	836
503	558
503	710
503	816
504	570
504	924
504	972
505	728
506	761
507	676
508	559
508	653
509	741
510	904
511	692
511	776
511	824
512	761
512	846
513	741
513	951
514	609
514	636
514	861
514	893
515	583
515	633
515	647
515	679
515	759
515	805
515	940
516	590
516	711
516	727
516	776
516	785
517	614
517	739
518	544
518	670
518	930
521	587
521	708
521	770
521	842
521	878
524	634
524	825
524	993
526	864
526	930
526	939
527	798
528	609
528	800
529	706
529	964
530	882
530	890
531	657
531	718
532	563
533	571
533	601
533	855
533	961
534	659
534	687
535	545
535	653
535	989
536	609
536	837
538	676
539	812
540	852
544	667
545	605
546	823
547	607
547	734
548	649
548	865
548	868
551	700
551	807
551	823
551	860
552	601
552	663
553	719
553	926
554	612
555	612
556	880
557	559
557	592
557	647
557	811
558	767
559	873
561	956
562	574
562	610
562	822
563	770
563	892
564	754
566	578
566	612
566	625
567	614
567	684
567	752
567	785
567	956
568	832
568	950
569	605
569	926
570	727
570	994
571	601
572	688
572	732
572	766
572	786
573	647
574	630
575	822
578	662
578	878
579	728
580	870
581	709
582	589
582	942
583	656
583	836
584	654
584	831
585	626
585	863
587	681
587	773
587	792
587	824
587	834
587	938
589	809
589	836
589	855
590	654
590	669
590	680
590	725
590	897
591	649
591	784
591	849
592	681
592	830
593	599
593	662
593	942
594	861
594	970
596	653
597	732
598	641
598	703
598	925
599	614
599	626
602	986
602	994
603	636
603	809
604	845
604	933
605	705
605	866
605	931
607	611
608	657
608	739
608	752
608	851
608	985
610	620
610	825
612	620
612	898
612	921
612	996
613	652
614	765
614	906
615	958
616	654
617	716
618	953
619	710
619	712
619	916
622	696
622	734
622	796
622	902
622	934
623	772
623	961
623	962
624	892
625	648
627	772
628	910
629	730
629	807
629	817
629	979
630	664
630	665
634	662
634	693
634	746
634	763
635	834
637	708
637	875
637	887
637	912
637	935
638	782
638	991
639	903
640	747
640	871
640	890
641	769
641	775
644	833
644	858
644	921
644	975
645	745
645	816
646	828
646	907
648	662
651	668
651	679
652	848
652	905
652	961
656	695
656	862
656	880
656	934
657	992
658	763
658	817
658	890
658	979
660	859
661	929
662	672
665	976
665	999
666	844
667	942
667	965
668	865
668	886
670	689
671	779
671	994
672	895
673	706
673	849
674	696
675	926
676	701
676	708
677	913
677	956
678	748
678	799
678	859
678	871
678	921
678	927
679	915
680	849
681	868
681	933
681	965
682	927
683	735
685	760
685	996
686	766
686	803
687	749
687	926
688	826
689	871
690	839
692	954
693	970
694	746
694	911
694	962
695	708
695	785
695	886
697	952
698	784
698	792
698	979
698	993
699	760
700	764
700	942
703	756
704	888
705	797
705	914
706	728
706	917
707	743
708	963
708	977
709	921
710	969
711	965
713	765
714	805
714	832
714	867
715	779
716	967
716	984
718	826
718	897
719	923
720	815
721	910
722	989
723	766
724	738
724	766
724	778
724	927
725	892
726	730
726	909
727	731
727	999
728	952
730	944
734	758
734	764
734	983
735	981
736	737
736	786
736	980
737	755
737	971
740	827
742	788
743	745
744	775
746	805
746	855
747	989
748	828
749	771
749	794
750	863
750	927
751	849
751	952
751	991
752	902
753	878
754	901
755	757
756	795
758	793
758	898
759	989
760	782
761	866
762	808
764	790
765	856
766	896
767	868
767	951
771	776
771	929
771	998
772	973
774	809
774	893
774	992
775	890
775	930
779	823
780	956
782	822
784	810
785	859
785	920
785	967
786	793
786	984
788	832
788	878
789	914
792	794
793	832
795	863
797	961
800	931
801	938
802	891
803	806
803	816
804	878
805	827
805	906
806	814
806	824
806	995
807	827
807	966
808	809
810	916
810	942
810	959
811	851
812	895
813	867
815	989
818	924
822	960
822	977
823	944
823	988
824	991
825	848
825	989
827	861
828	920
829	862
829	991
830	894
835	973
836	990
838	881
838	891
839	990
841	859
845	999
848	987
852	900
852	962
855	952
857	919
857	921
857	927
861	877
862	941
863	889
864	960
865	982
868	895
873	944
873	989
881	972
882	917
883	935
886	971
893	973
893	984
894	972
897	947
901	905
903	949
904	912
904	977
919	974
927	962
927	973
930	990
931	941
933	985
936	981
936	982
946	949
947	960
961	998
973	974