0	7
0	306
1	10
1	218
1	822
1	835
1	848
1	909
2	70
2	200
2	309
2	579
2	659
2	896
3	214
3	690
3	892
4	141
4	336
4	966
5	129
5	261
5	397
5	735
5	979
6	36
6	75
6	867
7	367
7	527
7	700
7	806
7	896
8	124
8	310
8	481
9	39
9	158
9	312
9	393
9	474
9	558
9	722
10	64
10	195
10	359
10	382
10	483
10	515
10	530
10	549
10	676
11	90
11	431
11	523
11	794
11	973
12	484
12	488
12	542
13	140
13	265
13	463
13	520
13	754
13	818
13	947
14	432
14	744
14	753
15	233
15	320
15	577
15	615
16	34
16	323
16	474
17	131
17	363
17	617
17	933
18	385
18	569
18	590
18	726
18	786
19	85
19	425
19	430
19	641
19	774
19	939
20	34
20	59
20	78
21	303
21	786
22	28
22	122
22	505
22	818
22	930
23	289
23	472
24	362
24	725
25	181
25	280
25	675
25	686
25	735
25	767
26	607
26	645
26	864
26	953
27	146
27	440
27	776
27	930
28	192
28	381
28	665
29	113
29	191
29	270
29	991
30	54
30	314
30	350
30	421
31	151
31	496
31	585
31	667
32	143
32	444
33	214
33	329
33	385
33	440
33	611
34	375
35	183
35	245
35	351
35	365
35	571
35	769
36	49
36	490
36	853
37	234
37	245
37	447
37	866
38	205
38	318
38	412
38	548
38	877
39	207
39	563
39	567
39	627
39	663
40	144
40	394
40	467
40	564
40	711
40	759
40	761
41	308
41	377
42	67
42	96
42	365
42	501
42	629
42	939
43	54
43	573
44	96
44	257
44	339
44	549
44	778
45	115
45	470
45	557
46	67
46	153
46	364
46	924
47	72
47	379
47	451
47	474
47	717
47	732
48	207
48	361
49	91
49	734
49	917
50	223
50	267
50	472
50	588
50	599
50	840
51	828
52	210
52	565
52	702
53	620
53	965
54	254
54	403
54	795
54	805
55	125
55	411
55	768
56	246
56	282
56	391
56	538
56	553
56	605
56	832
56	973
56	989
57	101
57	185
57	322
57	343
57	703
57	725
58	306
59	163
59	854
60	293
60	399
60	621
60	980
61	301
61	536
61	562
61	732
62	78
62	475
62	524
62	654
62	808
63	399
64	535
64	986
65	368
65	481
65	556
66	190
66	466
66	553
66	981
67	131
67	542
67	714
68	546
68	650
69	339
69	534
69	774
70	457
70	843
70	898
70	912
71	411
71	458
71	582
71	600
71	786
72	658
72	732
73	184
73	293
73	368
73	417
73	545
73	717
73	907
73	914
73	935
74	585
74	713
74	804
74	850
75	303
75	522
75	947
76	510
76	545
76	774
77	947
78	133
78	165
78	345
78	504
78	594
78	723
78	930
78	973
78	989
79	117
79	223
79	267
79	673
79	728
79	885
80	218
80	345
80	786
80	901
81	90
81	184
81	791
82	451
82	777
82	814
82	939
82	950
83	440
84	153
84	182
84	799
84	996
85	357
85	625
86	483
86	547
86	707
86	801
86	850
86	856
87	164
87	392
87	483
87	507
88	173
88	830
89	159
89	475
89	483
89	670
90	287
90	381
90	498
90	844
90	918
90	979
91	409
91	691
91	925
92	207
92	741
93	487
93	849
94	196
94	259
94	283
94	918
94	995
95	173
95	175
95	765
95	829
96	153
96	289
96	386
96	680
96	916
97	219
97	270
97	668
97	826
97	962
98	147
99	230
99	380
99	609
99	684
100	110
100	424
100	615
100	624
100	902
101	383
101	963
102	553
102	593
103	370
103	589
103	645
104	233
104	828
104	966
105	115
105	136
105	571
105	642
105	821
105	839
105	988
106	119
106	122
106	260
107	317
107	425
107	606
107	691
107	849
107	939
108	421
109	277
109	331
109	623
109	826
109	969
110	451
110	597
110	749
111	372
111	386
112	221
112	320
112	343
112	431
112	802
112	822
113	401
113	488
113	623
113	838
114	259
114	287
114	421
114	989
115	254
115	258
115	383
115	810
116	667
116	975
117	131
117	432
117	561
117	644
117	951
118	439
118	446
118	789
119	268
119	738
119	768
119	777
120	730
120	888
120	927
121	885
121	974
122	498
122	639
123	681
123	701
123	774
123	869
123	953
124	755
124	756
125	287
125	380
125	406
125	768
126	158
126	440
126	533
126	746
126	802
127	204
127	424
128	813
128	816
128	963
129	640
130	513
130	632
130	924
131	802
132	251
132	447
133	134
134	171
134	389
135	188
135	333
135	621
136	252
136	461
136	541
136	816
136	906
137	881
138	215
138	267
138	273
138	654
138	784
138	948
139	437
140	662
141	411
141	644
142	217
142	228
142	454
142	510
142	610
142	637
143	287
143	327
143	352
143	451
143	515
143	818
143	845
145	301
145	445
145	995
146	231
146	345
146	373
146	405
146	520
146	627
146	671
146	983
147	657
147	723
147	891
148	362
148	518
148	523
148	704
149	320
149	605
149	649
149	759
149	985
150	469
150	602
150	982
151	668
151	704
151	830
152	485
152	597
152	846
152	853
152	968
153	249
153	520
153	904
153	945
154	171
154	256
154	479
154	977
155	197
155	627
155	878
156	603
157	525
157	713
157	740
158	731
158	797
159	357
159	551
159	642
159	657
159	698
160	292
160	821
161	445
161	990
162	164
162	325
162	602
162	798
162	892
163	338
163	339
163	698
164	453
164	596
164	850
164	881
165	422
165	644
166	506
166	537
167	228
167	310
167	529
167	838
167	950
168	288
168	484
168	534
168	649
168	766
168	960
169	233
170	839
171	509
171	526
171	889
171	927
172	209
172	608
172	627
172	694
173	273
173	457
173	525
173	528
173	730
173	937
173	979
173	990
174	466
174	467
174	748
174	992
175	395
175	827
175	918
176	212
176	460
177	255
177	702
177	854
177	980
178	862
179	321
179	338
179	806
180	470
181	292
181	623
181	624
181	700
181	805
182	300
182	936
183	462
183	473
183	794
183	942
183	966
183	985
184	426
184	594
184	777
184	888
184	892
184	932
184	949
184	957
185	528
185	663
185	917
185	993
186	318
186	371
186	379
186	673
186	910
187	661
187	692
187	795
188	363
188	489
188	936
189	282
189	292
190	663
190	778
190	914
191	361
192	384
192	527
192	538
192	654
192	886
192	905
192	976
193	305
193	812
193	971
194	556
194	598
195	523
195	754
196	248
196	578
196	886
197	348
197	464
197	555
197	666
198	380
198	539
198	671
198	953
199	211
199	626
199	772
199	979
200	900
200	965
201	329
201	603
201	684
201	746
201	851
201	910
202	678
202	885
203	472
204	380
204	388
204	533
204	589
204	739
204	827
204	869
205	325
205	373
205	420
205	691
206	871
207	210
207	595
208	734
208	803
209	499
209	646
209	816
209	818
209	854
210	221
210	473
211	491
211	507
212	499
212	530
212	755
213	464
213	622
213	721
213	777
213	781
213	837
214	252
214	302
215	338
215	693
215	839
216	248
216	274
216	367
216	724
216	756
216	942
217	242
217	600
217	978
218	412
218	738
219	685
220	437
221	367
221	885
222	322
222	519
222	817
222	919
222	930
222	990
223	247
223	294
223	488
223	547
224	372
224	441
224	452
224	499
224	575
224	576
225	282
225	801
225	970
226	398
226	503
226	914
226	935
226	938
227	315
228	252
228	689
228	808
229	571
229	597
229	653
230	258
230	475
231	491
231	646
231	758
232	302
232	534
232	601
233	526
233	563
234	584
234	946
235	439
235	547
235	663
235	769
236	362
236	453
236	851
236	911
237	504
238	289
238	389
238	560
238	948
239	560
239	775
240	592
240	671
240	708
240	915
241	356
241	511
241	939
242	435
242	634
242	804
242	817
243	521
243	618
243	642
243	815
244	333
245	315
245	354
245	359
245	442
245	533
245	946
246	307
246	489
246	540
246	724
246	816
246	836
247	286
247	414
247	462
247	517
247	729
248	785
248	995
249	428
249	582
249	656
249	905
249	931
250	735
250	755
250	828
250	923
250	983
250	991
251	585
251	633
252	308
252	440
252	627
252	899
253	329
253	946
255	356
255	694
255	741
256	447
256	638
256	668
256	771
256	914
257	404
257	646
257	711
257	884
258	437
259	883
260	650
260	706
260	947
261	386
261	404
262	519
262	953
263	278
263	326
263	405
263	700
263	841
264	600
264	951
265	268
265	732
266	346
266	587
267	519
268	372
268	532
268	754
268	931
269	491
269	646
270	328
270	358
270	369
271	593
271	773
271	798
271	846
272	303
272	597
272	661
273	594
273	656
273	794
274	405
274	505
274	530
274	558
274	672
275	390
275	459
275	622
276	532
276	669
277	882
278	363
278	585
279	960
280	563
280	934
281	366
282	394
282	554
282	690
282	843
282	917
282	962
283	762
283	768
284	383
284	399
284	470
284	655
284	714
284	929
285	565
285	572
285	783
286	522
286	602
287	291
287	297
287	380
287	490
287	706
287	750
287	856
288	447
288	552
289	586
289	634
289	900
290	376
290	400
290	600
290	727
291	314
291	419
292	357
292	487
292	524
292	790
293	893
293	898
294	340
294	429
294	541
294	747
294	940
295	412
295	582
295	835
296	427
296	498
297	351
297	433
298	480
298	601
298	702
298	756
298	873
298	908
298	941
299	354
299	598
299	718
299	831
300	313
300	472
300	564
301	804
301	839
301	915
301	950
302	581
302	969
303	447
303	457
303	565
303	752
304	684
304	693
305	745
306	518
306	733
306	942
307	324
307	684
308	748
308	946
309	485
309	582
309	654
309	686
310	449
310	497
310	693
310	707
311	605
312	701
312	826
313	331
313	804
314	519
314	990
315	494
315	602
316	342
316	413
316	516
317	810
317	867
318	456
319	498
319	724
319	883
321	503
321	512
321	693
321	797
321	899
321	946
321	972
322	339
322	818
322	890
322	977
323	681
324	583
324	727
325	406
325	809
326	385
327	421
327	604
328	449
328	950
329	359
329	565
329	940
330	449
331	358
331	532
331	567
331	632
331	732
331	860
331	966
332	652
332	694
333	706
333	856
334	439
334	440
334	518
334	895
335	380
335	899
336	353
336	422
336	591
336	796
336	857
337	397
337	476
337	521
337	680
337	753
337	931
338	930
338	975
338	983
339	375
339	695
340	616
341	498
341	974
342	357
342	433
342	838
343	391
343	418
343	598
343	613
343	998
344	525
344	577
344	618
345	406
345	666
345	715
345	747
346	772
346	826
347	443
348	657
348	693
348	876
349	599
349	717
349	972
349	983
350	616
350	842
351	504
351	554
352	789
353	930
354	701
355	558
355	721
356	400
357	629
357	732
357	887
357	964
358	612
358	984
359	531
359	712
359	772
360	363
360	497
360	498
360	552
360	779
361	656
361	715
362	410
362	962
363	743
363	892
363	897
364	764
364	857
364	878
365	846
365	922
366	473
366	482
366	922
367	943
368	899
369	374
369	408
369	482
369	516
369	679
369	784
370	501
370	911
370	964
371	612
371	741
372	547
372	835
373	990
374	448
375	582
375	989
376	690
376	826
377	586
377	805
378	975
378	996
380	534
380	657
381	772
381	870
381	991
382	455
382	537
382	873
383	672
383	721
385	404
385	554
385	574
385	680
385	762
386	542
386	571
386	574
386	649
386	841
387	403
387	425
387	696
387	975
388	725
388	790
388	942
389	452
389	729
389	801
390	479
390	559
390	978
391	491
391	703
391	739
391	808
392	870
392	896
393	594
393	605
393	762
393	822
393	990
394	492
394	628
394	927
394	956
395	479
395	634
396	475
396	523
396	528
396	649
397	430
397	462
397	536
398	585
398	800
399	627
399	682
399	926
399	947
400	741
400	824
401	490
402	954
403	408
403	677
403	950
404	691
404	737
404	811
404	901
404	944
405	441
405	805
406	466
406	514
406	655
406	865
406	933
407	512
407	878
408	411
408	454
408	481
410	687
410	755
411	454
411	754
411	802
411	853
412	614
412	820
413	449
413	531
413	705
413	866
414	670
415	600
415	920
416	418
416	612
416	656
416	730
416	943
418	479
418	501
418	770
420	655
420	823
420	858
420	906
421	522
421	954
423	630
424	995
425	565
425	857
426	850
426	857
427	666
427	724
427	844
428	445
428	448
428	545
429	835
430	519
430	536
430	543
430	716
431	611
431	757
432	623
432	692
433	986
434	733
434	794
434	906
435	479
435	864
435	895
436	511
436	601
436	814
437	675
437	785
438	825
438	855
439	639
439	714
439	925
440	556
440	790
441	723
441	828
441	885
442	448
442	495
442	955
443	869
445	452
445	527
445	630
446	568
446	571
446	639
446	809
447	579
447	678
447	692
447	962
448	814
448	922
448	973
449	635
449	653
450	572
450	964
451	454
451	560
451	648
452	835
453	462
453	557
453	637
453	741
453	778
454	635
454	803
454	833
454	917
455	538
455	775
455	826
455	850
455	858
456	522
457	514
457	703
457	819
457	887
457	938
457	953
457	980
457	981
459	468
459	708
459	772
459	972
459	987
460	485
460	608
460	662
460	895
461	993
462	715
463	634
463	639
463	912
464	617
464	640
464	648
464	862
464	967
465	830
465	922
466	907
467	906
467	962
468	507
468	847
469	733
469	866
470	542
470	852
470	945
470	966
471	692
472	646
472	858
472	967
473	779
473	791
473	796
473	977
475	579
475	773
476	489
476	757
477	689
478	718
479	607
479	938
480	558
480	752
480	901
481	728
481	957
482	495
482	848
482	972
482	991
483	484
483	965
484	906
484	985
485	713
486	645
486	743
486	912
487	602
487	780
487	807
488	751
488	913
489	664
489	780
489	967
491	515
491	877
492	825
492	832
493	522
493	530
493	809
493	826
495	523
495	837
496	525
497	615
497	752
497	795
497	856
497	932
497	999
498	672
498	942
498	969
499	563
499	630
499	635
499	917
500	930
501	558
501	844
502	507
503	628
503	893
503	936
504	516
504	583
504	647
505	669
505	709
506	955
508	544
508	737
508	800
509	669
509	679
511	838
511	867
512	554
514	703
515	604
516	726
516	786
516	873
517	678
517	862
517	975
517	993
518	720
519	834
520	594
520	983
521	557
521	600
521	657
521	799
521	982
522	525
522	541
523	674
524	642
524	672
524	730
525	780
525	876
526	602
528	555
528	604
529	736
529	748
530	595
530	891
531	642
532	686
532	871
532	937
534	800
534	923
535	554
536	617
536	628
536	678
536	715
537	692
538	631
538	698
538	918
538	925
538	963
539	923
539	953
540	595
540	751
540	993
541	570
541	916
542	819
543	550
544	668
546	572
547	756
547	828
548	675
549	800
550	673
550	815
551	738
551	795
551	806
551	948
551	980
553	953
554	588
554	783
555	746
555	770
555	861
555	932
556	844
557	697
558	612
558	797
559	778
559	843
559	897
560	615
560	733
561	674
563	657
563	701
564	680
564	771
564	856
565	671
565	762
565	788
565	831
565	869
566	693
567	950
568	692
569	726
570	726
572	612
572	742
572	818
573	932
574	693
574	800
574	857
574	860
576	646
576	786
577	772
577	828
578	828
578	945
579	674
580	777
581	911
582	804
583	874
584	863
585	636
585	894
585	927
586	664
586	875
586	954
587	593
588	897
588	973
589	874
590	675
592	829
592	960
593	776
594	595
594	795
594	890
594	908
596	608
596	643
597	621
597	731
598	928
599	809
600	638
602	946
603	782
603	810
603	842
604	778
604	809
604	933
605	907
606	622
606	854
607	768
607	964
609	951
610	631
610	699
610	947
611	614
611	758
611	772
611	774
612	808
612	822
612	898
612	902
612	950
614	808
616	633
616	724
617	652
617	672
619	910
620	671
621	740
621	905
621	939
623	822
624	689
624	853
626	678
626	873
627	910
627	996
628	700
628	723
628	897
628	984
629	659
629	968
631	969
631	982
632	919
632	933
634	839
634	966
635	779
635	804
635	979
635	994
636	775
636	871
637	666
639	721
639	881
640	881
640	923
641	681
642	832
642	887
643	752
647	699
647	704
647	868
647	898
647	954
647	965
648	685
648	701
650	808
650	984
651	990
652	852
653	721
654	970
655	760
655	828
655	917
656	673
657	750
657	777
657	828
658	687
658	729
658	798
659	836
660	985
662	913
662	994
663	719
663	983
664	731
665	706
665	787
665	983
667	711
667	806
667	879
668	827
668	835
669	822
669	940
671	884
672	929
673	982
676	719
678	859
678	873
678	915
678	920
679	997
680	784
683	865
685	721
685	871
686	760
687	770
688	703
688	824
688	890
689	828
690	712
690	965
693	858
694	699
695	790
696	811
697	758
697	871
697	875
698	886
699	826
701	951
702	818
704	897
704	909
704	958
704	997
705	878
705	932
706	783
706	891
708	984
709	751
709	952
710	748
710	761
710	907
711	811
711	833
714	860
714	936
717	917
717	956
718	804
721	812
722	861
724	794
725	866
725	909
725	994
727	763
728	962
728	975
730	832
730	859
730	921
731	864
731	915
733	736
733	752
733	784
733	828
733	857
734	970
735	845
735	948
736	815
737	766
737	862
737	936
738	961
741	808
741	909
742	991
747	939
750	757
750	839
750	873
750	920
752	900
752	931
753	962
756	909
758	811
759	800
761	833
761	915
761	947
762	815
762	927
763	928
766	868
766	992
769	771
769	779
770	862
775	925
775	931
775	956
776	909
779	912
780	835
780	963
783	949
784	883
786	879
787	978
788	800
788	816
790	912
792	930
793	894
793	951
794	836
794	843
796	809
796	924
796	952
797	964
799	900
803	804
805	815
805	849
805	854
806	911
808	846
810	955
810	974
811	972
815	886
820	998
821	860
821	938
822	908
824	946
827	938
827	956
829	962
829	990
830	988
835	860
835	979
835	998
836	996
837	983
840	982
841	875
842	861
843	988
843	989
844	927
844	958
846	847
847	983
849	852
850	910
850	986
851	922
852	945
858	894
858	912
860	939
860	967
863	944
866	872
869	960
872	913
874	910
874	982
878	892
879	899
880	904
881	944
883	915
888	896
892	908
893	924
895	936
899	976
900	961
903	991
904	921
906	990
907	959
912	981
914	939
915	992
916	950
917	956
919	984
919	994
922	995
927	953
929	989
934	957
937	981
937	993
939	981
946	972
947	971
951	972
953	982
956	974
964	965
966	990