0	49
0	293
0	308
0	775
0	782
0	900
0	953
1	744
2	246
2	392
2	652
3	264
3	334
3	587
4	82
4	283
4	373
4	423
5	385
5	605
5	668
5	734
6	302
6	721
6	737
6	820
7	57
7	82
7	188
7	504
7	846
7	957
8	970
9	214
9	452
9	715
9	931
10	176
11	174
11	207
11	615
12	404
12	597
12	612
12	822
13	501
13	514
13	726
13	982
14	25
14	139
14	217
14	290
14	828
14	835
14	841
14	905
15	181
15	645
15	799
16	222
16	339
16	574
16	790
17	133
17	151
17	427
17	460
17	600
17	615
17	796
18	525
18	584
18	901
18	930
18	968
19	493
19	668
19	919
19	926
20	108
21	208
21	392
21	520
21	642
21	828
21	982
22	481
22	581
22	697
22	713
22	912
23	92
23	116
23	276
23	464
23	531
23	788
23	834
24	97
24	125
24	604
24	779
24	834
25	26
25	72
25	98
25	134
25	141
25	431
25	492
25	669
26	84
26	97
26	293
26	300
26	396
27	373
27	466
27	968
28	85
28	198
28	321
28	953
29	309
29	434
29	668
29	843
29	973
30	532
30	916
30	917
30	970
31	64
31	662
31	795
32	197
32	429
33	96
33	187
33	523
33	659
33	786
33	922
33	961
34	131
34	317
34	607
34	809
35	582
35	794
35	882
36	274
36	371
36	758
36	821
36	997
37	341
37	699
37	780
37	896
38	240
38	391
38	419
38	594
38	906
39	371
39	585
39	640
39	805
40	265
40	542
40	661
40	742
40	979
41	119
41	309
41	916
42	184
42	309
42	539
42	785
42	978
43	136
43	401
43	478
43	545
43	896
44	205
44	606
44	945
45	59
45	579
45	666
45	774
45	891
46	281
47	172
47	254
47	607
47	818
47	990
48	112
48	154
48	699
49	253
49	724
50	255
50	369
50	468
50	558
51	275
51	931
52	113
52	242
52	374
52	561
52	620
53	116
53	422
53	535
53	621
53	844
53	865
54	153
54	203
54	261
54	324
54	356
54	703
54	711
54	732
55	272
55	441
55	760
55	782
55	933
55	937
56	165
56	373
56	422
56	433
57	169
57	495
58	320
58	482
58	690
59	776
59	825
59	838
59	859
59	881
59	919
60	202
61	315
61	393
61	606
61	722
61	911
61	980
62	134
62	542
62	651
63	73
63	308
63	795
63	869
64	115
64	777
64	930
64	994
65	624
65	771
66	157
66	601
66	848
67	262
67	666
67	975
68	194
68	366
69	359
69	500
69	511
70	349
70	358
71	160
71	407
71	433
71	660
72	134
72	366
72	727
72	938
73	235
73	313
73	646
73	763
73	860
73	962
74	294
74	383
74	574
74	807
74	915
74	919
74	950
75	181
75	182
75	254
75	422
75	629
75	708
76	257
76	371
76	539
77	96
77	147
77	315
77	957
78	402
78	503
79	169
79	281
80	108
80	302
80	464
80	579
80	639
80	955
81	854
82	364
82	444
82	575
82	789
82	842
82	916
83	318
83	931
83	989
84	175
84	208
84	331
84	407
84	466
84	602
84	861
85	117
85	195
85	600
85	726
85	757
85	878
86	888
87	140
87	454
87	595
87	818
88	888
89	276
89	425
89	510
89	550
89	556
90	303
90	534
90	821
90	842
91	208
92	582
92	614
92	697
92	866
93	226
93	326
93	345
93	793
93	894
93	990
94	863
94	933
95	136
95	154
95	879
96	144
96	554
96	608
96	970
97	300
97	378
97	439
97	698
98	129
98	332
98	703
99	246
99	748
99	911
100	397
101	207
101	852
102	114
102	144
102	162
102	235
102	402
102	411
102	474
102	520
102	791
103	215
103	350
103	415
103	777
103	792
103	894
104	126
104	668
105	157
105	648
105	701
105	757
106	161
106	526
106	770
106	845
106	883
107	727
108	755
108	954
109	318
109	550
110	309
110	555
110	621
110	922
111	144
111	254
111	381
112	277
112	829
112	972
113	116
113	540
113	839
114	232
114	972
115	236
115	332
115	490
115	513
115	587
115	849
116	150
116	171
116	379
116	539
116	570
117	278
117	769
117	799
118	521
118	768
118	969
119	366
119	367
119	420
119	429
119	571
120	275
120	429
120	690
120	974
121	330
121	590
121	984
122	180
122	283
122	420
122	688
122	846
123	163
123	288
123	472
123	616
124	132
124	216
124	290
124	312
124	473
124	516
124	577
124	720
125	190
125	387
125	509
125	707
125	810
126	782
127	186
127	678
127	858
128	141
128	383
128	439
128	440
128	702
129	496
129	570
129	739
129	755
129	885
129	921
130	475
130	643
130	676
130	859
131	132
131	534
131	725
131	802
131	957
131	992
132	589
132	696
132	960
132	963
133	330
133	408
133	516
133	557
133	637
133	801
133	818
134	231
134	502
134	544
134	953
135	239
135	273
135	302
135	391
135	420
135	651
136	568
136	728
137	201
137	781
138	207
138	330
138	448
138	588
138	691
139	310
139	394
140	165
140	711
141	232
141	592
142	309
142	550
142	790
143	198
143	406
143	442
143	717
144	486
144	659
144	660
144	843
145	201
145	258
145	620
145	973
146	148
146	301
146	425
146	483
146	761
147	210
147	334
147	436
147	535
147	919
148	201
148	210
148	280
148	577
148	765
148	791
148	993
149	224
149	275
149	321
149	368
149	656
149	932
150	772
150	810
150	817
151	785
152	576
152	660
152	730
152	996
153	264
153	292
153	528
153	577
153	971
154	191
154	384
154	638
154	668
155	355
155	633
156	377
156	444
157	226
157	384
157	545
157	615
157	850
158	542
158	826
159	770
159	921
160	574
160	621
160	623
160	812
160	851
161	238
161	852
161	891
162	390
162	751
162	789
163	523
163	712
163	723
163	813
164	452
164	568
164	641
164	751
165	742
165	815
165	858
166	397
167	578
167	743
168	300
168	470
168	723
169	191
169	513
169	898
169	963
170	259
170	344
170	437
170	537
171	296
171	367
171	670
172	950
173	218
173	304
173	534
173	611
173	888
174	250
174	818
174	876
174	888
174	941
175	266
175	310
176	437
176	582
176	640
176	670
176	956
177	227
177	375
177	759
177	763
178	337
178	459
178	874
179	727
180	237
180	451
180	882
181	243
181	675
181	912
182	297
182	358
182	671
182	816
183	212
183	581
184	558
184	587
184	939
185	711
186	529
187	416
187	766
188	830
188	943
189	614
189	619
189	667
190	648
190	685
190	942
191	287
191	490
191	777
191	884
192	239
192	295
192	557
192	675
193	403
193	820
193	941
194	431
194	591
195	666
195	691
195	806
195	858
195	975
196	434
197	519
197	524
197	624
197	836
197	909
198	246
198	299
198	315
198	325
198	334
198	604
198	869
199	401
200	453
200	459
200	509
200	671
201	229
201	272
201	336
201	512
201	631
202	244
202	772
202	957
203	293
203	311
203	563
203	605
203	937
204	214
204	423
204	435
204	478
204	528
204	988
205	221
205	288
205	552
205	971
206	250
206	965
207	333
207	378
207	581
208	726
208	852
208	858
209	553
209	563
209	930
210	518
210	743
210	809
210	834
210	974
211	544
212	518
212	973
213	351
213	749
213	877
213	934
214	872
214	909
214	956
215	940
216	607
216	669
216	990
217	332
217	446
217	552
217	888
218	388
218	517
218	559
218	792
218	988
219	491
219	752
219	991
220	258
220	483
220	672
220	962
221	345
221	944
221	963
222	600
222	640
223	664
223	782
224	654
224	757
225	264
225	289
225	293
225	585
225	848
226	258
226	566
226	603
226	725
226	758
227	341
227	571
227	765
227	868
227	932
228	237
228	468
228	993
229	396
229	399
229	516
229	690
230	685
230	689
231	865
231	907
232	340
232	357
232	522
232	750
232	812
233	347
233	383
233	419
233	774
234	760
235	516
235	629
235	645
235	749
236	325
236	554
236	637
236	753
237	489
237	784
238	293
238	573
238	910
239	513
240	432
240	632
240	882
241	391
241	505
241	509
241	622
242	687
242	747
242	860
242	913
243	275
243	357
243	400
243	447
243	489
243	842
243	963
244	351
244	543
244	677
244	753
244	872
245	308
245	753
245	767
246	871
246	885
246	948
247	548
247	559
247	685
247	767
248	639
248	979
249	929
250	308
250	485
251	649
252	550
252	870
255	352
256	258
257	398
257	411
257	475
257	864
260	666
260	825
260	928
261	646
262	289
262	427
262	701
263	353
263	689
264	403
264	456
264	500
264	720
265	812
266	591
266	726
266	741
267	458
267	617
267	679
268	484
268	718
268	954
269	872
270	589
271	414
271	483
271	813
272	746
273	275
273	634
273	833
273	914
274	470
274	548
274	640
274	848
274	885
275	278
275	396
276	384
276	724
276	892
276	905
277	477
277	656
277	747
277	984
278	577
278	864
278	884
278	924
279	288
279	815
280	433
281	540
281	952
282	378
282	555
282	712
282	722
283	354
283	442
283	528
283	848
283	935
284	371
284	383
284	463
284	505
284	506
284	518
284	604
284	712
285	381
285	605
285	728
286	354
286	443
286	608
286	744
286	901
287	510
287	658
288	448
289	384
289	389
289	663
289	826
289	849
291	310
291	387
291	796
291	816
291	895
292	547
292	863
293	432
293	557
293	721
293	831
294	374
294	381
294	574
294	999
295	351
295	503
296	998
297	679
297	979
298	619
298	668
299	362
299	928
300	448
300	531
301	304
301	702
301	805
302	659
302	865
303	701
303	756
304	414
304	463
304	597
304	932
304	938
305	671
305	893
306	520
306	815
307	636
309	519
309	760
310	448
310	825
310	874
311	349
311	530
311	638
311	737
312	551
312	744
313	703
313	770
313	980
314	333
314	417
314	558
314	579
314	814
314	884
315	657
316	606
316	827
317	340
317	675
317	753
317	815
317	836
318	572
318	717
318	778
318	791
318	838
318	901
319	635
320	322
320	464
320	490
321	381
321	571
321	680
321	838
322	474
322	836
322	999
323	334
323	466
323	572
324	513
324	607
324	692
324	696
324	806
325	648
326	444
327	483
327	529
327	875
328	394
328	462
328	930
329	372
329	416
329	445
329	612
329	698
329	732
329	839
329	879
329	983
330	394
330	627
330	862
330	918
331	670
331	713
331	724
331	827
332	435
332	670
332	899
333	544
333	607
334	618
335	551
335	804
336	590
336	657
336	992
337	515
337	824
338	419
338	721
339	460
339	556
339	662
340	506
340	705
341	409
341	709
341	715
341	927
341	942
341	965
342	462
342	571
342	693
343	691
343	899
345	388
345	449
345	494
345	559
345	644
345	675
345	823
346	652
346	748
346	916
347	371
347	555
347	587
347	629
347	848
347	904
348	988
348	993
349	836
351	794
351	864
352	528
353	512
353	529
353	620
353	865
353	973
354	547
354	599
355	648
355	810
356	427
356	520
356	729
356	947
357	363
357	370
357	741
359	486
359	725
360	402
360	775
360	934
361	386
361	402
361	508
361	757
362	764
362	772
363	496
363	526
363	798
363	812
363	936
364	426
365	435
365	670
366	388
366	867
368	565
368	594
368	623
368	626
368	732
368	793
368	950
368	953
369	456
369	499
369	528
370	629
370	779
371	378
371	521
371	637
371	751
372	436
372	488
372	564
373	671
373	674
373	968
373	986
375	587
376	429
376	522
377	419
377	515
378	485
378	486
378	527
378	931
379	506
379	583
379	826
379	830
380	443
380	579
380	698
380	707
381	553
381	772
382	707
383	413
383	421
383	516
383	743
383	858
384	461
384	569
384	630
384	707
384	877
384	986
385	694
385	791
386	476
386	787
386	841
386	973
387	599
388	400
388	676
388	938
389	731
390	428
390	499
390	645
391	535
391	579
391	611
391	689
391	824
391	833
391	862
392	565
392	570
392	620
392	794
392	965
393	492
393	836
394	397
394	437
394	455
394	593
394	710
394	741
394	757
394	985
395	439
395	600
396	757
396	864
396	875
397	542
397	550
397	602
397	775
397	950
398	634
399	636
399	638
399	642
400	550
400	611
400	614
400	687
400	716
400	990
401	852
401	938
401	986
402	527
402	772
402	979
403	431
403	758
403	942
404	682
404	828
405	807
406	416
406	435
406	707
406	963
406	995
408	625
409	667
409	970
409	998
410	453
410	918
411	425
411	440
411	801
411	976
412	437
412	719
412	939
413	475
413	513
413	521
413	618
414	594
414	947
414	986
415	522
415	837
415	883
415	980
416	490
416	677
416	901
417	472
417	547
417	709
418	847
418	878
420	504
420	917
422	509
422	584
422	623
422	949
423	491
423	573
423	724
424	541
426	449
426	570
426	657
426	685
427	984
428	653
428	803
428	976
429	535
429	773
430	497
430	784
431	433
431	610
432	555
432	944
433	546
433	550
433	911
434	586
435	550
436	440
436	510
436	573
436	589
436	771
437	586
437	640
437	847
438	542
438	624
438	737
438	792
438	825
438	902
438	940
438	959
439	865
440	784
440	803
440	883
440	944
442	619
443	811
444	466
444	788
445	785
445	954
446	614
446	863
447	456
447	954
448	488
448	553
448	903
449	724
450	669
450	778
451	805
452	709
452	802
453	611
453	979
454	539
454	677
454	731
454	795
454	974
455	857
456	621
456	717
456	881
456	924
457	561
457	776
457	816
458	462
459	648
459	679
459	705
459	836
461	565
461	621
462	635
463	489
463	626
463	651
463	756
464	913
464	925
465	658
466	523
466	881
467	536
468	484
468	536
468	844
468	859
468	924
469	517
469	918
470	779
470	787
471	786
471	853
471	861
471	891
472	817
474	638
474	836
474	977
475	476
475	543
475	584
475	640
476	950
477	894
478	523
478	880
479	550
479	706
479	749
479	850
479	870
480	720
480	737
480	903
481	581
481	703
481	917
481	975
482	508
482	682
482	855
483	691
483	911
484	694
484	829
485	811
486	717
486	847
486	967
487	655
487	957
488	940
488	961
489	547
489	778
489	914
491	863
492	627
492	984
493	571
493	637
493	727
493	834
493	884
493	898
494	499
494	505
494	677
494	790
495	537
495	691
495	890
495	895
496	504
496	851
497	809
497	830
498	808
499	950
499	976
501	780
502	546
502	559
502	628
502	696
502	874
503	792
503	929
503	989
504	526
505	680
505	731
505	938
506	584
506	852
506	859
507	562
507	873
508	657
508	836
509	976
510	930
511	588
511	743
512	609
512	713
513	628
513	981
513	987
515	527
515	593
516	535
516	627
516	892
517	644
517	660
517	811
517	813
518	682
518	750
518	890
520	697
520	894
520	989
521	902
521	967
522	904
522	994
523	916
524	857
524	871
524	931
525	707
525	769
525	904
526	926
526	928
527	733
528	590
529	839
530	875
530	897
530	899
531	646
531	774
531	928
532	940
533	546
534	639
534	826
535	716
535	843
536	684
537	896
538	797
538	938
538	979
539	807
543	636
543	788
544	694
544	790
544	981
545	585
545	638
545	816
546	874
546	935
547	910
547	956
547	966
548	661
548	675
548	691
548	733
548	759
549	738
549	796
550	975
551	606
551	693
551	864
552	576
552	677
552	936
553	710
553	722
553	777
554	639
554	953
555	911
556	816
556	891
556	935
557	902
558	736
558	942
559	850
559	866
560	617
561	851
562	766
563	810
564	616
564	631
564	758
565	599
565	782
565	957
565	975
566	893
566	907
567	577
568	610
569	645
569	709
569	892
569	990
570	725
571	783
571	896
571	928
572	826
572	867
573	834
574	859
575	647
575	727
578	892
579	883
579	924
580	778
580	966
580	988
581	940
582	671
583	936
583	949
585	609
585	635
585	672
586	684
586	753
586	768
587	644
587	819
588	745
588	820
589	652
589	796
591	650
591	742
591	985
593	917
594	979
594	991
596	838
598	697
598	747
598	748
599	640
599	905
599	963
600	830
601	855
601	910
604	944
605	717
605	734
605	981
606	800
607	780
607	952
608	842
608	940
609	912
611	663
611	767
611	852
611	886
611	982
613	671
614	644
614	844
614	906
615	907
615	924
616	944
617	829
617	966
618	797
618	935
619	852
619	920
621	671
622	858
622	955
623	851
624	819
625	938
626	670
626	781
626	928
626	947
627	802
627	872
628	796
628	959
629	925
629	961
631	847
632	863
633	694
633	774
634	739
634	861
634	931
634	962
635	882
637	729
639	802
639	939
641	647
641	969
642	801
642	996
643	707
644	781
645	762
646	721
646	944
647	684
647	821
648	764
649	810
649	983
651	874
652	847
652	955
653	699
654	828
655	948
656	750
656	792
656	830
656	870
656	890
657	743
657	809
658	993
659	781
660	760
662	701
662	755
662	838
663	682
664	673
665	835
666	971
669	817
669	840
670	770
671	768
672	903
674	926
675	866
676	689
676	932
677	832
679	719
679	769
680	711
680	737
680	878
681	912
681	923
683	694
684	691
684	755
684	967
686	723
686	932
687	934
687	987
688	878
690	850
690	876
690	953
690	964
691	805
691	981
692	895
693	941
694	703
694	741
694	905
695	963
696	807
699	772
699	835
699	946
700	705
700	845
701	931
702	787
703	864
704	775
704	942
705	855
706	897
706	928
707	782
707	922
707	948
710	722
710	731
712	721
712	847
713	841
713	914
714	806
714	927
715	965
716	780
718	832
718	967
719	785
720	762
721	764
722	962
724	857
725	888
725	981
726	967
727	812
727	848
730	977
731	903
732	914
733	864
733	932
735	750
735	813
735	856
736	753
738	900
738	934
739	810
739	980
740	757
740	978
741	782
741	809
741	813
744	930
744	983
746	833
750	892
751	814
751	973
754	817
755	936
762	860
763	825
764	838
767	833
767	929
773	812
773	847
773	906
773	913
773	959
773	979
774	986
775	987
777	891
777	937
778	804
778	837
778	972
779	787
779	843
779	938
780	908
782	872
786	833
786	962
789	928
789	969
791	815
791	970
791	980
792	854
793	987
794	931
796	982
799	839
800	900
801	859
803	884
804	868
804	970
804	991
807	965
808	899
808	950
814	946
816	921
817	891
817	898
819	854
820	866
824	826
824	976
825	925
827	833
830	978
831	940
832	876
834	844
834	960
834	996
845	894
845	922
850	857
850	877
851	885
858	927
859	867
859	917
863	948
863	966
866	889
868	922
868	965
871	926
875	948
877	901
881	974
887	936
888	908
895	942
896	954
898	951
899	987
901	968
903	942
903	997
904	909
904	935
906	980
906	990
908	943
911	984
912	959
914	923
923	987
928	968
929	969
936	994
940	981
945	954
947	997
953	999
958	983
973	994
989	994