0	4
0	58
0	118
0	193
0	280
0	289
0	528
0	979
1	226
1	390
1	396
1	498
1	605
1	923
1	977
2	149
2	190
2	551
2	759
3	764
3	767
3	963
3	978
4	419
4	521
4	858
5	352
5	393
5	490
6	83
6	460
6	514
6	547
6	588
6	851
6	926
7	240
7	373
7	469
7	982
8	464
8	679
8	795
8	945
9	420
9	444
9	720
9	956
10	370
10	371
10	392
10	532
10	697
11	177
11	302
11	322
11	362
11	412
11	435
11	656
11	843
11	863
11	901
12	78
12	903
13	19
13	139
13	232
13	328
13	465
13	532
13	883
13	963
13	982
14	427
14	635
15	60
15	156
15	347
15	663
15	833
16	396
16	718
16	857
17	338
17	446
17	835
18	360
18	471
18	519
18	650
19	148
19	718
19	904
20	187
20	444
20	568
20	708
20	752
20	888
20	997
21	604
21	655
21	778
21	831
22	663
23	135
23	527
23	582
23	742
23	896
24	606
24	626
24	754
24	789
24	837
25	179
25	576
25	720
26	58
26	439
26	869
27	69
27	964
28	85
28	185
28	357
28	638
28	843
29	264
29	325
29	396
29	637
29	671
29	998
30	435
30	750
30	857
31	267
31	643
31	692
32	618
32	631
32	704
32	822
32	931
32	954
33	206
33	529
33	567
33	932
34	220
34	367
34	536
34	759
35	220
35	302
35	717
36	222
36	241
36	611
36	748
36	895
37	178
37	368
37	377
37	710
37	894
38	132
38	286
38	333
38	571
38	600
38	823
38	852
39	46
39	402
39	482
39	629
39	826
40	197
41	220
41	320
41	532
41	778
42	47
42	570
42	728
42	769
42	934
43	114
43	370
43	379
44	181
44	568
45	77
45	227
45	588
45	928
46	204
46	482
46	877
46	880
46	982
47	94
47	489
47	544
47	647
47	721
48	265
48	538
48	582
48	703
48	923
49	386
49	399
49	404
49	602
50	116
50	345
50	366
50	502
50	932
50	947
51	594
52	59
52	232
52	332
52	385
52	424
52	749
53	401
53	419
53	444
53	482
53	546
53	732
53	821
54	334
54	366
54	413
54	591
54	744
54	825
54	909
55	160
55	269
55	466
55	670
55	806
55	817
56	235
56	494
57	151
57	299
57	575
57	718
57	763
58	276
58	554
58	761
59	97
59	134
59	230
59	963
60	540
60	565
60	699
60	814
61	177
61	325
62	458
62	594
62	777
63	82
63	83
63	822
63	865
64	704
64	886
65	334
65	392
65	610
65	770
65	959
66	100
66	726
67	609
67	857
67	989
68	258
68	683
68	776
68	976
69	422
69	452
70	326
71	76
71	168
71	319
71	334
71	541
71	962
72	195
72	342
72	481
72	485
72	911
73	585
74	261
74	696
74	938
75	660
75	732
75	836
76	383
76	714
77	607
77	654
77	878
78	232
78	394
79	212
79	260
79	292
79	398
79	453
79	558
79	881
79	882
80	263
80	327
80	695
81	126
81	626
82	447
82	565
82	666
82	803
83	275
83	332
83	455
83	588
83	893
83	935
84	601
84	826
84	842
84	864
85	181
85	193
85	325
85	657
85	821
85	851
85	912
86	198
86	236
86	736
86	998
87	575
87	703
87	799
88	138
88	875
89	366
89	369
89	926
90	105
90	543
90	640
90	716
90	939
90	940
91	109
91	464
91	466
91	468
91	544
91	820
91	862
91	904
92	526
92	619
92	847
92	946
93	144
93	199
93	873
93	968
94	126
94	162
94	230
94	331
95	740
95	818
95	901
96	464
96	864
97	548
97	781
98	158
98	634
98	690
98	733
98	961
98	971
99	437
99	582
99	709
99	911
99	999
100	487
100	832
100	887
101	525
101	555
101	581
102	118
102	502
102	745
103	179
103	709
103	724
103	731
103	787
104	162
104	683
104	885
104	904
105	387
105	888
106	419
106	633
106	978
107	163
107	328
107	454
107	530
107	694
108	166
109	164
109	356
109	384
109	508
109	792
109	869
109	978
110	506
110	846
111	128
111	195
111	553
111	569
111	987
112	491
112	765
112	974
113	321
114	201
114	561
114	816
114	918
114	971
115	213
115	421
115	466
115	509
115	651
115	947
116	405
116	624
116	901
117	527
117	605
117	757
117	902
118	151
118	219
118	458
119	485
119	546
119	573
120	448
120	591
120	829
121	268
121	282
121	725
121	969
122	583
123	383
123	494
123	831
124	361
124	923
125	127
125	902
126	127
126	147
126	224
126	773
127	244
127	605
128	704
129	404
129	445
129	470
129	608
129	824
129	853
129	935
129	939
130	738
130	845
131	735
132	214
132	229
132	278
132	485
132	567
132	733
132	857
133	187
133	305
133	441
134	818
134	955
135	249
135	448
135	482
135	765
136	153
136	188
136	571
137	399
137	864
137	930
137	995
138	523
138	645
138	661
138	687
138	812
139	168
139	209
139	460
139	526
139	691
139	723
140	266
140	430
140	813
140	894
140	924
140	991
141	255
141	317
141	541
141	814
142	262
142	550
142	570
143	813
143	868
143	894
144	395
144	404
144	852
145	230
145	694
145	963
146	278
146	281
146	390
146	714
146	813
146	905
147	401
147	826
148	159
148	176
148	620
148	747
148	868
149	219
149	273
149	653
149	705
150	443
150	815
150	817
150	999
151	839
151	883
152	321
152	495
153	304
154	199
154	275
154	614
155	506
155	848
157	613
157	939
158	273
158	421
158	591
159	341
159	832
161	875
161	900
162	436
162	527
162	665
162	702
163	223
163	283
163	312
163	515
163	523
163	710
163	780
163	800
163	895
164	624
164	895
165	185
165	254
165	452
165	872
165	899
166	423
166	567
167	322
167	534
167	625
168	411
168	516
168	944
168	951
169	268
169	406
169	589
169	590
170	753
171	217
171	533
171	565
171	620
171	739
172	421
172	613
173	400
173	963
174	425
174	472
174	575
174	725
175	936
176	313
176	356
176	756
176	914
176	956
176	974
177	424
177	636
177	638
177	699
178	180
178	797
178	933
179	556
180	769
180	894
181	226
181	376
181	471
181	777
182	275
182	306
182	423
183	379
183	633
183	935
183	936
184	417
185	246
185	326
185	417
185	492
185	663
186	320
186	360
186	821
186	863
186	876
186	949
187	192
187	679
187	940
188	245
188	295
188	505
189	309
189	429
189	486
189	662
189	730
190	364
190	394
190	914
191	445
191	461
191	824
191	907
192	340
192	858
192	950
193	312
193	445
193	446
193	665
193	718
193	840
194	225
194	601
194	641
194	867
195	291
195	353
195	791
195	852
196	432
196	627
197	256
197	323
197	576
197	584
197	594
197	916
198	404
198	987
199	439
199	617
200	202
200	458
200	486
201	274
201	512
201	946
201	992
202	219
202	266
202	329
202	684
202	813
203	763
203	875
204	538
204	857
205	727
206	252
206	490
206	496
206	759
207	283
207	432
207	675
207	738
207	764
208	345
208	525
208	663
209	537
210	579
211	292
211	467
211	529
211	571
211	710
212	555
212	741
212	800
213	274
213	287
213	366
213	682
214	613
214	632
214	872
215	695
215	835
216	537
216	567
216	653
216	752
217	277
217	360
217	653
217	816
217	906
218	224
218	398
218	875
218	878
218	886
219	435
219	775
221	259
221	261
221	262
221	752
221	761
221	831
222	739
222	818
223	361
223	392
224	342
224	344
224	637
224	782
224	813
224	988
225	229
225	353
225	736
225	764
226	236
226	908
227	268
227	356
227	424
227	560
227	863
227	921
228	318
228	589
228	789
229	464
230	470
231	417
231	649
231	756
231	867
231	958
231	994
232	278
232	365
232	442
232	521
232	916
233	304
233	315
234	675
235	488
236	453
237	791
237	857
238	616
238	701
239	386
239	814
240	380
240	722
240	920
240	929
241	272
241	411
241	583
241	907
242	302
242	423
242	576
242	581
242	731
243	248
243	420
243	509
243	648
243	714
243	856
243	893
244	642
244	994
245	763
245	801
246	715
247	462
247	596
248	899
250	274
250	320
250	327
250	781
250	956
251	796
252	263
252	549
252	811
253	480
253	535
253	697
253	762
253	939
254	601
254	745
254	956
255	411
255	535
255	658
255	699
255	847
256	734
256	845
256	903
256	919
257	646
257	775
258	405
258	511
258	534
258	781
259	406
259	505
259	575
259	619
259	815
259	904
260	600
260	898
261	406
261	424
261	529
261	563
261	983
262	391
262	758
263	272
263	373
263	535
263	711
264	267
264	700
264	980
265	294
265	331
265	378
265	505
266	596
266	727
266	910
267	412
267	417
267	532
267	826
267	975
268	298
268	310
269	468
269	653
269	756
269	918
270	531
270	785
271	521
271	769
271	924
271	989
272	423
273	281
273	329
273	387
273	552
273	625
273	728
273	754
274	377
274	385
274	792
275	855
276	616
276	759
276	976
276	995
277	857
278	521
279	285
279	531
279	683
279	851
279	876
280	982
281	402
281	855
282	303
282	425
282	545
284	394
284	401
284	439
284	604
284	811
285	830
285	937
286	435
286	581
287	447
287	922
287	953
288	513
288	551
288	587
289	381
290	345
290	600
290	626
290	769
290	947
290	975
291	447
291	841
292	421
292	956
293	295
293	395
293	461
293	481
293	998
294	867
295	457
295	565
295	676
295	927
296	515
296	833
296	874
297	562
297	756
297	871
298	342
298	354
298	455
298	466
298	682
298	859
299	555
299	787
299	930
300	412
300	594
300	831
301	597
301	730
301	904
303	631
303	801
304	372
304	411
304	496
304	618
304	684
304	837
305	427
305	737
306	780
307	420
307	738
307	901
308	360
309	636
309	693
309	870
309	890
311	960
313	329
313	878
313	957
314	436
315	432
315	957
316	491
316	690
316	754
316	851
317	686
317	852
318	325
318	466
319	332
319	893
320	414
320	500
320	514
320	710
320	832
321	963
322	637
322	909
323	473
323	642
324	452
324	588
324	636
324	940
325	898
326	612
326	702
326	983
327	439
327	620
327	809
327	939
328	595
328	619
328	635
329	494
329	635
329	713
329	840
329	889
330	615
330	631
331	374
331	601
331	669
331	770
331	787
332	640
332	793
332	878
332	932
332	955
333	409
333	713
334	895
335	612
335	648
335	697
335	939
335	981
336	416
336	420
336	624
337	475
337	709
337	738
338	482
338	635
339	981
341	965
342	355
342	374
342	712
343	899
344	702
345	605
345	608
345	800
345	920
345	929
345	967
346	803
347	534
347	552
347	629
347	929
347	934
348	370
348	590
349	356
349	477
349	514
349	772
349	859
349	914
350	409
350	902
350	991
351	379
352	422
353	541
353	654
353	856
353	879
353	972
354	438
354	647
354	741
354	986
355	492
355	628
355	848
355	975
356	627
356	985
357	752
357	859
358	449
358	568
358	781
358	793
358	961
359	687
359	742
360	937
362	554
362	592
362	834
363	871
364	422
364	474
364	500
364	656
364	758
365	461
365	616
366	491
366	720
367	677
368	607
368	767
368	816
370	618
370	681
371	440
372	715
372	763
373	421
373	591
373	639
374	533
374	555
374	904
375	583
375	609
376	720
376	966
377	456
378	454
378	488
378	548
378	668
378	673
378	863
379	411
379	579
379	678
380	608
380	821
381	428
381	473
381	799
381	817
381	909
382	419
382	763
382	851
383	558
384	927
385	512
385	876
385	940
386	486
386	850
386	893
387	430
387	449
387	581
387	676
388	413
388	560
388	977
389	878
390	690
391	623
392	408
392	640
392	815
392	913
392	970
393	486
393	587
393	601
394	402
394	705
394	748
394	849
394	986
396	698
396	912
396	986
397	472
397	628
398	547
398	694
398	710
398	948
399	460
400	533
400	611
400	628
400	772
400	953
400	958
401	445
401	663
401	979
402	410
403	919
404	853
404	855
404	972
405	773
405	908
406	433
406	439
406	453
406	737
406	813
407	807
407	861
407	875
407	903
408	948
409	552
409	640
409	843
411	612
411	786
412	446
412	548
413	419
413	603
414	518
414	933
415	564
416	427
416	576
416	741
416	954
417	418
417	448
417	467
417	960
418	567
418	917
419	911
419	928
420	821
421	628
421	832
422	481
422	961
423	499
423	698
423	956
424	476
425	514
425	517
426	535
426	753
427	551
428	645
428	670
429	468
429	498
429	549
429	807
430	665
431	593
431	688
431	888
431	914
433	579
433	632
433	673
434	535
434	839
435	564
435	713
435	793
435	976
436	555
436	583
436	587
436	600
436	690
436	982
437	813
437	925
437	986
437	995
438	566
439	475
439	743
440	726
440	894
441	636
441	814
441	882
441	954
442	821
444	568
444	615
444	623
444	690
444	719
444	868
444	943
446	738
446	763
447	505
447	512
447	560
447	612
447	819
448	706
448	747
448	751
448	887
449	764
449	777
450	751
451	672
451	818
451	868
451	869
451	885
452	635
452	692
452	737
452	885
452	923
453	462
453	483
453	500
453	539
453	575
455	631
455	923
455	958
456	711
456	971
458	524
458	862
458	977
459	814
460	529
460	650
460	685
463	856
464	918
465	598
465	709
465	715
465	977
466	668
466	886
467	684
469	475
469	587
469	625
469	663
470	488
470	797
470	926
471	962
472	553
473	775
473	992
474	881
474	999
475	601
475	697
475	827
475	955
478	941
479	771
479	785
479	833
481	822
481	902
482	871
482	905
482	921
483	614
484	627
486	847
486	871
487	992
488	688
488	745
489	724
489	858
489	874
490	495
490	543
490	903
492	637
492	660
492	726
493	819
494	502
494	641
494	874
494	938
496	532
496	762
497	602
498	599
498	999
499	523
499	591
499	689
500	615
500	666
500	936
501	706
501	827
501	841
502	781
503	685
503	805
503	811
504	727
505	679
505	961
506	864
507	575
507	903
507	965
508	713
508	744
508	765
508	992
510	907
510	984
510	997
511	721
512	513
512	569
512	641
512	680
512	884
513	536
513	874
513	898
513	956
513	997
515	942
516	663
516	689
516	819
516	845
516	869
518	813
518	905
519	790
520	669
520	700
520	740
521	727
522	540
522	700
522	792
523	854
523	945
524	564
524	617
524	654
524	672
524	842
524	863
524	983
525	989
526	833
526	853
527	662
527	746
527	997
528	988
529	630
529	959
530	818
531	711
531	728
531	761
532	915
533	723
533	805
533	978
534	824
534	867
535	571
535	916
536	687
536	766
536	910
537	943
537	947
537	961
538	603
538	731
538	802
538	969
539	616
539	693
540	685
540	832
540	961
541	860
541	912
542	663
542	681
542	874
543	788
543	968
543	976
544	674
544	728
545	955
547	637
547	826
547	940
548	613
548	782
548	890
549	663
549	774
551	880
551	895
551	966
551	974
552	668
552	783
552	916
552	967
552	988
553	807
555	631
556	583
556	712
557	620
557	635
557	713
557	840
557	917
558	746
559	831
559	929
561	658
564	705
564	733
565	660
565	744
566	826
566	951
567	602
567	830
569	711
569	732
569	793
570	595
571	601
571	623
571	669
571	716
572	580
572	841
574	715
574	787
575	779
575	892
576	652
576	702
576	724
576	744
577	597
577	695
577	951
578	823
578	833
579	670
581	743
581	745
582	690
582	955
582	998
583	596
583	628
583	865
583	894
583	954
584	643
584	842
584	876
585	617
586	704
586	792
586	826
586	871
588	756
589	693
591	721
591	966
592	706
593	712
593	795
594	714
594	788
594	962
595	950
596	828
596	895
597	677
598	617
598	897
598	971
599	776
599	991
601	658
601	735
602	823
602	893
603	718
603	798
605	730
605	918
605	954
607	645
607	859
607	965
607	987
608	944
609	717
609	963
610	644
610	748
610	749
612	720
612	844
612	974
613	989
614	723
615	818
615	900
617	660
617	794
617	797
617	833
618	641
618	664
619	674
619	755
619	942
620	861
621	742
622	719
622	871
623	707
624	882
625	739
625	802
625	954
626	927
628	821
631	652
631	737
632	712
632	920
632	977
636	828
636	862
637	881
637	883
637	985
639	707
639	734
639	891
639	897
639	949
640	830
640	833
642	819
642	845
642	948
642	995
643	857
644	883
644	958
645	681
645	786
645	808
647	664
647	707
647	924
648	824
651	664
651	726
651	804
651	858
651	859
653	997
654	708
654	966
655	816
656	661
657	762
657	910
658	949
659	777
660	732
661	808
661	847
662	870
663	666
663	810
664	878
664	965
665	735
665	907
665	915
666	824
667	713
667	855
669	688
669	940
670	816
670	976
671	752
672	802
672	845
672	890
675	770
675	815
675	937
676	873
677	752
677	831
677	993
678	779
678	794
681	838
681	890
681	938
684	889
684	973
685	893
688	838
688	927
689	834
690	706
691	795
691	844
692	803
692	833
692	917
692	945
692	977
693	778
693	816
693	834
693	973
694	737
694	841
694	996
695	829
696	811
696	847
696	880
697	882
699	998
701	942
702	806
702	919
704	721
705	794
706	963
709	758
709	803
709	870
713	822
713	837
715	752
715	802
716	736
718	904
721	761
721	953
723	762
723	776
723	956
723	998
724	913
725	886
726	744
726	887
727	851
729	752
729	785
730	889
731	919
731	975
732	848
733	833
734	810
736	795
736	976
737	934
738	761
739	826
739	845
740	941
744	990
747	815
747	905
748	886
748	942
749	904
752	933
753	986
754	923
756	856
758	949
759	863
759	953
760	870
760	984
761	930
761	952
763	981
765	837
765	917
768	799
769	779
769	812
770	815
771	896
772	890
774	926
774	989
777	938
780	807
780	963
782	981
784	796
787	990
788	917
790	820
791	801
793	811
794	835
795	931
795	939
796	978
798	879
798	955
800	965
801	928
805	959
807	918
807	998
809	944
810	892
812	982
813	839
816	860
818	993
821	858
822	852
823	857
824	875
824	877
824	892
824	989
827	934
828	974
832	854
832	911
834	935
839	860
840	938
841	970
843	892
844	970
847	866
848	906
850	851
850	860
852	940
852	958
854	906
858	931
862	990
863	945
864	998
870	923
871	966
881	934
890	981
891	907
892	941
895	999
898	976
901	964
902	930
902	968
905	907
907	924
908	983
910	944
920	972
924	963
927	988
934	985
938	977
946	955
947	953
948	995
953	995
955	956
955	963
964	983
964	996
965	987
976	982