0	101
0	349
0	495
0	561
0	605
0	823
1	215
2	195
2	729
2	893
3	427
3	464
3	690
3	729
3	844
4	37
4	406
4	668
5	77
5	225
5	242
5	530
5	699
6	99
6	360
6	573
7	518
7	817
7	937
8	97
8	369
8	379
8	465
9	998
10	219
10	695
10	927
11	647
11	712
12	70
12	675
12	717
12	791
12	931
13	332
13	341
13	961
13	974
14	146
14	305
14	467
14	571
14	753
15	338
16	48
16	246
16	256
16	270
16	507
16	776
16	835
16	924
17	19
17	166
17	199
17	233
17	275
17	599
17	682
17	866
17	871
17	965
18	37
18	270
18	612
19	73
19	458
19	510
19	538
19	771
19	885
20	142
21	63
21	87
21	330
21	363
21	532
22	484
22	886
23	595
24	650
24	681
24	838
25	135
25	501
25	677
25	698
25	721
25	743
26	160
26	308
26	492
26	987
27	206
27	460
27	479
27	610
27	920
28	372
28	545
28	584
28	603
28	872
29	79
29	286
29	692
29	694
29	818
30	761
30	867
30	944
31	392
31	434
32	397
32	413
32	456
33	122
33	207
33	394
34	399
34	493
35	284
36	64
36	489
36	994
37	91
37	475
37	753
38	512
38	581
39	70
39	326
39	600
39	829
40	60
40	969
41	80
41	459
41	569
41	930
42	54
42	635
42	883
42	978
43	62
43	416
43	531
44	577
44	582
44	772
45	198
45	436
45	477
45	686
45	878
45	969
46	844
46	901
47	550
48	572
48	916
49	60
49	236
49	504
50	611
51	112
51	472
51	719
52	97
52	98
52	145
52	921
53	62
53	157
53	238
53	260
53	422
53	469
53	574
54	194
54	268
54	314
54	628
55	513
55	634
56	580
56	633
57	173
57	395
57	412
57	460
58	213
59	431
59	783
60	150
60	636
60	714
61	828
62	79
62	180
62	224
62	242
63	734
63	818
63	949
64	722
64	848
64	948
64	965
65	73
65	98
65	731
66	196
66	203
66	291
66	686
66	763
66	977
67	591
67	678
68	672
68	704
68	782
68	911
68	923
69	83
69	85
69	890
70	560
70	571
70	705
70	717
70	741
70	815
71	183
71	322
71	550
71	589
71	610
71	642
71	753
71	940
72	256
72	435
72	436
72	906
72	929
73	250
73	605
73	787
74	250
74	267
74	364
74	457
74	663
74	808
75	534
75	825
75	866
76	318
76	740
77	270
77	487
78	193
79	395
79	426
79	545
79	714
79	765
80	321
80	366
80	751
80	810
80	891
81	304
81	909
81	947
82	592
82	711
82	732
82	804
82	948
82	969
83	137
83	177
83	279
83	393
83	491
84	278
84	372
84	583
84	588
84	960
85	262
85	694
85	763
85	809
85	933
85	949
86	242
86	745
87	231
87	459
87	555
87	598
87	759
88	450
88	495
88	577
88	617
89	481
89	565
89	914
90	226
92	167
92	595
93	212
93	223
93	406
93	535
93	635
93	892
94	374
94	688
95	639
95	735
96	195
96	605
96	771
97	222
97	599
97	907
98	684
98	754
98	797
98	985
99	149
99	423
99	632
99	908
99	965
100	217
100	301
100	388
100	561
100	904
101	213
101	528
101	542
101	820
101	894
101	997
102	560
102	825
103	579
104	428
104	822
105	257
105	386
105	825
105	896
106	552
106	973
107	157
108	282
108	613
109	130
109	568
109	739
110	117
110	664
110	695
111	479
111	884
112	225
112	688
113	594
113	683
113	704
113	771
113	958
114	645
114	662
114	834
114	858
115	214
115	554
116	324
116	450
116	714
117	388
117	572
117	649
118	767
119	422
120	375
120	512
120	618
120	996
121	257
121	455
121	460
121	729
121	874
122	194
122	208
122	975
123	161
123	414
123	497
124	167
124	618
124	821
124	908
124	991
125	393
125	783
125	838
125	997
126	189
126	368
126	582
126	730
127	334
127	619
127	733
127	945
128	170
128	182
128	336
128	735
128	927
129	311
129	579
129	610
130	192
130	201
130	615
130	791
131	222
131	350
131	356
131	708
131	747
131	853
132	162
132	805
133	150
133	209
133	277
133	301
133	458
133	689
133	783
134	608
134	721
135	700
135	974
136	227
136	353
137	682
137	752
138	765
138	823
139	161
139	185
139	354
139	621
139	637
139	645
140	274
140	965
141	603
142	298
142	470
142	990
143	601
144	358
144	490
145	353
145	616
145	691
145	878
146	453
146	551
146	605
146	784
146	944
147	391
148	164
148	303
148	398
148	443
148	709
149	462
149	598
149	636
150	772
151	168
151	457
151	579
151	634
152	162
152	273
152	834
153	285
153	582
154	190
154	272
154	584
154	907
155	396
156	199
156	272
156	374
156	497
156	546
156	744
157	533
157	974
158	203
158	596
158	623
158	898
159	225
159	306
159	714
159	816
159	818
159	970
160	453
160	659
160	973
161	176
161	251
161	306
161	733
161	832
161	879
162	418
162	813
163	425
163	873
164	403
164	529
164	736
164	928
165	298
165	525
165	801
165	847
165	986
166	654
167	905
168	231
168	242
168	270
168	282
168	555
168	566
168	918
169	239
169	290
169	331
169	506
169	609
169	638
169	744
169	811
169	853
170	301
170	312
171	422
171	584
171	662
171	962
172	727
172	988
173	280
173	462
173	779
174	273
174	439
174	705
174	884
175	360
175	835
176	274
176	506
177	382
177	938
177	957
178	199
178	440
178	638
178	681
179	275
179	324
179	344
179	350
179	591
179	978
180	442
180	608
180	919
181	448
182	340
182	426
182	646
182	691
182	781
182	784
182	844
182	903
182	969
183	392
183	516
183	526
183	543
183	794
184	257
184	446
184	454
184	566
185	352
186	399
186	590
186	818
186	911
187	209
187	385
187	613
187	705
188	354
188	579
188	724
189	225
189	329
189	576
189	636
189	709
190	199
190	491
190	877
190	970
190	987
191	242
191	631
191	982
192	571
193	553
193	943
194	533
194	612
194	789
194	845
195	281
195	462
195	667
195	895
196	394
196	650
196	778
196	992
197	917
198	317
198	429
198	432
198	672
198	962
199	795
199	892
199	965
200	545
200	658
201	616
202	729
203	378
204	287
204	320
204	845
205	651
205	672
205	878
205	951
206	244
206	576
206	978
207	397
207	410
207	611
207	634
208	221
209	239
209	346
209	351
209	427
209	855
209	965
210	642
210	787
210	970
210	971
211	493
211	608
211	640
211	884
211	921
211	933
212	981
213	365
213	402
213	491
213	794
214	268
214	454
214	491
214	687
214	881
215	360
215	875
216	346
216	497
216	648
217	352
218	417
218	614
219	870
219	919
220	526
220	540
221	436
221	505
221	995
222	268
222	323
222	614
222	959
223	294
223	308
223	751
223	952
224	294
224	683
224	972
225	318
225	334
225	481
225	513
225	722
225	933
225	993
226	424
227	512
227	626
227	685
227	713
228	239
228	426
228	669
229	581
229	700
229	749
229	785
229	861
230	377
230	493
230	734
230	856
231	507
231	655
231	915
231	957
231	988
232	235
232	309
232	577
233	426
233	741
234	963
234	966
235	323
235	727
235	920
236	372
236	448
236	455
236	459
236	474
236	615
236	954
237	259
237	333
237	694
237	759
237	974
238	351
238	383
238	633
238	701
238	896
239	427
239	930
239	937
240	391
240	412
240	580
240	599
240	667
241	311
241	716
241	926
242	816
242	825
242	901
242	938
242	953
243	277
243	373
243	381
243	770
244	260
244	353
244	451
244	597
244	601
245	288
245	391
245	723
245	816
245	888
246	402
246	769
247	296
247	725
247	945
248	296
249	605
249	695
249	697
249	889
250	571
250	606
250	820
251	530
252	332
252	549
253	419
253	792
254	290
254	979
255	431
255	556
255	638
255	663
255	683
256	465
256	720
257	378
257	470
257	942
258	500
258	630
258	780
258	814
258	959
259	267
259	794
260	521
261	633
261	796
262	736
263	291
263	309
263	736
263	912
264	720
264	839
264	868
264	900
265	675
265	986
266	286
266	408
266	574
266	604
266	829
266	870
267	514
267	945
268	553
268	664
269	355
269	382
270	406
271	293
271	450
271	822
272	736
273	380
273	472
273	632
273	687
273	892
274	322
274	349
274	377
274	767
274	832
274	870
274	940
275	824
275	899
276	570
277	642
277	722
277	822
277	878
277	928
278	308
278	548
278	570
278	628
278	660
278	857
279	397
279	614
279	705
279	811
280	475
280	551
281	534
281	723
282	412
282	645
282	692
282	970
283	859
284	325
284	874
284	960
285	358
285	860
285	921
286	599
286	639
286	972
287	476
288	504
288	730
288	849
288	864
289	842
290	593
290	915
291	958
292	719
292	846
292	868
293	367
293	503
293	550
293	633
293	647
293	671
293	704
293	738
293	775
294	297
294	493
295	652
295	886
296	719
296	910
297	643
297	702
297	705
297	740
298	620
299	911
299	940
300	528
300	657
300	874
301	434
301	489
301	507
301	826
301	878
302	945
303	470
304	482
304	788
305	516
306	348
306	885
307	855
308	545
308	862
308	917
309	564
310	496
310	719
310	879
311	536
311	633
311	725
311	895
312	668
312	698
312	852
313	362
314	532
314	596
314	806
315	404
315	794
315	975
315	998
316	425
316	457
316	601
316	751
318	394
318	606
318	820
319	436
319	519
319	699
319	972
320	358
320	459
320	620
320	999
321	577
321	700
321	721
322	361
322	641
322	708
322	820
323	491
323	921
324	546
324	737
325	473
325	813
325	826
327	483
327	969
328	396
328	542
328	621
328	685
329	456
329	496
329	808
329	933
330	831
331	359
331	434
331	617
332	458
332	707
333	507
333	664
333	894
334	636
334	822
335	513
335	516
336	382
336	529
336	673
336	905
336	988
337	364
337	443
338	347
339	408
339	426
339	458
339	566
339	810
339	893
340	438
340	659
340	669
340	690
340	699
340	820
340	895
341	343
341	393
341	454
341	531
341	791
342	441
343	605
344	747
345	504
345	979
346	432
346	464
346	492
346	725
346	807
347	623
347	793
348	548
348	591
348	713
348	851
348	918
349	424
349	516
349	593
349	879
351	487
351	582
351	653
351	745
351	821
351	880
351	885
352	576
352	907
353	728
354	632
354	680
354	750
355	361
355	981
356	739
357	414
357	435
357	443
357	643
357	657
357	841
358	384
360	647
361	594
361	837
362	540
363	422
363	898
363	926
364	701
365	647
365	762
366	394
366	525
366	738
366	789
366	856
367	372
367	741
367	900
368	372
368	499
368	506
368	801
369	708
369	810
370	467
370	539
370	566
370	837
371	425
371	541
371	568
371	820
371	894
372	831
373	615
373	801
374	456
374	517
375	432
375	629
375	656
376	501
376	779
377	525
377	546
377	799
377	896
378	699
379	592
379	933
380	585
380	838
380	859
380	960
381	691
381	744
381	820
381	824
381	945
382	863
382	869
383	514
384	663
384	753
384	809
385	468
385	928
386	418
386	604
386	640
386	779
386	886
386	963
387	477
388	794
389	658
389	843
390	622
390	657
390	807
390	839
392	473
392	568
392	681
393	403
393	601
394	827
394	873
395	926
396	554
396	572
397	530
397	785
397	810
397	883
397	885
398	601
398	776
399	545
399	740
399	839
399	872
399	895
399	999
400	667
400	839
401	509
401	823
401	871
401	952
402	697
403	726
403	869
404	463
405	860
405	998
406	430
406	487
406	638
407	472
407	536
407	610
407	706
407	900
408	655
408	694
409	586
409	612
409	650
409	797
410	509
410	812
410	837
411	523
411	548
411	745
411	915
412	566
414	434
414	494
414	627
415	471
415	633
415	732
416	641
417	418
417	791
417	885
417	911
418	508
418	657
420	537
420	967
421	444
421	469
421	724
421	915
422	613
422	903
423	509
423	868
424	803
424	915
425	470
425	531
425	604
425	605
426	515
426	527
426	595
427	646
427	665
427	956
429	463
429	554
429	636
429	714
429	747
430	572
430	586
430	602
430	639
431	785
431	786
431	976
432	472
432	874
433	457
433	653
435	527
435	580
435	618
436	909
437	651
437	856
438	517
438	635
439	727
439	937
440	635
441	519
441	715
442	584
442	704
442	834
442	859
442	990
443	754
443	980
444	577
444	708
444	959
445	587
445	753
445	854
445	876
446	819
447	955
448	512
448	519
448	755
448	846
448	926
449	495
449	516
449	578
449	836
450	897
451	803
451	933
452	700
453	651
453	701
454	545
454	601
454	734
455	572
455	924
455	951
455	989
456	519
456	524
456	826
456	830
456	954
457	497
457	510
457	676
457	845
458	518
459	521
459	633
459	727
459	897
460	794
460	829
460	831
460	858
461	776
461	786
461	835
462	641
462	816
462	999
463	920
464	718
466	680
466	894
466	906
466	991
467	762
467	802
468	687
468	725
469	628
469	879
469	880
470	606
470	950
471	636
471	991
472	495
472	505
472	586
472	683
472	695
472	714
472	828
472	887
473	821
474	894
474	919
475	719
475	740
475	798
475	870
475	937
476	552
476	604
476	687
476	699
476	855
477	561
477	588
477	594
477	653
477	670
477	728
477	747
478	536
478	731
479	886
479	969
480	797
481	929
482	630
483	888
484	943
485	790
486	523
487	592
487	671
487	929
488	557
488	959
489	742
490	999
491	905
492	606
492	871
493	509
493	523
493	745
494	616
494	956
495	771
496	562
496	714
496	738
496	994
498	518
498	769
498	854
498	957
499	691
499	926
501	635
501	670
501	744
501	927
501	944
502	589
503	512
503	594
503	772
504	629
504	850
505	839
505	945
505	974
507	721
507	723
507	735
507	925
509	603
509	693
509	773
510	516
510	567
510	931
511	935
512	541
512	640
512	718
514	797
514	803
514	845
516	523
517	682
517	687
517	802
517	887
519	724
519	763
520	589
520	617
520	709
521	917
522	537
523	866
524	721
524	930
525	568
525	610
525	950
526	590
526	659
526	742
526	827
526	908
527	542
527	720
527	893
528	552
530	581
530	769
531	672
531	988
532	712
532	800
532	835
532	928
533	791
534	558
534	764
534	925
537	969
538	665
540	726
540	890
541	927
542	861
543	846
543	877
544	667
544	769
544	782
545	673
545	818
545	887
546	717
547	917
549	555
549	757
549	889
550	749
551	570
551	617
551	665
551	812
551	840
553	968
553	980
554	710
555	836
555	927
556	828
556	868
558	901
559	579
559	978
560	601
560	637
560	759
561	596
561	809
562	920
562	971
563	720
564	771
564	971
565	610
566	634
566	666
567	825
567	848
567	880
568	974
570	744
570	880
572	661
572	735
572	851
573	582
573	885
574	605
575	812
575	840
576	677
576	688
576	766
577	835
577	842
578	715
578	829
580	670
581	587
582	608
582	738
582	933
582	970
583	691
583	986
584	771
584	881
585	813
586	678
586	724
586	934
588	682
588	822
589	811
589	905
589	950
590	649
590	800
590	842
590	902
592	622
592	747
593	618
593	628
594	737
595	695
595	760
595	825
595	862
596	963
598	848
599	718
600	633
600	764
601	943
602	651
602	961
602	979
603	667
603	671
603	844
603	886
604	620
604	643
604	876
605	910
606	884
607	618
609	723
609	776
609	943
610	771
610	975
611	648
611	744
611	791
611	904
612	874
613	825
613	937
614	859
615	782
617	924
618	622
618	746
618	915
618	953
621	705
621	961
622	699
622	729
624	673
624	701
624	787
625	704
625	909
628	814
628	971
629	728
630	812
631	849
631	908
632	714
632	751
633	771
633	800
634	782
634	892
634	974
637	679
637	735
637	910
639	700
639	732
641	885
642	869
642	913
643	683
643	764
644	738
645	908
646	786
646	802
649	655
649	674
649	763
649	821
649	932
650	683
650	995
650	999
651	835
651	918
653	977
654	819
655	815
655	826
657	703
659	851
659	860
660	742
660	744
661	893
662	793
664	762
664	964
665	823
666	786
666	798
666	848
667	726
668	739
668	746
669	956
670	712
670	722
671	999
672	795
672	861
674	968
675	780
675	841
677	849
678	696
678	714
679	694
679	888
679	973
680	927
680	991
681	749
681	769
681	803
684	741
684	814
687	778
687	847
687	971
690	738
690	871
690	903
690	971
691	725
691	742
691	745
691	771
691	778
691	824
694	712
695	969
696	955
698	870
701	857
701	865
701	928
701	990
702	741
702	912
702	970
704	949
706	768
706	911
706	941
707	869
708	930
709	734
709	971
713	787
713	869
713	922
714	729
714	894
715	801
715	813
715	983
717	877
717	887
719	727
719	864
719	893
720	810
720	911
720	951
721	776
722	838
722	965
725	804
726	852
727	739
728	790
728	807
728	839
729	744
729	776
730	760
730	790
731	773
731	910
733	740
733	829
735	764
735	932
735	998
736	962
738	934
739	956
740	845
743	787
744	892
748	787
748	944
749	861
749	908
751	865
752	791
752	841
753	878
756	980
758	905
760	803
763	979
764	835
764	851
767	772
767	966
768	964
771	814
772	858
772	859
774	842
775	952
776	834
777	948
778	975
779	780
779	929
780	994
784	901
786	850
786	863
789	819
789	958
790	803
791	915
792	951
792	976
793	855
794	883
794	957
795	868
795	930
797	962
798	940
800	803
800	885
802	996
803	938
804	901
804	932
804	999
805	811
805	945
805	996
807	822
807	966
809	894
810	866
810	883
812	875
812	969
813	937
814	986
815	867
816	876
817	842
817	894
817	942
817	976
818	869
818	980
820	978
823	900
823	967
823	981
825	833
827	876
828	877
831	986
833	924
834	997
835	988
838	994
840	959
840	991
841	858
841	974
842	869
842	915
842	930
843	976
845	880
847	928
847	936
849	898
849	956
851	893
851	925
851	995
853	857
853	862
855	875
855	892
856	969
861	864
863	931
864	945
865	941
872	928
874	955
875	906
876	910
877	894
882	957
890	895
906	985
908	992
909	924
909	946
912	996
914	983
915	989
919	984
926	939
926	990
927	961
935	956
943	969
945	975
960	979
961	973
973	983
986	997