0	21
0	215
0	373
0	376
0	439
0	513
1	472
1	564
1	944
1	995
2	296
2	914
3	607
3	927
4	847
4	989
5	150
5	640
5	649
5	682
6	241
6	563
7	390
7	646
7	683
7	862
7	889
8	35
8	264
8	271
8	501
8	561
8	563
8	636
9	365
9	565
10	34
10	51
10	410
10	559
10	830
11	56
11	260
11	512
11	585
12	47
12	62
12	205
12	370
12	401
13	86
13	372
13	401
13	494
13	948
13	979
14	857
14	895
15	201
15	211
15	610
15	707
16	200
16	825
16	947
17	196
17	252
17	637
18	79
18	150
18	223
18	311
18	692
19	322
19	638
20	170
20	375
20	521
20	666
20	807
20	939
20	945
21	103
21	119
21	428
21	790
22	28
22	288
22	748
22	966
23	248
23	499
24	92
24	152
24	469
24	623
24	984
25	51
25	242
25	576
25	706
25	800
26	64
26	92
26	102
26	552
26	600
27	36
27	507
27	542
27	781
28	504
28	804
28	952
29	885
30	393
30	604
30	709
30	973
31	327
31	355
31	485
31	713
32	533
32	633
32	800
32	931
33	77
33	162
33	226
33	411
33	573
33	815
34	236
34	249
34	258
34	298
34	390
34	686
34	704
34	823
35	72
35	104
35	312
35	321
35	350
36	751
36	836
37	197
37	331
37	702
38	80
38	727
39	227
39	253
39	721
39	739
40	546
40	865
40	988
41	400
41	447
41	514
42	276
42	632
42	694
43	338
43	394
43	684
44	102
44	257
44	822
45	416
45	488
45	640
45	682
45	734
45	887
46	69
46	374
46	447
47	166
47	216
47	601
47	969
48	110
48	639
48	873
48	967
48	982
49	127
49	170
49	198
49	297
49	679
49	890
50	973
51	77
51	275
51	677
51	714
52	197
52	954
52	998
53	473
53	643
53	663
53	838
53	854
53	861
54	475
54	691
54	722
55	289
55	592
55	876
56	163
56	391
56	451
56	765
56	787
56	935
57	254
57	308
57	741
58	93
58	125
58	269
58	783
58	959
59	173
60	81
60	257
60	492
60	691
60	843
60	901
60	989
61	178
61	255
61	660
61	666
61	742
62	525
62	873
63	274
63	389
63	738
63	749
64	122
64	128
64	685
64	992
65	221
65	508
65	871
66	763
66	807
66	887
67	389
68	183
68	444
68	511
68	595
69	674
70	88
70	621
70	665
70	962
71	147
71	172
71	625
71	876
72	394
73	85
73	332
73	514
73	519
74	320
74	737
75	284
75	649
76	93
76	279
76	345
76	849
77	177
77	715
78	624
78	924
79	556
79	569
79	765
80	579
80	832
80	939
81	83
81	629
81	694
81	744
81	885
82	577
83	93
83	386
83	425
83	860
84	235
85	408
85	426
85	512
85	702
85	760
85	835
85	997
86	375
86	376
86	680
86	696
86	749
87	179
87	303
87	441
87	633
87	778
88	236
88	985
89	760
90	663
91	403
91	804
91	847
92	432
92	460
92	781
93	157
93	377
94	413
94	805
94	896
95	332
95	523
95	563
95	717
96	794
97	223
97	676
97	953
98	113
98	162
98	322
98	355
98	650
98	807
99	395
99	430
99	857
99	891
100	577
101	207
101	769
101	784
102	202
102	429
102	434
102	762
102	923
103	345
103	404
103	414
103	511
103	590
103	672
104	468
104	531
105	264
105	295
105	589
105	646
106	527
106	991
107	215
107	375
107	433
107	924
108	191
108	349
108	382
108	590
108	624
108	668
108	687
108	827
108	963
109	199
109	351
109	394
109	595
109	790
110	419
110	449
110	993
111	847
111	987
112	154
112	220
112	339
112	460
112	757
112	887
113	174
113	474
113	503
113	656
113	677
113	787
113	851
113	958
114	203
114	259
114	393
114	429
114	714
114	890
115	199
115	540
116	272
116	703
117	565
117	920
117	966
118	730
118	820
118	884
119	473
119	972
119	997
120	259
120	368
120	878
121	239
121	881
121	955
122	312
122	343
122	378
122	788
123	368
123	383
123	685
124	177
124	232
124	373
125	258
125	270
125	298
125	446
125	992
126	152
127	171
127	376
127	643
127	772
128	195
128	242
128	543
129	326
129	473
129	657
129	819
129	926
130	251
130	822
130	857
130	957
131	346
131	848
131	976
132	251
132	807
132	866
132	948
133	227
133	275
133	668
133	774
133	879
133	912
134	463
134	890
135	888
136	590
137	460
137	631
137	633
137	992
138	449
139	212
139	270
139	299
139	397
139	487
139	747
139	817
139	884
139	987
140	148
140	320
140	649
141	743
141	762
141	822
141	923
142	383
143	222
143	577
143	655
143	673
143	745
144	157
144	395
144	554
144	756
144	761
144	902
145	316
145	332
145	889
145	964
146	251
146	723
146	760
147	468
147	634
147	686
147	848
148	209
148	313
148	321
148	646
149	376
149	611
150	324
150	481
150	909
151	352
151	650
151	666
151	955
151	987
152	558
152	695
152	745
152	782
152	954
153	262
153	524
153	565
153	879
153	927
154	551
154	565
155	501
156	170
156	272
156	307
156	687
156	971
157	263
158	185
158	904
159	176
159	404
159	416
159	519
160	481
160	740
160	769
160	812
160	928
161	479
161	571
161	800
162	270
162	335
162	502
162	734
162	763
163	184
163	269
164	495
165	213
165	319
165	469
165	642
165	987
166	535
166	904
166	957
167	824
167	840
168	398
168	822
168	847
169	663
170	418
170	955
171	245
171	653
171	730
171	779
171	814
171	942
173	403
173	565
173	718
174	258
174	279
174	862
174	921
174	990
175	501
175	702
175	753
175	850
175	907
176	576
176	773
176	908
177	180
177	382
177	588
177	658
177	747
177	869
178	196
178	223
178	871
179	737
179	843
180	930
181	437
181	455
181	542
181	858
181	876
181	960
182	304
182	457
182	667
182	753
182	831
183	317
183	606
183	879
184	326
184	808
184	893
184	991
184	996
185	801
185	867
186	413
187	470
187	726
187	861
188	500
189	312
189	631
189	867
190	217
190	218
190	772
190	947
191	271
191	408
191	568
191	769
191	783
191	830
191	963
192	538
192	878
192	924
193	758
193	776
193	832
194	463
194	597
194	670
194	849
195	212
195	307
195	478
195	711
195	979
196	214
196	331
196	709
196	822
197	222
197	287
197	402
197	408
197	634
197	930
198	340
198	530
198	537
199	259
199	591
199	655
199	976
200	254
200	904
201	208
201	953
201	983
202	236
202	684
202	775
202	883
202	956
203	248
203	863
204	486
205	346
205	364
205	596
205	653
205	952
206	575
206	661
206	743
206	914
206	989
207	501
207	508
207	699
208	342
208	396
208	763
209	712
209	741
209	851
210	290
210	294
210	645
210	831
211	317
211	553
212	278
212	329
212	721
212	746
212	755
213	249
213	348
213	989
214	335
214	562
214	962
214	999
215	376
215	547
215	765
216	582
216	838
217	632
217	769
217	839
218	572
219	712
219	780
219	908
219	911
220	476
220	515
220	840
221	625
221	807
221	812
221	838
221	979
222	381
222	547
222	614
222	658
222	696
223	333
223	735
223	749
223	789
223	838
224	688
224	969
225	709
225	925
225	957
226	358
226	545
226	652
227	538
227	905
228	287
228	609
228	615
228	690
228	752
229	903
230	297
230	566
230	590
230	730
230	809
230	997
231	359
231	421
231	548
231	746
231	928
232	377
232	432
232	488
233	370
233	494
233	682
234	717
234	912
235	279
235	738
236	382
236	417
236	731
236	737
236	908
237	446
237	659
237	884
237	989
238	274
238	656
238	692
238	863
238	873
239	460
239	489
239	722
239	934
240	860
241	908
242	245
242	299
242	554
242	858
243	970
244	497
244	779
244	807
245	276
245	351
245	426
245	577
245	903
246	422
246	705
246	735
246	755
247	433
247	588
247	810
247	938
248	355
248	418
248	628
248	701
249	326
249	480
250	393
250	849
251	270
251	556
251	869
251	922
252	320
253	294
253	326
253	431
253	527
253	627
253	628
253	721
254	317
254	631
254	843
254	865
255	496
255	858
256	542
257	399
257	531
257	627
257	872
258	420
258	966
259	417
260	392
260	576
260	702
260	718
260	802
261	321
261	326
261	538
261	781
261	944
261	987
262	623
263	365
263	387
263	498
263	674
263	878
264	486
264	531
264	566
264	951
265	273
266	791
266	886
266	888
267	414
267	528
267	596
267	751
267	843
267	993
268	374
268	707
268	953
269	369
269	468
269	695
270	760
271	742
271	761
272	359
272	388
272	444
272	773
273	329
273	744
273	851
274	512
275	453
276	559
276	607
276	772
277	460
277	473
277	504
277	543
277	546
277	590
278	401
278	727
278	819
279	703
280	360
280	508
280	834
281	285
281	511
281	674
281	681
281	911
282	319
282	714
282	887
283	324
283	933
283	943
284	534
284	608
284	698
284	754
284	923
285	424
285	530
285	650
286	694
287	475
287	780
287	950
288	435
288	488
289	370
289	777
289	838
289	853
290	622
290	857
290	907
291	316
291	898
292	457
292	686
293	315
293	571
293	608
293	739
293	751
294	930
294	968
295	298
295	430
295	832
295	890
296	367
296	404
296	575
297	625
297	629
298	738
298	800
298	874
298	929
299	662
299	728
299	854
300	309
300	487
300	706
301	421
302	506
305	371
305	487
305	552
306	492
306	646
307	309
307	330
307	591
307	677
308	938
309	324
309	478
309	485
309	570
309	589
309	828
310	466
310	824
311	365
311	541
311	638
311	957
311	965
312	365
312	439
312	492
313	623
314	497
315	346
315	686
315	727
315	913
315	960
316	384
316	504
316	539
316	543
316	717
318	525
318	641
318	928
319	457
319	470
319	482
319	794
319	940
320	424
320	431
320	875
321	333
321	393
321	665
321	797
321	842
322	437
322	690
322	800
322	970
323	506
323	675
323	989
325	372
325	494
326	501
326	599
327	509
327	684
327	780
327	824
328	568
328	806
329	443
329	800
330	397
330	535
330	540
330	543
330	649
330	789
330	837
330	932
331	497
331	663
331	758
332	358
332	664
333	340
333	350
333	415
333	588
333	670
334	630
334	665
334	757
336	420
336	482
336	766
337	700
338	364
338	378
338	503
338	505
338	617
339	389
339	428
340	532
341	626
341	874
341	898
341	935
341	956
342	430
342	505
342	531
342	757
342	962
343	487
343	705
343	988
344	867
344	907
346	889
347	708
347	847
348	562
348	595
349	623
349	683
349	688
349	896
350	390
350	555
351	685
353	459
353	523
353	605
353	884
354	478
355	489
355	542
356	596
357	407
357	486
357	612
358	417
358	440
358	762
358	766
358	792
359	847
359	870
359	998
360	445
360	509
360	692
361	540
361	755
361	928
362	550
362	587
362	661
362	886
363	621
363	923
363	933
364	656
364	757
364	864
364	951
365	563
366	477
366	703
366	872
367	730
367	846
367	914
368	780
368	964
369	370
369	560
369	908
370	891
370	970
371	476
371	565
371	926
372	539
372	580
372	589
372	605
373	824
374	474
374	582
374	649
374	785
374	947
375	818
375	826
376	986
378	459
378	702
378	756
378	798
378	938
379	441
379	458
380	796
380	912
381	538
381	879
383	502
383	670
384	750
384	754
384	806
384	937
385	705
385	743
385	817
386	422
386	543
386	904
387	591
387	989
388	738
388	785
388	913
388	934
389	450
389	671
390	403
390	981
391	731
392	400
392	701
393	733
393	735
393	942
394	484
394	542
394	693
394	839
395	450
395	857
395	893
395	983
397	657
397	772
397	957
397	977
398	506
398	661
398	844
399	641
399	699
400	651
400	755
400	942
400	946
401	712
401	738
402	986
402	992
403	771
404	442
404	585
404	591
405	931
406	507
407	888
407	971
407	995
408	620
408	693
409	496
409	511
409	866
409	936
410	731
410	887
411	499
411	944
412	476
412	513
412	872
413	486
413	716
413	734
413	910
414	607
414	831
414	870
414	924
415	502
415	602
417	588
417	637
417	808
418	430
418	811
419	603
419	737
419	947
421	476
421	670
421	699
421	818
421	969
422	667
422	906
422	914
423	713
423	927
423	997
424	757
425	793
425	817
425	834
425	840
425	925
426	606
426	611
426	617
426	673
426	743
427	742
428	792
428	980
429	804
429	974
430	513
430	541
430	557
430	580
430	767
430	768
430	812
431	546
431	548
431	627
431	787
431	835
431	994
433	531
433	741
433	831
433	873
434	436
434	673
434	701
434	724
435	516
435	537
435	742
435	967
436	439
436	529
436	575
436	734
437	542
437	752
438	513
438	523
438	783
438	860
439	543
439	663
439	741
439	836
439	960
439	968
440	955
440	961
441	452
442	501
442	718
443	533
443	630
443	683
443	961
444	458
445	686
445	774
445	871
445	918
446	892
448	451
448	555
448	937
449	518
449	619
449	620
449	812
449	931
450	829
450	878
452	552
452	754
452	898
453	508
453	566
453	570
453	589
453	841
453	935
453	965
454	649
454	943
455	513
455	644
456	479
456	627
456	773
457	642
458	864
459	534
459	704
459	752
459	965
460	702
460	779
460	955
461	468
461	838
461	841
462	678
462	686
462	755
463	673
464	537
464	612
464	693
464	797
465	748
465	760
465	769
465	890
465	893
466	538
466	700
466	767
466	802
466	861
467	543
468	481
468	649
468	908
469	941
470	981
471	927
473	585
475	523
477	651
477	976
478	587
478	842
479	706
480	656
481	498
481	644
481	796
481	909
483	947
484	775
484	949
485	662
485	922
487	587
487	844
488	489
488	693
489	565
489	962
490	549
490	610
490	662
491	897
492	533
492	590
492	867
492	980
493	688
493	966
493	987
494	508
494	609
495	541
496	651
496	879
496	976
497	608
497	784
498	641
498	696
498	726
498	775
499	608
499	791
499	908
499	986
500	630
502	886
503	527
503	614
503	911
503	936
504	521
504	538
504	774
504	947
505	805
505	889
505	898
506	543
507	818
508	510
508	546
508	595
508	752
508	786
508	922
508	979
509	633
509	731
510	939
511	971
512	596
513	641
515	655
515	766
515	808
517	718
517	909
518	804
519	579
519	640
519	647
519	651
520	949
522	800
523	546
523	654
524	660
524	904
524	962
524	969
524	974
525	710
526	787
527	574
527	845
527	851
527	882
527	903
528	850
528	897
529	590
530	715
531	821
533	866
534	584
534	755
535	539
535	633
535	657
536	593
536	645
537	827
538	563
540	979
541	799
542	712
542	785
542	853
542	990
543	944
544	672
544	776
547	643
548	559
548	586
548	679
548	921
548	953
549	873
550	645
550	759
550	992
551	846
552	657
552	696
552	795
552	852
552	993
553	618
553	681
554	943
555	658
555	966
556	738
557	794
558	893
558	975
559	643
559	647
560	619
563	569
563	724
563	805
564	607
564	857
565	590
565	688
566	640
566	806
567	922
567	996
568	788
568	976
569	630
571	632
571	761
571	923
572	626
572	670
573	604
573	707
573	859
573	898
574	983
575	733
575	918
576	920
578	836
578	895
578	967
578	972
579	690
581	877
582	750
582	817
583	749
583	960
584	601
585	772
588	690
588	896
588	922
589	709
590	736
591	628
591	763
591	984
592	705
594	870
595	899
596	616
596	808
597	782
598	858
599	627
599	752
599	942
600	609
600	800
600	834
601	647
601	686
602	883
602	936
604	720
604	878
604	991
605	716
606	749
607	750
607	999
608	896
608	944
609	899
609	926
610	856
612	620
612	653
612	938
613	686
613	854
613	898
613	987
614	982
616	809
617	926
617	933
618	623
620	738
621	798
621	875
622	810
622	821
623	752
624	733
624	980
625	987
626	691
626	734
627	902
627	936
628	855
628	953
629	896
629	907
631	728
633	731
634	713
635	767
635	902
637	666
637	729
637	786
637	902
639	682
639	778
639	940
640	979
641	754
642	878
642	892
642	941
643	827
643	842
643	978
644	948
644	956
645	717
645	745
645	824
646	892
648	764
648	786
649	919
650	686
650	886
652	661
652	727
653	966
654	732
654	974
655	709
655	846
655	931
655	985
655	989
656	759
656	824
657	832
657	986
659	972
659	975
660	691
662	791
662	932
663	712
663	796
663	865
664	698
665	964
666	712
666	958
667	821
667	849
667	925
667	988
668	691
668	796
668	819
669	842
670	940
671	839
671	870
674	921
676	812
677	747
678	881
679	828
679	895
680	930
681	726
681	989
683	684
683	717
683	855
684	788
684	946
684	995
686	933
687	774
687	828
687	879
687	906
689	994
690	894
691	789
691	962
694	740
694	763
694	879
694	883
694	987
695	907
695	999
696	746
696	900
697	724
697	787
697	862
698	775
707	747
710	860
711	862
712	980
713	760
713	984
716	911
717	783
717	886
719	789
720	740
721	747
721	775
722	749
722	917
725	885
725	951
726	793
726	899
726	941
727	732
727	736
728	767
728	854
730	762
731	757
731	798
731	887
731	965
732	759
732	874
733	736
734	880
737	938
739	872
739	880
740	816
742	904
742	918
743	940
744	950
745	868
745	963
746	876
746	928
747	915
750	928
752	775
752	852
753	756
754	897
755	772
757	918
757	975
759	814
759	966
761	947
762	890
762	947
770	852
771	932
773	930
774	822
777	840
781	911
783	855
783	864
783	877
786	913
787	830
787	928
787	981
791	829
791	916
792	943
792	964
793	864
794	813
794	937
800	968
801	865
802	935
803	917
803	992
805	894
805	966
806	840
806	851
806	974
807	880
807	954
808	847
808	952
810	844
810	926
810	960
814	924
815	899
816	955
817	900
819	918
820	936
821	873
821	886
821	968
822	989
823	868
824	839
824	941
825	935
826	963
827	843
827	844
827	989
828	972
828	993
829	891
829	995
830	871
830	920
832	913
832	931
833	846
833	960
834	958
836	997
839	996
843	959
846	895
846	967
847	922
847	962
847	984
856	887
857	937
857	990
858	878
860	978
865	972
867	953
868	873
869	930
874	959
880	888
881	906
882	889
882	979
883	891
886	900
891	992
894	991
899	988
901	911
901	923
902	903
903	920
911	983
913	924
921	938
931	975
939	952
950	968
951	971
957	991
959	961
973	999