0	420
0	422
0	630
0	989
1	138
1	142
1	144
1	219
1	639
1	825
2	173
2	187
2	264
2	412
2	783
2	857
3	428
3	715
4	53
4	351
4	378
4	392
4	488
4	621
4	955
4	956
5	195
5	617
5	917
5	977
6	650
6	914
6	971
7	25
7	456
7	680
8	107
9	371
9	408
9	779
9	857
9	928
10	159
10	164
11	526
11	531
11	577
12	365
12	437
12	749
12	763
13	138
13	626
13	655
13	658
14	76
14	319
14	563
14	794
14	817
15	224
15	257
15	391
15	734
15	892
16	166
16	501
16	679
16	700
16	728
17	49
17	175
17	416
17	693
18	256
18	371
18	786
18	891
19	203
20	218
20	515
20	535
20	581
21	43
21	112
21	215
21	334
21	482
22	43
22	326
22	550
22	747
22	783
23	227
23	587
24	115
24	583
24	637
24	847
25	222
25	335
25	421
25	433
25	456
25	580
25	668
26	139
26	197
26	216
26	463
26	495
26	540
26	543
26	634
26	700
27	105
27	230
27	575
27	594
28	783
28	840
29	89
29	274
29	326
29	488
29	542
29	847
29	917
30	355
30	784
30	827
31	87
31	411
31	706
32	56
32	72
32	330
32	593
32	807
32	944
32	996
33	212
33	262
33	673
33	970
34	83
34	275
35	901
36	99
36	281
36	295
36	368
36	597
36	683
36	713
36	856
37	94
37	879
38	63
38	127
38	203
38	241
38	329
38	615
38	763
38	897
39	40
39	169
39	260
39	474
39	739
40	43
40	150
40	571
40	638
40	780
40	797
40	835
41	364
41	424
41	666
41	946
42	284
42	390
42	426
42	584
42	606
42	985
44	342
44	393
44	551
44	589
44	682
45	71
45	723
45	816
45	939
45	986
46	394
46	528
47	135
47	321
47	415
47	619
48	440
48	642
48	830
49	176
49	571
49	855
49	916
50	583
51	139
51	365
51	369
51	428
51	494
51	540
51	732
52	120
52	470
52	744
52	799
53	191
53	210
53	458
53	699
53	771
54	851
55	347
55	907
55	946
56	270
56	298
56	521
56	555
56	777
56	844
56	944
57	125
57	433
58	65
58	243
58	724
58	759
58	825
59	349
59	814
59	900
60	850
60	900
61	966
62	662
63	602
63	760
63	770
64	88
64	435
64	764
65	70
65	496
65	537
65	711
65	839
66	124
66	173
66	260
66	462
66	688
66	765
66	770
67	131
67	548
67	550
67	624
68	144
68	251
68	432
68	643
68	952
69	172
69	239
69	975
70	152
70	193
70	548
70	572
70	710
70	738
70	914
71	146
71	198
71	453
71	694
71	743
71	749
71	888
72	163
72	165
72	340
72	623
72	714
72	875
73	136
73	148
73	554
73	750
74	696
75	183
75	291
75	522
75	645
76	230
76	299
76	377
76	526
77	203
77	499
77	753
77	879
78	253
78	304
78	338
78	598
79	305
79	310
79	336
80	389
80	630
80	660
80	738
80	831
80	891
80	938
80	995
81	194
81	543
81	637
81	928
81	958
82	427
82	446
82	537
83	381
83	749
83	831
83	965
84	292
84	296
84	631
84	659
84	799
84	877
85	577
85	596
85	752
85	756
86	216
86	239
86	465
86	529
86	982
87	720
88	117
88	567
88	763
89	834
90	429
90	601
90	641
90	654
90	708
90	825
90	862
91	769
92	199
92	347
92	802
93	498
93	860
94	327
94	582
95	157
95	466
95	484
95	574
95	717
96	136
96	551
96	615
96	932
96	938
97	123
97	168
97	463
97	613
97	772
98	627
98	636
98	709
98	978
99	672
100	131
100	178
100	601
101	294
101	721
102	179
102	187
102	415
103	388
103	543
103	921
104	509
104	848
105	255
105	282
105	316
106	243
106	260
106	308
106	334
106	648
106	703
106	970
107	379
107	576
107	650
107	729
108	212
108	247
108	548
109	126
109	237
109	437
109	778
109	991
110	610
110	774
110	783
111	251
111	478
111	523
111	606
111	786
111	912
112	996
113	384
113	968
114	269
114	340
115	373
115	504
115	704
116	334
116	431
116	499
116	578
116	679
117	739
117	845
117	883
118	244
118	792
119	121
119	395
119	468
119	677
120	195
120	515
120	986
121	340
121	435
122	171
122	643
123	382
123	927
124	515
125	338
125	540
126	412
126	450
126	753
127	922
128	247
128	288
128	788
128	829
128	943
128	956
129	132
129	451
129	496
129	529
129	571
129	632
129	691
129	712
129	721
129	819
129	916
130	182
130	295
130	497
131	503
131	582
132	568
132	845
132	896
133	182
134	330
134	396
134	461
134	702
134	841
134	843
134	948
135	153
135	214
135	543
135	600
136	196
136	497
136	628
137	250
137	316
137	384
137	792
138	301
138	307
139	351
139	380
139	454
139	635
139	778
140	315
140	868
141	240
141	431
141	597
142	223
142	388
142	543
142	701
143	443
143	838
143	970
144	230
144	588
144	759
144	764
145	733
145	883
146	206
146	341
146	697
146	967
147	971
147	982
148	236
148	677
148	730
148	949
149	208
149	397
149	453
149	552
150	384
150	975
151	168
151	594
151	776
151	904
151	994
152	184
152	421
152	615
153	457
153	665
153	798
153	906
153	931
154	748
154	828
154	897
155	664
155	719
155	909
155	927
156	192
156	221
156	406
156	426
156	762
156	983
156	999
157	312
157	615
157	644
157	656
157	740
157	751
157	922
157	953
157	989
158	653
158	799
158	821
159	220
159	284
159	740
159	809
160	967
161	323
161	341
161	449
162	236
162	335
162	476
162	672
162	694
162	710
162	739
162	869
163	531
163	645
163	775
163	983
164	928
165	382
165	390
165	455
165	516
165	686
165	688
165	790
166	501
166	513
167	395
167	612
167	617
167	923
168	455
168	522
168	642
168	654
168	766
168	811
169	406
169	587
169	795
169	801
169	802
170	641
170	805
171	222
171	291
172	873
173	514
173	517
173	552
174	296
174	605
174	615
174	907
175	309
175	318
176	408
176	488
176	707
176	732
176	938
176	965
177	933
177	968
178	194
178	271
178	366
178	369
178	494
178	498
178	546
178	767
179	487
179	615
179	622
179	720
179	777
179	807
180	443
180	568
180	572
181	568
181	935
182	311
182	342
182	457
182	706
183	221
183	556
183	590
183	674
183	727
183	862
183	970
184	650
184	773
185	697
185	741
186	272
186	784
186	827
186	994
187	348
187	428
188	325
188	780
189	295
189	398
189	445
189	648
189	996
190	296
190	445
190	876
191	935
191	990
192	348
192	403
192	413
192	429
192	756
192	788
193	339
193	515
193	545
193	972
194	659
195	380
195	386
195	434
195	695
195	827
195	865
196	686
196	948
197	248
197	762
197	841
198	296
198	707
198	998
199	393
200	880
200	959
201	434
201	845
202	278
202	551
202	778
203	334
203	349
203	680
203	900
204	258
204	334
204	675
205	265
205	743
205	885
205	974
206	453
206	629
206	962
207	450
207	482
207	538
207	601
207	636
208	283
208	336
208	898
209	597
209	714
209	762
209	865
209	929
210	300
211	496
211	534
212	248
212	601
212	689
213	770
214	602
215	482
215	762
216	331
216	709
216	749
217	238
217	302
217	925
218	407
218	409
218	468
218	553
218	574
218	975
219	291
219	412
219	922
220	321
220	680
220	834
220	937
221	338
221	548
221	834
221	871
222	380
222	920
223	502
223	534
224	744
225	580
225	958
226	318
226	959
227	303
227	544
227	576
227	640
227	900
227	920
228	476
228	523
229	348
229	426
229	566
229	618
230	773
230	800
231	914
231	956
232	399
232	561
232	650
232	695
233	459
233	680
234	777
235	636
235	761
235	981
236	411
236	577
236	679
236	689
236	957
237	655
237	657
237	920
238	406
238	736
239	418
239	809
240	483
240	676
240	866
241	256
241	986
242	638
242	902
242	979
243	525
244	684
244	838
244	844
245	294
245	342
245	404
245	562
245	592
246	284
246	321
246	698
246	777
247	557
247	901
247	940
248	386
249	747
250	983
252	477
252	518
252	706
253	322
253	344
253	738
254	442
255	466
255	649
255	764
255	946
256	302
256	573
256	654
257	305
258	457
258	646
258	838
258	918
258	975
259	902
260	729
260	755
261	263
261	351
261	627
261	654
262	361
262	383
262	607
263	502
263	763
263	844
264	601
265	290
265	567
265	593
265	740
266	521
266	595
266	658
267	463
267	515
267	808
268	419
268	517
268	673
268	837
268	952
269	301
270	287
270	332
270	657
270	876
270	889
271	740
271	748
271	915
272	349
272	817
272	923
273	944
274	757
274	809
274	879
274	982
275	328
275	937
276	290
276	350
276	620
276	735
276	758
276	789
277	506
277	513
277	704
277	842
278	410
278	663
278	689
279	448
279	517
279	909
279	916
279	956
280	720
281	441
281	546
282	687
282	848
283	438
283	763
283	932
284	550
284	741
285	298
285	566
285	765
285	959
286	425
286	534
286	622
286	647
286	910
287	483
288	559
288	828
288	839
289	655
289	717
289	776
289	833
290	314
290	425
290	428
290	774
290	783
290	905
290	940
291	908
292	308
292	402
292	441
292	710
292	714
292	795
292	965
293	472
293	539
293	553
295	565
295	619
295	723
297	596
298	302
298	552
298	679
299	536
299	878
300	768
301	599
301	942
302	705
302	736
302	949
303	526
303	763
304	342
304	601
304	708
304	820
305	368
305	382
305	618
306	461
306	576
307	563
307	831
307	962
308	427
308	480
309	469
309	624
309	626
309	766
309	952
310	347
310	435
310	895
310	979
311	405
311	448
311	805
312	365
312	466
313	470
314	412
314	468
314	547
314	627
314	805
314	900
315	446
315	701
316	341
316	392
316	551
317	531
317	685
318	410
318	689
318	794
319	476
320	519
320	530
320	661
321	348
321	371
321	481
321	700
321	721
321	787
321	858
322	793
323	741
323	770
323	862
324	951
325	367
325	470
325	922
325	999
326	528
327	651
327	788
328	928
329	610
329	644
329	686
330	430
330	617
330	900
330	911
332	341
333	378
333	588
334	356
334	476
334	541
334	707
334	911
335	629
335	651
336	555
336	875
336	891
337	408
337	525
337	546
338	679
339	651
339	770
339	912
340	986
341	498
341	538
341	642
341	645
342	384
342	466
342	654
342	993
343	700
344	445
344	679
344	714
344	730
345	544
345	849
345	866
346	854
347	379
347	405
347	542
347	559
347	697
347	714
347	831
348	528
348	929
349	354
349	885
349	977
350	563
350	648
350	823
350	893
351	432
351	813
351	883
351	998
352	487
352	828
352	863
353	630
353	757
354	743
355	597
355	701
355	749
355	894
356	386
356	857
357	923
358	600
358	613
358	959
358	985
358	986
359	368
359	479
359	519
359	649
359	836
360	881
360	924
361	631
361	658
361	687
361	951
362	370
362	562
362	611
363	448
363	752
363	968
363	992
365	414
365	771
365	807
365	931
365	957
366	608
368	374
368	631
368	643
368	648
368	994
369	455
369	684
369	909
370	621
370	804
371	802
371	843
372	694
373	483
373	609
373	693
373	748
374	572
374	626
375	528
375	555
375	657
375	689
376	476
376	562
377	511
377	541
377	811
377	950
378	992
379	399
379	472
379	514
379	694
379	753
379	971
380	503
380	603
380	755
380	847
380	989
381	644
381	770
381	888
382	665
382	680
383	536
384	715
384	942
385	430
385	601
385	768
387	758
388	444
388	701
388	809
389	536
389	826
390	437
390	498
391	573
391	657
392	531
392	666
393	573
393	588
393	650
393	837
394	429
394	654
395	845
396	408
396	424
396	619
396	645
396	982
397	447
397	477
397	480
397	783
397	805
397	913
398	484
398	912
399	434
399	488
399	553
400	680
401	720
402	659
403	413
403	601
403	800
403	920
404	491
404	524
404	611
404	941
404	947
405	549
405	862
406	716
407	839
408	427
408	609
408	689
408	692
409	465
409	563
409	845
409	896
410	852
410	939
411	675
411	755
411	907
412	627
412	666
412	867
413	706
413	788
413	931
414	781
415	473
415	514
415	745
416	423
416	926
417	477
417	602
417	760
417	977
418	801
419	677
419	780
419	874
421	739
421	741
422	431
422	518
422	564
422	670
423	788
425	897
426	764
426	992
427	428
427	531
427	599
427	816
427	874
427	956
428	437
428	883
429	894
430	437
430	710
430	816
431	459
431	464
431	680
431	694
432	468
432	589
432	880
434	560
434	929
434	997
435	552
435	564
436	513
436	781
436	839
436	845
437	561
437	910
438	553
438	645
438	751
438	898
439	855
439	934
440	591
440	671
442	723
443	689
444	491
444	819
444	939
446	575
446	687
447	676
447	755
447	978
447	996
448	767
449	596
449	912
450	552
450	648
451	452
451	457
451	956
452	550
452	563
454	609
454	816
454	904
455	772
456	944
457	649
458	652
458	702
458	932
459	775
460	551
460	803
461	775
463	659
464	500
465	794
467	498
467	535
467	867
467	939
468	491
468	655
468	973
470	505
471	487
471	566
472	514
473	695
474	652
475	496
475	897
475	903
476	777
476	832
476	839
476	873
477	488
477	828
478	493
478	708
478	800
478	807
478	836
478	872
480	687
481	570
482	878
484	810
484	882
484	929
484	945
485	969
486	607
486	988
487	564
489	647
489	949
489	968
490	884
491	793
492	584
493	573
495	624
497	832
499	511
499	572
499	608
499	652
499	906
500	588
501	943
501	997
502	824
502	939
503	531
503	594
503	802
503	810
504	643
504	732
505	637
505	725
505	758
505	828
506	656
506	779
507	532
507	703
508	736
509	628
509	792
510	801
510	830
510	982
511	644
511	765
511	814
511	989
512	576
513	562
513	564
513	614
513	905
514	581
515	671
515	714
515	978
516	536
516	889
517	627
517	649
517	688
517	711
517	726
518	557
518	564
518	688
518	942
519	570
519	798
519	846
519	873
519	921
520	880
520	965
521	565
521	792
522	731
525	581
525	658
525	736
526	647
526	773
526	875
526	877
527	870
528	706
529	596
529	598
529	849
530	614
530	767
530	791
530	921
530	929
532	657
532	660
532	911
532	915
533	583
533	604
534	773
534	864
535	622
535	624
535	748
536	643
536	745
537	577
537	807
537	956
538	930
540	756
540	814
540	837
541	686
541	705
542	967
543	938
544	646
544	914
544	983
545	744
545	746
546	996
547	646
547	737
547	927
550	692
552	794
553	593
553	869
553	933
553	970
554	570
554	616
554	730
554	917
556	775
556	781
557	614
557	765
557	911
557	929
558	755
562	636
562	753
562	928
563	819
564	684
564	824
565	584
565	772
566	983
567	660
569	704
571	837
575	722
575	857
576	973
577	715
578	634
579	717
579	785
580	763
582	812
582	815
582	971
584	889
585	650
585	737
585	902
585	923
586	630
586	862
586	900
586	968
587	849
587	856
588	630
588	672
588	762
590	591
590	592
590	689
591	728
592	643
592	671
592	709
592	920
595	793
596	636
597	906
597	976
598	753
598	869
598	878
599	620
599	754
600	676
600	789
601	635
602	783
603	810
604	608
604	649
605	749
605	846
606	914
606	933
607	865
608	696
608	727
610	769
610	786
612	667
612	890
613	773
613	919
614	995
615	634
615	859
616	861
617	660
618	792
620	912
620	916
623	695
623	826
623	840
623	976
623	996
624	634
625	635
625	651
625	710
626	899
628	707
628	759
629	718
629	787
629	853
630	661
630	796
631	816
631	914
631	995
632	686
632	712
632	919
632	980
633	689
633	705
634	901
635	806
635	940
635	995
636	737
637	871
637	932
638	871
639	667
639	688
639	760
639	993
641	657
642	851
643	734
643	934
644	653
644	792
645	769
645	954
646	736
646	737
646	882
646	890
647	745
649	885
650	822
650	854
652	802
653	779
653	905
655	886
655	974
656	783
656	786
656	983
657	818
657	909
657	961
658	946
659	777
659	912
660	754
661	946
662	723
662	782
664	782
665	940
665	952
666	978
667	903
668	864
669	671
669	945
669	979
670	683
670	697
670	745
670	970
671	911
671	933
671	962
671	966
672	832
672	864
672	914
673	763
673	862
675	738
675	937
677	884
678	876
678	975
679	792
680	771
680	874
681	736
682	884
683	964
683	994
684	690
684	694
684	956
688	730
689	765
690	808
690	898
691	853
692	737
692	945
694	704
695	783
696	883
697	894
697	982
698	799
698	837
699	946
700	722
700	735
700	797
700	913
700	953
701	812
705	720
705	745
706	821
706	982
707	765
707	938
707	974
708	791
709	785
709	937
710	806
710	828
711	795
711	887
712	929
712	973
714	890
716	930
717	876
717	882
720	849
723	752
723	783
723	967
724	778
724	860
724	873
725	782
726	898
727	809
729	896
730	790
730	843
730	953
731	971
733	957
734	780
735	770
737	987
738	994
741	747
741	797
741	863
742	943
742	992
743	901
744	827
744	855
744	907
749	900
749	968
753	789
755	830
756	887
757	888
757	948
758	853
759	789
759	977
762	781
762	813
764	827
766	779
766	909
766	961
768	890
769	869
770	843
773	809
776	866
777	878
778	935
782	886
782	984
785	858
785	883
786	960
787	848
788	883
789	820
790	915
791	796
791	922
794	999
795	890
795	975
797	891
797	978
806	976
808	965
808	972
809	999
812	862
814	848
816	980
819	935
819	954
819	995
820	876
821	866
823	942
823	999
827	860
830	979
834	956
836	989
837	959
841	886
842	931
846	936
849	988
853	978
854	904
854	918
856	921
856	945
864	908
869	884
869	894
869	974
870	954
871	874
871	981
879	980
880	972
882	907
882	994
883	896
884	911
884	921
885	916
889	967
892	906
897	963
898	905
901	978
906	978
909	913
910	994
913	983
915	920
917	984
925	942
931	939
932	948
932	981
933	970
940	941
945	959
951	978
961	993
963	989
964	997
965	998