0	393
0	471
0	769
1	486
1	575
1	902
2	252
2	864
3	212
3	274
3	297
3	308
3	441
3	842
3	891
4	211
4	317
4	638
5	315
5	546
6	236
6	267
6	361
6	619
6	783
6	905
6	953
7	47
7	400
7	749
8	326
8	922
9	297
9	923
10	56
10	264
10	335
10	567
10	653
11	72
11	371
11	408
12	468
12	975
13	139
13	181
13	403
13	679
14	603
14	812
15	692
16	996
17	500
17	549
17	583
17	781
17	817
17	870
17	954
18	25
18	159
18	476
18	592
18	997
19	127
19	357
19	510
19	644
20	730
20	888
21	334
21	431
21	594
22	445
22	448
22	705
23	200
23	420
23	832
24	581
24	609
25	60
25	169
25	572
25	700
25	954
26	486
26	693
27	241
27	424
27	485
28	103
28	601
28	606
28	832
28	867
28	871
29	823
29	829
30	852
31	108
31	343
31	453
31	658
32	407
32	767
32	918
33	211
33	506
33	691
33	714
34	164
34	361
34	445
34	555
34	662
34	695
34	812
35	79
35	228
35	297
35	502
35	904
36	134
36	148
36	170
36	466
36	625
36	834
37	105
37	891
38	185
38	412
38	527
38	615
38	784
38	981
39	593
39	617
39	833
39	932
39	995
40	594
40	745
40	940
41	348
41	379
41	436
42	84
42	538
43	462
43	463
43	523
43	782
43	863
44	237
44	961
45	131
45	348
45	551
45	591
45	613
46	47
46	204
46	728
46	961
47	54
47	356
47	762
47	892
47	929
48	355
48	977
49	65
49	219
50	451
50	466
50	592
50	768
50	902
51	142
51	219
51	479
51	502
51	774
51	795
51	988
52	382
53	189
53	676
53	753
53	976
54	151
54	312
54	427
54	431
54	596
54	693
54	759
55	987
56	678
56	694
57	65
57	677
57	848
57	900
57	990
58	516
58	569
58	958
59	242
59	411
59	495
60	447
60	538
61	193
61	237
61	369
61	698
61	875
62	134
63	87
63	258
64	905
64	916
64	967
65	254
65	269
65	699
65	971
66	73
66	94
66	338
66	451
66	463
66	633
66	650
67	284
67	610
67	690
68	613
68	740
68	855
69	97
69	377
69	474
69	780
70	261
70	368
70	375
70	407
70	823
70	882
71	312
71	404
71	591
71	952
72	348
72	357
72	432
72	562
72	719
72	821
73	82
73	360
74	796
75	242
75	247
75	533
75	668
75	699
76	92
76	109
76	113
76	316
76	446
76	807
76	849
77	451
77	517
77	548
78	240
78	401
78	407
78	424
78	599
78	860
78	930
78	969
79	120
79	196
79	874
79	884
80	311
81	239
81	359
81	380
82	151
82	809
83	109
83	495
83	556
83	654
83	680
83	891
84	282
84	481
84	635
84	690
85	333
85	386
86	258
86	885
86	951
87	275
87	325
87	607
88	286
88	350
88	755
88	833
89	156
89	270
89	747
89	857
89	926
89	986
90	161
90	165
90	232
90	885
90	999
91	264
91	376
91	399
91	487
91	512
91	976
92	227
92	922
93	250
93	420
93	572
93	977
94	352
94	363
94	837
95	189
95	290
95	294
95	520
95	988
96	118
96	187
96	501
96	823
98	109
98	221
98	718
98	934
99	475
99	595
99	709
99	811
100	125
100	572
100	642
101	983
102	181
102	815
103	338
103	674
103	679
104	337
104	408
104	723
104	949
104	972
105	216
105	380
105	466
105	791
106	191
107	814
108	205
108	573
108	861
109	201
109	399
109	429
109	729
109	997
110	144
110	534
110	705
110	977
111	843
111	901
112	385
112	418
112	882
113	117
113	156
113	234
113	525
114	131
114	257
114	631
114	672
114	886
115	302
115	445
115	621
116	409
116	461
116	566
116	628
116	700
116	824
116	908
116	934
117	153
117	322
117	465
117	478
117	590
117	877
118	329
118	358
118	530
118	827
118	849
119	294
119	334
120	428
120	466
121	237
121	429
121	456
121	631
121	832
122	252
122	372
122	500
122	877
123	663
124	139
124	640
124	778
125	244
125	564
125	973
126	687
126	766
127	130
127	222
127	470
127	566
127	645
127	721
127	881
127	898
128	545
128	575
128	646
129	258
129	426
129	648
129	911
130	178
130	213
130	666
130	875
131	516
132	253
132	480
132	490
132	628
132	671
132	956
133	168
133	738
134	224
134	362
134	755
134	884
135	150
135	494
135	728
135	860
135	974
136	159
136	189
136	701
137	392
137	995
138	429
139	449
139	772
139	855
139	940
140	260
140	826
141	533
141	565
141	967
142	356
142	459
142	498
142	633
142	737
142	950
143	466
143	484
143	580
143	865
143	880
143	969
144	486
145	209
145	526
145	690
145	739
145	825
146	365
146	908
147	236
147	262
147	768
147	809
147	820
148	344
148	392
148	664
148	900
149	219
149	310
150	576
150	685
151	377
151	872
152	315
152	533
152	588
153	167
153	211
153	593
154	426
154	710
155	351
156	193
156	221
156	473
156	579
156	943
157	212
157	427
157	841
158	305
158	462
158	894
158	915
158	992
159	379
159	400
159	454
159	498
159	559
159	619
159	759
160	265
161	490
161	654
161	809
161	923
162	523
162	979
163	207
163	521
163	902
164	267
164	340
164	449
164	530
164	755
164	818
165	540
165	781
165	872
165	882
165	965
166	264
166	368
166	661
166	775
167	274
167	321
167	455
167	649
167	717
167	885
168	542
168	837
169	497
169	498
169	596
170	281
170	296
171	471
171	916
172	323
172	576
173	175
173	277
173	599
174	978
175	177
175	325
175	530
175	553
175	805
176	257
176	294
176	424
176	675
176	777
176	926
177	781
177	899
177	953
178	202
178	315
178	525
178	607
178	638
178	853
178	918
179	747
180	567
180	773
180	812
181	429
181	581
181	591
181	719
181	854
181	998
182	229
182	354
182	411
182	598
183	328
183	712
183	963
184	742
184	951
185	212
185	231
185	237
185	245
185	254
185	839
186	372
186	815
186	993
187	417
187	931
187	950
188	274
188	570
188	924
188	996
189	383
189	925
190	313
190	364
190	979
190	997
191	482
191	636
191	969
191	996
192	221
192	396
192	871
193	210
193	264
193	314
193	561
194	272
194	401
194	605
194	689
194	895
195	319
195	449
195	548
195	743
195	755
195	962
196	387
196	529
196	553
197	422
197	837
197	975
198	337
199	215
199	597
199	681
199	988
200	367
200	390
200	908
200	978
201	421
202	928
203	533
203	871
204	424
204	636
204	741
204	795
204	923
205	552
205	575
205	997
206	429
206	648
206	745
207	288
207	731
207	986
208	342
208	426
209	237
209	402
209	687
209	770
209	878
209	930
209	945
210	348
210	513
210	564
211	232
211	336
211	408
213	382
213	449
213	724
213	812
213	944
213	948
214	235
214	496
214	916
214	988
215	544
216	318
216	368
216	660
216	783
217	242
217	981
218	330
218	432
218	434
218	993
219	292
219	392
219	822
219	845
219	985
220	463
221	431
221	647
221	783
222	699
223	462
223	899
223	991
224	235
224	292
224	374
224	885
224	894
225	504
225	672
226	905
227	307
227	553
227	600
227	860
228	329
228	361
228	432
228	913
229	316
229	349
229	937
230	263
231	775
232	589
233	553
233	732
233	912
234	274
234	487
234	770
235	631
235	682
236	616
236	957
237	485
237	599
238	500
238	699
238	734
238	917
239	240
239	307
239	465
239	576
239	836
239	994
240	356
240	488
241	261
241	407
241	493
241	672
241	732
242	389
242	440
242	446
242	628
242	757
242	879
242	915
243	384
243	399
243	512
243	809
243	871
243	996
244	296
244	586
244	950
245	448
245	628
245	708
246	299
246	357
246	363
246	445
246	570
247	564
247	622
248	351
248	352
249	776
250	732
250	902
251	500
251	613
251	847
251	908
252	333
252	566
252	583
252	772
253	471
254	639
254	804
254	826
255	257
255	422
255	581
256	278
257	273
257	360
257	383
257	730
258	396
258	489
258	678
259	309
259	854
260	289
260	533
260	668
260	769
260	847
261	344
261	545
261	646
262	356
262	547
263	289
263	709
264	381
264	591
265	330
265	691
265	839
265	979
266	287
266	345
266	578
266	720
266	935
266	986
267	753
267	868
268	674
269	278
269	355
269	476
269	482
269	702
269	802
269	867
270	378
270	412
270	572
270	794
270	911
271	300
271	722
271	767
271	882
272	488
272	506
272	606
272	625
272	675
272	722
272	834
272	939
273	553
273	597
273	799
274	629
274	670
274	967
274	969
275	464
275	533
276	643
276	813
277	721
277	794
277	873
278	638
278	994
279	674
279	706
279	805
280	386
280	560
280	667
280	811
280	817
280	896
280	909
281	717
282	374
282	594
283	377
283	424
283	494
284	289
284	625
284	870
285	488
285	657
286	297
286	514
286	771
286	976
287	519
287	594
287	902
288	683
288	725
288	752
289	746
290	538
290	539
290	564
290	659
291	527
291	576
291	758
291	899
292	413
292	550
292	795
292	958
293	302
294	478
294	921
295	454
295	566
296	787
297	527
297	790
297	821
298	321
298	376
298	529
298	815
298	877
298	927
299	306
299	534
299	567
299	751
300	523
300	720
300	748
301	422
301	728
301	954
302	409
303	447
303	696
303	847
303	992
304	320
304	728
305	373
305	532
305	776
305	809
305	833
306	437
306	483
306	709
306	823
306	907
307	433
307	458
307	515
307	621
307	962
308	368
308	411
308	793
308	954
309	611
309	782
309	831
309	848
310	597
310	735
311	373
312	407
312	442
313	520
313	559
313	593
314	517
314	615
314	923
314	980
315	429
315	437
315	441
315	453
315	520
315	572
315	756
315	891
317	520
317	626
318	730
318	790
319	625
319	998
320	498
320	716
320	955
320	965
321	721
321	931
323	532
323	572
324	375
324	474
324	672
324	799
324	989
325	541
325	552
326	961
327	927
328	470
328	517
328	581
329	373
329	878
330	397
331	429
331	648
331	660
331	750
331	863
331	883
332	394
332	637
332	910
332	964
333	482
333	514
333	611
333	738
334	440
335	817
335	845
336	565
336	690
336	972
337	642
337	700
337	848
337	958
339	390
339	485
339	608
339	609
340	774
340	860
341	529
341	667
342	409
342	645
342	719
343	354
344	360
344	626
344	671
344	704
344	888
344	936
345	700
345	741
345	770
345	830
346	362
346	746
346	905
346	929
346	995
346	997
347	409
347	507
347	567
347	895
347	932
348	753
348	773
349	374
349	495
349	517
349	887
349	896
351	577
352	488
352	633
352	815
353	400
353	780
353	817
353	926
355	431
355	564
355	565
355	583
355	647
355	762
356	560
356	631
356	963
357	565
357	810
357	849
357	877
357	979
358	438
358	497
358	553
358	635
359	421
359	433
359	742
360	585
360	586
360	612
360	783
360	786
361	495
361	803
361	805
361	864
361	953
361	997
362	442
362	497
362	584
363	578
363	764
363	904
363	950
363	955
364	503
364	679
365	466
365	810
365	899
365	979
366	374
366	442
366	486
366	676
366	858
367	369
367	510
367	585
367	757
367	898
368	603
368	827
370	454
370	756
371	690
371	763
371	974
372	772
373	412
373	517
373	644
373	662
374	714
374	916
375	484
375	792
375	917
375	933
376	451
376	518
376	534
376	878
376	983
377	609
377	788
378	508
378	525
379	562
379	600
379	731
379	823
379	976
380	846
381	703
381	809
381	923
382	393
382	654
382	656
383	523
383	644
383	715
384	472
385	411
385	468
385	933
386	387
386	653
386	661
387	421
387	712
387	723
387	848
388	409
388	429
388	847
388	879
388	901
388	921
389	484
389	563
389	695
390	603
390	618
390	721
390	978
391	874
392	411
392	511
392	713
392	864
393	501
393	723
393	738
393	746
394	465
394	613
394	690
395	475
395	574
395	738
395	918
395	956
395	984
396	477
396	695
397	527
397	806
398	459
398	815
398	829
399	490
399	938
400	493
400	537
400	662
400	739
400	759
401	525
401	601
401	714
402	701
403	668
403	674
403	722
404	537
404	543
404	635
405	646
405	673
406	707
406	729
407	761
407	770
407	823
407	854
409	627
409	646
409	811
409	885
410	898
410	952
411	601
411	612
411	773
412	485
412	628
412	920
414	566
414	641
415	438
415	610
415	634
415	907
416	582
416	691
418	825
419	832
419	960
420	539
421	624
421	832
421	884
422	622
422	638
422	983
423	718
423	816
423	933
424	540
425	534
426	433
426	653
426	988
427	435
427	675
427	684
428	676
428	926
428	938
429	778
430	493
430	550
430	781
431	568
431	570
432	531
432	639
433	771
434	604
434	919
435	657
437	956
438	764
439	725
439	828
439	917
440	510
440	591
441	502
441	681
441	697
441	802
441	901
442	621
442	823
442	877
442	921
443	451
443	740
444	925
444	997
446	551
446	782
446	889
447	871
448	882
449	695
449	972
450	452
450	608
451	588
451	677
451	763
451	970
452	800
454	983
455	505
456	462
456	553
456	642
456	705
456	735
456	920
457	757
457	845
457	876
458	567
458	656
458	847
459	766
460	582
460	652
460	686
460	788
461	800
461	932
461	940
462	491
462	613
462	816
462	824
462	848
463	515
463	598
464	824
465	562
465	599
465	636
465	682
465	948
467	764
467	902
469	794
470	746
470	878
470	933
471	489
471	522
471	562
471	859
471	885
472	492
472	770
472	936
472	969
473	541
473	624
473	667
474	719
475	692
475	777
475	972
475	982
476	709
476	999
478	572
480	553
480	921
481	743
481	968
482	545
482	627
482	680
482	950
482	996
483	732
483	957
484	949
485	659
485	795
485	851
486	967
486	996
487	820
488	639
488	766
488	918
489	807
489	822
491	607
491	631
492	524
492	951
493	670
493	900
494	501
495	723
496	507
496	754
497	500
497	544
497	554
497	907
498	716
498	732
498	916
499	786
500	986
501	931
505	607
506	677
506	720
509	548
510	940
510	989
511	563
512	876
514	660
514	890
515	714
516	856
516	917
517	879
519	520
519	603
519	688
520	635
520	818
520	873
520	892
521	538
522	710
523	753
524	654
524	899
525	554
525	663
525	739
526	667
526	702
527	632
528	596
528	927
529	703
529	739
530	662
530	966
531	865
531	945
532	556
533	654
534	726
535	668
536	657
536	803
536	884
538	797
539	666
539	780
540	582
540	639
540	645
540	764
541	912
542	795
543	601
543	762
544	781
545	846
546	553
548	711
548	722
548	759
548	959
549	724
550	703
551	567
551	909
551	930
552	789
552	889
552	972
552	990
553	756
554	558
554	572
554	837
554	958
554	972
557	640
557	729
557	779
559	661
559	734
560	788
561	596
561	703
561	788
561	791
562	626
562	694
563	813
563	901
564	894
565	870
566	823
567	676
568	740
570	898
570	907
570	935
571	579
571	673
572	850
572	855
573	728
573	772
573	871
573	988
574	955
574	964
574	993
575	681
575	682
575	833
575	920
576	765
576	859
577	716
577	997
578	794
578	901
579	957
580	964
581	611
581	614
581	814
582	616
582	682
582	874
584	601
585	749
585	951
587	770
588	612
590	668
591	804
593	642
593	669
594	640
594	984
595	672
595	909
595	942
597	654
597	685
598	691
598	932
598	944
598	981
599	639
599	642
599	668
599	736
600	668
602	874
604	632
604	742
605	612
606	913
607	983
608	941
608	985
609	668
609	800
609	988
610	657
611	792
611	852
611	883
611	959
612	869
612	973
613	703
613	726
613	811
613	906
613	986
616	724
616	946
617	947
618	959
619	727
619	829
620	680
620	960
621	639
621	787
622	702
623	804
624	849
628	631
628	934
630	884
632	988
634	803
636	665
636	921
637	639
638	973
639	733
645	800
645	814
646	993
647	780
647	817
647	827
647	838
648	649
648	689
648	740
649	727
649	816
649	899
651	850
652	763
652	954
654	775
654	919
655	710
656	859
659	965
659	985
660	791
660	793
661	713
663	901
665	675
665	929
665	976
666	674
666	687
667	840
669	828
670	672
671	723
672	727
672	819
673	992
674	869
675	894
678	755
678	784
678	850
679	914
680	915
681	840
682	698
682	979
684	879
684	914
686	819
687	843
688	738
688	803
688	996
689	921
689	928
690	731
690	802
690	923
690	943
691	873
692	833
693	764
694	879
696	810
696	829
696	897
697	742
697	786
697	790
697	827
697	877
698	810
700	808
700	873
701	856
701	926
701	948
702	895
703	721
703	767
706	983
708	903
710	872
710	967
712	755
713	787
713	839
714	748
715	949
717	898
719	732
719	912
720	867
721	825
721	993
723	802
723	982
725	965
726	792
726	897
727	821
727	902
728	827
728	918
728	980
730	968
731	921
732	771
733	811
734	747
735	922
736	916
737	762
738	786
741	897
742	821
742	859
742	909
743	835
743	857
743	901
744	839
745	934
746	984
747	802
747	821
749	842
751	790
752	781
752	932
753	776
753	909
754	965
755	778
757	801
757	918
758	759
758	999
759	860
760	854
762	908
762	912
763	922
764	781
765	929
767	796
767	885
768	991
771	819
771	950
772	972
776	792
776	997
777	962
779	855
780	822
780	920
781	908
782	830
783	866
784	819
784	872
784	918
785	967
786	789
786	861
788	789
788	910
788	919
789	938
790	844
791	813
791	936
791	944
794	820
794	873
794	898
797	931
798	925
799	831
799	857
799	916
805	942
806	829
806	874
807	980
808	822
808	889
812	852
812	873
813	858
813	950
817	894
818	996
821	882
822	846
822	886
824	913
826	976
827	997
830	945
830	952
831	917
836	906
840	996
842	928
843	968
845	887
845	903
845	911
846	994
850	886
855	897
856	910
859	887
859	916
862	982
863	903
863	923
863	984
864	876
869	992
876	922
876	960
879	919
882	903
882	924
882	938
883	911
885	967
886	912
887	944
893	915
893	954
895	983
899	937
903	960
913	916
918	973
922	947
924	988
924	997
927	967
931	996
936	937
944	988
962	997
965	994
990	994