0	268
0	737
1	309
1	557
1	752
1	792
1	807
2	270
2	346
2	474
2	477
2	756
2	874
3	13
3	26
3	103
3	314
3	317
4	278
4	324
4	359
4	482
4	560
4	688
5	157
5	336
5	592
5	837
5	888
6	128
6	413
6	475
6	800
7	422
7	766
7	814
7	888
8	21
8	204
9	92
9	264
9	292
9	499
9	635
10	280
10	319
10	426
10	636
11	579
11	585
11	665
11	729
11	849
12	138
12	630
12	693
13	26
13	91
13	423
14	135
15	568
15	886
16	140
16	341
16	679
16	804
17	123
17	215
17	501
18	57
18	118
18	479
18	629
18	680
18	814
19	256
19	318
19	335
19	346
19	892
20	125
20	264
20	282
20	538
20	575
21	169
21	306
21	321
21	468
21	752
21	804
22	84
22	304
22	525
22	560
23	312
23	413
23	456
23	482
23	613
23	679
23	699
23	897
24	94
24	539
25	147
25	825
26	80
26	550
26	667
26	820
26	828
26	852
27	444
27	615
27	723
27	804
28	192
28	309
28	386
29	50
29	64
29	145
29	297
29	329
29	595
29	768
30	109
30	429
30	543
31	757
32	156
32	616
33	60
33	400
33	769
33	780
34	57
34	130
34	776
34	886
35	123
35	158
35	307
35	475
36	159
36	211
36	384
36	443
37	385
37	416
37	438
37	701
37	732
37	749
38	101
38	291
38	408
38	540
38	580
38	680
38	737
38	809
38	835
39	350
39	457
39	511
39	718
39	768
39	794
40	162
40	883
41	50
41	393
41	483
41	600
41	622
42	149
42	385
43	442
43	686
43	719
43	839
43	886
44	160
44	246
44	338
44	355
44	574
44	712
45	527
45	810
45	894
46	67
46	136
46	146
46	236
46	264
46	555
46	592
46	719
47	543
47	895
48	115
48	147
49	193
49	312
49	449
49	725
50	335
50	598
51	305
51	643
51	797
52	251
52	300
52	447
52	771
52	839
53	788
53	791
54	187
54	400
54	631
55	407
55	554
55	598
55	669
55	894
56	89
56	262
56	389
56	493
56	563
56	724
56	768
56	804
56	808
57	566
58	342
58	378
58	511
58	621
58	681
58	682
58	851
59	72
59	85
59	99
59	157
59	430
59	436
59	592
59	826
59	851
60	169
60	238
60	328
60	795
60	875
61	136
61	213
61	604
62	646
62	654
63	222
63	556
63	753
64	98
64	141
64	200
64	303
64	501
64	788
65	784
66	436
66	527
67	91
67	123
67	144
67	221
67	261
67	318
67	408
67	510
67	763
67	771
68	72
68	74
68	371
68	633
68	643
68	666
68	670
68	700
69	664
69	725
69	837
70	74
70	535
70	625
70	722
70	807
71	258
71	478
71	832
72	135
72	797
73	553
73	627
74	292
74	317
74	320
74	397
74	586
74	815
75	286
75	613
75	687
75	762
75	764
76	336
76	622
77	369
77	735
77	808
78	290
78	462
78	676
78	698
79	260
80	864
81	526
81	625
81	632
81	857
82	392
83	295
83	327
83	359
83	781
83	886
84	726
85	260
85	389
85	501
85	517
85	673
86	614
86	826
86	886
87	259
87	301
87	578
87	840
87	852
87	874
87	879
88	499
89	223
89	477
89	736
89	739
89	749
90	794
91	140
91	224
91	272
91	315
91	378
91	561
91	626
91	869
92	96
92	611
93	878
94	526
95	583
95	665
95	673
95	706
95	866
96	386
96	417
97	234
97	253
97	288
97	644
97	737
98	251
98	386
98	413
98	511
99	175
99	203
99	697
99	722
100	287
100	794
101	560
101	618
101	865
102	606
102	660
102	704
102	784
102	797
104	236
104	272
104	361
104	556
104	718
105	114
105	308
105	779
105	857
106	323
106	521
106	638
106	744
106	823
107	421
107	720
108	135
108	273
108	382
108	511
108	569
108	699
108	856
109	458
109	477
109	500
109	802
110	257
110	756
110	809
110	893
111	551
111	652
112	116
112	815
113	117
113	158
113	196
113	475
113	630
114	173
114	279
114	771
115	425
115	615
115	726
116	591
116	627
116	641
118	429
118	568
118	660
119	165
119	681
120	431
121	194
121	200
121	406
121	467
121	656
121	731
121	887
122	156
122	361
122	530
122	535
122	577
122	597
122	695
122	896
123	233
123	242
123	292
123	454
123	475
123	521
123	547
123	814
123	870
124	153
124	208
124	224
124	246
124	319
124	364
124	488
124	675
124	783
125	390
125	443
126	551
126	772
127	212
127	398
127	504
127	643
128	384
128	742
128	776
129	408
129	693
129	754
130	299
130	794
131	190
131	627
132	258
132	321
133	189
133	612
133	670
133	752
133	828
133	896
134	383
134	619
134	896
135	395
135	528
135	795
136	484
136	617
136	728
137	163
137	311
137	873
138	230
138	708
138	775
139	378
139	379
139	395
139	860
140	436
140	538
140	837
141	573
141	612
141	758
141	805
141	869
142	609
142	759
142	799
142	824
142	846
143	169
143	343
143	461
143	656
143	823
145	155
145	185
145	203
145	368
145	392
145	837
146	211
146	251
146	385
147	274
147	568
147	737
147	806
148	270
148	892
149	264
149	874
150	421
150	617
151	256
151	442
151	526
151	533
151	748
152	736
152	816
152	825
153	203
153	485
153	664
153	706
153	842
154	328
154	453
154	889
155	207
155	231
155	405
155	880
156	191
156	317
156	410
156	745
157	211
157	218
157	236
157	544
158	275
158	359
158	472
158	822
159	490
159	580
160	312
160	519
160	524
160	728
160	863
161	328
161	594
162	397
163	577
163	702
164	209
164	549
165	412
166	267
166	271
166	353
166	430
166	535
167	866
168	333
168	527
168	552
168	615
168	796
169	334
169	583
170	714
171	306
171	474
171	544
171	898
172	287
172	532
172	687
172	836
173	428
173	503
173	512
173	662
174	402
174	559
175	724
175	743
175	757
175	804
176	380
176	419
176	604
177	197
177	314
177	387
178	180
178	274
178	706
178	715
179	330
179	748
179	829
180	561
180	654
180	727
181	190
181	195
181	300
181	319
181	515
181	522
181	599
181	874
181	892
182	475
182	547
182	606
183	393
183	594
184	255
184	265
184	397
184	408
184	456
184	598
184	844
185	298
185	819
186	298
186	464
186	514
186	770
187	767
188	365
189	254
189	321
189	336
189	395
189	467
190	404
190	491
190	658
191	732
191	776
191	877
192	246
192	297
192	312
192	443
192	456
192	519
193	722
194	313
194	395
194	467
194	585
195	525
195	829
196	684
196	871
197	546
198	282
198	334
198	339
198	551
199	680
199	829
200	484
201	329
201	407
202	261
202	682
203	884
204	214
204	690
204	884
205	239
205	300
205	835
206	210
206	322
206	339
206	424
206	463
206	637
208	412
208	460
208	595
208	710
209	720
209	760
210	247
210	590
210	603
210	661
211	262
211	417
211	674
211	746
212	457
212	612
212	894
213	364
213	413
213	486
213	627
213	887
214	714
214	869
214	878
215	220
215	480
216	242
216	268
216	278
216	392
217	542
218	350
218	820
218	857
219	531
219	620
219	695
219	790
220	684
220	698
220	759
220	827
221	224
221	265
221	271
221	746
221	882
222	474
222	529
223	458
223	748
223	884
224	304
224	567
224	814
224	841
225	706
225	772
225	862
226	614
226	695
226	742
226	811
227	678
228	887
229	480
229	552
229	581
229	695
229	702
229	855
230	379
230	408
230	516
230	845
230	879
230	892
231	521
231	541
232	486
233	494
234	397
234	521
234	728
234	790
235	365
235	598
235	877
236	298
237	245
238	391
239	265
239	312
239	563
240	270
240	427
240	533
241	870
242	503
242	672
243	257
243	283
243	286
243	592
243	851
244	337
244	353
244	652
245	501
245	640
245	821
245	885
246	284
246	604
246	642
246	747
246	823
247	459
247	873
248	333
249	727
250	366
250	451
250	790
252	506
253	536
253	547
253	550
253	724
254	620
254	784
255	464
256	362
256	431
256	541
257	443
257	614
259	363
259	459
260	341
260	701
260	725
260	896
261	637
262	325
262	359
262	556
263	389
263	454
263	759
263	866
263	872
264	514
264	755
264	871
265	272
265	411
265	534
265	581
265	690
266	384
266	606
267	381
267	445
267	578
267	715
268	413
269	333
269	346
269	501
269	687
269	764
270	521
270	573
270	773
271	481
271	493
271	522
271	525
271	846
271	894
272	355
272	361
272	404
272	549
272	643
272	828
272	882
273	348
273	403
273	602
273	624
273	821
274	572
274	776
275	671
275	806
275	863
276	362
276	387
276	481
277	373
277	385
277	584
277	723
277	806
278	848
279	605
279	659
279	725
279	757
279	818
280	320
280	504
280	698
281	479
281	725
281	788
282	413
282	538
283	844
283	850
283	873
283	882
284	323
284	697
285	474
285	532
287	504
287	599
287	667
287	804
288	376
288	532
288	867
289	708
289	817
289	857
289	894
290	621
290	673
291	437
292	312
292	393
293	438
293	514
293	762
294	579
295	729
295	829
296	449
296	665
296	688
297	310
297	370
297	379
297	476
297	572
298	437
298	480
298	660
298	707
299	358
299	671
299	840
299	860
300	620
300	654
301	327
301	426
301	542
302	306
302	442
303	431
303	470
303	512
303	762
304	354
304	361
304	524
304	638
304	653
305	829
306	871
307	665
309	378
309	483
309	636
310	316
310	339
310	608
311	405
311	582
311	775
311	852
311	885
312	381
313	466
313	861
314	357
314	618
314	654
315	699
315	845
316	323
316	743
316	759
317	459
317	850
317	892
318	325
318	461
318	862
320	523
321	591
321	690
321	711
321	747
322	647
322	851
323	380
323	413
323	667
323	704
323	710
323	773
324	509
325	583
325	899
326	396
326	670
327	347
327	522
327	798
328	531
328	553
328	558
328	803
328	889
329	381
329	627
330	356
330	599
330	663
330	734
330	742
330	895
331	588
331	859
332	492
332	509
332	889
333	412
333	436
333	639
334	456
334	507
334	610
334	624
334	805
335	550
335	746
336	612
336	731
336	854
336	881
337	501
337	773
338	772
339	371
339	592
339	757
339	802
339	839
340	447
340	454
340	620
341	816
342	612
342	621
343	359
343	522
343	566
343	745
344	497
344	822
345	372
345	455
345	529
345	661
346	404
346	508
349	448
349	593
349	703
349	777
350	469
350	471
351	549
351	818
352	414
352	799
353	409
353	496
353	598
354	606
355	764
356	568
356	656
356	688
357	642
357	695
357	865
357	867
358	510
358	637
359	739
360	487
361	419
361	481
361	498
361	563
361	589
361	752
362	761
363	702
363	814
363	844
364	517
365	638
366	446
366	660
366	858
367	393
367	526
367	605
367	818
368	388
369	438
370	449
370	637
370	739
371	731
371	777
371	837
371	870
372	383
373	492
373	864
374	574
374	624
374	635
375	438
375	574
375	690
375	693
376	596
376	628
376	720
376	817
377	489
377	684
379	423
379	623
379	627
379	708
379	774
379	785
379	827
379	851
380	502
380	620
381	421
381	534
381	706
382	851
383	576
383	761
384	406
384	460
384	461
384	563
384	602
384	766
384	847
385	465
385	533
385	600
385	628
386	452
386	548
386	770
387	629
388	588
389	445
389	465
391	743
391	777
391	825
392	668
392	839
393	425
394	483
394	509
394	725
395	475
395	803
396	676
397	402
397	526
398	609
398	725
399	677
399	732
399	839
400	421
400	643
401	687
401	850
402	682
403	512
403	561
403	565
403	663
403	708
403	838
404	547
404	565
407	645
407	729
407	805
407	865
408	551
408	724
409	811
410	682
410	774
411	497
411	537
412	468
412	541
412	750
413	631
413	701
414	474
414	600
414	724
414	727
414	732
414	853
415	548
415	692
415	781
416	696
417	792
417	876
418	733
418	773
419	875
420	747
420	748
420	770
421	547
422	675
425	601
425	717
426	799
427	531
428	660
428	735
428	795
429	664
430	668
431	468
431	763
432	707
433	638
433	754
433	875
434	468
435	803
436	591
436	684
437	545
438	517
439	703
440	721
440	778
440	820
441	675
442	486
442	744
442	853
443	474
443	596
443	759
445	449
445	833
445	892
446	761
448	625
449	551
449	661
450	455
450	460
450	546
450	709
451	626
451	642
451	748
453	672
453	885
454	889
455	573
455	660
455	795
455	862
456	882
457	482
457	776
458	490
458	642
459	882
460	633
460	749
460	762
462	552
462	883
463	668
463	830
464	547
464	578
464	857
465	795
465	796
467	475
467	762
467	831
468	722
471	890
473	704
473	822
474	498
474	536
474	604
474	766
474	799
475	509
475	628
475	655
475	731
475	816
475	896
477	629
477	702
479	691
479	866
480	827
481	596
482	507
483	684
484	795
484	876
485	665
486	583
486	593
486	740
487	495
487	500
487	752
487	805
487	890
488	641
488	672
488	718
489	895
490	720
490	851
492	509
492	516
492	520
492	790
492	821
493	578
493	773
493	782
495	533
496	521
497	772
497	789
497	852
498	587
498	744
499	651
500	624
500	728
500	736
501	517
501	693
502	599
503	519
503	722
504	626
504	730
505	535
505	582
505	636
505	784
506	788
509	610
510	586
512	642
513	865
514	655
514	829
514	891
516	570
516	867
517	527
518	607
519	772
520	556
520	713
520	758
521	538
521	802
522	651
522	737
522	834
523	829
524	688
524	699
524	833
525	533
525	576
525	581
525	638
525	841
526	714
526	791
527	532
527	605
527	738
527	844
528	771
529	691
530	659
531	821
531	865
532	761
532	777
532	796
532	843
532	883
534	604
534	708
534	763
535	538
535	606
535	747
536	723
536	777
536	809
537	589
538	561
538	803
538	863
540	567
540	568
540	622
540	735
540	789
541	612
542	606
542	695
545	551
545	572
545	702
546	662
546	686
546	893
548	816
549	674
549	823
551	577
552	675
552	820
552	859
553	698
553	709
555	576
555	806
555	809
555	813
555	833
555	841
555	885
556	842
556	856
557	577
558	738
558	882
559	590
559	712
559	742
559	760
560	835
560	899
561	889
562	612
562	843
563	799
564	844
566	730
567	611
567	752
568	579
568	726
569	751
570	718
570	733
570	853
570	860
571	687
571	852
572	771
572	812
574	639
574	711
574	784
574	893
575	611
577	668
577	675
577	705
578	816
578	861
579	645
580	721
580	808
581	712
581	871
582	675
584	714
584	792
585	626
586	693
587	648
587	649
587	672
587	716
587	810
588	625
588	803
589	782
589	878
591	778
591	851
592	743
593	705
593	870
594	828
595	842
597	879
598	604
598	790
599	647
600	793
601	682
601	813
601	859
602	747
602	791
603	632
603	788
604	656
606	857
607	667
609	777
610	818
612	613
612	622
612	766
613	635
613	676
613	677
613	730
614	755
616	822
618	652
618	737
618	817
618	841
620	648
620	757
622	722
622	752
622	899
623	686
623	845
625	891
627	864
628	799
628	885
631	647
633	723
633	768
634	750
635	740
637	683
638	736
638	801
640	686
640	843
643	839
643	850
643	874
644	705
645	722
647	898
650	795
654	852
655	808
656	698
656	805
657	769
658	754
658	862
660	697
661	664
662	698
663	868
665	685
665	865
666	697
666	708
666	818
669	776
669	801
670	694
670	731
670	898
672	734
673	794
674	682
675	776
677	787
677	829
678	682
678	787
678	853
678	891
679	696
679	726
680	689
680	822
681	870
682	704
683	693
687	754
687	886
688	734
689	845
689	884
690	890
692	829
693	732
696	701
697	812
697	840
700	841
701	725
701	789
702	795
702	833
703	762
704	861
705	866
705	881
706	759
709	820
710	752
710	861
711	746
714	753
719	795
721	742
723	732
723	805
730	816
731	746
732	845
733	762
736	787
736	827
737	891
741	812
743	746
745	771
745	800
745	835
745	885
746	796
746	870
748	762
748	809
748	834
748	882
750	811
753	808
753	819
754	790
755	757
757	818
764	843
765	808
765	809
776	837
776	873
777	894
779	835
782	797
782	815
783	861
785	861
786	849
788	801
788	875
793	878
799	826
803	882
804	884
805	885
806	895
807	870
810	828
810	891
818	869
820	840
822	864
823	842
824	879
826	897
829	898
832	858
834	838
834	895
835	883
836	876
839	843
845	899
846	875
847	875
858	869
879	890
884	888