0	97
0	242
0	359
0	828
1	119
2	204
2	304
2	317
2	647
2	659
3	384
3	521
3	713
3	794
3	831
4	319
4	353
4	355
4	643
4	677
4	885
5	17
5	109
5	134
5	176
5	187
5	307
6	62
6	93
6	461
6	527
6	581
6	611
6	643
6	765
7	181
8	136
8	247
8	276
8	324
8	390
8	518
9	88
9	590
9	629
10	212
10	421
10	649
10	675
10	751
10	774
11	109
11	313
11	344
11	543
11	637
11	670
11	792
12	13
12	25
12	283
12	380
12	424
12	499
12	658
13	82
13	406
14	477
14	484
14	626
14	773
14	873
15	552
15	619
15	796
16	674
17	112
17	246
17	444
17	645
17	885
18	68
18	122
18	131
18	241
18	491
18	559
18	763
18	774
19	514
19	809
20	307
20	330
20	383
20	587
20	598
20	691
20	774
21	310
21	646
21	721
21	794
21	865
21	872
22	64
22	339
22	384
22	734
22	774
23	494
23	648
23	710
24	114
24	340
24	798
25	38
25	359
25	724
25	831
26	158
26	764
27	133
27	546
27	555
27	596
28	234
28	874
29	138
29	149
29	194
29	340
30	158
30	160
30	378
30	556
30	598
30	695
30	892
31	135
31	269
31	435
31	511
31	590
32	125
32	337
32	733
33	275
33	392
33	458
34	61
34	526
34	786
35	200
35	376
35	423
35	713
36	122
36	177
36	314
36	481
36	849
37	117
37	549
37	812
37	843
38	88
38	221
38	594
38	635
39	274
39	367
39	483
39	576
40	160
40	231
40	693
40	888
41	384
41	550
41	597
41	748
41	871
42	129
42	183
42	204
42	310
42	671
43	284
43	566
44	123
44	159
44	376
44	700
45	237
45	387
45	442
45	473
45	739
45	885
46	251
46	583
46	713
47	123
47	422
47	457
47	587
47	736
47	869
47	891
48	679
49	95
49	113
49	241
49	550
49	697
50	104
50	539
51	393
51	558
51	580
51	854
52	94
52	132
52	476
52	727
52	886
53	247
54	440
55	67
55	407
55	436
55	478
55	529
55	827
55	862
55	871
56	168
56	191
56	313
56	495
56	522
56	574
56	614
57	537
58	180
58	488
58	523
58	597
58	642
58	645
58	809
59	470
60	343
60	362
60	812
61	141
61	145
61	189
61	232
61	337
61	566
61	761
62	342
62	364
62	396
62	480
62	738
62	802
63	68
63	216
64	150
64	172
64	203
64	282
64	313
64	405
64	436
64	767
64	884
65	139
65	397
65	451
66	114
66	278
66	331
66	561
66	716
66	761
66	803
67	693
67	717
68	220
68	439
68	517
68	620
69	176
69	515
69	856
70	246
70	688
70	698
70	803
71	462
71	527
71	568
71	791
72	603
73	385
73	629
73	816
73	822
74	149
74	213
74	234
74	325
75	672
75	777
75	811
76	330
77	631
77	669
78	329
78	475
79	196
79	228
79	241
79	404
79	812
80	154
80	285
80	856
81	534
81	583
81	654
82	192
82	200
82	376
82	516
82	656
82	751
83	348
84	363
84	612
84	673
85	495
85	518
85	786
85	854
86	104
86	363
86	382
86	479
86	637
87	332
87	651
87	771
87	851
88	392
88	592
89	378
89	508
89	580
89	726
89	828
90	244
90	249
91	137
91	179
91	398
91	462
92	660
92	758
93	343
93	551
93	626
93	824
94	567
94	613
94	679
95	473
95	526
95	555
95	883
96	165
96	305
96	418
97	115
97	567
97	777
97	835
97	859
98	270
99	177
99	201
99	354
99	422
99	457
99	600
99	873
100	259
100	301
100	356
100	370
101	546
102	352
102	525
102	593
102	694
103	670
103	794
103	854
103	893
104	203
104	252
104	300
104	363
104	575
104	591
104	695
105	288
105	652
106	527
107	345
107	493
107	822
108	159
108	609
108	617
108	688
109	123
109	394
109	672
110	193
110	303
110	557
110	716
110	848
110	858
111	467
111	795
112	117
112	188
112	223
112	284
112	420
112	506
112	521
112	769
113	215
113	431
113	721
113	742
113	774
114	120
114	292
114	370
114	469
114	500
114	803
115	363
115	452
115	456
115	724
115	740
115	798
115	847
115	852
116	211
116	627
117	170
117	300
117	497
117	568
117	831
117	843
118	167
118	252
119	544
119	621
120	189
120	214
120	299
120	534
120	606
121	303
121	527
121	546
121	897
122	495
122	572
122	747
123	506
123	626
123	647
124	217
124	289
124	530
125	224
125	826
126	296
127	159
127	494
127	626
127	846
128	264
128	453
128	582
128	765
129	566
129	728
129	763
129	831
130	689
130	871
131	359
131	485
132	598
132	746
132	747
133	169
133	722
133	784
134	289
134	404
134	853
134	856
134	858
135	193
135	299
136	206
136	482
136	771
136	869
137	538
137	616
139	155
139	424
139	660
140	185
140	266
140	396
140	682
140	876
141	491
141	513
142	156
143	181
143	254
143	552
143	724
144	174
144	594
144	757
145	176
145	336
145	351
145	355
145	633
145	657
145	679
145	744
146	580
146	583
146	858
147	463
147	865
148	366
148	559
148	862
149	371
149	468
149	497
149	732
150	169
150	202
150	697
151	245
151	277
151	394
151	428
151	444
151	549
151	731
151	852
152	205
152	340
152	632
152	697
152	744
153	247
153	556
154	558
154	563
154	567
155	186
155	214
155	320
155	726
156	220
156	302
156	714
157	837
158	253
159	241
159	297
159	409
159	829
159	850
160	403
161	615
161	727
161	752
161	830
161	862
161	872
162	465
162	577
162	646
162	752
162	816
163	215
163	369
163	443
163	459
163	705
164	184
164	325
164	818
164	826
165	438
165	624
166	256
166	444
167	411
168	313
168	358
168	426
168	604
168	707
168	894
169	489
169	711
169	719
169	751
170	536
170	690
170	769
170	836
171	332
171	404
171	428
171	582
172	751
172	771
173	785
174	678
174	783
175	252
175	320
175	580
175	602
175	791
175	811
175	842
176	330
176	570
176	766
176	837
177	718
178	463
178	754
179	271
179	314
179	560
179	600
180	626
180	685
181	315
182	521
182	627
183	433
183	669
184	272
184	636
185	369
185	465
185	636
186	357
186	603
186	608
186	610
186	613
187	871
188	275
188	434
188	446
188	498
189	528
189	644
189	797
190	484
191	354
191	449
191	565
191	867
192	322
192	510
192	883
193	429
193	581
193	633
194	617
194	687
194	797
195	387
195	710
195	841
196	245
196	333
196	412
196	491
196	594
196	726
197	249
197	313
197	881
198	201
198	229
198	399
198	570
199	466
199	850
200	293
200	340
200	379
202	261
202	368
202	379
202	387
202	521
202	696
202	897
203	211
203	413
203	500
203	625
203	695
203	728
203	774
204	548
205	258
205	655
205	818
205	858
206	330
207	572
207	838
208	452
208	629
209	496
209	511
209	736
209	837
210	330
210	438
211	713
211	773
211	788
212	443
212	638
212	798
213	335
213	459
213	763
214	283
214	612
214	682
215	240
215	399
215	781
215	856
217	330
217	537
218	384
218	396
218	582
218	626
219	640
220	283
220	619
220	667
220	726
220	800
220	879
221	288
221	347
221	423
221	698
222	288
222	561
222	758
223	509
223	627
223	875
224	524
224	849
225	235
225	357
225	380
225	611
225	761
226	285
226	552
226	801
227	317
228	731
228	816
228	841
229	402
229	762
230	250
230	384
230	467
230	661
230	702
231	338
231	446
232	330
232	342
232	890
233	511
233	688
233	722
233	731
234	735
234	865
235	331
235	373
235	816
235	865
236	362
236	482
236	525
236	663
236	742
236	813
236	835
237	267
237	320
237	870
237	871
238	441
238	476
238	523
238	526
238	704
239	348
241	552
242	471
243	387
243	480
243	587
243	685
243	729
243	744
244	271
244	536
244	551
244	671
244	684
244	701
244	815
244	844
245	276
245	422
245	457
245	475
245	648
245	683
245	784
245	843
246	347
246	659
247	447
247	483
247	634
248	280
248	329
248	371
250	626
251	484
251	585
251	659
252	426
252	484
253	618
253	623
254	340
254	535
254	570
254	670
255	547
255	603
255	672
255	738
255	833
256	357
256	553
256	693
256	878
257	390
257	778
258	632
258	671
259	344
259	862
260	313
260	660
261	588
261	630
261	696
261	704
261	720
262	272
262	357
262	367
263	369
263	490
263	520
264	420
264	451
264	870
265	416
265	741
265	775
265	816
265	846
266	303
266	446
266	528
267	415
267	510
267	701
268	282
268	645
269	275
269	739
269	877
270	384
270	608
270	749
271	629
271	776
272	309
272	466
272	585
272	825
273	556
274	595
274	786
274	891
276	833
276	881
277	318
277	379
277	495
277	530
277	704
277	767
278	690
279	331
279	565
279	606
279	611
279	841
280	533
280	616
281	322
281	385
281	553
281	596
281	702
281	810
282	776
284	292
284	706
285	294
285	750
286	585
286	743
286	876
287	288
287	305
288	386
288	609
290	380
290	446
290	626
290	669
290	789
290	883
291	309
293	339
293	348
293	637
294	394
294	755
295	466
295	502
296	450
296	516
297	402
297	519
297	862
298	390
298	505
299	395
299	519
299	592
299	767
300	456
300	476
300	488
300	768
300	845
301	374
301	431
301	433
302	852
303	453
303	485
303	509
303	749
304	320
304	404
304	510
305	393
305	895
306	741
307	613
307	666
307	793
308	431
308	590
308	797
308	885
309	321
309	329
309	397
310	422
311	389
311	628
312	421
313	414
313	420
313	494
314	701
314	728
314	876
315	358
315	566
316	598
316	709
316	725
316	836
318	417
318	424
318	541
318	577
318	807
319	583
319	677
319	682
319	790
320	383
320	385
320	561
321	386
321	591
321	832
321	862
321	883
322	362
322	423
322	452
322	635
322	767
323	510
324	487
324	526
324	626
324	630
325	372
325	794
326	590
326	611
327	401
327	524
327	808
328	387
328	435
328	859
329	331
329	428
329	524
329	708
329	865
329	879
330	749
330	878
332	403
332	454
332	700
332	740
333	675
333	892
334	338
334	676
334	824
335	582
335	594
335	600
335	706
335	719
336	498
336	585
336	618
336	713
337	478
337	685
337	851
338	414
338	425
338	469
338	490
338	596
338	644
338	740
338	779
339	721
339	751
339	844
340	444
340	637
340	832
340	866
341	875
343	502
343	651
344	554
344	803
345	489
345	628
345	781
345	886
346	792
346	850
347	883
349	469
349	482
349	799
350	534
351	660
351	710
351	730
351	740
351	816
352	430
352	517
352	726
353	385
353	563
353	644
353	746
353	750
353	805
353	841
354	509
354	667
354	669
355	466
355	630
355	731
355	877
356	601
356	683
357	592
358	380
360	480
360	515
360	792
361	435
361	891
361	892
362	467
362	532
362	680
362	733
363	480
363	517
363	757
364	709
365	388
366	483
367	654
367	728
367	883
368	435
369	397
370	553
370	621
370	705
370	843
371	704
371	815
372	773
372	811
372	829
373	876
374	416
375	607
375	680
375	837
375	857
377	855
378	855
380	567
380	623
381	513
381	759
381	861
383	565
383	666
383	698
384	523
384	562
384	708
385	423
385	620
385	717
386	483
387	660
388	398
388	632
389	499
390	535
391	632
391	734
392	413
392	490
392	689
392	792
393	500
393	660
394	537
394	769
395	434
395	531
395	608
395	642
395	730
396	462
396	576
397	526
397	556
397	633
397	675
397	693
398	426
398	469
398	538
399	634
400	879
401	448
401	632
401	766
401	818
402	553
402	725
402	898
403	445
404	695
404	792
405	676
407	542
407	673
408	467
408	554
410	655
410	789
411	454
411	634
412	522
412	717
412	734
414	519
415	605
415	710
416	550
416	615
417	440
417	572
417	605
417	750
417	811
418	570
418	726
418	782
418	792
419	481
421	443
421	769
421	806
421	846
421	865
422	446
422	758
422	891
423	517
423	599
423	702
423	825
423	891
424	754
424	801
425	560
426	480
427	725
427	806
428	475
429	666
430	646
430	729
432	728
433	435
433	779
434	460
434	539
434	546
434	656
435	571
435	594
436	487
436	572
437	629
438	659
438	792
438	855
439	656
440	572
441	802
442	473
443	531
443	615
443	695
444	470
445	588
446	451
446	530
446	572
446	878
448	517
448	799
448	869
448	873
449	461
449	622
449	725
449	820
450	641
450	884
451	631
452	479
452	579
452	705
453	483
453	783
454	524
454	582
454	597
454	719
455	476
456	569
457	566
457	711
458	487
458	681
459	780
460	499
460	583
460	742
460	793
460	847
461	592
461	677
462	781
462	813
462	822
463	591
463	647
463	823
464	816
465	480
465	517
465	560
465	646
465	719
466	803
466	896
467	504
467	587
468	541
468	877
468	881
469	518
469	531
469	599
469	617
469	754
469	855
470	527
470	555
470	699
470	795
471	740
472	483
472	804
473	579
473	603
474	696
475	839
477	506
477	598
479	643
479	827
480	607
480	855
481	769
482	788
482	851
482	872
483	499
484	800
485	559
485	716
485	777
486	536
486	631
486	648
487	572
488	899
489	583
489	699
489	757
489	860
490	779
491	689
491	708
491	744
492	512
492	544
492	584
492	616
494	650
495	722
496	569
497	837
498	665
498	831
498	854
498	862
500	635
500	721
500	734
500	865
501	720
502	805
502	887
503	599
503	704
504	601
504	701
504	745
504	783
505	656
506	763
507	629
507	685
508	716
508	762
509	682
510	588
510	681
511	827
512	523
512	556
512	602
512	828
512	895
513	633
513	829
513	864
513	882
514	705
515	713
516	589
516	608
516	829
517	561
517	571
517	743
518	626
518	809
518	856
519	657
519	676
519	737
519	751
520	587
520	655
520	659
520	829
521	783
522	626
523	543
523	799
523	837
525	618
525	639
525	674
525	743
525	750
526	565
526	577
528	568
528	602
528	827
528	868
529	653
529	856
530	675
531	561
532	550
533	800
535	762
536	814
536	891
537	726
537	742
537	839
539	574
539	575
539	693
539	794
540	771
540	878
541	609
541	636
541	828
542	553
542	729
543	639
543	744
543	833
544	785
545	603
545	883
546	598
546	787
547	723
547	885
548	767
550	577
550	596
550	663
550	703
550	778
552	553
552	819
552	896
553	713
553	793
553	890
553	898
555	590
555	654
557	800
558	565
558	841
559	573
560	665
560	885
561	669
561	704
562	712
563	716
563	782
564	832
564	897
565	794
565	831
566	708
567	581
567	628
568	611
568	672
569	720
569	761
569	800
570	588
570	807
571	617
571	835
572	632
573	596
574	781
574	817
575	672
575	711
578	586
578	744
578	825
579	671
580	734
580	738
581	673
583	614
583	715
583	732
584	837
584	874
585	607
586	612
586	697
586	716
586	883
589	808
590	684
590	710
590	712
590	846
591	668
591	711
594	639
594	800
596	701
597	688
597	775
598	643
598	705
598	706
600	693
602	835
602	898
604	789
605	649
605	889
606	699
607	620
607	785
609	866
612	717
612	772
612	785
613	664
613	803
614	771
615	854
615	880
615	899
616	670
616	693
616	745
617	813
618	761
618	798
620	633
620	726
620	756
623	633
624	860
624	892
628	646
628	745
628	810
632	636
632	696
632	838
632	845
635	893
637	843
638	767
638	869
639	713
639	723
639	734
639	818
639	825
640	707
641	677
642	866
643	650
644	797
644	899
645	791
645	837
651	731
653	692
653	878
654	704
654	749
654	893
655	682
655	781
657	665
659	754
659	844
660	698
661	701
661	759
662	681
665	677
665	788
666	827
666	840
668	829
668	842
669	729
669	775
670	695
670	813
671	881
671	896
672	737
672	812
673	782
674	739
674	779
674	805
674	829
675	704
675	708
677	734
678	823
679	857
681	754
681	812
681	898
686	873
689	711
689	728
689	819
694	850
695	865
695	871
696	740
696	897
697	858
698	864
699	786
699	794
699	875
699	880
700	711
702	819
702	829
702	845
702	891
704	709
704	889
706	818
706	897
707	720
707	868
709	765
709	894
710	813
711	810
712	838
712	886
713	840
717	744
719	828
724	795
724	818
724	871
726	812
727	883
728	770
728	780
730	763
734	759
734	762
736	776
736	860
737	847
740	764
740	862
742	839
743	758
744	752
747	800
747	856
747	877
748	808
749	793
752	757
753	849
755	767
756	785
759	793
760	842
761	771
762	796
763	781
764	788
765	886
766	847
770	821
773	777
773	889
774	827
775	865
777	781
781	866
784	832
786	822
786	877
789	864
790	825
792	796
795	877
799	820
799	868
801	885
803	864
805	845
809	853
815	825
815	845
816	839
820	890
829	834
839	853
844	854
844	881
845	855
847	869
848	884
850	896
851	872
853	855
858	871
859	890
863	893
872	893