0	36
0	197
0	585
0	611
0	707
0	775
0	808
1	287
1	492
1	554
1	580
1	725
1	770
2	127
2	282
2	468
2	503
2	568
2	585
3	82
3	294
3	515
3	714
3	871
4	306
4	445
4	500
4	694
5	199
5	505
5	769
5	891
6	440
6	614
6	689
6	712
7	145
7	206
7	634
8	132
8	446
8	454
8	707
9	707
9	887
10	432
10	447
10	607
10	693
11	229
11	384
11	500
11	549
11	581
11	772
12	318
12	414
12	681
13	249
13	411
13	765
14	620
14	700
14	803
14	878
15	243
15	356
15	836
16	41
16	46
16	210
17	529
17	711
17	812
18	270
18	411
18	804
19	131
19	270
19	675
19	746
20	155
20	404
20	429
20	536
20	642
21	260
21	596
21	864
22	208
22	214
22	446
23	239
23	562
23	726
24	178
25	140
25	604
25	631
26	346
26	791
27	53
27	417
27	523
27	678
28	120
28	285
28	665
28	875
29	522
30	122
30	220
30	350
30	819
31	317
31	334
31	409
31	421
31	435
31	450
31	461
31	700
31	793
32	466
32	657
32	693
33	161
33	644
33	896
34	214
34	615
34	718
35	152
35	566
35	665
35	757
35	766
35	828
36	265
36	338
36	473
36	859
37	54
37	89
37	226
37	476
38	103
38	480
38	577
39	96
39	125
39	296
39	527
40	491
40	703
40	883
41	424
42	566
43	157
43	353
43	519
43	555
43	628
43	690
43	730
43	826
44	221
44	321
45	308
45	310
45	706
45	774
45	890
46	367
46	686
46	834
47	106
47	163
47	588
47	594
47	840
47	877
48	178
48	382
48	591
48	750
49	240
49	876
50	113
50	386
50	812
51	134
51	140
51	459
51	512
51	666
52	365
52	404
52	547
53	253
53	451
54	66
54	450
54	639
54	678
54	874
55	95
55	310
56	182
56	385
56	482
57	366
57	838
58	65
58	497
59	180
59	381
59	765
59	834
60	135
60	197
60	530
60	616
60	885
60	894
61	271
61	458
61	556
61	651
61	751
62	123
62	188
62	402
62	448
62	578
62	591
63	141
63	484
63	676
63	752
63	790
64	450
64	702
64	754
64	899
65	301
65	684
65	752
66	543
66	766
66	828
67	582
68	479
68	757
68	890
69	188
69	229
69	388
69	447
69	870
70	628
70	670
70	722
71	128
71	219
71	377
71	483
71	511
71	648
71	716
72	364
72	420
72	553
72	786
72	859
73	266
73	341
73	366
73	473
73	677
74	75
74	338
74	365
75	132
75	170
75	682
76	375
76	565
76	629
76	861
77	667
78	134
78	339
78	423
79	264
79	687
79	746
79	808
79	840
80	294
80	394
81	188
81	548
81	634
81	795
81	861
82	386
82	438
82	468
82	501
82	675
83	220
83	273
83	390
83	668
83	790
84	221
84	863
85	324
85	447
85	569
86	158
87	216
87	304
87	430
87	892
88	158
88	163
88	171
89	113
89	319
90	206
90	713
90	733
91	311
91	316
91	486
91	565
91	752
92	700
92	779
92	798
92	889
93	166
93	419
93	483
93	491
93	662
93	784
94	114
94	195
94	259
94	272
94	426
94	455
94	476
94	703
94	825
94	876
95	646
95	710
96	235
96	305
96	338
96	551
96	749
97	119
98	759
99	434
100	339
100	483
100	755
101	717
101	795
101	814
101	873
102	369
102	462
103	131
103	357
103	654
104	385
104	477
104	499
104	639
105	622
106	222
106	232
106	332
106	896
107	293
107	337
107	361
107	638
108	269
108	272
108	314
108	439
108	725
108	737
108	794
109	117
109	121
109	218
109	369
109	483
109	671
109	803
110	385
110	560
110	692
111	327
111	792
111	840
111	865
112	268
112	508
113	482
113	755
114	151
114	200
114	506
114	596
114	778
115	180
115	232
116	178
116	312
116	455
117	212
117	269
117	448
117	742
118	387
118	740
119	284
119	421
119	440
119	471
119	512
119	597
119	802
119	868
120	344
120	411
120	624
120	642
120	830
121	140
121	336
121	350
121	492
121	887
122	200
122	201
122	446
122	667
123	401
123	457
123	784
123	788
123	829
124	268
124	587
124	636
124	641
125	241
125	572
125	753
126	244
126	449
126	716
126	717
126	756
126	859
127	135
127	294
127	458
127	737
127	801
128	295
128	310
128	322
128	671
128	682
128	702
128	875
129	369
129	482
129	763
130	145
131	139
131	217
132	203
132	454
132	670
132	862
133	251
133	693
133	708
133	751
134	733
135	694
136	145
136	366
136	443
136	465
136	752
137	263
137	591
137	718
137	808
138	211
138	299
138	480
138	560
139	227
139	240
139	334
139	426
139	502
139	542
139	762
141	338
141	466
141	498
141	738
141	855
141	858
142	524
143	369
143	721
143	832
144	206
144	591
145	200
145	290
145	330
145	342
145	379
145	513
145	538
145	619
145	725
145	779
145	879
146	248
146	265
146	506
146	547
146	687
147	334
147	376
148	160
148	194
148	564
148	631
149	316
149	343
149	653
150	561
150	583
151	414
151	516
151	551
151	593
151	649
151	700
151	881
152	230
152	399
153	598
153	650
153	760
153	884
154	169
154	189
154	306
154	395
154	417
154	440
154	452
154	483
154	542
154	887
155	298
155	326
155	398
155	607
155	779
156	206
156	282
156	475
157	786
158	540
158	580
159	255
159	710
160	725
160	831
161	456
161	487
161	844
162	793
162	844
163	317
163	637
163	822
164	166
164	169
164	238
164	311
165	725
165	829
166	174
166	400
166	540
167	187
167	249
167	571
168	306
168	781
169	327
169	382
169	614
169	744
169	759
169	887
170	849
171	264
171	770
171	782
171	841
172	537
172	576
172	737
173	182
173	792
173	855
174	314
174	688
174	759
175	582
175	611
175	756
175	777
175	869
176	337
176	893
177	570
178	570
178	840
179	219
179	776
180	247
180	288
180	401
180	775
181	733
182	184
182	815
183	813
184	326
184	334
184	373
184	697
184	753
184	848
185	635
185	882
186	244
186	377
186	547
186	649
187	195
187	683
187	769
188	225
188	230
188	658
188	745
188	808
188	844
189	210
189	262
189	652
189	711
189	783
189	788
189	859
190	385
191	807
192	827
192	892
193	301
193	302
193	383
193	485
193	644
193	651
193	753
193	891
194	468
194	493
194	653
194	766
196	304
196	428
196	591
196	629
197	642
198	204
198	249
198	315
198	565
199	373
199	551
199	560
199	572
199	695
200	602
200	804
201	234
201	355
201	449
201	468
201	543
201	648
201	857
202	399
202	594
202	636
203	225
203	637
204	806
204	887
204	893
205	714
206	511
206	521
206	890
207	747
208	351
208	637
208	891
209	578
209	598
209	693
210	427
210	845
211	245
211	525
212	240
212	327
212	521
212	737
213	633
214	333
214	628
214	749
215	374
216	260
216	321
216	363
216	781
216	863
217	411
217	418
217	558
217	704
217	772
217	822
218	408
218	487
218	490
218	670
218	686
218	776
220	335
220	348
220	566
220	728
220	732
221	373
221	414
221	641
221	878
222	351
222	393
222	414
222	499
222	570
223	257
223	364
223	852
224	345
224	459
224	688
224	823
225	394
225	677
225	685
226	232
226	263
226	267
226	470
226	773
226	899
227	629
227	631
227	833
227	895
228	330
228	481
228	881
229	384
229	593
229	610
229	768
229	854
231	241
231	242
232	236
232	438
232	499
232	592
232	603
232	715
233	439
233	845
234	438
234	500
234	533
234	632
235	308
235	387
235	461
235	522
235	846
236	325
236	406
236	549
236	690
237	417
237	819
238	332
238	364
238	435
238	625
238	867
239	724
239	821
240	402
240	569
241	519
242	295
242	613
243	315
245	422
245	689
245	821
245	855
246	414
247	268
247	507
248	249
248	390
248	480
248	629
248	654
248	672
249	409
250	318
251	258
251	287
252	482
253	281
253	368
253	433
253	888
254	307
254	396
254	421
254	518
254	669
255	564
255	603
256	469
256	674
256	700
256	731
257	520
258	377
258	379
258	443
258	799
259	320
259	366
259	883
261	431
262	342
262	403
262	460
262	895
263	363
263	716
263	795
264	355
264	400
264	487
265	432
265	860
266	461
266	571
266	654
266	669
267	367
267	617
268	548
268	598
268	728
268	757
268	863
269	450
269	601
269	890
270	314
270	359
270	608
271	568
272	542
272	860
273	644
273	759
274	648
275	540
276	769
277	448
277	520
277	680
278	418
278	729
278	834
279	360
279	398
279	707
279	739
280	342
280	446
281	367
282	365
282	655
282	664
283	419
284	521
284	644
284	673
285	529
285	536
286	478
286	480
286	655
287	384
287	427
287	503
287	608
287	809
288	426
289	375
289	401
289	412
289	471
289	679
290	334
290	409
290	418
290	437
290	473
290	588
290	688
290	721
290	765
291	364
291	602
291	711
292	370
292	606
292	611
292	693
292	813
292	819
293	297
293	717
293	847
294	298
294	795
294	851
295	375
295	810
295	888
296	370
296	394
296	489
296	532
296	746
297	408
298	386
298	896
299	546
299	673
299	811
300	563
301	443
301	478
302	636
303	412
303	638
303	709
303	809
306	386
306	391
306	487
306	770
306	856
307	783
308	661
309	540
310	451
310	575
310	774
311	482
311	888
312	546
312	819
313	422
314	410
314	515
314	623
315	444
315	577
315	596
315	699
315	807
316	323
316	457
316	480
316	550
316	718
316	889
317	495
317	744
318	507
318	543
319	339
319	366
319	461
319	658
320	482
320	656
320	858
321	749
321	838
323	380
323	849
324	803
325	785
326	354
326	465
326	731
327	388
327	486
327	527
327	839
328	721
329	668
329	847
329	856
329	879
330	397
330	468
330	873
331	413
332	589
332	763
332	814
333	344
333	662
333	681
333	731
334	339
334	427
334	574
336	390
336	465
337	368
337	781
337	821
337	822
338	501
338	793
340	399
340	696
340	807
340	856
341	513
342	411
342	495
342	545
342	585
342	684
342	835
342	844
343	462
343	889
344	407
344	730
345	501
345	663
346	743
347	499
347	517
347	680
347	771
347	817
348	731
348	775
348	832
349	464
349	690
350	457
351	503
351	774
352	547
352	850
353	475
353	582
353	609
353	622
354	860
355	416
355	664
357	432
357	514
358	516
359	449
359	530
359	790
360	730
362	603
362	624
362	632
364	702
365	430
365	495
365	698
366	747
367	507
367	526
367	617
368	730
369	627
371	472
372	466
373	688
373	814
375	476
375	826
376	587
376	836
377	564
377	699
378	419
378	617
378	661
378	807
379	388
379	503
379	862
379	867
381	383
381	650
381	769
383	475
383	618
383	735
384	855
386	516
386	645
387	612
388	575
389	413
389	620
389	773
389	865
389	876
390	632
390	784
391	543
391	563
391	612
391	671
391	705
391	819
391	821
391	859
392	837
393	898
394	475
394	593
394	660
394	677
394	697
396	835
398	458
398	870
399	402
399	548
399	640
399	879
400	437
400	746
400	756
400	774
400	819
401	453
401	550
401	800
402	448
402	527
402	801
404	648
404	672
404	708
404	841
404	876
405	713
405	799
406	643
406	678
406	780
407	756
409	418
409	499
409	510
409	736
409	815
410	478
410	617
411	516
412	511
413	458
413	606
413	638
413	727
413	879
414	474
414	607
414	741
414	859
415	787
416	542
416	627
416	691
417	518
417	529
417	642
417	771
418	637
418	672
418	735
419	738
419	884
420	573
420	680
420	780
420	822
421	428
421	560
421	676
421	743
422	431
422	646
423	475
423	828
424	642
424	821
425	704
427	439
428	527
428	707
429	559
429	625
430	662
430	810
431	481
431	498
431	601
431	894
432	565
432	567
432	782
433	481
433	890
434	440
434	657
434	789
434	860
436	599
436	757
436	807
437	796
437	880
438	500
439	570
439	822
440	517
440	838
441	722
442	520
443	501
443	560
443	582
443	813
444	703
444	747
445	564
445	651
445	690
445	782
446	618
446	622
446	647
447	870
448	556
448	558
448	775
449	506
449	672
451	485
451	753
454	631
454	752
455	844
456	825
457	462
457	685
458	778
459	638
459	834
460	585
460	818
461	595
462	508
462	796
463	529
463	801
464	822
465	584
465	722
466	691
467	536
467	597
467	725
467	794
469	786
470	570
470	656
471	487
471	730
471	772
471	847
472	558
473	686
473	748
474	805
474	849
474	852
475	484
475	816
478	523
478	618
478	735
479	618
479	669
480	539
480	676
480	803
480	848
480	863
480	891
481	552
481	724
482	728
483	725
485	518
485	725
486	492
486	659
487	501
487	849
487	864
488	509
488	616
490	638
490	645
494	681
494	792
494	825
494	846
496	601
496	882
497	510
497	803
498	676
498	765
498	824
499	553
499	556
499	558
500	654
500	665
500	763
500	841
501	518
502	855
503	548
503	563
503	687
503	692
503	743
503	781
503	826
504	538
504	714
506	727
506	772
506	775
506	884
507	539
507	582
507	608
507	665
507	669
508	528
508	627
508	665
508	849
509	594
510	712
511	822
513	602
513	692
513	886
515	800
515	840
516	592
517	520
517	551
517	606
517	792
517	826
518	633
518	638
518	688
520	546
521	568
522	555
522	569
522	776
524	590
524	747
527	681
528	664
529	553
529	804
529	893
530	592
530	802
530	815
531	675
531	853
532	554
532	641
532	643
532	705
532	783
534	602
534	641
534	859
534	861
535	805
536	717
536	740
537	764
538	834
539	825
540	667
540	702
541	745
543	556
543	768
543	880
544	662
545	862
547	637
547	671
548	811
550	814
552	677
552	870
554	724
554	813
555	600
556	586
556	706
557	738
557	870
558	882
560	771
561	617
561	690
561	794
561	862
561	888
562	705
563	718
563	863
565	598
565	607
565	675
565	703
566	650
566	839
566	866
567	570
569	869
570	646
570	898
572	588
572	649
572	795
575	882
577	592
577	624
577	648
577	682
577	688
577	825
579	872
580	606
580	673
580	756
581	821
581	857
583	659
583	712
583	887
585	666
585	899
586	603
586	752
587	776
588	740
588	894
589	865
591	661
593	665
593	857
594	633
596	688
597	673
598	818
598	824
598	875
598	898
600	821
600	860
601	783
602	788
602	792
603	808
605	656
605	670
605	672
605	851
605	860
606	699
607	733
611	865
612	613
612	873
612	879
614	711
614	727
615	807
616	643
617	733
617	839
618	813
618	835
618	841
619	873
620	787
621	700
621	749
623	823
624	796
626	630
626	777
626	890
627	644
627	664
627	688
627	801
629	832
629	890
631	652
631	806
632	649
632	679
632	743
633	850
634	736
635	813
635	891
636	669
636	737
636	882
638	640
639	659
639	857
642	766
643	843
644	783
645	686
645	771
646	709
646	724
646	763
646	846
647	874
648	695
648	825
649	673
649	701
650	713
650	788
651	756
651	809
651	898
653	762
653	778
657	672
657	857
658	874
659	756
660	752
662	738
662	803
662	845
664	789
665	668
665	689
665	698
667	822
668	692
668	822
668	827
669	691
669	694
669	756
669	857
672	884
673	740
673	773
674	823
675	703
676	764
676	851
678	751
679	886
680	870
681	701
681	738
681	855
683	691
684	709
685	746
687	897
688	743
690	798
691	799
691	800
692	869
693	725
694	882
699	813
700	723
702	848
704	851
705	797
706	803
707	751
709	766
709	773
710	834
711	747
711	875
711	876
713	847
714	741
714	891
715	822
717	722
717	857
718	758
719	818
719	876
720	738
720	822
721	868
722	838
723	847
723	890
725	764
727	825
727	829
727	879
728	890
729	752
730	748
730	825
730	871
731	808
732	761
734	830
737	808
737	822
737	834
738	771
738	888
738	893
741	863
742	776
742	823
742	858
744	789
748	820
750	795
750	814
751	802
752	798
752	859
752	869
752	880
754	899
755	868
757	834
758	760
758	866
761	797
767	875
768	856
770	891
776	861
779	781
779	832
783	859
784	872
786	839
793	844
796	869
797	849
801	814
805	852
805	886
807	875
808	867
809	818
810	850
812	823
825	836
825	844
827	840
827	857
839	849
841	850
842	890
847	863
858	897
858	899
870	875
874	879
877	879