0	92
0	102
0	468
0	754
1	454
1	733
1	804
1	883
2	127
3	184
3	234
3	631
3	635
3	737
4	668
5	37
5	487
6	626
6	750
7	37
7	385
7	492
7	596
8	27
8	219
8	774
8	838
9	449
9	451
9	717
10	69
10	202
10	323
10	623
10	653
10	681
11	181
11	723
11	847
12	146
12	276
12	445
12	532
12	650
12	894
13	473
13	618
14	59
14	276
14	319
14	350
14	449
15	190
15	572
15	707
15	714
15	726
16	96
16	260
16	433
16	469
16	524
16	603
16	706
16	733
17	39
17	280
18	387
18	581
18	590
18	661
18	723
19	74
19	187
19	457
19	597
19	789
19	869
19	874
20	653
21	25
21	363
21	468
21	661
22	193
22	378
22	518
22	711
22	749
23	78
23	157
23	402
23	641
23	664
23	727
24	285
24	343
24	425
25	189
25	239
25	357
25	760
26	80
26	308
26	374
26	614
27	76
27	253
27	311
27	419
27	590
27	656
27	662
27	777
27	834
27	854
27	855
28	333
28	348
28	357
28	662
28	677
28	712
28	723
28	731
29	114
29	152
29	259
29	286
29	311
29	453
29	522
29	809
29	885
29	895
30	168
30	169
30	303
30	348
30	536
30	641
30	894
31	79
31	120
31	419
31	601
31	657
32	397
32	570
32	848
33	141
33	362
33	403
33	745
34	57
34	286
34	380
34	656
34	668
34	839
34	844
35	326
35	344
36	63
36	88
36	339
37	225
38	60
38	223
38	283
38	501
38	674
38	765
38	771
38	849
39	119
39	408
39	634
39	796
39	894
40	322
40	594
40	656
40	714
41	642
41	690
42	126
42	290
42	853
43	395
43	538
43	680
43	748
44	86
44	183
44	449
44	474
44	488
45	422
45	601
45	658
45	763
46	157
46	657
46	872
46	893
47	107
47	166
47	575
48	686
49	91
49	184
49	853
49	879
50	123
50	169
50	434
51	102
51	229
52	94
52	457
52	490
53	70
53	273
53	361
54	435
55	225
55	558
55	564
55	573
55	644
56	125
56	347
57	282
57	497
57	763
57	892
58	143
58	228
58	676
58	820
59	138
59	376
59	404
59	533
59	843
60	66
60	231
60	363
60	414
60	569
60	799
61	837
62	512
63	157
63	336
63	774
63	808
64	119
64	481
64	577
64	769
64	782
64	786
64	853
64	884
65	564
65	592
65	636
65	641
66	149
66	483
66	645
67	96
67	133
67	485
68	603
68	698
68	808
69	278
69	385
69	676
70	770
71	116
71	139
71	467
72	161
72	492
72	510
73	334
73	543
74	206
74	314
74	529
74	808
75	199
75	355
75	377
75	467
76	324
76	349
76	451
76	772
77	172
77	195
77	275
77	617
78	520
78	768
79	558
80	99
80	338
80	473
80	492
80	640
80	706
80	836
81	227
81	621
81	838
81	867
82	313
82	451
82	705
82	742
82	836
83	466
83	528
83	574
83	800
84	186
84	225
84	410
84	561
85	491
85	495
85	622
85	726
85	810
85	873
86	282
86	351
86	517
86	871
87	499
87	866
87	874
87	883
88	109
88	279
88	407
88	731
89	154
89	233
89	305
89	310
89	439
89	627
89	835
90	188
90	225
90	452
90	594
90	711
90	824
91	93
91	133
91	198
91	202
91	352
91	512
91	660
91	741
92	523
92	829
93	257
93	492
93	610
93	659
93	805
94	402
94	560
95	556
95	859
96	125
96	223
96	233
96	408
97	233
97	547
97	808
98	266
98	308
98	460
98	470
98	503
99	222
99	350
99	426
99	504
99	642
99	785
99	899
100	547
100	773
101	224
101	250
101	590
102	167
102	172
102	778
103	455
103	802
103	891
104	113
104	202
104	301
104	435
104	601
104	840
105	667
105	791
106	127
106	583
106	724
107	253
107	383
107	468
107	517
107	582
107	780
108	263
108	801
109	397
109	820
110	273
110	475
110	494
110	511
110	535
110	624
111	470
112	591
112	615
113	217
113	773
114	229
114	279
114	701
114	826
114	869
115	138
115	756
115	782
116	374
116	588
116	708
116	721
117	204
118	398
118	770
119	161
119	299
119	480
119	719
120	132
120	309
120	432
120	673
120	788
121	317
121	464
121	898
122	440
123	218
123	249
123	484
123	560
123	610
123	711
124	193
124	577
124	644
124	739
125	432
125	499
125	605
125	658
126	344
126	736
127	252
127	498
127	705
128	846
129	286
129	340
129	446
129	637
129	845
130	169
130	409
131	138
131	509
131	872
132	507
132	706
133	360
133	372
133	885
134	797
135	206
135	409
135	445
135	454
135	480
135	628
135	740
135	833
136	352
136	615
136	792
137	515
137	691
138	202
139	463
139	845
140	301
140	338
141	265
141	316
141	462
141	808
142	229
143	234
143	723
143	775
144	362
145	280
145	287
145	372
145	651
146	398
146	513
146	593
146	703
146	747
146	855
147	173
147	311
147	441
148	600
148	821
149	377
150	341
150	715
151	505
152	355
152	368
152	740
153	887
155	378
155	491
156	444
157	289
157	315
157	350
157	584
157	611
157	824
158	321
158	419
158	520
158	566
159	251
159	629
159	704
159	887
160	166
160	189
161	354
161	763
161	844
162	406
162	638
162	720
162	721
162	841
163	455
163	598
163	607
163	676
164	254
164	262
164	329
164	577
164	779
165	701
165	713
166	418
166	660
166	768
166	888
167	200
167	334
167	656
168	359
168	445
168	851
168	889
169	261
169	346
169	720
169	726
170	440
170	513
171	260
171	451
171	651
171	891
172	197
172	205
172	375
173	348
173	482
173	504
173	533
173	625
174	460
174	717
174	812
175	235
175	525
175	685
175	818
176	184
176	186
176	599
177	410
177	470
177	481
177	870
178	213
178	220
178	290
178	640
178	719
178	846
179	246
179	366
179	886
180	589
180	742
180	835
181	247
181	292
181	307
181	356
181	557
181	558
182	186
182	211
182	599
183	305
183	410
183	792
184	505
184	862
185	308
185	540
185	740
186	312
186	335
186	346
186	514
186	853
186	857
186	893
187	651
187	865
188	303
188	352
188	463
188	595
189	429
189	846
190	288
190	372
190	391
190	459
190	678
190	719
190	734
191	468
192	339
192	427
192	449
193	239
193	538
193	684
193	714
193	758
194	422
194	786
194	882
195	421
195	460
195	530
196	269
197	281
197	452
197	506
198	237
198	453
199	551
200	225
200	248
200	457
200	712
200	781
201	269
201	340
201	381
201	408
201	836
201	876
202	320
202	475
202	590
203	302
203	380
203	418
203	554
204	344
204	506
204	857
205	563
206	214
206	340
206	553
206	559
206	610
206	797
207	674
207	782
208	831
208	879
209	326
209	420
209	646
210	275
210	552
210	736
210	886
211	215
211	566
211	821
212	715
212	776
213	872
214	559
214	568
214	675
214	806
214	836
215	321
215	354
215	571
215	589
215	606
215	827
216	381
216	436
217	302
217	351
217	567
218	375
218	542
218	680
218	841
218	858
219	350
219	448
219	560
219	584
220	262
220	315
220	506
220	528
220	730
220	752
220	760
220	847
221	515
221	531
221	719
221	736
221	744
221	897
222	249
222	630
223	241
223	490
223	620
223	724
224	296
224	463
224	854
225	232
225	397
225	803
226	477
226	792
227	362
227	497
227	741
228	403
228	589
228	609
229	365
230	366
230	541
230	801
230	832
231	309
231	598
231	733
231	826
231	863
231	875
231	895
231	899
232	325
232	616
234	644
234	654
234	891
235	294
235	481
236	268
236	329
236	566
236	612
237	258
237	321
237	397
237	674
237	888
238	348
238	349
238	735
239	240
239	245
239	617
239	671
240	362
242	350
242	577
242	711
243	345
243	476
244	255
244	351
244	493
244	712
244	729
245	717
246	361
246	448
246	676
247	380
247	837
248	452
249	278
249	864
250	668
250	760
251	325
251	707
251	722
253	338
253	422
253	449
253	615
254	396
254	517
255	258
255	518
255	544
255	624
255	762
256	290
256	313
256	341
256	356
256	666
257	491
257	511
257	653
258	556
258	610
258	817
259	349
259	590
259	842
260	438
261	422
261	732
261	769
261	794
262	522
263	486
263	877
264	319
264	509
264	668
264	772
265	300
265	324
265	343
265	518
267	517
267	632
267	641
267	759
267	783
267	847
268	568
268	617
270	502
271	406
272	468
273	318
274	466
274	532
274	563
274	689
274	760
275	325
275	713
275	720
276	298
276	442
276	757
277	843
278	605
278	763
279	691
279	717
279	830
279	863
280	347
280	586
281	355
281	774
282	477
282	661
282	796
283	748
284	340
284	363
284	422
284	429
284	692
284	763
284	814
285	324
286	316
286	427
288	841
290	529
290	573
290	609
291	350
291	353
291	584
291	875
291	898
292	575
292	722
292	723
293	451
294	367
294	892
295	378
295	604
295	619
295	685
295	732
295	884
297	588
297	665
297	728
298	478
298	722
299	432
300	458
300	558
300	810
301	573
302	463
302	694
302	837
303	447
303	534
303	652
303	767
303	843
304	773
305	653
305	671
305	764
306	593
307	332
307	388
307	469
307	554
308	350
308	362
308	841
309	509
309	544
309	591
310	509
310	797
311	570
311	620
312	328
312	446
312	591
313	348
313	432
314	508
314	544
314	590
314	609
314	703
314	790
315	490
316	488
316	686
316	758
316	860
317	358
317	519
317	846
318	687
319	361
319	364
319	398
319	404
320	661
321	326
321	731
321	767
321	820
321	843
321	869
322	406
322	751
322	768
323	574
324	348
324	377
324	572
324	677
325	679
325	743
325	813
325	845
326	489
326	604
326	699
326	754
327	456
327	580
328	352
328	596
328	599
328	625
329	385
329	396
329	549
329	847
330	354
330	539
330	552
331	460
331	890
332	406
333	765
333	766
333	879
333	885
334	402
334	562
336	388
336	829
336	848
337	587
338	545
338	696
338	796
339	355
339	412
339	490
340	354
340	591
340	617
340	647
340	663
340	680
340	870
341	415
341	532
341	556
341	817
342	468
343	576
343	622
343	665
344	440
344	447
344	553
344	873
345	486
345	810
346	354
346	634
346	673
346	722
347	757
347	864
348	443
348	584
348	763
349	419
349	724
350	407
350	436
350	649
351	396
351	461
351	518
351	639
352	764
353	576
353	723
353	855
353	865
354	367
354	689
354	806
355	754
356	360
356	555
356	643
356	783
356	848
357	538
357	584
357	880
358	772
358	802
359	415
359	749
359	869
360	514
360	685
360	891
361	734
361	876
362	609
362	666
363	613
365	552
365	607
366	429
366	741
366	810
367	383
367	419
367	554
367	665
367	815
368	480
369	379
369	457
369	809
370	718
370	812
370	822
370	892
371	509
371	575
371	715
371	776
372	615
372	637
372	806
372	893
373	684
374	625
375	516
375	576
376	734
376	756
376	771
377	449
377	822
378	786
379	382
379	497
379	707
379	753
380	539
380	556
381	476
381	705
381	874
382	413
382	837
382	847
383	506
383	598
384	412
385	674
386	681
387	651
388	894
389	456
389	497
389	526
389	804
390	494
390	513
390	606
390	678
391	505
391	607
391	852
392	442
392	746
392	804
392	875
393	420
393	445
394	410
394	831
395	598
396	414
396	792
397	468
397	611
397	650
397	766
398	894
399	565
399	864
400	497
400	732
400	825
401	411
402	573
402	858
404	439
405	619
405	779
406	407
407	447
407	522
408	692
408	811
408	872
409	719
409	817
409	837
409	849
410	577
410	725
411	434
411	563
411	685
412	439
412	543
412	670
413	445
413	670
413	800
413	822
414	616
415	578
415	583
415	841
416	489
416	842
417	563
417	588
417	778
418	523
418	554
419	456
419	531
419	682
420	628
420	686
420	725
420	884
421	568
421	763
422	773
423	623
423	709
423	759
424	595
424	877
425	468
425	820
425	879
426	448
427	577
427	711
427	739
427	747
428	667
428	897
429	594
430	654
430	766
431	526
432	731
432	797
434	511
435	467
435	723
436	439
436	894
437	614
437	767
438	661
438	726
439	475
439	718
440	504
440	651
440	799
440	801
440	825
441	479
442	480
442	588
442	609
442	718
443	451
443	546
443	649
443	837
444	528
444	864
446	485
446	608
446	792
447	543
447	550
447	666
447	794
448	480
448	505
448	760
449	508
449	648
449	700
450	529
451	470
451	480
452	589
454	525
454	680
455	553
455	722
455	748
456	714
456	878
457	630
457	639
457	894
458	836
459	644
460	525
462	478
462	581
463	480
464	468
464	839
464	860
465	713
465	762
465	769
465	795
465	882
467	637
467	643
467	652
468	603
468	651
469	546
469	588
469	691
470	471
470	593
471	836
471	894
472	476
472	513
472	872
473	849
474	662
474	792
475	557
476	558
476	817
477	778
478	485
478	630
479	586
480	552
481	496
481	897
482	580
482	683
482	747
482	805
483	528
483	653
484	568
484	738
484	766
484	781
485	572
485	600
487	590
487	619
488	624
488	772
488	817
489	559
489	642
489	761
489	770
489	838
491	537
491	631
491	687
492	496
492	792
493	599
493	889
493	891
494	684
496	722
498	610
498	878
499	596
499	620
499	710
499	745
499	802
500	835
501	887
503	820
504	699
504	737
505	787
506	666
506	700
507	615
507	647
508	867
508	894
510	549
510	624
510	809
510	857
511	549
511	562
511	746
511	757
512	529
513	527
514	697
514	735
515	711
515	772
515	826
516	521
516	677
516	758
517	691
518	797
519	641
519	654
519	756
519	774
521	555
521	659
521	807
521	852
521	881
522	705
522	791
522	885
523	647
523	880
524	535
524	632
526	655
526	818
527	853
528	607
528	850
529	615
531	787
531	878
532	605
532	650
532	813
534	578
534	591
534	641
535	777
535	878
536	832
537	752
538	663
538	856
540	572
540	842
540	880
541	640
542	735
542	886
543	572
543	661
543	713
544	719
544	775
545	623
545	651
545	708
546	684
546	736
546	882
547	629
548	687
549	654
549	731
550	701
551	581
551	699
551	770
552	761
553	644
553	870
554	787
555	709
555	768
558	779
558	786
558	832
559	793
559	800
560	873
561	695
561	822
563	608
563	757
564	653
564	700
564	812
566	577
566	736
567	612
567	665
567	714
568	694
569	643
569	718
569	831
569	854
570	718
570	766
570	847
572	753
572	784
573	662
573	860
574	611
574	620
574	659
574	780
574	858
578	735
578	878
579	672
579	684
580	750
580	821
580	892
581	712
582	621
582	674
582	680
582	716
582	846
583	820
585	894
586	738
587	592
587	823
587	840
588	676
588	763
588	878
588	889
589	597
590	705
591	694
591	721
592	594
592	707
592	783
592	805
592	845
594	632
594	737
594	815
595	601
595	721
595	785
597	627
598	682
598	689
598	741
599	818
602	698
603	662
603	663
603	774
603	837
604	881
605	813
606	783
607	629
608	732
608	857
609	650
609	658
610	730
610	829
612	818
612	875
613	811
614	615
614	616
614	758
614	787
615	703
615	756
615	761
615	821
616	661
618	832
618	862
619	702
619	729
620	753
620	882
621	665
621	677
623	713
624	636
626	843
627	878
628	784
628	828
629	661
629	755
630	728
630	752
631	899
633	654
633	878
634	794
634	799
634	820
635	649
636	694
636	857
640	684
640	785
640	876
640	894
641	852
642	748
644	704
644	889
647	752
647	771
647	823
648	720
648	783
649	716
649	739
650	887
651	843
653	667
653	772
653	844
654	789
655	676
656	771
656	819
657	677
658	759
658	862
659	881
659	894
660	818
660	855
661	781
661	871
662	688
662	881
663	757
663	839
665	766
665	832
665	858
665	881
665	891
667	817
667	883
669	750
671	845
673	708
673	823
675	751
676	822
677	771
677	834
677	874
679	847
679	882
680	769
683	734
684	849
686	881
687	863
689	858
691	750
693	786
693	857
693	862
700	721
700	741
703	859
704	705
705	880
707	737
707	805
707	831
708	836
709	761
709	812
710	718
710	816
712	817
713	835
714	756
718	892
720	812
721	834
722	725
723	764
726	806
726	818
726	865
729	877
731	747
731	898
732	778
732	795
732	833
735	837
739	886
740	776
741	875
748	771
749	785
749	800
755	839
755	858
755	861
757	795
758	877
759	882
760	823
762	780
766	835
768	814
768	878
770	803
772	840
775	885
778	865
779	781
781	845
781	860
783	890
784	847
786	847
787	896
792	890
793	880
793	896
798	882
800	845
803	876
808	849
808	890
810	833
812	843
813	855
814	887
819	876
820	881
823	847
825	867
827	890
828	839
831	854
832	845
836	866
841	845
842	872
844	857
850	887
850	898
853	878
868	878
869	889
884	889
885	887
886	889