0	67
1	21
1	254
1	584
1	823
2	73
2	136
2	163
2	213
2	263
2	548
2	730
2	857
3	360
3	378
3	620
4	178
4	180
4	289
4	393
4	430
4	768
4	807
4	846
4	873
5	87
5	148
5	334
5	679
6	391
7	64
7	103
7	225
7	499
7	547
7	659
8	232
8	305
8	583
9	378
9	514
9	891
10	188
10	388
10	765
10	860
11	54
11	195
11	292
11	434
12	80
12	496
13	545
14	35
14	54
14	371
14	433
14	585
14	849
15	461
15	502
15	724
16	36
16	105
16	113
16	116
16	127
16	562
16	779
16	827
16	890
17	87
17	140
17	147
18	52
18	202
18	406
18	708
19	453
20	99
20	204
20	637
20	869
21	238
21	422
21	576
21	651
21	897
22	121
23	131
23	566
23	847
24	234
24	288
24	399
24	718
24	852
25	145
25	182
25	347
25	361
25	461
25	607
25	615
25	781
25	804
26	194
26	264
26	702
26	732
26	828
27	157
27	166
27	263
27	281
27	473
27	539
27	624
27	879
28	492
28	631
28	849
29	281
30	108
30	186
30	340
30	380
30	588
30	800
30	863
30	894
31	377
31	509
31	526
31	640
31	744
31	886
32	54
32	376
33	76
33	93
33	409
33	581
33	649
33	685
34	128
34	301
34	614
34	897
35	226
35	847
35	863
36	310
36	491
36	798
36	873
37	191
37	585
38	188
38	419
38	422
38	492
38	579
38	605
39	376
39	610
39	659
39	887
40	66
40	607
40	731
40	898
41	103
41	184
41	464
41	544
41	716
42	363
42	719
43	200
43	443
43	730
43	812
44	305
44	575
44	821
45	256
46	151
46	425
46	889
47	48
47	92
47	576
47	588
48	305
48	316
48	473
48	576
48	671
48	814
49	179
49	487
49	556
49	798
50	89
50	206
50	393
50	649
50	739
51	586
52	533
52	638
53	80
53	131
53	464
54	276
55	118
55	344
55	530
55	544
55	594
55	789
55	832
56	113
56	426
56	677
57	221
57	652
58	180
59	63
59	136
59	809
60	346
60	365
60	792
60	834
61	78
61	526
61	746
61	897
62	90
62	184
62	211
62	838
62	889
63	277
63	315
63	493
63	618
64	436
64	606
64	669
64	786
65	132
65	183
65	357
65	790
66	158
66	190
66	316
66	454
66	609
66	670
67	73
67	129
67	136
67	520
67	642
67	705
67	759
68	515
68	749
68	835
69	409
69	518
69	766
70	96
70	175
70	198
70	296
70	348
70	366
70	410
70	427
71	115
71	122
71	584
71	779
71	835
72	97
72	173
72	225
72	330
72	476
72	732
72	800
73	208
73	550
73	627
73	630
74	114
74	382
74	414
74	749
75	831
76	260
76	688
77	473
77	889
78	202
78	603
78	690
78	780
79	398
80	381
80	597
81	184
81	286
81	298
81	327
81	380
81	492
81	619
82	180
82	327
82	341
82	511
82	647
82	838
83	84
83	448
83	556
84	644
84	722
84	854
85	512
86	201
86	271
86	418
86	487
86	537
86	631
86	738
86	894
88	225
88	262
88	465
89	595
89	729
89	760
89	794
90	139
90	179
90	272
90	472
90	571
90	644
91	489
91	550
91	800
91	823
92	134
92	606
92	776
92	867
93	448
93	482
93	607
93	649
94	162
94	266
94	557
95	109
95	138
95	246
95	513
97	337
97	599
97	694
98	511
98	513
98	516
98	850
99	209
99	299
99	621
99	792
99	869
100	103
100	159
100	565
100	864
101	155
101	270
101	851
102	123
102	540
103	158
103	381
104	236
104	246
104	271
104	638
104	720
104	776
104	830
105	362
105	479
105	520
106	162
106	524
106	535
106	765
107	178
107	649
108	249
108	462
108	695
109	130
109	327
110	291
110	418
110	549
110	812
111	577
111	685
112	338
113	447
113	560
113	641
114	630
114	730
115	225
115	309
116	727
117	383
117	416
117	723
117	737
117	824
118	747
118	784
119	251
119	288
119	646
119	779
120	131
120	334
120	429
120	562
120	609
120	642
121	142
121	465
121	838
121	879
122	395
122	500
122	587
122	685
123	342
124	130
124	459
124	603
124	719
125	344
126	154
126	311
126	744
126	869
127	150
127	169
127	600
127	708
127	712
128	646
128	683
128	753
129	489
130	515
130	522
130	609
130	827
130	834
131	220
131	221
131	524
131	576
131	701
131	813
131	832
131	871
132	275
132	373
132	624
132	772
133	397
133	538
133	667
133	793
134	290
134	311
134	360
134	451
134	563
134	602
134	743
135	463
135	591
136	318
136	365
137	396
137	501
137	772
138	153
138	434
139	229
139	298
139	797
139	819
139	886
140	161
140	322
140	387
140	526
140	535
141	388
141	540
141	561
142	181
142	253
142	530
142	537
142	660
143	373
144	251
145	362
145	661
146	175
146	533
147	494
147	615
147	710
147	754
147	791
148	468
149	754
150	178
150	518
150	586
151	511
151	759
152	161
152	284
152	838
153	196
153	462
153	715
154	263
154	568
154	872
154	897
155	314
155	519
155	680
155	786
156	166
156	542
157	197
157	356
157	885
158	303
158	383
158	452
158	615
158	669
158	860
159	674
160	272
160	314
160	393
160	478
160	530
161	218
161	377
161	385
161	443
162	773
162	822
163	313
163	825
163	860
164	362
165	203
165	260
165	384
165	538
165	702
166	172
166	357
166	710
167	245
167	347
167	504
168	329
168	341
168	358
168	435
168	475
168	559
168	670
168	789
169	299
169	427
169	488
169	520
169	639
169	757
169	807
170	174
170	333
171	488
171	827
172	340
172	544
172	753
173	221
174	533
174	548
174	576
174	708
175	491
176	728
176	743
176	867
177	518
178	280
178	334
179	222
179	416
179	575
179	820
179	833
180	242
180	250
180	868
181	605
181	667
181	730
182	572
182	821
184	858
185	298
186	197
186	674
186	711
186	830
186	864
187	293
187	449
187	462
187	809
188	467
189	251
189	337
189	551
189	823
190	469
190	887
190	899
191	229
191	452
191	463
191	552
191	557
191	656
191	837
191	858
192	462
192	524
192	547
193	258
193	288
193	480
193	578
194	372
194	480
194	491
194	519
194	556
194	570
194	668
194	779
194	842
195	282
195	411
195	425
195	547
195	791
197	230
197	504
197	635
198	298
198	369
198	493
198	785
199	255
199	483
199	520
200	367
200	514
200	693
200	720
200	790
200	821
201	263
201	713
201	748
202	415
202	421
202	428
202	449
203	503
203	666
204	489
204	573
204	755
204	810
205	283
205	407
205	734
205	758
207	222
207	225
207	514
207	613
207	885
208	392
208	398
208	587
208	608
208	721
208	830
209	334
210	285
210	491
210	784
211	582
211	739
211	832
212	303
213	286
213	837
214	447
214	618
215	821
215	893
216	267
216	330
216	571
216	610
216	681
216	694
216	824
217	287
217	402
217	453
217	829
217	859
218	252
218	334
218	398
218	404
218	799
219	237
219	246
219	630
220	298
220	323
220	493
220	558
221	289
221	364
221	691
222	270
222	346
222	531
222	537
222	790
223	753
223	868
224	503
224	604
224	833
226	424
226	551
226	629
227	818
228	551
228	898
229	795
230	490
230	565
230	861
231	412
231	544
231	551
232	557
232	588
232	607
232	892
233	481
233	677
234	320
234	465
234	846
235	253
236	331
237	425
237	630
238	540
239	262
239	493
239	653
239	735
240	498
240	526
240	541
240	775
241	278
241	456
242	577
242	773
242	894
243	398
244	349
244	409
244	418
244	453
244	560
244	643
244	855
245	288
245	561
245	592
245	667
246	456
246	692
246	850
247	741
247	743
248	289
248	295
248	724
248	771
249	332
249	587
249	687
250	428
250	546
250	580
250	589
251	502
252	336
252	827
252	859
253	389
253	482
253	714
253	847
254	349
254	408
254	450
254	565
254	678
254	798
255	695
255	874
256	403
256	719
256	815
256	882
257	261
257	302
257	401
257	737
257	844
258	485
258	778
258	885
259	395
260	323
260	401
261	292
261	471
262	367
262	448
262	639
262	683
263	327
263	423
263	604
263	678
263	753
264	666
264	891
265	334
265	395
265	533
266	272
266	701
266	774
266	863
267	398
267	481
267	771
268	387
269	643
269	800
270	308
270	642
271	415
271	594
271	785
271	793
272	324
272	403
272	469
272	694
273	283
273	620
273	641
274	864
275	345
275	391
275	562
276	603
276	629
276	879
277	563
277	670
277	747
277	826
277	839
278	571
278	642
279	513
279	596
280	392
280	580
280	612
280	803
281	411
281	438
281	470
282	364
282	677
282	858
283	557
283	608
283	767
283	770
284	742
285	363
285	815
286	412
286	435
286	595
287	490
287	580
287	657
287	678
287	804
288	347
288	405
288	723
289	352
289	448
289	569
290	329
290	637
291	537
291	706
292	332
292	372
292	603
293	438
293	513
293	665
293	887
294	683
295	504
295	589
295	796
295	874
295	897
296	497
296	833
297	454
297	605
298	309
298	875
300	330
300	490
300	547
300	703
301	330
301	464
301	672
301	792
301	868
301	899
302	462
302	604
302	824
303	667
303	695
303	747
303	847
304	419
304	435
304	501
304	638
305	405
305	476
305	483
305	690
306	515
307	514
307	757
307	842
307	895
308	501
308	558
308	710
308	846
309	676
309	764
309	869
310	477
311	541
311	594
311	699
311	829
312	562
313	374
313	420
313	888
314	660
314	821
315	379
315	382
315	559
315	679
315	838
316	323
316	371
316	603
316	708
316	748
317	853
317	858
318	832
319	506
320	390
320	518
320	792
321	584
322	414
322	707
323	888
324	428
324	439
324	466
324	580
324	672
324	872
325	526
325	623
325	632
326	744
327	356
327	368
327	568
328	348
328	601
328	771
329	353
329	645
329	882
330	392
331	332
331	333
331	390
331	430
331	500
332	527
332	561
332	615
334	352
335	349
335	431
335	715
336	485
336	578
336	885
336	891
337	451
337	523
337	543
337	603
337	636
338	389
338	425
338	516
338	752
338	838
339	578
339	777
339	818
340	720
340	734
340	848
340	859
341	694
342	497
342	678
342	832
342	882
343	453
343	814
343	893
344	471
344	688
344	719
345	638
345	639
345	682
345	718
346	753
347	505
347	587
347	618
347	783
348	481
348	500
348	740
349	401
349	453
349	731
350	448
350	740
351	371
351	652
351	672
352	825
353	536
353	624
354	436
354	796
354	891
355	365
355	420
355	488
355	637
355	661
355	718
356	374
356	517
356	658
357	389
357	568
358	774
358	874
359	534
359	541
359	730
359	818
360	628
360	780
361	457
361	492
361	678
363	399
363	408
363	456
363	566
365	591
366	390
366	587
366	776
367	490
367	751
368	427
368	443
369	442
369	443
369	475
369	754
369	843
370	788
370	869
371	636
371	684
372	513
372	537
372	544
372	750
375	451
375	460
375	471
375	568
375	634
375	871
377	711
378	379
378	529
378	644
379	397
379	544
379	629
379	706
379	779
379	817
379	896
380	790
381	493
381	828
382	552
383	411
383	524
383	749
384	433
385	403
385	672
385	708
385	731
386	582
387	555
388	465
388	560
389	500
389	703
390	597
390	619
390	678
392	671
393	472
393	571
393	642
393	889
394	418
394	812
394	839
395	732
396	455
396	757
396	828
397	724
397	735
397	779
398	514
398	543
398	847
400	687
400	790
401	794
401	841
402	541
403	419
403	831
403	894
404	407
404	629
405	455
405	812
406	467
406	544
407	492
407	584
407	598
407	624
407	697
407	875
408	440
408	571
408	843
409	487
409	588
410	628
411	817
413	640
413	823
413	866
414	491
414	876
415	732
415	802
416	437
416	481
416	709
417	792
419	447
419	603
419	708
421	426
421	433
421	601
421	803
421	895
422	694
423	442
424	868
425	725
426	473
426	490
426	883
426	884
426	890
426	891
427	675
427	741
427	766
428	691
428	736
428	778
429	495
429	558
430	863
430	898
431	705
431	707
432	434
432	519
432	764
433	454
433	487
433	533
433	628
434	467
434	818
435	483
435	518
435	666
436	441
436	565
436	573
437	544
437	710
437	793
437	883
439	612
439	744
439	758
441	487
442	676
442	838
442	893
443	693
444	516
444	626
445	635
445	660
446	464
446	565
446	761
446	829
447	587
447	687
447	733
448	463
451	788
452	676
452	808
453	728
454	540
454	767
454	800
455	474
455	617
456	524
456	553
456	583
457	509
457	520
458	613
458	752
458	768
458	863
459	750
459	763
459	775
459	828
459	834
460	639
461	719
461	752
461	838
462	710
463	589
463	669
464	637
464	802
465	603
466	488
466	799
467	812
467	818
468	474
468	481
469	856
469	898
470	578
470	775
471	495
471	583
471	840
472	575
472	858
473	508
474	548
474	625
474	899
475	866
476	492
476	635
476	654
476	895
477	892
478	500
478	633
478	772
478	783
478	795
479	674
480	529
480	703
481	702
481	819
481	846
482	678
482	844
482	862
483	738
483	801
483	895
484	518
484	569
484	701
484	891
485	661
485	686
486	703
487	497
487	509
488	697
488	734
488	759
488	899
489	863
490	632
490	754
491	591
491	890
492	648
492	655
492	799
493	853
494	509
494	776
495	501
495	525
496	589
496	711
496	775
497	649
498	509
498	605
499	725
499	849
500	618
500	675
501	807
502	872
503	524
504	636
504	776
504	875
506	560
506	795
506	831
507	572
507	837
508	555
509	591
509	816
510	620
510	652
510	668
510	681
511	609
511	843
512	562
512	565
512	849
512	853
514	593
514	752
514	858
514	877
515	539
515	767
515	832
519	650
521	578
521	677
521	704
521	881
522	593
522	695
525	535
525	564
525	829
525	848
526	846
527	568
527	711
528	749
528	821
528	891
529	545
529	559
529	601
529	829
529	887
530	557
530	782
532	805
533	671
533	723
534	549
535	816
536	573
537	822
537	861
537	868
537	890
538	609
538	738
539	754
540	662
540	717
542	831
542	873
543	575
543	622
543	790
544	616
544	709
545	613
546	666
546	678
546	824
546	897
547	586
547	652
547	762
547	827
549	598
549	675
549	691
549	698
549	725
549	734
551	678
551	796
551	827
551	855
552	695
552	708
553	751
553	779
553	858
554	710
555	772
556	605
556	661
556	669
556	674
557	567
557	789
557	869
559	583
559	651
560	696
560	769
560	821
560	847
561	880
562	878
564	894
565	621
565	690
566	830
567	673
568	650
569	624
569	880
570	811
571	764
572	699
572	817
573	606
573	791
573	802
573	859
574	630
575	754
575	779
575	834
576	712
576	733
576	800
576	855
576	858
577	761
578	731
579	584
579	656
579	791
580	826
580	862
581	775
582	697
582	849
584	756
586	754
587	619
587	748
589	806
589	883
590	592
590	598
590	711
591	829
591	884
592	595
592	667
592	786
593	755
594	656
594	752
594	811
595	851
596	654
596	670
596	751
596	792
597	658
597	698
597	762
598	686
598	862
599	848
600	763
600	824
601	856
603	667
603	723
604	716
605	709
605	747
605	795
606	784
607	638
607	697
607	837
608	617
608	874
610	892
611	619
611	626
613	891
618	821
619	779
622	894
623	761
624	823
624	828
624	864
625	723
625	774
625	845
626	891
627	679
628	653
629	709
629	738
629	739
629	854
629	861
630	813
630	852
633	703
633	736
636	685
637	684
638	665
638	683
639	664
639	826
641	655
642	663
642	857
647	783
647	784
648	869
650	787
652	657
652	813
653	682
654	737
654	778
654	841
655	764
658	896
662	760
663	865
665	803
666	763
672	710
672	795
673	709
673	809
673	866
674	789
674	853
674	886
675	677
676	702
677	706
677	734
679	730
679	816
680	725
681	824
684	700
685	891
686	702
686	823
688	746
688	864
689	789
690	778
690	891
692	821
693	839
693	884
694	794
694	837
696	760
696	836
698	736
698	810
698	857
699	815
699	820
701	783
702	862
704	830
704	885
705	726
705	756
705	858
707	840
712	899
714	813
715	765
716	718
716	784
718	761
718	860
719	798
719	808
720	722
720	761
721	891
723	858
724	879
726	768
727	892
731	788
731	793
731	826
732	817
733	746
733	886
733	888
738	792
742	815
745	779
745	807
751	847
753	890
754	828
754	870
754	898
756	870
757	760
757	803
759	789
759	857
763	892
764	800
764	839
765	894
770	880
770	898
771	827
773	878
779	879
780	868
781	880
783	784
786	833
786	875
790	853
791	867
791	870
792	898
795	858
798	809
798	842
801	816
801	853
802	805
802	857
809	871
812	844
812	847
813	873
815	896
818	831
818	895
821	855
824	844
826	847
828	831
830	889
831	838
835	869
845	873
846	857
848	864
851	898
852	884
885	892
886	894