0	265
0	548
0	831
1	575
1	652
2	39
2	65
2	75
2	486
2	591
2	604
2	647
3	234
3	426
3	529
3	774
3	804
4	117
4	461
5	137
5	242
5	298
5	418
5	434
5	542
5	799
6	225
6	554
6	619
7	421
7	484
7	603
7	843
8	145
8	565
9	607
10	275
10	403
11	229
11	287
11	501
11	727
12	507
12	737
12	750
13	155
13	398
13	432
13	633
13	768
14	43
14	441
14	495
15	23
15	452
15	679
15	836
16	18
16	121
16	674
16	809
16	885
17	411
18	33
18	154
18	584
18	818
18	830
19	153
19	174
19	540
19	799
20	93
20	190
20	367
20	555
21	47
21	185
21	494
21	507
22	118
22	344
22	455
22	547
22	649
22	819
23	111
23	118
23	204
23	467
24	172
24	262
24	366
24	429
24	623
24	722
24	738
24	767
25	45
25	850
25	883
26	68
26	452
26	453
26	722
27	770
27	845
28	858
29	324
29	400
29	477
29	506
29	525
29	573
30	409
30	619
30	762
30	777
31	80
31	486
31	528
31	626
31	644
31	721
32	138
32	837
33	382
34	164
34	752
34	843
35	206
35	271
35	289
35	305
35	426
35	811
36	48
36	222
36	581
36	593
36	753
37	198
37	221
37	835
38	283
38	651
38	656
38	860
39	713
40	515
40	541
41	485
42	89
42	396
43	117
43	341
43	560
43	600
43	695
44	95
44	235
44	791
45	784
45	793
46	665
46	744
46	805
46	813
47	343
47	704
47	759
48	186
48	194
48	267
48	450
48	511
48	643
49	138
49	139
49	415
49	427
49	462
49	816
50	281
50	491
50	530
50	572
50	670
50	712
51	841
52	293
52	520
52	640
53	180
53	319
53	461
53	624
54	203
54	211
54	426
54	617
54	689
54	750
55	354
55	497
55	543
56	80
56	237
56	592
56	779
57	290
57	593
57	699
58	436
58	545
58	561
58	640
58	835
59	106
59	162
60	416
60	625
60	865
61	132
61	629
62	63
62	188
62	208
62	342
62	481
63	72
63	394
64	603
65	405
65	571
66	152
66	168
66	185
66	512
66	687
67	93
67	322
67	512
67	619
68	406
68	550
68	613
68	792
69	232
69	268
69	280
70	127
70	206
70	306
70	742
70	823
71	112
71	199
71	271
71	315
71	347
71	564
71	801
72	825
73	189
73	668
74	81
74	858
75	100
75	354
75	402
75	560
76	352
76	508
77	712
78	79
78	670
79	667
79	682
79	759
80	272
80	668
80	758
81	234
81	306
82	445
82	538
83	613
83	643
84	614
84	639
84	867
85	217
85	248
86	360
86	480
86	833
87	466
88	289
88	295
88	352
88	387
89	193
89	297
89	408
89	627
89	685
90	403
90	754
91	96
92	456
92	871
93	526
94	404
94	471
94	668
94	681
95	116
96	128
96	177
96	243
96	456
96	592
96	718
97	113
97	219
97	329
97	898
98	305
98	399
98	640
99	551
99	590
99	744
100	371
100	404
100	428
100	455
100	511
100	603
100	860
100	868
101	114
101	164
101	192
102	142
102	500
102	615
102	802
102	821
103	232
103	345
103	367
103	453
103	719
103	889
104	532
104	614
104	782
104	843
105	191
105	627
105	668
105	801
105	873
106	318
106	499
107	256
107	835
108	211
109	187
109	209
109	364
109	712
110	259
110	469
110	778
111	272
111	467
111	540
111	666
111	672
111	742
112	540
112	854
113	497
114	150
114	207
115	194
115	245
115	286
115	292
115	483
115	637
115	706
116	269
116	531
116	556
117	415
117	821
118	363
118	545
118	768
118	867
119	270
119	288
119	740
119	772
120	136
121	293
121	691
121	698
122	207
122	263
122	592
123	435
123	563
124	464
124	564
124	626
124	668
124	700
124	788
125	296
125	768
126	131
127	461
127	630
128	678
128	703
128	812
129	247
129	441
129	706
130	159
130	167
130	789
130	830
130	851
131	761
131	782
131	889
132	377
132	785
132	877
133	484
133	584
133	716
134	429
135	588
135	714
135	856
137	175
138	198
138	231
138	250
138	433
138	864
138	875
139	480
139	785
139	821
140	174
140	357
141	297
141	308
141	387
141	611
141	623
142	149
142	611
143	525
144	448
144	837
145	414
146	496
146	595
146	720
146	799
146	805
147	208
147	764
148	204
148	342
148	472
148	592
148	732
149	172
150	155
150	156
150	366
150	455
150	481
150	549
150	652
151	321
151	339
151	404
151	842
152	322
152	388
152	520
153	252
153	497
153	575
153	840
153	865
154	527
154	630
154	653
154	758
154	764
154	804
154	830
155	492
155	528
155	787
156	500
156	550
157	298
157	409
157	553
157	581
157	694
158	205
158	457
158	553
158	569
159	239
159	248
159	329
160	274
160	667
161	354
161	591
161	611
161	691
161	895
162	171
162	360
162	437
162	559
163	579
163	733
163	756
164	756
165	171
165	268
165	444
165	466
165	483
165	586
166	297
167	185
167	294
167	532
167	568
168	498
168	672
169	309
169	475
169	546
170	219
170	347
170	394
170	807
170	837
171	307
171	701
171	767
172	419
172	564
173	374
173	638
173	804
174	190
174	549
174	560
174	877
175	530
175	737
176	565
176	883
177	183
177	483
177	507
177	710
178	703
179	434
179	655
181	447
181	579
181	784
182	668
183	328
183	393
183	471
184	213
184	248
184	612
184	692
185	263
185	281
185	489
186	348
187	213
187	352
188	375
188	447
188	613
188	662
189	239
190	447
190	878
191	319
191	549
191	780
192	204
192	511
192	530
193	285
193	288
193	422
193	536
193	643
193	743
194	221
194	352
194	806
195	293
195	723
196	338
196	635
196	676
196	791
197	467
197	635
197	849
197	857
197	861
197	881
198	439
198	512
198	601
198	671
198	814
198	851
199	250
199	559
199	698
200	464
200	793
200	815
201	461
201	580
202	488
203	350
203	351
203	419
204	211
204	456
204	561
204	582
204	604
205	234
205	357
205	386
205	414
205	457
205	558
205	765
206	239
206	480
206	515
206	615
206	789
207	242
207	428
207	483
208	431
208	532
208	719
209	374
209	438
209	589
209	763
209	830
210	305
210	310
210	407
210	459
210	653
210	828
212	573
213	303
213	326
214	220
214	248
214	499
215	291
215	428
215	639
215	739
215	808
215	865
215	885
216	335
216	806
218	783
218	836
219	375
219	603
219	824
220	436
220	453
221	519
221	583
221	692
221	821
222	230
222	335
223	317
223	440
224	406
224	862
225	299
225	311
225	419
225	834
226	268
226	488
226	548
226	766
227	648
227	778
227	840
228	377
228	730
228	753
228	788
228	896
229	234
229	295
229	389
230	556
230	585
231	351
231	687
231	880
232	237
232	866
233	580
233	609
233	711
233	791
234	474
235	363
236	317
236	398
236	424
236	553
236	630
236	777
237	512
238	352
239	306
239	737
239	856
240	825
240	857
241	278
241	602
241	702
241	724
242	574
243	315
244	373
244	376
244	829
246	379
246	383
246	426
247	610
248	478
248	746
248	817
249	497
249	572
249	700
250	556
251	435
252	317
252	892
253	269
253	664
253	799
253	813
254	281
255	633
256	281
256	773
256	806
256	866
257	505
257	579
258	577
259	387
259	526
259	583
259	613
259	652
259	740
260	403
260	423
260	499
260	514
260	626
260	632
261	296
261	503
262	871
263	302
263	380
263	523
263	617
263	646
263	758
263	788
264	271
264	275
265	383
265	533
265	803
266	710
267	635
267	823
268	361
268	408
268	803
269	556
269	719
269	887
270	839
271	282
271	462
271	571
271	744
272	369
272	831
273	408
273	688
274	285
274	355
274	364
274	435
274	439
274	820
274	822
274	852
274	853
275	342
275	469
276	337
276	869
277	280
277	618
277	653
278	506
278	557
278	751
279	353
279	418
279	612
279	691
280	458
280	533
280	790
280	841
281	432
281	636
281	643
281	780
282	496
282	563
282	733
283	396
283	547
284	337
284	748
284	831
285	438
286	397
286	620
286	668
286	711
287	354
287	371
287	406
287	719
287	729
287	739
287	804
288	455
288	636
288	697
288	806
288	867
289	292
289	658
290	458
290	813
291	717
292	537
292	625
292	654
292	664
293	467
293	670
294	558
295	496
295	539
295	623
295	657
295	841
296	333
296	889
297	770
298	606
299	391
299	441
299	820
300	632
300	838
301	391
301	397
301	534
301	648
301	673
302	371
302	375
303	334
303	744
303	787
304	414
304	605
304	708
304	746
305	537
305	682
305	851
306	367
307	352
307	584
308	321
308	330
308	468
308	899
309	323
309	419
309	651
309	810
310	473
310	840
311	678
312	717
312	768
312	841
313	424
313	472
314	656
315	381
315	592
315	596
315	698
315	741
315	887
316	419
317	681
318	322
318	337
318	620
318	648
318	655
318	734
319	424
319	525
319	675
320	493
320	641
321	471
321	516
321	850
322	353
322	536
322	587
322	831
323	830
324	502
324	644
324	767
325	394
325	423
325	463
325	516
325	775
325	807
325	868
326	404
326	549
326	882
326	894
327	510
327	617
327	794
328	581
329	419
329	474
329	558
329	583
329	608
329	822
330	350
330	527
331	344
331	537
332	355
332	387
332	822
332	839
333	650
333	652
333	709
333	862
334	404
334	847
334	877
335	479
336	452
336	657
336	725
337	512
337	555
338	579
338	619
338	822
339	358
339	402
339	581
340	342
340	419
340	584
340	633
340	708
340	826
341	359
341	374
341	497
341	531
341	535
341	709
341	868
342	398
342	507
342	821
343	695
344	384
344	429
344	844
344	876
344	895
345	604
345	817
346	372
346	374
347	466
347	489
347	614
347	870
347	899
348	634
349	490
350	653
351	666
352	420
352	476
352	514
352	572
352	610
352	726
352	889
353	409
353	422
353	632
354	507
354	656
354	715
354	825
354	873
355	399
355	415
355	528
356	767
356	873
357	366
357	627
357	706
357	776
357	859
358	540
358	816
359	470
359	588
359	810
360	652
360	825
360	896
361	617
361	668
361	713
362	363
362	393
363	431
364	567
365	420
366	447
366	487
366	831
366	833
367	562
367	593
367	737
368	376
369	635
370	442
370	831
370	896
371	409
371	411
371	462
371	675
372	828
373	458
373	515
373	755
373	882
374	434
374	465
374	543
374	780
374	817
374	846
376	541
376	824
377	630
377	730
377	787
378	493
378	770
378	816
379	579
379	892
380	409
381	639
381	691
382	483
382	503
382	756
382	867
383	706
384	581
385	406
385	494
385	812
385	837
386	481
386	519
386	701
386	736
386	782
387	459
387	460
388	399
388	434
388	485
388	821
389	696
390	437
390	503
390	534
390	771
391	794
391	811
392	757
392	882
393	734
394	416
394	678
394	826
395	568
395	570
396	794
397	418
397	872
398	492
398	651
398	653
398	658
398	678
398	780
399	537
399	882
399	893
401	551
401	573
402	762
403	825
404	468
404	646
405	844
406	441
406	444
406	513
406	694
406	823
407	573
408	413
408	536
408	549
408	791
409	637
409	653
409	820
409	843
410	424
411	476
412	451
412	878
413	419
413	436
413	441
413	658
413	728
414	458
414	550
414	637
414	836
414	857
415	469
415	540
415	684
416	794
416	805
417	418
417	438
417	618
417	747
417	839
418	450
418	748
418	808
418	873
419	705
420	493
420	571
420	600
420	601
421	486
421	616
422	556
422	592
422	636
422	679
422	786
422	822
423	481
424	479
424	700
424	899
425	452
425	682
425	739
425	764
426	542
427	450
427	606
427	623
427	665
427	683
427	898
428	432
428	452
428	812
428	860
429	642
429	832
430	569
431	811
431	890
432	535
432	788
432	845
433	492
433	674
433	846
434	582
434	861
436	477
436	538
436	611
436	644
436	861
437	759
438	755
438	761
439	556
439	617
440	467
440	595
440	658
441	488
441	550
441	558
441	612
441	631
441	701
441	888
443	483
443	647
443	823
444	643
444	695
445	578
445	847
446	582
446	595
446	653
446	888
447	731
447	815
448	598
448	727
448	839
448	855
449	550
450	740
450	780
450	825
452	572
452	669
452	798
452	810
453	628
453	703
453	720
453	886
453	891
454	465
454	543
454	856
455	685
455	885
456	648
456	822
458	489
459	678
459	755
460	500
460	561
460	672
460	701
461	475
461	608
461	813
462	463
462	538
462	627
462	766
463	535
463	623
463	896
464	715
465	681
466	787
466	801
467	611
467	833
468	516
468	551
469	732
470	574
471	626
471	770
472	621
472	897
473	756
474	623
476	733
476	737
477	658
478	626
478	661
478	723
478	819
478	892
479	816
480	528
480	547
480	664
480	766
481	812
482	592
482	646
483	678
483	716
483	795
484	595
484	625
484	761
485	565
485	689
486	601
487	491
487	741
487	742
487	767
487	854
488	597
488	643
488	691
490	582
490	664
491	522
491	745
492	660
493	822
495	624
495	713
498	810
499	591
499	643
499	690
500	521
500	735
500	771
500	801
501	565
501	651
501	806
502	517
502	685
502	827
503	513
503	862
504	530
504	788
505	829
506	519
506	623
507	624
507	632
507	672
507	794
508	732
509	638
510	706
511	540
511	563
511	854
512	858
514	782
515	545
515	565
515	649
515	719
515	730
516	752
516	868
518	804
519	662
519	785
520	534
520	828
521	552
521	761
522	543
523	632
523	749
524	734
525	820
525	828
526	601
526	696
526	764
527	641
528	729
528	880
529	538
530	628
530	671
531	545
532	782
532	884
534	664
535	554
536	581
538	890
539	620
540	848
541	690
541	798
541	852
542	590
542	723
543	765
543	805
543	840
543	860
544	863
546	677
546	732
546	736
546	745
547	590
547	882
548	719
549	705
550	555
550	577
552	564
553	877
554	680
555	559
555	670
556	713
556	849
556	862
556	871
558	827
562	719
563	583
563	708
565	675
565	692
565	716
565	834
566	612
566	670
567	737
568	825
569	835
573	678
574	639
575	809
576	785
576	879
577	684
577	766
579	713
580	701
581	674
583	891
586	617
586	767
586	777
586	825
587	759
591	865
591	876
592	676
592	702
592	717
592	776
593	659
594	853
595	617
598	707
598	740
599	690
599	777
599	893
600	798
601	645
601	716
603	792
604	638
605	695
606	652
606	869
607	693
607	760
608	623
608	704
609	656
609	797
609	840
611	768
612	635
612	833
614	721
615	753
618	851
619	704
620	630
622	870
623	640
624	701
625	886
626	843
627	736
628	676
628	725
630	637
630	802
631	654
631	675
631	797
631	874
632	816
638	688
638	775
639	748
640	670
641	685
641	686
644	742
645	860
647	786
647	811
647	840
648	656
648	672
648	704
649	898
650	727
652	894
654	676
654	835
655	893
656	801
657	744
657	758
657	831
658	787
658	800
661	797
662	663
663	735
663	753
663	821
666	727
667	735
667	775
667	840
667	864
668	780
670	827
671	795
671	885
676	813
676	830
679	713
679	759
681	690
682	729
683	767
683	876
684	862
687	694
687	799
688	816
688	883
691	696
691	700
692	730
692	784
692	870
692	898
694	892
696	704
697	805
699	825
699	882
700	887
701	735
701	859
701	898
702	811
705	831
706	734
706	746
706	894
709	890
711	767
712	760
712	877
713	764
715	723
716	863
718	775
719	824
720	751
720	777
720	888
723	804
723	880
724	731
725	742
727	783
727	872
728	758
728	881
732	767
732	883
735	742
735	890
737	769
737	844
746	802
747	772
747	847
747	852
748	761
749	771
750	754
751	800
752	821
753	776
753	863
754	780
754	784
754	842
757	833
758	871
759	889
760	893
763	791
763	883
764	796
764	871
765	781
765	867
766	877
773	827
774	865
779	836
780	805
780	895
781	798
784	813
787	883
788	803
788	825
795	840
796	892
802	894
803	822
803	884
803	892
804	885
806	816
811	881
812	886
813	836
817	865
825	859
830	860
832	887
834	890
845	878
858	877
861	880
862	878
873	892
884	896
887	890