0	146
0	291
0	505
0	887
1	346
2	105
2	159
2	230
2	252
2	281
2	374
2	558
2	594
2	690
3	240
3	298
3	349
4	174
4	484
5	84
5	97
5	341
5	349
5	409
5	423
5	713
6	267
6	355
6	633
7	231
7	317
7	870
8	143
8	154
8	164
8	700
9	113
9	192
9	274
10	171
10	591
10	613
10	775
10	808
11	14
11	204
11	392
11	785
12	97
12	232
12	366
12	493
12	506
12	731
12	848
13	45
13	197
13	394
13	737
14	484
14	573
14	579
14	758
15	112
15	697
15	775
16	210
16	281
16	292
16	812
16	842
17	18
17	273
17	353
17	553
17	789
18	384
18	748
18	851
18	883
19	117
19	565
20	50
20	342
20	676
21	414
22	265
22	314
22	435
23	182
23	458
23	546
23	751
24	150
24	186
24	774
24	786
25	38
25	109
25	491
25	500
25	587
25	730
25	830
25	851
26	786
26	883
27	38
27	137
27	276
27	834
28	55
28	115
28	224
28	375
28	388
29	584
29	723
30	126
30	271
30	568
30	589
30	697
31	791
32	158
32	393
32	852
33	86
33	367
34	234
34	269
34	417
34	466
35	96
35	798
35	860
36	252
36	289
37	218
37	491
37	815
37	851
37	865
38	138
38	322
38	473
38	710
38	898
39	216
39	318
39	701
39	757
39	867
40	67
40	207
40	394
40	556
40	575
40	601
41	584
41	830
42	84
42	120
42	720
43	92
43	160
44	499
44	509
44	544
44	734
44	751
45	88
45	182
45	214
45	543
45	603
45	677
46	265
46	684
46	744
46	790
47	271
47	600
47	736
48	705
48	821
48	875
49	95
49	328
49	567
50	83
50	156
50	351
50	467
50	633
51	207
51	340
51	407
51	432
51	732
52	818
53	79
53	112
53	836
54	219
54	766
54	793
55	291
55	421
56	173
57	214
57	508
58	223
58	609
58	858
59	406
59	715
60	65
60	189
60	372
60	806
60	866
60	869
61	126
61	197
61	493
61	529
61	609
62	551
62	681
62	808
63	420
63	474
63	500
63	560
63	685
63	843
64	453
64	467
64	532
64	576
64	667
64	812
65	418
65	889
66	297
66	449
66	478
66	616
66	726
66	788
67	570
68	396
68	842
69	418
69	577
69	828
70	248
70	592
70	600
70	638
70	700
70	793
71	120
71	268
71	367
71	726
72	180
72	199
72	212
72	539
72	541
72	588
72	889
73	314
74	182
74	500
74	657
74	673
75	76
75	115
75	122
75	270
75	549
75	620
75	679
75	748
75	749
76	230
76	361
76	369
76	410
76	559
76	708
76	728
76	752
76	870
77	819
78	165
78	212
78	279
78	626
78	728
79	235
79	577
80	124
80	160
80	206
80	307
80	728
80	842
81	366
81	568
81	851
82	97
82	152
82	363
82	801
82	822
83	310
83	375
83	571
83	834
84	347
84	458
84	523
84	556
84	714
84	853
84	893
85	253
85	533
85	590
85	673
86	388
86	408
86	635
86	659
86	745
87	121
87	496
87	888
88	428
88	457
88	479
89	336
89	868
90	97
90	157
90	527
90	571
91	147
91	257
91	270
91	309
91	504
91	711
91	742
91	813
92	215
92	320
92	415
92	601
92	646
92	717
92	754
93	813
93	835
93	882
94	263
94	542
94	592
94	634
95	123
95	246
95	487
95	728
96	206
96	304
96	485
96	865
97	239
97	414
97	809
97	871
98	317
98	322
98	889
99	344
99	368
99	424
99	439
99	819
100	278
100	286
100	421
100	601
100	713
101	318
101	345
101	447
101	508
101	651
101	765
101	820
101	848
102	202
102	307
102	320
102	567
103	117
103	206
103	279
103	537
103	855
104	146
104	384
104	734
105	561
106	336
106	370
106	410
106	786
106	879
106	882
107	776
108	640
108	807
109	348
109	688
109	691
110	271
111	143
111	385
111	526
111	535
111	704
111	878
112	875
113	495
113	800
113	833
114	255
114	312
114	416
114	547
114	585
114	626
115	674
116	351
116	355
116	546
116	630
116	798
117	122
117	197
117	270
117	296
117	301
117	337
117	469
117	722
117	732
117	761
118	296
118	489
118	530
119	172
119	298
119	491
119	511
119	694
119	802
119	884
120	296
120	372
121	146
121	608
121	644
121	651
121	716
121	749
121	779
122	182
122	444
123	236
123	625
124	134
124	487
124	704
124	816
125	461
125	538
125	808
126	277
126	354
126	592
127	188
127	274
127	457
128	256
128	466
129	479
129	546
130	238
130	357
130	389
130	673
130	728
131	232
131	301
132	611
133	152
133	154
133	615
133	622
134	219
134	745
135	495
136	314
136	651
136	670
136	695
137	181
137	220
137	413
137	630
138	226
138	274
138	479
138	512
138	861
139	473
139	582
140	151
140	277
140	329
140	331
140	390
140	506
140	509
140	794
141	364
141	387
141	637
141	824
142	338
142	380
142	756
143	399
143	551
143	649
143	813
144	164
144	196
144	345
145	281
145	361
145	406
145	488
145	489
145	528
145	828
146	305
147	170
147	282
147	381
147	392
147	402
147	445
147	615
147	680
148	197
149	860
150	711
150	833
150	840
151	480
151	681
151	730
152	581
152	818
153	211
153	397
153	693
154	208
154	770
154	891
155	222
155	543
155	613
155	660
155	672
156	250
156	419
156	671
156	732
156	753
156	757
157	198
157	672
157	708
158	187
158	259
158	319
158	374
158	441
158	518
158	828
159	167
159	332
159	430
159	548
160	317
160	485
160	649
160	788
160	790
160	826
161	185
161	311
161	597
161	677
162	274
162	373
163	297
163	433
163	587
163	599
163	874
164	600
165	397
165	629
166	264
166	324
166	510
167	222
167	622
167	636
167	658
168	342
168	406
168	593
168	803
169	308
169	695
169	803
170	238
170	256
170	790
171	221
171	451
171	781
171	874
172	503
172	569
172	603
172	658
172	665
172	675
172	835
173	480
173	575
173	663
174	225
174	509
174	587
174	638
174	739
174	886
175	263
175	734
176	239
176	737
177	328
177	356
178	437
178	536
178	577
178	633
178	756
178	863
179	764
180	495
181	277
181	378
181	645
181	802
182	416
182	590
183	374
183	673
183	848
184	422
184	809
185	323
185	536
185	721
185	840
185	892
186	249
186	773
186	776
187	383
187	475
187	541
187	785
187	793
188	384
188	595
189	743
190	359
190	533
190	720
190	813
190	834
191	385
191	529
192	267
192	273
192	386
192	415
193	388
194	291
194	300
194	775
194	839
195	258
195	682
196	273
196	483
196	540
196	700
196	738
196	785
197	276
197	388
197	420
197	603
198	201
198	318
198	726
199	513
199	588
199	676
199	844
200	453
200	646
200	774
201	337
201	381
202	204
202	376
202	666
202	684
203	265
204	417
204	758
204	898
205	871
205	881
206	294
206	505
206	804
207	261
207	487
207	697
208	569
208	790
209	230
209	407
209	692
209	813
210	416
210	696
212	439
213	258
213	698
213	838
213	864
214	610
214	706
216	262
216	296
216	591
217	754
218	348
218	402
218	695
218	716
218	790
219	456
219	648
220	248
220	801
221	424
222	322
222	382
223	278
223	331
223	486
223	529
223	553
223	712
223	752
223	882
224	229
224	306
224	619
224	654
224	703
224	742
225	311
225	628
226	381
226	512
226	607
226	890
227	246
227	381
227	393
227	893
228	373
229	277
229	406
229	792
230	611
231	232
231	237
231	391
231	436
233	283
234	282
235	369
235	370
235	467
235	475
235	498
235	501
236	767
236	860
237	267
237	542
237	780
237	804
238	262
238	408
238	518
238	750
238	821
239	251
239	279
239	626
239	804
240	291
240	612
240	664
240	784
241	680
242	307
242	560
242	581
242	696
243	250
243	252
243	584
243	769
243	838
244	449
244	495
245	455
245	468
245	718
245	839
246	346
246	585
246	816
247	308
247	322
247	759
248	274
248	473
248	496
248	531
248	628
248	698
248	738
249	603
250	332
251	261
251	417
251	492
251	720
252	873
253	522
254	440
254	500
254	664
255	292
255	362
255	489
255	712
255	729
256	711
257	353
257	392
257	596
258	620
258	662
258	684
258	779
259	263
259	742
260	280
260	320
261	448
261	515
261	735
261	894
261	897
262	480
262	621
263	350
263	564
263	841
264	523
264	691
264	784
265	833
266	308
266	506
266	850
267	288
267	355
267	697
268	475
269	487
269	636
269	830
269	832
269	846
270	383
270	407
270	616
270	681
270	727
270	746
271	711
272	405
272	436
272	739
272	858
273	844
274	542
274	806
275	487
275	685
275	763
277	415
277	475
277	684
277	691
277	766
278	680
278	742
279	463
279	531
279	591
279	878
281	418
281	593
281	772
282	453
282	599
282	755
282	825
282	878
283	464
284	330
284	630
284	805
285	326
286	337
286	424
286	570
286	652
286	768
286	776
287	452
287	489
287	596
287	620
287	714
287	887
288	323
288	561
288	611
288	638
289	631
289	686
290	545
290	758
291	295
291	340
291	600
292	524
293	297
293	422
293	508
293	544
293	619
294	317
294	487
294	503
295	423
295	484
295	494
295	580
296	487
296	596
296	620
297	329
297	523
297	750
298	688
299	304
299	618
299	671
299	875
300	772
300	822
301	451
302	355
302	411
302	888
303	451
304	644
304	748
305	358
305	773
305	863
306	392
306	743
307	410
307	661
307	709
308	542
308	678
309	322
309	548
310	403
310	590
310	645
310	672
310	690
310	698
311	786
312	427
312	698
312	726
313	357
313	408
313	638
313	655
314	378
315	480
315	533
315	567
315	675
315	760
315	897
316	605
317	549
318	323
318	331
319	497
319	800
320	321
320	348
320	368
320	532
320	790
321	524
321	877
321	889
322	400
322	433
322	836
323	448
323	846
325	381
326	396
326	462
326	502
326	581
326	806
327	863
327	896
328	464
328	477
328	563
329	832
329	858
330	646
330	655
330	774
331	373
331	759
331	765
331	779
331	885
332	644
332	899
333	448
333	478
334	596
335	492
335	724
335	810
336	422
336	670
336	777
337	571
337	626
337	778
338	657
339	422
340	371
340	611
341	762
343	687
344	412
344	448
344	520
344	652
344	887
345	440
345	488
345	754
345	759
345	881
346	585
347	375
347	580
347	648
347	649
347	766
348	542
348	593
348	674
348	816
349	658
350	503
350	543
350	736
352	521
352	587
352	699
352	859
353	475
353	805
354	358
354	595
355	545
355	626
355	707
355	713
355	836
356	366
356	386
356	429
356	446
356	447
356	489
356	756
356	806
357	574
357	843
358	390
358	486
359	437
359	567
360	522
360	614
360	657
360	662
360	692
361	502
361	506
362	772
363	865
364	385
364	394
364	420
364	641
364	816
364	897
365	426
365	616
365	674
365	736
366	408
366	488
366	785
366	786
366	874
367	762
369	807
370	590
370	695
371	523
373	471
373	475
373	620
374	404
374	665
374	736
374	765
374	777
374	823
375	746
376	485
376	579
376	750
377	500
377	728
378	586
378	748
379	390
379	636
379	637
379	864
382	463
382	581
382	825
383	613
384	443
384	605
384	751
384	764
385	488
386	771
386	858
387	506
387	617
387	679
387	727
387	826
389	432
389	774
390	430
390	622
390	766
390	883
391	691
391	894
392	536
392	802
393	500
393	844
394	432
394	462
394	680
394	845
395	498
395	636
395	846
396	560
396	788
397	446
397	539
397	678
398	460
398	463
398	582
398	726
398	833
399	691
399	729
400	685
401	639
401	769
402	648
403	790
404	771
404	795
405	431
406	667
406	812
407	416
407	716
407	854
407	898
408	461
409	736
410	453
410	536
410	850
411	454
411	467
411	702
411	874
412	422
413	492
413	889
414	480
414	725
415	599
415	671
415	863
416	496
416	676
416	715
416	732
416	838
417	876
418	485
418	677
418	708
419	579
420	438
420	513
420	532
420	560
420	691
421	514
422	883
423	679
423	775
423	829
424	458
424	658
425	465
426	464
426	850
427	606
428	544
428	587
428	648
429	486
429	517
429	646
429	709
429	746
430	857
433	661
433	818
434	669
435	704
435	747
436	457
436	741
436	822
437	720
437	750
437	755
437	862
438	684
438	734
439	542
439	873
439	890
440	640
440	680
440	832
441	493
441	732
441	733
441	739
442	517
442	535
443	627
444	735
444	754
444	757
445	572
445	635
445	643
445	701
445	794
446	533
446	595
446	698
446	867
447	510
448	450
448	766
449	599
449	621
449	768
450	672
450	786
451	797
452	528
452	624
452	788
453	805
453	871
455	710
455	765
455	817
456	639
456	689
456	835
458	503
458	657
459	538
459	650
460	776
460	815
460	894
461	489
461	591
462	547
462	626
462	675
462	853
463	639
463	640
463	663
463	764
465	569
465	753
466	584
466	621
466	671
466	732
466	775
467	779
469	634
469	684
469	709
470	628
470	685
470	821
471	581
471	645
471	864
472	793
472	806
472	833
473	548
473	587
473	794
473	866
474	763
475	666
475	780
476	512
476	816
476	828
479	603
479	706
479	761
479	804
480	623
480	640
480	822
481	573
481	656
481	878
482	863
484	602
485	501
486	762
486	822
488	651
488	770
489	547
489	624
489	689
489	752
490	729
491	548
491	723
492	883
493	621
493	777
494	711
495	554
495	800
496	528
497	564
497	718
497	776
499	734
500	888
501	683
502	706
502	724
503	737
504	663
504	705
506	811
507	545
507	684
508	604
508	733
509	561
509	712
510	550
510	555
510	600
511	649
511	710
511	714
513	523
514	587
514	715
514	814
515	618
515	831
516	655
517	642
517	678
518	661
518	863
519	747
519	773
520	842
521	792
521	844
522	824
523	759
523	827
524	544
524	733
525	545
528	830
528	871
529	602
530	573
530	601
530	775
530	816
530	824
531	868
532	650
532	792
534	586
534	718
534	850
535	886
536	763
538	667
538	807
539	624
539	834
541	679
541	758
541	807
541	885
542	685
542	705
542	718
543	727
545	787
545	838
546	600
547	860
547	874
548	550
548	595
548	871
549	663
549	749
551	828
552	726
552	834
553	697
553	775
554	735
555	800
555	881
556	753
557	667
557	791
558	730
558	877
559	691
562	723
563	605
565	674
566	746
566	895
568	839
569	576
569	694
570	724
570	866
571	584
571	897
572	877
573	820
574	601
575	730
575	763
576	646
577	606
577	847
578	593
578	678
578	753
578	770
580	611
581	890
582	752
582	776
582	811
583	773
584	713
584	862
585	623
585	752
585	760
585	824
585	886
589	595
589	899
590	739
591	699
593	766
593	849
594	831
594	864
595	646
595	797
595	889
596	598
596	780
597	779
597	870
598	620
598	680
600	617
600	766
601	693
601	880
603	673
603	788
604	615
604	807
605	619
606	773
606	811
608	635
608	770
609	626
609	790
610	774
611	703
611	781
612	775
612	809
612	868
612	884
614	769
615	660
616	721
616	781
617	850
617	890
618	814
619	730
620	806
621	759
622	837
623	643
623	647
626	752
627	676
627	846
628	720
628	763
631	657
631	673
631	718
631	797
632	658
632	682
632	727
632	730
633	770
637	700
637	718
637	839
638	749
638	880
639	842
640	896
641	685
641	709
641	730
641	853
641	865
644	755
644	800
644	874
644	880
646	689
646	727
646	856
650	876
651	696
651	770
652	653
652	670
654	656
654	849
655	679
655	757
656	703
656	765
657	791
657	798
658	681
658	803
659	665
659	787
659	816
660	678
660	833
661	775
661	802
664	872
667	789
668	839
669	853
669	869
671	781
672	819
673	894
674	772
674	779
677	843
678	848
679	718
679	737
679	776
681	746
682	849
685	712
685	765
685	803
685	837
686	732
687	757
691	730
692	781
698	745
698	807
700	829
700	889
701	803
701	819
703	744
703	762
703	785
706	812
708	787
708	870
709	733
709	891
710	861
712	859
713	816
714	748
714	788
714	878
715	825
715	826
716	831
718	774
719	807
720	851
722	772
726	895
728	748
730	793
733	735
734	892
735	843
737	812
738	783
740	761
742	884
743	778
744	812
747	782
754	761
754	899
757	763
757	853
760	836
762	800
763	808
763	851
765	891
766	805
767	858
768	775
768	864
770	845
773	887
776	826
776	847
778	805
780	886
784	854
784	880
789	825
794	834
796	865
797	829
799	865
800	867
803	852
805	833
811	824
812	861
815	879
816	824
823	832
845	894
846	850
846	860
850	867
852	854
871	875
879	892