0	37
0	221
0	478
0	610
0	696
0	766
0	863
0	898
1	113
1	278
1	314
2	593
2	612
3	578
4	131
4	450
5	34
5	264
5	355
5	367
5	891
6	256
6	756
6	782
7	353
7	434
7	608
8	211
8	410
8	630
8	767
8	794
9	137
9	266
9	285
9	813
10	25
10	218
10	226
10	424
10	884
11	128
11	287
11	690
12	272
12	316
13	206
13	464
13	484
13	489
13	544
14	213
14	369
14	494
14	599
14	717
14	850
15	19
15	57
15	60
15	313
15	384
15	691
15	828
16	613
16	806
17	331
17	474
17	687
17	872
18	437
18	527
18	692
19	117
19	186
19	212
19	271
19	598
20	299
20	300
20	481
20	606
20	834
20	893
21	116
21	528
21	612
21	738
22	135
22	289
22	432
22	462
22	788
23	196
23	244
23	437
23	482
23	501
23	660
23	780
24	134
24	296
24	703
24	723
25	142
25	146
25	369
25	665
25	684
26	891
27	239
27	268
27	319
27	324
27	380
27	534
27	566
27	622
27	667
27	820
28	126
28	402
28	891
29	103
29	386
29	564
30	41
30	166
30	304
30	395
30	592
30	599
30	643
30	877
31	327
31	611
31	768
31	816
32	109
32	806
33	153
33	257
33	537
33	886
34	177
34	251
34	257
34	411
34	465
34	469
34	528
34	688
35	789
36	577
36	702
36	800
36	887
37	438
37	518
37	580
38	94
38	189
38	311
39	77
39	189
39	287
39	343
39	654
40	90
40	158
40	297
40	437
40	465
40	632
40	811
41	266
41	372
41	572
41	573
42	345
42	531
42	804
43	187
43	590
43	829
44	92
44	487
44	523
45	343
45	409
45	736
45	758
46	143
46	414
46	620
46	653
47	125
47	326
47	339
47	355
47	366
47	460
47	786
47	890
48	293
48	517
49	259
49	640
50	214
50	305
50	546
51	189
51	226
51	510
51	673
51	756
52	369
52	570
53	150
53	168
53	227
53	371
53	628
53	643
54	62
54	152
54	208
54	250
54	362
54	619
54	840
54	881
55	195
55	355
55	713
56	591
56	618
56	625
56	662
57	248
57	404
57	450
57	617
57	727
58	100
58	352
58	460
58	506
58	555
58	664
59	361
59	770
60	496
60	509
60	519
60	557
60	651
60	775
61	431
61	531
61	601
61	735
62	234
62	480
62	522
62	620
63	209
63	239
63	253
63	405
63	489
63	525
63	898
64	488
64	634
65	93
65	338
65	398
66	71
66	519
66	755
67	495
67	642
67	748
68	332
69	102
69	300
69	516
69	555
69	682
69	800
70	107
70	317
70	642
70	653
70	803
71	317
71	644
71	792
72	200
72	408
72	574
73	207
73	711
73	885
74	153
74	321
74	401
74	592
75	217
75	492
75	500
75	586
75	711
76	357
76	622
76	751
77	422
77	862
78	157
78	642
78	861
79	176
79	558
79	639
80	124
80	272
80	368
80	597
80	610
80	746
81	614
82	101
82	255
82	371
82	457
82	727
83	306
83	654
84	604
85	151
85	286
86	133
86	294
86	683
86	795
87	285
87	374
87	437
87	591
87	700
87	889
88	287
88	403
88	457
88	461
88	496
88	649
88	659
89	92
89	455
89	595
90	214
90	297
90	301
90	315
90	317
90	450
90	561
90	608
90	852
91	255
91	306
91	456
91	469
91	878
92	309
92	412
92	456
92	488
92	536
92	788
92	846
92	848
93	336
93	542
93	550
93	814
93	846
94	304
94	615
94	667
94	799
95	205
95	441
95	884
95	892
96	115
96	367
96	438
96	845
97	98
97	115
97	406
97	487
97	863
98	154
98	202
98	566
98	776
98	878
99	315
100	265
100	414
100	574
100	612
102	365
102	485
102	660
102	677
102	762
103	163
103	627
103	669
103	691
104	323
104	359
104	463
104	472
104	728
104	864
105	211
105	212
105	230
105	739
105	815
105	838
105	862
106	204
106	366
106	507
106	628
107	249
107	427
107	446
107	635
107	857
108	136
108	251
109	202
109	433
109	701
109	778
109	798
110	337
111	122
111	176
111	550
112	115
112	252
112	844
112	867
113	134
113	135
113	327
113	329
113	654
113	785
113	867
114	209
114	324
115	184
115	384
117	248
117	252
117	342
117	459
117	559
117	578
118	164
118	637
118	639
118	874
119	222
119	387
119	593
119	711
120	756
120	776
121	349
121	569
121	587
121	624
121	715
121	876
121	881
122	249
122	326
122	454
122	701
122	856
123	138
123	143
123	237
123	263
123	323
123	438
123	526
123	786
123	834
124	129
125	276
125	540
125	650
125	830
126	365
126	538
126	565
126	703
126	769
127	366
127	535
127	803
127	818
128	159
128	180
128	382
128	423
128	608
128	780
128	882
129	211
129	416
129	600
130	383
130	455
130	628
131	415
131	804
132	177
133	385
133	590
133	596
134	239
134	332
134	360
134	409
134	443
134	589
134	695
135	155
135	201
135	240
135	402
135	557
135	572
135	677
136	237
136	458
136	517
136	591
136	645
136	824
137	456
137	478
137	542
137	895
138	285
138	516
138	618
138	892
139	330
139	500
139	581
139	783
139	816
140	233
140	301
140	593
140	827
141	711
142	403
142	415
142	533
143	211
143	633
144	437
144	598
145	173
145	254
145	721
145	811
146	318
146	702
146	729
146	845
146	899
147	440
147	841
148	579
149	544
149	652
149	706
149	769
149	804
149	847
150	374
150	552
150	695
150	702
150	736
151	248
151	275
151	319
151	359
151	544
151	720
151	740
151	818
151	876
152	517
152	560
152	585
154	496
154	546
155	299
155	365
155	478
155	831
156	256
156	397
156	501
156	702
156	746
156	786
156	864
157	168
157	388
157	730
158	467
158	642
158	836
159	618
159	845
160	193
160	319
160	668
160	686
161	215
161	423
161	429
162	439
162	534
163	295
163	436
163	469
163	638
163	839
164	390
164	574
164	736
165	438
165	543
166	837
166	892
167	273
167	383
167	568
167	573
167	600
167	823
168	860
169	523
169	737
170	175
170	422
171	284
171	294
171	422
171	427
171	805
172	511
172	618
172	778
172	859
173	616
173	779
173	811
174	324
174	478
174	513
174	561
174	635
175	531
175	691
175	820
176	736
176	780
177	213
177	278
177	448
177	555
177	864
178	838
179	214
179	277
179	311
179	355
179	417
179	664
180	269
180	512
180	619
180	773
181	524
182	774
183	206
183	315
183	867
184	510
184	819
184	837
185	279
185	617
186	232
186	352
186	427
186	448
186	509
186	620
186	652
186	846
186	856
187	334
187	523
187	691
187	864
188	621
188	650
189	273
189	429
189	487
189	524
189	721
189	723
190	494
190	707
190	774
191	514
191	523
191	856
192	362
192	679
192	724
193	460
193	773
193	856
194	243
194	266
194	665
194	785
194	803
195	721
196	213
196	523
196	851
197	435
198	677
198	883
199	846
200	229
200	646
200	765
201	732
201	870
202	259
203	592
203	834
204	278
204	287
204	450
204	554
204	841
204	850
205	389
205	512
205	588
206	228
206	360
206	391
207	251
207	515
207	627
207	832
208	573
208	817
209	595
209	688
210	632
210	637
210	741
211	545
211	783
212	462
212	716
212	840
213	749
214	588
215	280
215	562
215	627
215	726
215	830
216	506
217	227
217	572
218	307
218	766
219	266
219	379
219	437
219	579
219	766
220	316
220	469
220	793
220	809
220	827
221	723
222	225
222	416
222	449
222	496
222	568
222	658
223	261
223	266
223	689
223	813
223	854
224	378
224	384
224	490
224	705
224	752
224	813
225	639
225	888
226	482
226	691
227	246
227	658
227	780
227	830
227	871
228	359
228	411
228	677
229	286
229	603
229	858
230	261
230	279
230	342
230	368
230	484
230	619
230	670
231	282
232	299
232	316
232	430
232	444
232	686
233	335
233	359
233	658
234	306
234	365
235	378
235	597
235	738
236	237
236	239
236	304
236	721
237	465
237	754
238	296
238	526
238	835
239	303
240	279
240	331
240	710
241	495
242	608
242	738
243	696
244	353
244	857
245	328
246	882
247	550
247	655
247	751
248	366
248	486
248	512
248	542
248	720
249	348
249	532
250	498
251	496
252	613
253	803
254	304
254	464
254	489
254	714
254	738
254	806
254	878
255	364
255	372
255	511
255	554
255	649
256	468
256	575
256	870
257	304
257	379
257	658
258	269
258	319
258	437
258	893
258	898
259	347
259	795
260	305
260	476
260	614
260	871
261	311
261	753
262	858
263	461
263	617
264	526
264	540
264	839
265	303
266	278
266	504
266	838
267	582
267	603
267	653
267	747
268	326
268	343
268	481
268	515
268	664
269	294
269	493
269	518
269	572
269	750
269	793
270	392
270	668
271	422
271	514
271	527
271	891
272	323
272	519
272	566
272	737
273	498
274	307
274	547
274	670
274	682
274	730
275	545
275	621
275	625
276	421
276	846
277	333
277	389
277	466
277	767
278	494
278	541
278	752
279	344
279	618
279	641
280	589
280	607
280	719
280	729
281	745
281	854
281	870
282	484
283	454
283	812
284	553
284	758
285	445
285	521
286	395
286	560
286	768
286	807
286	892
287	496
288	589
288	750
289	363
289	365
289	431
289	656
289	725
289	820
290	376
290	866
291	404
291	446
291	541
291	629
292	581
293	559
293	631
293	882
294	404
294	883
295	363
295	619
295	636
296	334
297	440
298	710
299	353
299	464
299	516
299	746
300	334
300	496
302	573
302	766
302	786
303	731
303	749
304	472
304	637
304	884
305	860
306	435
306	522
307	492
307	878
308	472
308	483
308	613
308	790
308	822
309	343
309	419
309	447
309	655
309	731
310	501
310	602
310	891
312	588
312	823
312	829
313	510
313	597
313	672
313	830
315	324
315	399
315	520
315	521
315	598
316	343
316	491
316	502
316	579
316	830
317	363
317	387
317	664
317	772
318	820
319	585
319	611
320	493
321	326
321	353
321	554
322	576
323	333
323	499
323	647
324	708
325	881
326	592
326	801
327	437
327	479
327	482
327	826
329	409
329	437
330	467
330	546
330	854
331	458
331	666
331	686
332	445
332	480
333	417
333	447
333	601
333	854
333	888
335	637
335	814
336	484
336	593
336	671
336	792
337	369
337	765
337	891
338	511
338	599
338	686
338	793
338	809
338	889
339	816
340	742
340	760
341	884
342	387
342	484
342	816
343	845
344	354
344	807
345	549
345	747
346	477
346	597
346	630
346	713
348	552
348	802
348	895
349	443
349	516
349	662
349	885
350	372
350	589
350	854
351	418
351	816
352	557
352	637
353	682
353	735
354	843
355	595
356	617
357	807
358	522
358	674
358	725
359	837
360	646
361	604
361	740
363	496
364	564
365	502
365	792
365	849
366	433
366	780
366	882
367	769
368	474
368	496
368	520
368	888
370	484
370	697
370	723
371	537
371	546
371	800
371	841
372	478
373	423
373	674
373	874
374	464
374	466
374	765
375	463
375	580
376	739
376	866
376	885
377	561
377	892
378	756
378	858
379	417
380	681
380	819
381	420
381	541
382	897
383	464
385	675
385	707
385	750
385	794
386	400
386	464
386	548
386	623
387	594
387	858
388	550
388	625
388	885
389	833
390	486
391	740
392	403
392	429
392	655
393	498
393	848
394	572
395	700
395	861
396	417
397	430
397	561
397	564
398	810
398	837
399	671
399	852
400	467
400	696
401	510
401	522
401	565
402	451
402	531
402	706
402	725
403	680
403	766
405	522
406	693
406	857
407	554
407	794
408	619
408	827
408	871
409	481
409	764
409	810
410	621
410	701
411	565
411	632
412	896
413	587
413	848
414	660
415	445
415	652
415	746
415	749
415	770
415	776
416	626
417	428
417	576
418	522
419	718
420	587
420	626
421	658
421	676
421	708
421	834
422	561
422	835
422	896
423	530
423	831
425	489
425	556
426	550
426	732
427	448
427	560
428	498
428	683
429	434
429	527
429	553
429	612
429	765
429	775
429	817
430	844
431	640
431	705
431	746
432	496
433	567
433	875
434	503
434	632
435	613
435	741
435	765
436	779
436	823
436	876
437	557
438	644
441	655
442	761
443	588
444	525
444	551
444	651
444	886
445	457
445	680
445	878
446	453
446	799
447	498
447	543
447	713
447	766
448	529
448	693
449	454
449	475
449	502
449	766
450	526
450	784
452	505
452	525
452	644
452	663
452	700
452	848
453	802
454	546
455	801
456	845
457	497
457	679
458	472
458	485
460	469
460	636
460	639
460	640
461	779
461	845
461	880
462	604
462	796
463	754
464	687
464	720
464	778
465	477
465	594
465	672
465	776
465	788
466	620
466	891
467	469
467	684
469	864
469	876
470	565
470	568
470	754
470	856
471	512
471	598
471	781
472	871
472	894
473	516
473	567
473	684
474	488
474	639
474	653
474	678
477	842
478	485
478	640
478	714
478	885
479	539
479	578
479	853
481	512
481	570
482	855
482	861
483	549
484	524
484	636
484	891
484	893
486	568
487	530
487	733
487	750
488	671
488	682
488	728
488	785
490	579
490	663
491	498
491	604
492	526
492	601
493	509
493	597
493	764
493	859
493	876
494	500
494	543
494	711
494	716
495	877
496	588
496	612
496	666
496	755
496	763
497	796
497	857
498	578
498	766
498	868
499	816
499	887
501	577
501	801
502	554
502	670
502	695
503	617
504	643
504	765
504	788
505	507
506	634
506	812
506	853
506	891
507	533
507	614
507	646
507	800
508	591
508	659
509	846
511	516
511	755
511	769
512	623
512	840
513	656
513	678
514	545
514	717
515	603
515	766
516	812
516	872
517	533
517	543
517	864
518	853
520	664
520	680
521	574
521	827
521	829
522	545
522	639
522	723
522	870
522	897
523	587
523	887
524	644
524	741
524	886
524	896
525	612
525	701
525	729
525	749
526	739
527	651
527	889
528	752
528	757
531	563
531	678
531	788
533	576
533	632
533	807
534	606
535	591
535	607
535	755
536	648
536	687
536	883
537	872
538	652
539	544
539	885
540	555
542	560
543	651
544	654
544	766
545	780
550	869
553	621
553	655
553	702
553	750
553	826
556	723
558	679
558	781
559	616
560	661
560	875
560	890
561	598
561	659
563	766
563	857
565	835
566	789
568	596
568	619
568	654
568	661
568	776
569	743
571	664
571	712
571	780
572	652
572	658
573	684
573	821
574	624
574	739
576	849
577	646
577	670
577	749
578	817
579	813
580	599
580	770
581	817
582	583
582	813
583	700
583	705
583	851
584	608
584	824
585	874
586	745
586	775
587	760
587	763
588	632
588	805
588	838
589	730
592	646
592	764
592	822
593	833
594	850
595	664
595	868
596	610
596	773
597	731
599	825
600	625
600	745
602	614
602	721
602	885
603	620
604	637
604	714
604	723
605	643
605	744
606	771
607	684
608	732
608	897
609	883
610	627
612	746
612	886
613	642
614	669
615	638
615	663
616	650
619	802
619	845
620	823
622	667
622	736
622	812
623	656
625	647
625	766
625	814
628	663
628	717
629	702
629	880
630	658
630	692
630	741
630	790
630	797
630	863
631	814
631	885
632	791
636	739
636	751
636	755
637	771
637	883
638	701
638	780
639	677
639	827
639	830
641	713
641	851
642	643
642	686
642	758
647	829
649	881
650	762
651	782
652	717
655	818
656	794
657	879
658	686
658	699
658	833
660	875
661	768
661	774
662	712
663	700
663	728
663	778
664	730
664	796
665	768
666	891
667	701
668	781
669	845
671	748
672	685
672	892
677	702
678	722
678	740
681	835
681	865
682	856
683	785
685	697
685	809
687	869
688	694
689	725
689	739
689	742
691	876
693	747
693	875
695	738
695	809
696	717
698	880
699	838
700	705
700	708
700	721
701	808
702	797
702	856
702	876
704	764
706	767
709	735
709	854
709	871
711	761
711	779
712	755
712	765
712	814
712	832
716	769
716	835
718	728
718	865
719	886
719	897
720	857
721	759
721	830
721	872
725	737
725	826
726	840
728	845
731	800
731	829
731	897
732	787
734	828
735	772
735	826
738	865
738	897
739	827
741	896
742	899
745	810
745	860
751	845
752	881
754	880
754	899
755	890
759	792
761	805
762	771
765	811
767	832
768	791
768	897
773	845
773	896
774	828
776	846
777	873
780	784
781	843
784	859
787	846
788	802
788	881
795	868
796	829
801	880
803	826
803	845
803	883
805	831
805	852
808	848
813	834
814	859
819	856
819	867
834	897
837	889
837	896
840	867
840	868
843	871
849	884
851	882
858	864
863	896
884	889
893	897