0	219
0	223
0	288
0	805
1	675
1	820
2	81
2	573
2	583
3	55
3	349
3	416
3	516
3	521
3	663
3	687
3	880
4	13
5	71
5	75
5	136
5	559
5	728
6	706
7	66
7	170
7	187
7	350
7	517
8	37
8	245
8	250
8	370
8	667
8	674
8	758
9	93
9	456
9	516
9	546
9	638
9	674
9	826
10	238
10	731
11	840
12	144
12	608
13	139
14	24
14	213
14	629
15	120
15	190
15	521
15	624
15	632
15	783
16	679
16	850
17	206
17	217
17	277
17	324
17	372
17	710
18	72
18	786
18	814
18	851
19	115
19	305
19	345
19	676
19	851
20	177
20	271
20	486
20	509
20	646
21	198
21	710
22	194
22	532
22	708
23	196
23	415
23	676
23	764
24	165
24	396
24	779
25	373
25	488
25	763
26	154
26	331
26	747
27	94
27	186
27	265
27	303
27	556
27	772
28	414
28	634
28	667
28	729
28	894
29	168
29	324
29	346
29	542
29	562
29	573
29	684
29	728
30	757
31	109
31	278
31	367
31	452
31	860
32	41
32	308
32	326
32	630
33	151
33	261
33	570
33	871
34	266
34	473
34	602
34	782
34	791
34	799
34	829
35	299
35	500
35	745
36	553
37	148
37	475
37	673
37	813
37	881
37	898
38	108
38	777
39	809
40	693
40	772
40	776
41	364
41	602
41	614
41	894
42	66
42	758
43	327
43	427
44	450
45	320
46	216
46	500
47	362
47	465
47	830
48	64
48	213
48	550
48	668
48	888
49	190
49	339
49	414
49	517
49	545
50	178
50	760
50	801
50	879
51	335
51	661
52	64
52	283
52	490
52	521
52	665
52	735
52	825
53	129
53	221
53	731
54	585
55	332
55	480
55	587
55	662
55	842
56	68
56	522
57	426
58	128
58	430
58	444
58	544
59	154
59	201
59	262
59	357
59	440
59	690
59	718
59	766
59	834
60	76
60	235
60	279
60	570
61	78
61	161
61	248
61	549
62	290
62	360
62	895
63	154
63	240
63	275
63	485
63	835
64	204
64	611
65	464
66	723
66	749
67	100
67	870
68	91
68	164
68	268
68	324
68	402
68	505
69	310
69	433
69	455
69	465
69	707
69	750
69	893
70	486
70	584
70	596
70	681
70	721
70	858
71	83
71	194
72	142
72	530
72	556
73	156
73	453
73	549
74	662
74	831
74	835
75	107
75	182
75	287
75	361
75	401
75	530
75	586
75	671
75	789
76	457
76	505
76	594
77	585
77	609
77	676
77	681
78	154
78	210
78	756
79	148
79	816
80	325
80	560
80	563
80	691
81	121
81	609
81	694
81	712
82	789
83	458
83	772
84	147
84	194
84	204
84	344
84	645
85	96
85	155
85	250
85	758
86	271
86	400
86	479
86	795
87	480
87	593
88	151
88	374
88	404
88	543
88	771
88	826
89	419
89	445
89	545
89	625
89	641
89	727
89	761
89	846
90	608
90	729
90	867
91	412
91	598
91	632
92	103
92	154
92	607
92	810
93	131
93	636
93	681
93	828
94	236
94	377
94	464
94	594
94	741
95	113
95	284
95	369
95	438
95	576
95	584
95	648
95	744
95	787
96	152
96	194
96	576
96	865
97	703
98	185
98	277
98	285
98	395
98	821
99	158
99	222
99	611
99	716
100	272
100	346
100	848
100	891
101	304
101	469
101	606
101	615
102	211
102	212
102	636
103	609
103	709
103	878
104	274
104	847
105	203
105	623
105	654
105	655
105	689
105	856
106	145
106	346
106	383
106	415
106	535
106	652
106	704
106	889
107	328
107	422
107	734
108	119
108	221
108	333
108	389
108	564
108	782
109	453
110	383
110	696
111	132
111	164
111	331
111	384
111	415
111	696
111	753
112	550
113	533
113	550
113	658
113	731
113	847
114	238
114	252
114	607
114	819
115	647
116	189
116	698
116	728
116	897
117	627
118	265
118	450
118	650
119	126
119	315
119	807
119	825
120	133
120	179
120	575
120	678
120	780
121	557
122	131
122	245
122	661
122	789
123	124
123	171
123	264
123	300
123	432
124	256
124	516
124	545
124	581
124	643
124	743
125	492
125	759
126	320
126	355
126	493
126	590
127	132
128	395
128	396
128	462
128	466
129	480
129	546
129	644
129	862
130	179
131	330
131	679
131	774
131	841
132	602
132	628
132	697
132	808
133	310
133	394
133	410
134	176
134	366
135	791
135	847
136	216
137	200
137	343
137	356
137	531
137	537
137	597
137	809
137	845
138	279
138	622
138	723
138	725
139	172
139	341
139	425
139	500
139	869
140	734
141	178
141	515
141	688
141	824
141	825
142	218
142	684
143	172
143	429
143	842
143	865
143	871
143	888
144	233
144	382
144	408
144	549
145	303
145	320
145	377
145	668
145	717
146	643
147	333
147	649
148	535
148	669
148	704
148	821
149	706
149	817
149	839
149	841
149	898
150	200
150	540
150	769
150	812
151	527
151	715
152	269
152	371
152	619
153	249
153	843
154	473
154	617
155	365
155	376
155	832
155	881
156	420
156	479
156	588
157	313
158	467
158	496
158	799
159	388
160	445
160	446
160	777
161	468
161	560
161	599
161	772
162	248
162	278
162	536
162	578
162	837
163	631
163	871
164	335
164	491
164	526
165	210
165	263
165	356
165	660
166	316
166	557
167	183
167	590
167	598
168	198
168	294
168	514
168	561
169	365
169	574
170	289
170	546
170	617
170	632
171	401
171	548
171	751
171	799
172	199
172	220
172	398
172	635
173	497
173	504
173	686
173	709
174	553
174	590
174	627
175	479
175	748
175	751
176	290
176	360
176	653
176	734
177	828
178	238
178	696
178	708
178	864
179	463
179	517
179	527
179	563
179	894
180	556
180	845
181	287
181	419
181	508
181	683
181	787
182	750
182	822
183	205
183	425
184	353
184	432
186	554
186	656
186	683
186	709
186	842
187	625
187	823
187	825
187	885
188	197
188	377
188	501
188	608
189	247
189	587
190	453
190	464
190	642
190	730
191	754
191	804
192	292
192	296
192	721
192	740
193	704
193	777
194	222
194	384
195	407
195	630
196	478
196	503
196	760
197	679
198	214
198	223
198	507
198	765
199	491
200	219
200	247
200	340
200	375
200	772
200	779
201	406
201	492
201	500
201	790
201	824
202	596
202	831
203	282
203	495
203	598
203	788
203	829
204	653
204	879
205	243
205	486
205	492
205	621
206	270
206	315
207	237
207	302
207	491
207	715
207	842
208	228
208	517
208	572
208	591
208	673
208	835
209	591
209	712
209	771
210	244
210	384
210	568
210	815
210	836
211	497
211	757
212	474
213	461
213	583
213	689
213	693
213	742
213	766
213	891
214	727
215	272
215	542
215	613
215	712
217	269
217	293
217	624
217	744
217	854
218	231
218	390
218	504
218	593
219	390
219	513
219	627
219	746
220	334
220	571
220	611
221	385
221	812
221	822
222	372
222	604
223	264
223	265
224	247
224	727
225	254
225	319
225	500
225	708
225	781
225	857
225	870
226	274
226	503
226	658
227	367
228	280
229	235
229	405
229	517
230	280
230	551
230	656
231	800
231	870
232	346
232	378
232	610
232	744
234	596
234	841
235	523
236	313
236	338
236	642
237	279
237	507
237	752
237	787
237	810
237	888
238	377
238	444
238	683
239	428
239	630
239	668
240	390
240	793
240	829
240	833
241	261
241	380
241	414
241	587
241	700
242	329
242	497
242	738
242	805
242	841
243	577
243	713
243	859
244	369
245	247
245	421
245	521
245	809
246	247
246	671
246	680
246	726
246	796
247	278
247	538
247	595
247	689
247	703
247	772
247	783
248	402
248	531
248	534
248	560
248	617
248	663
249	448
250	559
251	275
251	798
251	885
252	261
252	372
252	559
252	634
252	677
252	691
252	880
253	462
253	469
253	495
253	716
253	860
254	280
254	591
254	849
255	264
255	706
255	707
255	845
256	596
257	374
257	612
257	794
258	359
258	405
258	570
258	605
258	690
258	816
259	288
259	630
259	668
259	745
259	865
260	531
260	739
261	581
261	877
261	879
262	361
262	394
263	368
263	537
263	659
263	780
264	279
264	327
264	359
264	383
264	477
264	593
264	601
264	887
265	302
265	367
265	382
265	561
266	491
266	598
266	652
266	734
266	787
267	405
267	423
268	603
269	472
269	715
269	810
270	293
270	331
270	454
270	897
271	560
272	367
272	523
272	625
272	814
272	839
273	868
274	499
274	878
274	880
274	899
275	437
275	506
275	513
276	324
276	589
276	610
276	657
276	677
277	456
278	339
278	759
278	899
279	507
280	282
280	285
280	462
280	874
281	398
281	826
281	866
282	482
283	326
283	444
283	497
283	754
284	390
284	431
284	445
284	536
285	316
285	329
285	369
285	618
285	682
286	295
286	503
286	602
286	636
286	822
286	835
287	339
287	700
287	887
288	673
289	543
289	584
289	685
289	871
290	322
290	340
291	465
291	717
291	722
292	453
293	571
293	587
293	668
293	706
293	707
293	735
294	484
294	684
294	722
294	765
295	369
295	729
295	744
295	814
296	346
296	650
297	405
297	492
297	676
297	699
297	759
297	804
298	619
299	531
301	478
301	660
302	313
302	707
302	781
303	507
303	721
303	834
305	709
305	720
305	727
306	639
306	684
306	721
306	748
307	453
307	676
307	831
307	885
308	329
308	770
309	549
309	629
309	799
310	522
311	569
311	727
311	757
312	572
313	423
313	595
314	355
314	417
314	838
315	867
316	529
316	682
316	811
316	827
316	863
317	673
317	778
317	831
317	856
317	888
318	340
318	760
318	796
319	341
319	687
320	885
321	490
322	564
323	471
323	526
323	568
323	573
323	859
323	878
324	388
324	395
324	570
325	470
325	646
325	714
326	546
326	853
327	382
327	422
328	476
328	490
328	604
328	608
328	698
329	443
329	505
329	570
330	399
330	708
331	373
331	434
331	510
331	718
331	728
331	847
332	442
332	493
332	544
332	848
334	393
334	519
334	531
335	413
336	653
337	382
337	522
337	670
337	716
338	597
338	674
338	767
339	829
340	450
340	479
340	526
341	466
341	484
341	730
341	799
341	855
342	423
343	415
343	560
343	589
343	831
344	550
344	737
345	356
345	448
345	741
347	476
347	561
347	713
347	754
348	349
349	635
349	722
349	775
349	828
349	830
349	869
350	426
350	513
350	736
351	410
351	690
351	730
352	404
352	728
352	738
353	421
353	739
353	806
354	513
354	634
354	643
354	851
356	691
357	476
357	678
357	884
358	475
358	884
359	373
359	424
359	712
359	883
360	589
360	738
360	765
360	813
361	497
361	518
362	389
362	489
362	546
362	703
363	532
363	580
363	584
363	675
363	729
363	804
364	558
364	590
364	795
365	541
365	696
366	465
366	497
366	680
367	393
367	438
367	599
367	891
368	632
368	786
369	483
369	699
370	868
371	381
371	398
371	686
372	389
372	830
373	387
373	474
373	828
374	571
374	851
374	889
375	531
377	449
377	656
378	637
378	767
379	838
380	769
381	394
381	786
382	747
383	433
384	443
384	482
384	597
384	789
384	802
384	862
385	423
386	799
387	466
387	647
388	735
389	732
390	519
390	532
390	717
391	847
392	466
393	605
393	825
395	472
397	600
397	659
398	430
398	709
398	832
399	405
399	417
399	428
399	506
399	756
399	802
399	858
400	548
400	776
400	876
402	460
402	848
403	493
403	739
404	457
404	516
404	683
404	689
404	786
405	561
405	769
406	541
406	873
407	880
408	599
408	638
408	668
408	816
409	630
410	507
410	535
410	560
410	596
410	616
410	803
411	681
412	425
414	572
414	631
414	755
414	782
414	867
415	487
415	762
416	530
416	747
417	450
417	782
418	803
418	824
418	873
419	511
419	865
420	899
421	509
421	835
422	773
423	756
423	892
424	520
424	756
425	465
425	612
425	640
427	450
427	691
427	862
428	581
429	732
429	793
430	536
430	559
430	604
430	765
431	511
431	812
433	457
434	805
435	689
436	604
436	797
437	601
437	632
437	824
438	485
438	648
438	713
439	666
439	812
440	696
441	466
441	482
441	610
442	516
442	719
442	890
443	482
444	517
444	681
444	812
445	467
445	472
445	572
447	798
448	712
448	787
449	502
449	663
449	852
450	748
451	556
451	606
451	892
452	833
452	871
452	899
455	686
456	697
456	829
456	832
457	466
457	828
459	561
459	753
459	867
461	723
461	758
462	572
463	683
463	744
463	795
463	830
464	852
465	666
465	713
466	680
466	726
467	768
467	804
469	471
469	547
469	718
470	495
470	610
471	472
471	679
472	518
472	829
472	835
473	509
473	733
474	592
474	822
475	489
475	515
475	673
475	790
476	506
478	666
479	585
480	522
480	870
481	818
484	601
485	536
486	662
487	674
488	491
489	567
489	605
489	693
489	745
489	836
490	509
491	850
492	704
492	785
493	568
493	600
493	791
493	848
493	884
494	530
494	702
494	817
495	521
495	614
495	880
496	522
496	547
496	626
496	677
496	775
497	804
498	609
498	647
498	898
499	627
499	740
499	783
499	892
500	745
500	836
501	705
501	884
502	890
503	545
503	751
503	833
504	523
504	670
504	690
504	857
505	546
505	868
508	582
508	712
508	848
510	736
510	875
511	539
512	564
512	609
512	643
513	781
513	836
514	661
514	844
516	825
517	715
517	719
517	788
518	819
519	524
519	777
519	794
520	763
520	873
521	704
522	524
522	662
522	687
522	702
523	678
523	705
523	815
523	899
524	545
524	729
525	822
527	676
528	538
528	557
528	651
528	736
528	779
528	812
528	882
532	649
532	823
534	839
535	666
535	782
535	797
536	688
536	720
536	840
537	611
537	664
537	692
537	753
537	834
538	584
540	675
541	808
541	811
544	666
544	743
544	838
545	604
545	654
545	766
545	779
545	805
545	836
545	862
549	581
551	553
551	590
551	679
552	727
552	744
554	659
554	886
555	764
556	695
556	727
556	744
557	585
557	783
557	801
557	881
558	642
558	683
559	583
559	598
559	700
559	726
562	634
562	639
563	716
564	645
565	575
565	833
566	620
566	808
567	757
567	867
568	804
569	632
569	707
569	835
571	739
571	828
572	821
574	716
575	821
576	584
576	742
576	883
577	638
577	684
579	609
579	688
579	855
580	831
581	647
582	613
583	804
583	851
584	849
585	606
585	638
585	672
585	857
586	643
586	803
588	687
588	763
588	850
590	605
590	621
590	822
591	642
591	699
591	739
592	645
592	661
593	712
594	667
595	851
596	689
597	670
597	756
599	736
599	742
599	843
600	647
600	648
601	719
601	861
602	634
603	870
604	712
608	812
611	768
611	855
612	626
613	688
613	695
613	829
614	881
615	639
616	669
619	713
619	813
619	861
620	847
620	877
621	656
621	851
621	858
622	877
623	738
624	839
627	741
631	689
633	679
634	736
634	758
634	870
635	668
635	838
637	745
638	679
638	870
640	797
641	674
643	757
643	802
644	761
644	835
648	731
648	754
650	759
650	798
650	808
652	764
653	687
654	745
657	659
657	886
657	892
658	824
659	678
659	700
659	732
659	786
659	808
660	812
662	671
663	665
663	669
663	765
664	779
664	842
665	762
665	862
666	687
666	801
666	808
666	816
669	683
669	773
670	732
670	751
670	761
672	733
675	814
675	890
676	709
676	753
677	778
678	742
678	842
679	720
682	728
682	868
683	867
686	897
687	737
687	784
688	784
688	844
689	778
691	788
691	892
692	724
692	764
694	818
695	747
695	765
696	805
696	818
697	841
700	853
700	881
701	727
701	793
702	808
703	809
704	720
704	777
705	791
706	772
706	832
706	878
706	880
709	859
709	861
709	894
711	779
712	872
713	716
713	798
713	842
714	788
715	719
715	835
716	742
716	891
717	797
718	848
718	880
720	729
720	891
721	837
726	843
729	751
733	820
734	838
735	796
738	791
738	818
738	862
738	893
739	842
739	896
740	801
741	786
742	870
743	877
746	788
747	756
749	859
750	792
750	815
750	828
750	892
751	877
753	827
754	787
754	815
754	827
757	787
760	867
761	790
761	853
763	814
767	879
769	874
770	815
770	853
770	870
771	830
772	895
773	860
778	793
779	881
779	893
783	884
785	845
789	872
790	852
795	889
802	872
809	812
811	857
811	891
812	881
814	833
815	834
816	843
816	873
822	852
823	832
823	879
823	886
832	865
834	848
834	867
838	874
839	893
843	872
852	895
853	863
855	881
862	899
875	894