0	275
0	600
1	137
1	422
1	432
1	681
1	876
2	352
2	668
2	703
3	419
3	480
3	543
3	601
3	618
3	644
3	724
3	850
4	217
4	278
4	683
5	138
5	400
5	438
6	39
6	176
6	402
6	807
6	831
6	888
7	256
7	473
7	582
7	603
7	792
8	33
8	61
8	401
8	471
8	526
9	434
9	512
9	592
9	848
10	185
10	510
10	786
11	73
11	140
11	211
11	318
11	359
11	809
11	899
12	44
12	201
12	249
12	515
12	775
12	803
13	777
14	246
14	621
14	768
14	866
15	183
15	288
15	322
15	497
15	543
15	636
15	895
16	613
17	422
17	746
17	815
18	22
18	167
18	217
18	291
18	656
18	836
19	428
20	619
21	46
21	280
21	625
21	797
21	853
22	140
22	324
22	642
22	882
23	91
23	546
23	847
24	491
24	735
24	807
25	286
25	329
25	465
25	593
25	607
26	202
26	336
26	390
26	622
26	667
26	715
26	784
27	462
27	507
27	566
27	600
27	757
28	262
28	355
28	562
28	788
29	43
29	198
29	201
29	262
29	355
29	537
30	363
30	492
30	530
30	690
30	718
30	830
31	591
31	756
31	789
32	173
32	174
32	197
32	633
32	640
32	676
32	777
33	58
33	192
33	218
33	364
33	538
33	806
34	230
34	354
35	521
35	564
35	686
35	788
36	525
37	86
37	267
37	375
37	509
38	204
39	187
39	673
39	775
39	793
39	807
40	494
40	540
41	312
41	394
41	602
41	639
41	805
41	836
42	80
42	367
42	667
42	672
43	372
43	442
44	169
44	732
44	848
45	305
46	88
46	189
46	222
46	236
46	454
46	757
47	150
47	346
47	564
48	150
48	419
48	633
48	836
49	86
49	231
49	493
49	719
49	856
50	255
51	61
51	119
51	266
52	589
52	664
52	699
52	898
53	159
53	463
53	495
53	783
54	108
54	112
54	143
54	249
54	377
54	525
54	538
54	543
54	575
54	737
54	842
54	887
55	552
56	66
56	426
56	571
57	130
57	234
57	616
57	793
57	797
58	405
58	799
59	61
59	463
59	484
59	655
59	863
60	230
60	310
60	617
60	619
60	852
60	854
61	147
61	193
61	594
61	711
61	843
62	118
62	653
62	826
62	874
63	202
63	505
63	609
63	661
64	118
64	293
64	625
65	304
65	310
66	150
66	565
66	831
67	162
67	241
67	565
67	830
68	77
68	97
68	400
68	467
68	577
68	691
68	861
69	167
69	352
69	471
69	641
70	160
70	284
70	300
71	122
71	580
71	583
71	642
72	410
72	524
72	696
72	858
73	178
73	332
73	554
73	718
74	171
74	391
74	533
74	676
75	325
75	472
75	744
76	154
76	179
76	208
76	386
76	393
76	525
76	535
76	663
77	176
77	441
77	637
78	349
78	556
78	673
78	703
79	257
79	651
79	764
79	774
79	778
79	800
80	100
80	446
80	782
81	203
81	308
81	369
81	407
81	704
82	119
82	340
82	440
82	897
83	125
83	211
83	382
83	764
83	793
84	309
84	716
84	734
84	864
85	539
85	607
85	743
87	196
87	393
87	636
87	732
88	102
88	356
88	384
88	783
88	868
88	870
88	871
89	182
89	325
89	355
89	661
89	801
90	104
90	220
90	328
90	467
91	100
91	178
91	270
91	497
91	872
92	253
92	542
92	849
93	253
93	494
94	231
94	233
94	777
95	168
95	587
95	736
96	138
96	214
96	307
96	348
96	356
96	458
96	652
96	682
97	152
97	502
97	863
98	169
98	295
99	462
100	103
100	741
100	897
101	277
101	535
101	649
102	239
102	279
102	411
102	466
102	555
103	366
103	566
103	619
103	627
104	212
104	419
104	507
104	618
104	670
104	794
105	211
105	268
105	451
105	630
105	691
105	818
105	876
106	128
106	887
107	503
108	292
108	570
108	618
108	795
108	884
109	124
109	459
109	564
110	266
110	285
111	447
111	746
112	160
112	621
112	724
112	747
113	310
113	336
113	549
113	762
114	230
115	512
115	769
115	881
116	295
116	368
116	724
116	795
116	808
117	712
118	294
118	405
118	733
118	749
119	337
120	406
120	432
120	894
121	170
121	248
121	294
121	308
121	819
121	881
122	338
122	757
123	564
123	689
124	464
124	693
125	165
125	219
125	333
126	198
126	317
126	369
126	859
127	717
128	143
128	256
129	285
129	742
129	760
129	866
130	194
130	538
130	723
131	169
131	293
131	397
131	482
131	688
131	693
131	714
131	724
132	291
132	639
132	705
133	237
133	339
133	482
133	528
133	700
134	827
135	186
135	202
135	371
135	553
135	736
136	294
136	383
136	431
136	641
136	758
137	181
137	819
137	834
138	504
139	180
139	260
139	528
139	673
139	725
140	389
140	707
140	730
140	774
141	210
141	341
141	365
141	420
141	673
141	852
141	854
142	179
142	585
142	590
142	730
142	884
143	425
143	629
143	658
144	288
144	322
144	330
144	363
144	378
144	456
144	802
144	803
145	403
145	600
145	771
146	197
146	472
147	156
147	427
147	511
147	798
148	167
148	259
148	318
148	832
149	890
150	529
151	285
151	347
151	493
151	539
153	409
153	709
153	806
153	884
154	468
155	297
155	376
155	533
156	380
157	312
157	319
157	422
157	512
157	657
157	682
158	322
158	618
158	718
159	660
159	812
160	296
160	589
160	715
160	787
161	322
161	452
161	723
161	838
161	876
161	877
162	652
163	186
163	329
163	443
163	562
163	725
163	792
164	501
164	525
165	404
165	411
165	630
166	329
166	600
166	825
166	846
166	890
167	562
167	682
167	842
167	896
168	554
168	716
168	829
169	240
169	419
169	433
169	664
169	731
170	405
170	671
171	333
171	549
171	692
172	186
172	377
172	827
173	234
173	899
174	283
174	781
175	338
175	405
175	736
176	304
176	794
176	871
177	295
177	377
177	519
177	576
177	892
178	429
178	629
178	718
178	853
178	868
179	209
179	362
179	777
179	807
179	850
180	475
180	823
181	545
181	743
182	391
182	630
183	295
184	288
184	541
184	604
185	816
186	880
187	461
187	731
187	878
188	247
188	597
188	693
188	751
188	763
189	377
189	449
189	453
189	455
189	698
189	737
189	761
190	493
191	344
191	413
192	221
192	258
192	296
193	239
193	423
193	458
194	474
194	715
195	885
196	217
196	223
196	442
197	667
197	794
198	225
198	412
198	440
198	466
198	561
198	599
198	791
199	366
199	581
199	582
200	300
201	233
201	899
202	443
202	471
202	472
202	834
202	861
203	227
203	593
204	307
204	508
205	647
205	804
206	713
207	450
207	776
208	443
208	633
210	460
210	821
210	862
211	309
211	321
211	394
211	398
211	750
212	469
212	502
212	650
212	798
213	675
214	241
214	304
214	573
214	836
215	338
215	496
215	575
215	766
216	226
216	430
216	574
216	581
216	604
216	770
216	789
217	495
217	515
218	330
218	331
218	487
218	837
218	871
219	773
220	405
220	409
220	457
220	532
220	706
221	256
221	811
222	367
222	463
222	549
222	683
223	305
223	411
223	873
224	612
225	446
225	664
226	245
226	447
226	450
226	636
228	321
229	238
229	336
229	468
229	587
230	471
230	472
230	543
231	462
232	276
232	278
232	334
232	427
232	753
232	894
234	368
234	547
234	654
235	260
235	386
235	509
235	787
235	866
236	647
236	656
236	819
237	307
237	372
237	399
237	502
237	684
237	790
238	405
238	627
238	659
238	734
238	830
238	870
239	433
239	560
239	572
240	364
240	457
241	485
242	329
242	589
243	486
243	541
243	735
244	756
245	257
245	463
245	635
245	673
246	372
246	487
246	701
247	330
247	733
248	473
248	535
249	376
249	744
249	757
249	763
250	279
250	450
250	487
250	495
250	501
250	695
250	820
250	890
251	422
251	492
251	658
252	333
253	841
254	397
255	256
256	405
256	674
257	430
257	473
258	352
258	372
258	571
258	725
258	879
259	504
260	325
260	789
260	801
260	899
261	433
261	507
262	396
262	481
262	507
263	714
264	401
264	633
264	681
265	421
265	506
265	734
265	875
266	405
266	550
266	844
268	548
268	643
268	754
269	289
269	522
269	580
269	640
269	648
270	290
270	513
270	740
271	459
271	583
271	590
271	633
272	395
272	864
273	339
273	761
273	771
273	784
273	833
274	529
274	603
274	629
275	532
275	687
275	748
275	759
276	686
276	813
277	280
278	805
278	856
279	376
279	635
279	810
280	504
280	570
280	738
280	768
281	283
281	324
281	336
282	679
283	769
284	693
284	713
284	889
285	396
285	548
286	331
286	611
286	687
286	761
287	305
288	331
288	379
289	302
289	607
289	871
290	436
290	627
290	704
290	808
291	397
291	601
291	895
292	376
292	398
292	719
292	755
293	400
293	466
293	741
294	303
294	401
295	353
295	378
295	529
295	683
295	815
295	868
296	601
297	418
297	461
297	535
297	636
297	669
297	721
298	343
298	378
298	395
298	587
298	731
298	817
299	311
299	423
300	327
300	341
300	701
301	524
302	447
302	646
302	858
303	567
304	392
304	505
305	548
305	764
305	838
306	705
307	467
307	482
307	570
307	604
307	643
307	675
308	821
308	825
309	354
309	397
309	695
309	809
309	844
310	478
310	845
312	736
313	424
313	533
313	535
313	664
313	703
313	758
313	854
314	374
315	618
316	521
316	610
316	818
316	863
317	513
318	542
318	777
318	793
319	770
320	614
320	788
321	567
321	874
322	337
322	717
322	869
323	531
323	808
323	837
325	386
325	462
325	564
325	693
326	696
326	737
327	359
327	580
327	722
327	874
328	761
329	525
329	640
329	880
330	351
330	379
330	631
331	588
331	673
331	690
331	692
331	767
332	337
332	404
332	554
333	540
333	746
333	791
334	441
334	718
335	392
335	442
335	613
335	779
335	857
336	491
337	457
337	506
337	635
337	655
337	668
338	475
338	492
338	729
339	590
339	656
340	380
340	857
341	732
342	765
342	785
345	604
345	768
346	362
346	448
346	736
347	511
347	665
348	386
348	520
348	644
348	787
349	357
349	381
349	446
349	474
349	672
349	832
349	846
350	579
350	760
350	888
351	384
351	720
353	428
353	489
353	506
353	767
354	654
355	534
355	591
355	833
355	844
356	425
356	551
356	733
358	736
358	839
359	527
360	460
360	475
360	498
360	832
360	847
361	431
361	702
362	775
362	816
363	858
364	371
364	673
364	790
364	896
365	438
365	701
365	881
365	882
366	387
366	771
367	582
367	744
368	712
369	451
369	480
369	858
369	877
370	612
371	652
371	834
371	844
372	412
372	420
372	581
373	423
373	763
373	822
375	405
375	429
375	681
375	811
376	516
376	644
376	770
377	434
377	461
378	458
379	381
379	756
379	758
380	609
380	822
382	424
383	693
383	747
384	563
385	442
385	528
385	797
387	696
387	878
388	459
388	523
388	750
388	896
389	438
389	732
390	661
390	693
391	735
391	765
392	628
392	709
392	843
392	874
393	397
393	692
393	762
393	788
394	529
394	585
394	677
395	450
395	886
396	567
396	773
396	781
396	840
397	827
397	840
398	563
398	872
398	874
399	570
399	721
400	504
400	802
400	826
402	485
402	734
403	475
403	513
403	621
403	842
403	871
404	415
404	693
404	710
404	744
405	409
405	632
405	687
405	875
406	431
406	516
406	635
406	714
406	722
406	862
407	510
407	780
408	471
408	483
408	663
409	677
409	735
410	490
410	496
411	734
411	879
412	784
414	627
415	417
416	718
416	723
416	847
417	574
417	887
418	843
418	859
419	475
420	473
420	503
420	814
421	683
421	731
422	580
422	686
423	676
424	659
425	721
425	830
426	443
426	609
426	753
426	825
427	656
427	876
427	884
428	554
430	863
431	451
431	642
431	862
432	703
433	596
433	672
433	763
435	674
436	447
436	837
437	680
437	715
437	813
438	466
439	891
441	499
441	727
441	860
442	471
442	614
442	771
442	777
442	865
443	597
444	694
444	747
445	638
445	763
445	782
445	884
446	613
446	643
446	691
446	811
447	663
447	668
447	767
447	781
447	796
448	491
448	619
448	723
450	483
451	527
451	695
451	717
452	467
454	576
455	515
456	459
456	517
456	580
456	584
456	707
456	838
457	713
457	722
457	738
457	768
458	765
458	773
460	545
460	554
460	790
460	824
461	856
462	885
463	833
465	703
465	766
467	665
467	702
467	854
468	739
469	705
469	722
469	824
470	781
470	824
470	872
471	665
471	722
471	837
472	686
472	800
473	603
473	629
474	535
474	573
474	643
474	726
475	545
475	629
475	655
475	687
476	532
476	641
476	837
477	875
478	491
478	559
478	867
479	851
480	586
481	745
482	663
482	841
485	585
485	683
485	733
486	714
486	872
487	755
488	621
488	654
488	809
489	762
490	779
491	658
491	848
493	512
494	660
494	720
494	741
495	513
496	804
497	727
497	774
497	890
498	586
498	603
498	625
499	515
500	739
501	647
502	637
502	706
502	801
502	822
503	581
503	599
503	797
504	828
505	611
505	634
506	518
506	569
506	699
506	899
507	733
507	739
507	836
507	883
508	534
508	743
508	894
509	536
509	764
510	524
511	546
511	872
512	558
512	810
513	561
514	534
514	663
514	720
514	834
516	549
518	665
518	813
521	702
522	571
522	626
523	606
523	798
525	667
525	753
525	807
526	569
526	806
527	815
528	670
528	793
528	803
528	837
529	655
529	749
530	583
530	612
530	706
530	860
531	825
532	534
532	569
533	613
534	850
535	624
536	562
536	619
536	757
538	627
539	807
541	658
542	574
542	578
542	584
542	745
544	567
544	574
544	635
545	604
545	859
546	756
546	832
547	635
547	658
549	586
549	598
549	798
549	831
549	870
550	612
551	691
551	701
552	717
552	766
552	898
553	603
555	798
555	846
556	646
556	870
557	708
557	809
558	602
558	677
559	743
560	678
561	660
562	582
562	839
563	608
563	714
564	772
565	818
565	872
567	641
568	586
568	620
569	654
569	703
570	581
571	601
571	653
571	878
573	877
574	605
574	667
575	719
575	768
575	898
576	642
576	822
577	690
580	596
581	818
582	855
582	869
582	879
584	636
584	695
584	820
585	637
586	694
586	811
587	594
588	608
588	704
588	725
590	826
591	884
592	637
592	699
592	890
593	687
594	621
594	643
594	818
595	629
595	704
595	872
596	790
597	772
597	812
598	696
600	856
601	892
602	644
603	678
604	635
607	641
607	732
608	635
609	747
611	829
612	705
612	748
612	884
612	885
612	890
613	643
614	793
615	821
617	636
618	695
618	883
621	850
622	693
623	690
623	819
624	865
624	879
625	665
625	672
625	717
625	824
626	770
626	850
628	629
628	707
628	741
628	859
630	745
631	750
632	645
632	858
632	883
633	652
633	720
633	884
635	811
636	881
637	672
637	711
637	771
637	805
638	844
639	720
640	658
640	849
640	857
640	865
641	888
644	764
645	651
645	728
649	695
649	879
652	670
653	657
654	731
655	746
659	732
659	835
659	891
661	770
661	778
661	801
662	770
662	781
662	893
665	715
665	752
666	792
671	721
671	736
672	826
674	760
676	843
677	885
677	896
678	726
678	788
678	824
679	760
681	720
682	709
685	755
686	691
689	793
690	792
691	749
691	862
693	845
693	890
693	896
694	889
695	863
697	837
698	873
701	835
701	880
702	811
705	785
705	802
705	887
707	800
710	744
710	793
712	759
712	834
713	841
714	788
716	717
718	790
719	811
719	898
720	842
720	850
723	876
729	820
729	879
730	853
731	772
732	787
732	818
732	874
734	848
735	763
737	807
737	894
738	769
739	792
739	820
740	801
741	789
741	832
743	768
743	795
746	832
748	861
750	764
752	826
753	873
754	794
754	804
754	860
755	808
756	804
757	871
758	879
759	822
759	847
766	857
773	854
773	875
774	792
779	782
779	794
785	862
786	803
786	823
786	827
786	836
786	871
793	847
795	824
795	874
797	887
800	882
800	883
802	818
805	826
805	830
805	891
807	883
808	862
811	896
812	860
817	831
817	835
818	845
825	854
830	842
830	870
836	892
838	867
839	878
843	860
846	866
847	862
848	858
848	859
869	872
871	876
877	893