0	277
0	282
0	295
1	11
1	471
1	536
1	658
2	292
3	743
3	881
4	67
4	141
4	287
4	292
4	308
4	361
4	637
5	217
5	378
5	539
6	104
6	334
6	413
6	483
6	825
7	198
7	253
7	535
7	637
7	720
7	755
8	120
8	377
8	419
8	487
9	414
9	591
9	861
10	82
10	115
10	575
11	376
11	570
11	806
12	258
13	235
13	339
14	595
15	474
15	564
15	665
15	697
15	896
16	380
16	702
16	893
17	136
17	446
17	656
17	665
18	138
18	342
18	847
19	334
19	605
19	676
20	264
21	41
21	358
21	554
21	592
22	314
22	786
23	247
23	721
23	771
24	34
24	76
24	427
24	685
25	86
25	216
25	517
25	537
25	869
25	891
26	308
26	360
26	658
26	686
27	233
27	597
27	867
28	267
28	412
28	503
28	531
28	546
28	582
29	112
29	359
29	444
29	608
29	700
30	248
30	266
30	749
30	803
31	38
31	61
31	90
31	134
31	136
31	138
31	246
31	259
31	585
31	748
31	822
32	273
32	344
32	496
32	504
32	505
32	656
33	55
33	329
33	829
35	215
35	507
35	855
36	827
37	201
37	287
37	772
38	89
38	277
38	407
38	847
39	40
39	496
39	512
39	767
39	811
39	822
39	825
40	276
40	443
40	508
40	551
40	810
41	107
41	156
41	322
41	414
42	165
42	167
43	688
43	820
43	842
44	104
44	358
45	70
45	143
45	188
45	584
45	810
46	62
46	118
46	208
46	488
46	647
46	878
47	430
47	460
47	516
47	582
47	706
48	56
48	298
48	327
48	355
48	561
49	56
49	488
49	778
49	789
50	92
50	576
50	873
51	181
51	271
51	408
51	563
51	602
51	703
52	541
53	137
53	376
54	634
55	459
55	489
55	603
55	805
55	840
56	60
56	130
56	854
57	65
57	351
57	512
57	562
57	569
57	852
57	886
58	352
58	447
59	60
59	489
60	847
61	354
61	406
61	429
61	589
61	639
61	658
61	682
62	95
62	383
62	636
63	150
63	576
63	661
63	662
64	286
64	331
64	476
64	607
65	113
65	516
65	680
65	715
66	215
66	525
66	534
66	542
66	559
66	653
67	826
68	273
68	302
68	579
69	143
69	252
69	360
69	420
69	515
69	628
70	218
70	372
70	377
70	618
71	191
71	376
71	800
72	214
72	737
73	373
73	426
73	696
73	722
73	771
73	792
73	840
74	204
74	737
75	111
76	201
76	258
76	882
77	209
78	164
78	186
78	411
78	645
78	694
78	695
79	364
79	507
80	182
80	270
80	541
80	688
80	829
81	784
82	643
82	802
83	294
83	410
84	110
84	405
84	506
84	511
84	572
85	270
85	424
85	887
86	274
86	683
87	224
87	369
87	530
87	645
87	677
87	702
88	654
89	203
90	106
90	109
90	159
90	390
90	427
90	451
90	810
90	844
91	184
91	571
92	160
92	177
92	257
92	293
92	452
92	617
92	658
92	782
92	871
93	633
93	654
93	754
94	315
94	638
94	839
95	254
95	310
95	316
95	521
95	659
95	700
95	818
96	445
97	320
97	684
98	446
98	461
98	752
99	380
99	884
100	255
100	450
100	457
100	508
100	534
101	130
101	172
102	137
102	530
102	691
102	764
103	225
103	286
103	449
103	579
103	720
104	607
104	640
105	483
106	352
106	707
106	845
107	253
107	384
107	405
107	632
108	136
108	422
108	501
108	544
109	641
109	818
110	388
110	449
110	735
111	168
111	308
111	490
111	505
112	381
112	790
113	129
113	729
113	735
113	827
114	364
114	493
115	173
115	639
115	797
115	832
116	174
116	300
116	473
116	609
116	662
116	851
117	196
117	370
117	620
117	809
118	738
118	896
119	169
119	361
119	512
119	639
119	796
120	155
120	167
120	192
120	586
120	668
120	761
120	803
121	177
121	339
121	448
121	515
121	532
121	626
121	834
122	325
122	412
122	511
122	573
122	588
123	309
123	365
123	800
124	491
124	677
124	790
125	234
125	688
125	701
125	899
126	146
126	459
127	287
127	485
128	379
128	814
130	420
130	862
130	886
131	377
131	559
131	601
131	761
131	876
132	275
132	479
132	571
132	604
132	712
132	826
132	848
133	236
133	866
134	438
134	495
134	600
134	686
135	708
135	814
135	838
136	264
136	376
136	721
137	486
137	628
137	679
138	267
138	409
138	533
138	592
138	861
139	281
139	289
139	349
139	480
139	550
139	616
139	739
139	833
140	204
140	837
141	214
142	273
142	288
142	429
142	581
142	717
142	751
142	789
142	812
143	152
143	546
143	552
143	571
143	864
144	213
144	355
144	450
144	726
145	804
146	166
146	272
147	301
148	671
148	865
149	307
149	530
149	660
149	751
149	752
150	181
150	298
150	299
150	543
151	209
151	389
151	522
152	519
152	601
152	705
153	207
154	628
154	644
154	646
154	683
154	780
155	740
156	657
157	636
157	661
158	183
158	287
158	619
158	801
158	890
160	362
161	257
161	523
161	648
162	230
163	231
163	421
163	521
163	642
163	698
164	228
164	441
164	463
164	763
164	865
165	485
165	791
166	261
166	578
166	789
167	382
167	532
167	841
168	192
168	561
169	241
169	401
169	423
169	458
169	605
169	621
169	877
170	459
170	579
170	647
170	730
170	736
171	261
171	376
173	457
174	403
174	453
174	498
174	866
175	195
175	207
175	583
176	202
176	312
177	540
177	716
178	264
178	371
178	373
178	681
178	748
179	266
179	427
179	431
179	521
179	576
179	581
179	609
179	642
180	307
180	580
181	531
181	659
181	788
182	304
182	394
182	583
183	206
183	307
183	384
183	776
184	424
184	486
184	489
184	688
184	732
184	797
184	868
185	738
186	239
186	341
186	538
186	801
187	508
187	611
187	675
187	857
188	510
188	607
188	773
188	830
189	303
189	409
189	888
190	192
190	245
190	291
190	296
190	531
191	439
191	461
191	613
191	685
192	507
192	563
192	731
192	803
193	201
193	256
193	351
193	574
193	707
194	200
194	218
194	681
194	870
195	580
195	669
195	851
196	299
196	610
197	545
197	799
197	894
198	216
198	304
198	613
199	289
199	376
199	756
200	244
200	478
200	860
201	380
201	483
201	488
201	518
201	713
201	717
202	277
202	285
202	295
202	439
202	637
202	859
202	867
203	257
203	335
203	630
204	887
204	899
205	426
205	545
205	577
205	794
205	803
206	266
206	357
206	402
206	688
207	369
207	765
207	791
207	827
208	291
208	462
208	607
208	705
208	877
209	353
209	502
210	755
211	220
211	420
212	388
212	419
212	841
213	348
213	818
214	413
214	505
214	518
214	595
214	811
215	286
215	521
215	890
215	895
216	226
216	389
216	523
217	306
217	324
217	332
217	400
217	437
217	798
217	801
219	408
219	480
219	484
219	558
219	646
220	398
220	594
220	885
221	488
221	594
221	624
222	289
223	259
223	432
223	622
223	707
223	768
224	271
224	330
224	424
225	513
225	667
226	342
226	407
226	464
226	702
226	724
227	302
227	499
227	572
228	459
228	834
229	597
229	675
229	694
231	274
232	251
232	262
232	441
232	566
232	681
233	359
234	489
234	508
234	730
234	731
234	775
234	875
235	690
236	284
236	566
236	832
237	485
237	513
238	380
238	572
239	364
239	792
240	335
240	380
240	640
240	749
241	252
241	291
241	390
241	630
241	757
241	800
241	818
242	790
243	278
243	315
243	553
243	738
244	500
244	783
245	468
245	628
246	643
247	264
247	323
247	636
247	662
247	795
247	815
248	583
249	328
249	583
249	738
250	619
250	788
251	329
251	489
252	342
252	344
252	491
252	638
252	854
253	424
253	479
253	894
254	497
254	591
256	486
256	497
256	516
256	548
256	871
256	885
257	370
257	609
258	357
258	399
258	461
258	498
258	724
259	270
259	427
259	516
259	649
260	331
260	520
261	369
261	689
261	710
262	414
262	476
262	562
262	885
263	379
263	489
263	644
263	833
263	878
264	467
264	624
265	275
265	823
265	869
266	519
266	523
266	551
267	429
267	472
267	621
267	779
268	404
268	664
269	334
269	408
269	423
269	435
269	436
269	687
269	694
271	532
271	626
271	764
272	835
272	848
273	286
273	836
274	547
274	576
275	527
275	682
275	729
276	499
276	635
277	709
279	489
279	708
280	332
280	587
280	601
280	620
281	341
281	552
282	504
282	716
283	371
283	432
284	381
284	562
284	600
284	637
284	839
285	305
285	428
285	827
286	346
286	400
286	485
286	788
287	621
287	644
287	860
288	368
288	501
288	550
289	378
290	733
291	407
292	774
294	370
294	378
294	427
294	898
295	379
295	897
296	658
296	822
297	376
297	426
297	495
297	732
298	651
298	858
299	574
299	653
300	442
300	560
300	778
300	884
301	412
301	414
301	704
302	571
302	822
302	845
303	869
304	375
304	681
305	535
305	606
305	810
305	836
306	357
306	731
308	548
308	644
308	656
308	698
309	540
309	574
310	604
310	605
310	761
310	898
311	616
311	631
311	745
311	787
312	724
312	764
313	605
313	775
313	859
313	878
314	348
314	484
314	762
315	454
315	537
315	688
316	591
317	393
317	787
317	887
318	442
318	451
318	695
319	553
319	599
319	660
319	725
319	740
319	794
321	371
321	536
321	769
321	836
321	853
322	394
322	802
322	881
324	613
324	702
324	834
325	580
325	721
325	723
326	601
326	774
327	381
327	421
328	607
328	835
329	407
329	631
329	775
329	802
329	885
330	880
331	512
331	617
332	739
332	810
332	829
333	413
333	478
333	755
334	759
335	498
335	536
335	707
335	757
336	469
336	644
336	671
336	795
337	515
337	562
337	566
338	419
338	550
338	580
338	646
339	563
339	662
339	771
340	358
340	609
340	647
341	589
341	625
341	699
341	723
341	738
341	804
341	899
342	839
343	761
344	891
345	473
346	657
347	411
347	420
347	475
348	561
348	898
349	413
349	504
349	816
350	388
350	408
350	744
351	699
352	401
352	757
353	487
353	798
354	467
354	531
354	642
355	364
355	781
355	812
355	816
356	439
357	695
357	835
357	858
358	811
358	886
359	425
359	718
360	366
361	448
362	463
362	569
363	489
363	551
363	735
364	396
364	494
364	562
365	712
365	774
366	390
366	776
367	445
367	683
368	411
368	479
368	485
368	790
368	792
369	380
369	591
371	481
371	632
372	895
373	398
373	399
373	515
373	521
373	790
374	779
375	427
375	536
376	635
376	691
377	642
377	854
378	406
378	512
378	536
378	566
378	730
379	488
380	531
380	711
381	453
381	518
381	618
382	432
382	460
382	678
383	454
383	578
383	650
383	674
383	773
383	783
385	404
385	550
385	854
386	561
387	584
387	630
387	761
388	464
388	564
391	483
391	530
391	761
392	801
392	809
393	497
393	753
395	433
395	567
395	624
395	856
396	453
396	800
397	608
397	736
398	516
398	625
398	632
398	795
400	486
400	761
400	796
400	797
400	847
401	599
401	696
402	753
403	688
403	716
403	729
403	762
404	596
404	772
404	825
404	859
405	645
405	887
406	414
408	470
408	505
408	707
409	540
409	559
409	682
409	690
409	788
410	526
410	652
412	523
412	541
413	618
413	693
413	815
415	679
415	762
416	734
417	681
417	838
418	556
418	612
419	447
419	895
419	897
420	763
421	458
421	640
421	678
421	875
422	492
422	570
422	789
423	560
423	689
424	644
425	613
426	506
426	599
426	624
426	784
427	696
428	493
428	644
428	656
430	745
431	573
431	887
432	768
434	852
434	888
435	613
435	617
435	645
435	894
436	445
436	543
436	763
436	843
437	548
437	613
437	722
438	457
438	524
438	529
438	546
439	521
439	633
439	660
439	690
439	742
439	818
439	885
440	786
441	850
442	448
442	606
442	877
443	721
443	795
444	540
444	545
445	462
445	629
446	485
447	590
448	790
450	759
451	536
452	670
453	880
454	572
454	606
455	464
455	480
455	486
455	488
456	662
457	506
457	557
458	875
459	558
460	596
460	615
460	712
461	601
462	468
462	574
462	722
462	827
463	547
463	776
463	818
464	558
465	550
466	698
467	656
468	776
469	499
469	535
470	832
471	738
472	779
473	787
474	762
474	887
475	548
476	617
477	777
478	734
478	756
478	830
478	882
479	512
479	572
479	613
480	500
480	658
480	792
481	751
482	500
482	653
482	732
482	799
483	749
484	731
485	559
485	625
487	498
487	504
487	603
489	573
489	590
490	690
491	590
491	827
493	498
493	826
493	873
494	813
495	576
495	627
496	498
496	564
496	815
496	856
496	866
497	608
497	695
497	707
498	549
498	575
498	605
499	603
499	765
500	572
501	522
501	570
501	586
501	637
501	696
501	778
502	526
503	657
504	757
506	683
506	758
507	536
507	628
507	890
508	637
508	894
509	691
510	536
510	737
510	759
511	532
512	522
512	614
512	842
513	569
513	785
514	618
514	660
514	800
515	800
516	694
517	741
518	797
519	800
521	816
522	527
522	727
523	541
523	673
524	681
524	755
524	817
524	890
525	711
525	780
527	531
527	584
528	645
528	882
529	540
529	603
529	667
529	829
529	845
529	846
531	602
531	752
532	560
532	700
532	750
533	782
534	638
534	774
535	608
535	663
535	889
536	582
536	633
536	740
536	766
536	891
537	632
537	761
537	834
539	544
539	842
539	873
540	597
540	715
543	609
543	848
544	847
545	582
545	687
546	599
547	837
548	865
549	591
549	847
550	567
550	609
550	669
550	817
551	730
552	618
552	701
553	593
553	613
553	618
553	728
553	840
554	766
555	683
557	895
558	594
558	733
558	847
559	576
559	854
561	826
562	840
563	601
563	673
563	688
563	697
564	612
564	735
564	876
565	763
567	641
568	827
570	698
571	734
573	589
573	638
573	762
573	767
574	661
574	842
574	872
575	654
575	712
577	774
579	595
579	853
579	899
582	665
582	835
583	696
584	758
584	789
584	851
584	878
585	615
585	643
585	718
585	866
588	819
589	666
591	719
592	609
593	894
594	597
594	749
595	799
596	712
596	885
598	631
598	676
599	770
600	631
600	791
600	838
601	811
602	776
603	703
603	795
604	681
604	831
605	760
605	840
606	724
606	773
606	878
609	877
611	875
612	680
615	868
616	833
617	685
619	629
619	802
619	845
619	877
620	861
622	787
623	666
623	710
624	865
626	708
626	891
627	647
627	858
628	746
629	775
629	870
631	709
631	765
632	700
632	874
633	697
633	719
634	644
634	848
635	828
636	736
636	739
636	875
637	683
637	752
638	727
639	694
639	896
640	649
641	787
643	814
644	687
644	750
645	730
646	711
646	846
647	769
647	891
648	657
648	723
649	687
649	841
654	698
654	896
655	748
656	792
656	793
656	887
658	812
659	892
660	821
663	864
666	790
667	687
667	694
667	865
669	727
669	786
670	843
672	673
672	814
672	887
673	824
675	734
676	790
676	876
678	819
681	848
682	797
683	726
683	769
684	691
684	735
686	766
686	873
688	826
690	758
690	849
691	864
692	755
693	867
694	741
694	859
700	808
701	835
701	867
701	885
702	803
703	839
703	849
704	809
705	714
705	828
705	841
705	876
706	709
707	795
708	782
709	859
709	863
715	778
719	845
720	764
720	863
723	788
726	736
726	803
727	740
727	774
728	899
729	824
731	769
731	795
732	854
734	892
735	850
736	749
739	776
740	769
741	860
741	866
746	753
746	858
747	812
748	780
750	843
750	878
751	787
758	899
762	857
765	880
766	835
766	855
768	885
772	789
775	801
776	829
777	865
777	879
778	899
779	809
779	874
779	883
780	792
783	822
787	815
789	847
798	865
799	847
801	810
805	815
805	820
805	847
806	810
806	813
806	892
807	852
813	858
814	820
814	834
828	889
832	871
834	848
838	888
845	896
846	859
847	881
871	886
881	886