0	423
0	458
0	532
0	688
0	780
0	866
1	112
1	157
1	245
1	392
1	756
2	462
3	190
3	245
3	522
3	613
3	642
3	690
4	48
4	404
5	107
5	340
5	781
6	294
6	615
6	622
6	645
6	718
6	771
6	870
7	163
7	673
8	16
8	302
8	401
8	556
8	807
8	832
8	887
9	97
9	524
9	537
9	560
9	565
9	727
10	153
10	170
10	252
10	531
10	553
11	102
11	280
11	430
12	42
12	781
12	811
13	285
13	315
13	347
13	460
13	588
13	810
13	811
13	823
13	895
14	257
14	507
15	49
15	275
15	746
16	168
16	488
16	618
16	683
17	134
17	356
17	835
18	314
18	466
18	604
18	642
18	690
19	87
19	119
19	436
20	44
20	108
20	172
20	374
20	472
20	502
20	785
21	294
21	400
22	285
22	357
22	474
23	55
23	206
23	224
23	283
23	505
24	291
24	615
24	881
25	100
25	320
25	434
26	307
26	353
26	374
26	616
26	691
26	896
27	73
27	122
27	162
27	209
27	483
27	486
27	684
27	691
27	763
28	117
28	480
28	703
28	884
29	143
30	110
30	433
30	457
30	717
30	753
31	76
31	651
31	754
31	854
32	320
32	358
32	426
32	508
32	730
32	780
32	781
33	209
33	270
33	446
33	533
34	282
34	863
35	380
35	780
35	791
36	302
36	433
36	518
36	790
37	329
38	196
38	237
38	492
38	556
38	617
38	858
39	157
39	217
39	414
39	740
39	864
40	142
40	517
40	812
40	829
40	871
41	120
41	523
41	560
41	675
41	828
42	99
42	234
42	267
42	288
42	303
42	377
42	449
42	508
42	766
42	789
43	235
43	287
43	583
43	720
44	49
44	66
44	365
44	812
45	47
45	177
45	560
46	70
46	308
46	872
47	58
47	557
47	808
48	60
48	229
48	583
48	859
49	69
49	632
50	438
50	522
50	525
50	613
51	334
51	691
51	699
52	229
52	791
53	442
53	531
53	535
53	557
53	895
54	197
54	203
54	244
54	861
55	287
56	139
56	536
57	150
57	170
57	505
57	727
58	184
58	319
58	325
58	689
58	872
59	214
59	365
60	235
60	468
60	503
60	739
61	96
61	117
61	156
61	588
61	594
61	685
61	862
62	480
62	717
62	758
63	245
63	256
63	340
63	403
63	771
63	797
64	652
64	656
64	782
64	801
65	160
65	623
66	199
66	502
66	826
67	87
67	144
67	185
67	240
67	364
67	542
67	799
68	248
68	320
68	655
68	878
69	157
70	411
70	766
71	146
71	814
72	117
72	263
72	269
72	462
73	371
73	470
73	683
73	825
73	882
74	215
74	400
74	522
75	563
76	257
76	377
76	496
76	691
76	820
77	111
77	423
77	569
77	622
77	641
78	771
79	148
79	315
79	518
79	805
79	897
80	96
80	566
81	557
81	778
81	856
82	208
82	333
82	606
82	676
82	724
82	864
83	175
83	246
83	408
83	510
84	118
84	582
84	766
85	405
85	530
85	684
85	738
86	596
86	751
87	326
87	657
88	255
88	259
88	401
88	704
89	294
89	338
89	733
89	756
90	137
90	229
91	261
91	280
91	453
91	879
92	136
92	251
92	264
92	392
92	660
92	723
93	506
94	102
94	343
94	389
94	614
94	837
95	212
95	384
95	557
95	626
95	846
96	215
96	216
96	486
96	731
96	877
97	176
97	515
97	543
97	739
97	831
98	413
98	535
98	736
98	796
99	121
99	771
100	223
100	336
100	485
100	559
100	699
100	724
100	827
101	269
101	389
101	711
101	733
102	368
102	597
102	668
102	784
102	827
102	878
103	130
103	322
103	402
103	424
104	436
104	633
104	649
104	777
105	533
105	543
105	700
106	137
106	234
106	239
106	311
106	467
106	621
107	130
107	147
107	212
107	418
107	802
107	870
108	133
108	210
108	347
108	514
108	825
109	247
109	400
109	536
110	151
110	154
110	225
110	501
110	527
110	693
111	339
111	498
112	123
112	170
112	257
112	564
112	620
112	628
112	874
112	884
113	201
113	383
113	830
114	494
114	636
115	723
115	754
115	763
115	769
116	349
116	581
116	610
116	629
117	502
117	786
119	235
119	372
119	833
119	848
120	470
120	637
120	721
121	449
121	498
122	169
122	282
122	377
122	458
122	488
122	638
123	646
123	817
124	294
124	409
124	751
125	248
125	304
125	525
125	609
125	817
125	871
126	208
126	267
126	399
126	461
126	726
126	761
127	368
127	440
128	337
128	413
129	404
129	649
129	724
129	725
130	167
130	237
130	301
130	642
131	731
131	769
132	348
132	562
133	156
133	383
133	497
133	817
134	584
135	179
135	741
136	346
136	530
137	472
137	584
137	591
137	712
138	433
138	548
138	898
139	415
139	592
140	501
140	585
140	684
140	739
140	762
141	436
141	501
141	505
141	531
141	574
141	800
141	875
141	882
142	271
142	663
142	803
142	870
143	363
143	379
143	389
143	415
143	446
144	199
144	711
145	189
145	511
145	823
146	221
146	333
146	368
146	441
146	743
147	223
147	647
147	775
147	791
147	866
148	166
148	419
148	498
148	665
148	843
149	180
149	404
149	416
149	535
149	548
149	675
149	744
149	857
149	868
150	198
150	243
150	259
150	544
150	569
151	321
151	418
151	492
151	762
151	795
152	215
152	437
152	568
152	778
153	369
153	375
153	429
153	496
153	519
153	565
153	792
153	838
153	878
154	288
154	291
154	492
154	532
154	736
154	795
155	629
155	788
156	216
156	437
156	522
156	633
157	276
157	445
158	388
158	577
158	790
159	286
159	377
159	438
159	618
160	547
160	734
160	799
161	365
162	312
163	217
163	519
163	642
163	856
164	186
164	219
164	624
164	735
165	302
165	389
165	399
165	653
165	752
165	896
166	167
166	202
167	519
167	576
167	589
168	396
168	402
168	439
168	565
168	603
168	639
168	781
168	801
169	277
169	570
170	171
170	292
170	694
170	791
171	222
171	301
171	589
171	807
171	869
171	885
172	793
172	839
172	852
173	646
173	854
173	885
174	304
174	312
174	335
175	249
175	306
175	832
176	206
176	493
176	563
176	604
176	616
176	632
176	648
176	727
177	381
178	527
179	335
179	377
180	387
181	407
181	687
181	851
182	406
182	498
182	670
182	717
182	743
182	836
183	251
183	283
183	353
183	695
184	284
184	375
184	631
184	830
185	694
185	698
185	825
186	214
186	843
187	631
187	809
188	392
190	337
190	829
190	843
191	555
192	470
192	671
192	754
192	829
193	249
193	824
193	848
194	211
194	638
194	747
195	439
195	716
196	537
197	653
197	691
198	295
198	506
198	789
199	238
199	704
200	205
200	519
200	548
200	687
200	778
201	282
201	357
201	669
201	728
201	736
201	753
201	830
202	242
202	533
202	675
202	730
202	828
203	465
203	586
204	435
204	656
204	733
204	823
205	248
205	506
205	539
205	602
205	778
206	829
206	858
207	261
207	459
207	463
207	661
208	594
208	666
209	513
210	569
210	624
210	705
211	226
211	713
212	525
212	704
212	798
212	897
213	398
213	601
214	385
214	692
214	813
214	858
215	886
216	251
216	514
216	558
216	562
216	585
216	637
216	888
217	502
217	649
217	849
217	891
218	321
218	326
218	470
218	587
218	592
218	634
218	798
218	836
218	873
218	896
219	402
219	591
219	832
220	253
220	345
220	899
221	313
222	397
222	477
222	659
222	666
222	823
223	385
223	540
224	281
224	433
225	598
225	732
225	840
225	854
226	258
226	434
226	746
227	459
227	477
228	364
228	373
229	307
229	318
229	468
229	871
229	876
230	421
230	578
230	694
231	314
231	325
231	522
231	573
231	633
231	734
232	759
233	234
233	326
233	411
233	866
234	246
234	547
235	306
235	449
235	656
235	757
235	896
236	505
236	831
236	842
236	846
237	370
237	542
237	738
238	421
238	558
238	643
239	341
239	345
239	384
239	632
239	774
240	316
240	491
240	496
240	743
240	761
241	360
241	836
242	359
242	376
242	472
242	567
242	572
243	521
243	824
244	438
244	494
244	616
244	888
245	261
245	332
245	526
245	542
246	297
246	579
246	853
247	332
247	423
247	710
247	772
248	329
248	592
248	730
248	822
249	492
249	669
250	774
251	479
251	547
251	624
251	719
251	887
252	745
252	786
253	537
253	577
253	606
253	667
253	672
254	262
254	430
254	434
254	712
254	808
254	889
255	364
255	440
255	586
255	637
255	791
256	333
256	391
256	754
256	757
257	612
257	709
258	402
258	426
258	616
259	584
259	777
260	618
260	620
260	645
260	776
260	790
260	844
261	280
261	386
261	471
261	538
262	512
262	823
263	362
263	756
264	460
264	611
264	646
265	856
266	314
266	600
266	616
266	725
266	737
266	746
266	857
267	554
267	564
267	591
267	631
267	636
267	850
268	485
268	797
268	830
269	403
269	423
269	701
270	403
270	618
270	846
270	869
271	866
272	291
272	675
272	760
273	274
273	381
273	395
273	487
273	853
274	469
274	651
274	872
275	403
275	408
275	446
275	467
275	499
276	554
277	356
277	396
277	507
278	517
278	543
278	602
278	670
278	864
279	454
279	500
280	337
280	606
280	674
280	698
280	747
280	752
281	525
281	713
282	424
282	534
282	542
282	580
282	591
282	596
282	733
283	333
284	612
284	678
284	715
284	862
284	897
285	573
286	715
286	764
286	811
286	894
287	456
287	670
288	673
288	756
289	557
289	714
289	778
290	619
291	413
291	728
292	550
292	691
292	710
293	316
293	470
293	655
293	692
293	817
294	361
295	635
296	380
296	624
297	328
297	496
297	608
297	842
298	382
298	524
298	641
298	882
299	357
299	378
300	342
300	591
301	426
301	463
301	542
302	400
302	687
303	355
303	424
303	652
304	419
304	712
304	820
304	880
305	352
305	632
305	886
306	343
306	478
306	708
307	782
307	865
308	588
309	356
309	409
310	439
310	627
310	871
311	775
314	361
314	389
314	443
314	527
314	583
314	850
315	425
315	622
316	452
316	526
316	799
316	848
317	437
317	496
317	584
317	848
317	876
318	806
319	436
319	484
319	786
320	336
320	542
320	637
320	770
321	350
322	363
322	589
322	625
323	402
324	387
324	642
325	497
325	670
326	510
327	410
327	537
327	646
327	820
328	743
329	545
330	589
330	625
331	384
331	802
331	838
332	452
332	683
333	591
334	478
335	485
335	682
336	766
337	370
337	428
338	735
339	400
339	563
339	676
339	682
339	854
341	500
341	581
341	894
342	625
342	782
342	820
342	882
343	759
343	761
344	472
344	480
345	399
346	617
346	777
347	504
349	401
349	630
350	554
350	623
351	445
351	489
352	533
352	601
353	468
353	502
354	488
354	497
354	547
354	770
354	890
355	416
355	687
355	699
356	459
356	494
356	693
356	820
356	842
357	462
357	825
358	455
358	538
358	598
359	468
359	500
360	860
362	387
362	549
362	596
362	760
363	412
364	407
364	735
365	450
365	516
365	520
366	576
366	878
367	881
368	539
368	551
368	870
368	887
369	460
369	551
369	667
370	444
371	736
372	468
373	533
373	581
373	723
374	481
374	634
375	437
376	452
376	893
377	670
378	564
378	725
380	471
381	433
382	408
382	519
382	727
382	837
382	856
382	859
383	528
383	645
383	891
384	753
386	435
386	453
386	670
386	792
387	411
387	828
387	834
389	403
389	795
390	560
391	805
392	555
392	611
392	614
393	659
393	667
393	747
393	763
394	455
394	655
394	881
395	539
396	844
397	497
397	875
399	459
399	589
399	594
400	512
400	603
401	751
401	811
401	815
401	834
401	848
401	887
402	626
403	408
403	629
403	643
403	767
404	666
405	473
405	687
405	837
407	631
408	843
410	504
411	550
411	678
411	799
412	564
413	641
413	780
414	421
414	644
414	711
415	700
416	570
416	612
416	680
416	872
417	544
417	576
417	579
417	825
417	883
418	438
418	779
418	838
419	423
419	548
419	571
419	582
419	667
419	756
420	852
421	470
421	479
421	495
421	595
421	671
421	851
422	669
422	755
423	541
426	489
426	691
426	722
427	580
427	691
428	754
429	435
429	832
430	545
430	677
431	435
431	559
431	600
432	593
432	596
432	833
433	466
433	518
433	627
433	730
433	764
433	775
434	735
434	836
434	883
435	782
436	448
437	595
437	645
438	582
438	588
438	819
439	449
439	527
439	726
439	766
440	464
440	495
440	639
440	728
440	852
441	726
441	887
442	612
443	600
443	687
444	619
444	722
444	740
444	749
444	884
445	795
445	862
446	685
447	601
448	871
449	805
450	454
450	471
451	558
452	831
453	696
454	617
454	834
455	733
455	776
455	782
456	798
457	675
457	728
457	776
458	588
458	684
458	775
458	821
458	887
460	655
460	671
460	844
460	845
460	848
461	475
461	654
461	767
462	472
462	564
462	629
462	679
462	774
463	525
463	540
463	567
463	569
464	591
464	606
464	764
466	504
467	666
467	794
467	854
468	669
468	711
469	484
469	607
469	660
469	773
469	801
469	841
470	486
470	589
470	655
470	853
471	803
472	738
473	630
473	665
474	531
474	564
474	602
474	807
475	552
475	631
475	657
475	774
476	689
477	588
477	666
478	609
478	765
478	766
478	783
478	841
479	659
479	676
481	519
482	689
483	694
483	784
484	687
485	515
485	650
486	739
486	799
488	538
488	569
488	724
488	777
488	872
489	582
489	638
489	812
490	593
490	665
490	861
493	793
494	759
495	696
496	584
496	710
496	788
497	561
498	506
498	507
498	583
498	846
500	540
500	599
500	684
500	793
501	614
503	514
503	686
504	650
504	760
504	866
505	893
506	666
506	699
507	754
507	845
509	588
509	797
509	891
511	540
511	669
511	725
511	801
512	589
512	615
512	710
512	813
513	747
513	877
515	588
515	807
516	887
518	579
518	821
518	863
519	686
520	625
520	714
520	724
520	823
520	875
521	887
523	615
523	861
524	574
524	707
524	897
525	775
529	651
529	655
529	662
529	668
529	743
529	819
529	870
530	558
531	776
533	646
533	694
534	669
535	594
535	774
535	785
536	663
536	786
536	816
537	560
537	579
537	781
538	664
540	624
540	676
540	883
541	667
542	689
542	777
542	844
544	575
544	862
544	874
545	562
545	577
545	723
546	609
546	775
548	714
548	778
548	785
549	676
549	696
549	710
550	840
551	839
553	572
553	713
553	847
554	765
554	899
556	590
556	648
556	872
557	653
558	728
559	778
560	687
560	777
560	804
562	711
563	759
563	851
567	773
567	850
568	625
568	716
568	760
568	838
568	843
568	845
569	788
569	892
570	595
570	670
570	683
571	659
572	888
574	598
574	850
576	790
577	591
577	837
579	667
580	696
580	737
581	686
581	778
582	624
583	727
583	791
584	644
585	743
585	773
588	677
588	735
588	863
589	748
590	807
591	887
593	861
594	673
596	740
598	601
598	684
598	829
601	690
601	852
603	610
603	659
603	790
604	758
604	861
605	614
605	743
606	624
609	704
609	813
610	786
614	806
614	847
615	767
615	799
616	641
616	768
617	663
619	694
619	722
620	818
621	670
621	682
621	790
621	843
622	750
625	650
626	676
627	649
629	850
630	746
632	772
632	789
632	835
633	727
633	742
633	833
634	846
636	829
637	821
637	839
638	641
638	755
639	761
639	806
640	887
642	719
642	787
643	878
643	882
644	754
644	892
645	766
648	794
649	736
650	717
652	799
652	843
653	675
653	778
653	782
653	851
654	837
655	670
656	878
657	759
657	789
657	806
658	732
658	743
660	881
661	685
663	793
663	809
665	700
670	713
671	711
671	824
673	694
673	722
676	729
676	815
679	808
680	816
681	726
681	894
682	850
686	887
687	757
687	855
689	872
690	697
690	867
695	778
695	852
696	813
696	815
698	738
699	765
700	861
701	784
701	877
702	784
703	881
705	727
706	719
706	898
711	783
711	801
712	727
712	797
713	782
714	854
715	741
715	759
715	833
716	778
717	737
717	778
717	804
717	834
719	864
720	768
722	855
724	775
724	861
726	878
728	734
729	829
733	756
735	828
738	830
739	878
740	828
741	786
744	775
744	886
746	747
747	763
749	782
754	889
755	786
756	877
757	847
757	899
758	812
758	884
759	765
761	814
762	847
762	887
763	896
765	769
765	866
767	821
770	789
771	834
772	857
774	785
774	860
776	823
776	835
782	827
789	869
792	842
793	855
795	803
796	858
796	885
800	851
802	824
811	813
811	814
811	873
813	826
814	888
814	892
821	845
822	869
830	831
831	887
831	898
846	871
851	896
854	855
863	866
866	877
867	880
880	882
882	891