0	780
1	212
1	241
1	432
1	500
1	732
1	735
2	492
2	642
2	879
3	81
3	281
3	302
3	399
3	480
3	662
3	881
4	379
4	439
4	497
5	414
5	543
6	120
6	243
6	266
7	102
7	696
7	756
7	786
8	172
8	205
8	240
8	559
8	697
8	881
9	202
9	236
9	352
10	150
10	219
10	336
10	391
10	492
10	681
10	715
10	724
11	220
11	393
11	436
11	532
12	325
12	578
13	194
13	348
13	759
14	255
14	738
15	295
15	398
15	791
15	849
16	87
16	386
16	400
16	438
17	248
17	689
17	780
17	864
18	97
18	165
18	178
18	297
18	755
18	786
19	198
20	516
20	701
21	419
21	548
21	680
22	40
22	180
22	437
22	515
22	616
22	639
23	320
23	460
24	473
24	707
24	774
25	421
25	449
25	672
25	673
26	44
26	125
26	214
26	266
26	328
26	518
26	571
26	717
27	578
27	737
27	760
27	785
27	830
28	120
28	210
28	518
29	668
29	688
30	139
30	260
30	510
30	620
30	760
31	51
31	247
31	878
32	72
32	195
32	274
32	291
32	477
32	841
33	73
34	264
34	435
34	786
34	790
35	577
36	75
36	182
36	281
36	360
36	426
36	488
36	582
37	173
37	250
37	321
37	379
37	390
37	435
38	159
38	267
38	495
38	898
39	446
39	499
40	135
40	757
40	847
41	302
41	343
41	564
41	732
41	767
42	300
42	342
42	391
42	542
42	823
43	196
43	322
43	454
43	511
43	580
43	836
43	854
44	178
44	362
44	823
44	824
45	134
45	215
45	369
45	605
45	712
45	729
45	730
46	435
46	604
46	796
46	822
47	126
47	659
47	788
48	391
48	432
48	870
49	227
49	376
49	473
49	698
49	756
49	849
50	54
50	556
50	563
50	684
50	749
50	884
51	135
51	789
51	800
52	280
52	285
52	634
52	671
52	716
52	777
53	54
53	166
53	198
53	476
53	483
53	644
54	184
54	318
55	145
56	76
56	213
56	366
57	106
57	481
57	572
57	732
57	891
58	398
58	776
58	841
59	65
59	110
59	139
59	185
59	400
59	688
59	810
60	205
60	430
60	639
61	129
61	421
61	447
61	761
61	849
62	339
62	381
62	764
63	780
64	286
64	500
64	779
65	310
65	538
65	635
65	827
66	226
66	289
66	383
66	652
66	749
66	894
67	368
67	377
67	501
67	570
67	838
68	197
68	283
68	373
68	464
68	787
69	240
69	299
69	523
69	599
70	556
70	577
70	752
70	763
71	219
71	671
72	128
72	136
72	611
72	859
73	181
73	326
73	359
73	586
74	278
74	817
74	833
74	879
75	445
75	625
75	705
76	291
76	579
76	683
76	739
77	802
78	522
79	685
80	412
80	815
81	186
81	413
81	439
81	481
81	824
82	84
82	185
82	234
82	602
82	725
82	765
83	366
84	115
84	730
84	737
85	418
85	507
85	772
86	119
86	308
86	329
86	333
86	423
86	451
86	678
87	135
87	243
87	271
87	298
87	302
87	544
87	547
87	583
87	594
87	737
88	236
88	875
89	709
90	511
90	660
90	855
91	175
92	339
92	458
93	302
94	99
94	416
94	668
95	106
95	365
95	508
95	672
96	717
96	801
97	776
97	841
98	488
98	582
98	770
98	783
99	841
100	663
101	529
101	770
102	239
102	625
102	762
103	164
103	230
103	666
103	839
104	171
105	427
105	516
105	544
105	558
105	724
105	823
106	533
106	669
106	845
107	141
107	187
107	353
107	759
107	880
108	200
108	209
108	325
108	578
108	763
109	344
109	435
109	726
110	149
110	854
111	779
112	530
112	533
112	834
113	456
113	695
113	697
113	874
114	223
114	319
114	635
115	420
115	544
115	648
116	450
116	613
116	760
116	843
117	158
117	768
117	779
118	235
119	471
120	140
120	164
120	359
120	528
120	845
121	238
121	472
121	827
121	890
121	895
122	199
122	444
123	477
124	140
124	160
124	898
125	356
125	558
125	773
125	801
125	871
126	404
126	594
127	286
127	815
127	837
127	857
127	876
128	221
128	300
128	398
128	564
129	629
129	892
130	314
130	732
131	393
131	649
132	441
133	547
133	761
134	445
134	667
134	669
135	137
136	239
136	651
137	492
137	639
137	802
138	151
138	262
138	523
138	790
138	813
139	153
139	817
140	243
140	330
140	384
140	464
140	568
140	726
140	817
140	857
141	314
141	746
141	752
142	413
142	727
143	190
144	247
144	357
144	446
145	182
145	293
145	414
145	558
146	185
146	288
146	310
146	589
146	643
146	685
147	222
147	373
147	468
147	513
147	827
148	687
149	205
149	420
149	477
149	480
149	575
150	206
150	293
150	696
151	275
151	318
151	695
152	191
152	625
152	779
153	268
153	291
153	399
153	604
153	772
153	791
154	453
154	547
154	758
155	496
156	562
156	743
156	790
156	865
156	872
157	331
157	505
157	809
157	819
158	286
158	358
158	407
158	500
158	619
158	631
158	706
159	228
159	310
159	371
159	801
160	265
160	831
161	446
161	504
161	685
162	540
162	550
163	181
163	224
163	663
164	213
164	622
164	634
164	655
164	726
164	751
165	431
165	544
165	599
165	616
165	769
165	784
166	616
166	672
167	418
168	479
169	221
169	539
170	530
170	746
171	213
171	384
171	429
171	652
171	815
172	278
172	365
172	814
173	340
173	462
173	597
174	239
174	427
174	880
175	364
176	246
176	462
176	465
176	665
176	803
176	885
177	359
177	577
177	622
178	595
178	794
178	867
178	888
179	181
179	424
179	596
179	720
180	521
180	663
181	716
181	734
181	798
182	725
182	844
183	657
183	833
184	188
184	828
185	470
185	476
186	423
186	460
186	507
186	574
186	678
187	499
187	673
187	720
188	248
188	611
188	797
189	571
189	599
189	683
190	195
190	258
190	703
190	752
190	762
191	542
191	775
191	887
192	305
192	374
192	501
192	592
192	857
193	347
193	534
194	396
194	891
195	549
195	591
195	596
195	788
196	545
196	724
196	738
196	771
197	818
197	864
198	249
198	342
198	347
198	655
198	752
198	768
199	430
199	431
199	869
200	668
200	704
201	246
201	335
201	684
201	881
201	886
202	258
202	484
202	689
203	570
203	734
204	530
204	856
204	889
205	305
205	348
205	353
205	356
205	683
206	323
206	441
207	485
207	601
207	643
207	653
207	755
208	404
208	423
208	538
208	562
209	242
209	243
209	741
210	269
210	738
210	780
210	857
211	470
211	863
212	332
212	620
212	658
214	855
215	702
215	708
216	332
216	396
216	569
217	359
217	391
217	572
218	261
218	482
218	680
218	797
218	804
219	602
220	378
220	379
220	483
220	636
220	809
221	384
221	718
222	287
222	710
222	726
223	444
224	422
224	556
224	846
225	491
225	567
226	383
226	657
226	677
227	246
227	416
227	519
227	521
227	564
228	468
228	483
228	484
229	272
229	573
229	671
229	737
230	530
230	584
230	721
231	640
232	297
233	310
233	325
233	450
234	335
234	519
234	701
234	844
235	330
235	550
236	258
236	261
236	423
236	532
237	353
237	561
237	633
237	639
237	790
237	894
238	420
238	450
238	715
239	255
239	439
239	734
239	748
240	833
241	389
241	495
241	553
241	557
242	340
242	428
242	591
242	791
243	364
243	712
244	256
244	270
244	669
245	783
246	636
246	761
247	819
247	843
248	598
248	712
249	456
249	606
250	375
250	603
250	610
250	682
250	783
250	858
251	299
252	517
253	647
253	843
253	858
254	715
255	279
255	618
255	659
255	705
256	305
256	386
256	401
256	820
257	598
257	604
257	769
257	782
258	291
258	364
258	592
258	894
259	411
259	428
259	469
259	474
259	540
260	442
260	640
260	676
260	752
260	853
261	617
261	711
261	818
261	867
262	289
262	330
262	412
262	456
262	624
263	264
263	382
263	764
263	851
264	324
264	717
264	768
265	318
265	428
265	636
265	645
265	650
265	658
265	853
266	333
266	348
266	517
266	528
266	597
266	675
266	808
267	392
267	477
267	765
268	469
268	776
269	339
269	531
269	798
270	305
270	665
271	592
272	529
272	883
273	884
274	648
274	743
275	545
275	693
275	842
276	396
277	337
277	506
277	529
278	358
278	846
279	541
279	586
279	783
279	792
280	381
280	453
280	688
281	291
281	459
281	495
281	641
282	461
282	508
282	594
282	613
283	297
283	321
284	416
284	534
284	536
284	614
284	898
285	325
285	367
285	450
285	621
285	654
285	755
286	424
286	437
286	574
286	674
287	573
287	651
287	791
288	802
289	398
289	614
289	717
289	742
290	396
290	598
290	675
290	860
291	456
291	539
291	549
291	784
292	438
292	640
292	848
292	850
293	538
293	549
294	584
294	875
295	715
295	808
295	870
295	883
296	351
296	595
296	625
296	739
296	771
296	823
296	857
297	622
298	617
298	780
298	847
299	633
299	870
300	358
300	510
301	451
301	536
301	585
301	695
302	458
302	534
302	589
302	627
303	344
303	630
303	780
303	785
303	898
304	510
305	313
305	323
305	684
305	694
305	745
306	517
306	543
306	590
307	869
308	795
309	453
309	799
310	449
310	746
311	428
311	452
311	823
312	737
313	619
313	850
313	887
314	758
314	777
315	378
316	489
316	692
316	899
317	539
317	722
317	791
318	442
318	763
318	773
320	345
320	351
320	365
320	499
320	544
320	719
320	854
322	692
323	599
324	333
324	433
324	539
324	609
324	712
324	863
325	604
325	620
325	752
325	827
326	877
327	414
328	343
328	588
328	649
329	508
329	573
329	775
330	451
331	339
331	412
331	568
331	834
332	668
332	669
333	383
333	545
333	649
333	711
334	546
334	844
335	363
335	587
335	865
337	432
337	789
338	385
338	709
339	764
339	858
340	443
340	502
340	630
340	635
340	695
340	794
341	593
341	765
342	437
342	806
342	894
343	446
343	656
344	355
344	383
344	443
344	564
345	654
346	417
346	520
346	710
347	455
347	825
347	896
348	810
349	413
349	449
349	450
350	372
350	793
351	517
351	793
352	499
352	619
353	712
353	857
354	464
354	507
354	618
354	628
354	675
354	770
355	584
355	897
356	565
356	652
356	781
356	832
357	604
357	695
358	593
359	416
359	507
359	662
360	543
360	760
361	414
361	491
361	575
361	749
362	457
362	519
362	523
362	589
363	467
363	513
363	600
364	741
364	866
365	895
366	597
367	386
367	500
367	630
367	813
368	414
368	488
368	623
368	770
369	627
370	632
370	821
370	843
371	443
371	557
372	511
373	825
374	621
374	749
375	420
375	424
376	798
376	802
376	861
376	882
377	467
377	474
377	662
377	793
378	432
378	597
378	803
379	718
379	877
380	490
380	804
380	815
381	422
381	709
381	810
381	894
382	399
382	534
382	704
382	732
383	409
383	613
384	751
385	816
386	597
386	751
386	883
387	734
388	664
388	669
388	715
388	787
390	476
390	481
390	807
391	423
392	426
392	710
393	669
393	761
393	868
394	693
395	445
395	569
395	580
395	607
397	522
397	523
398	460
398	499
398	526
398	527
398	631
400	553
400	621
401	458
402	535
402	548
402	615
403	523
404	444
404	468
405	662
405	811
405	833
405	836
405	882
406	415
406	682
406	836
407	701
407	795
407	883
408	646
409	546
410	451
410	571
410	769
411	481
411	707
412	808
413	433
413	881
414	426
414	715
415	608
415	720
416	733
417	670
417	686
417	718
418	473
419	430
419	613
419	616
420	448
420	653
420	843
421	444
421	561
421	575
421	787
423	723
423	829
423	880
424	633
424	754
425	433
425	578
426	789
426	819
427	513
427	636
427	700
427	883
428	622
428	761
429	566
429	688
430	441
430	442
430	839
431	644
431	765
432	469
432	586
432	664
434	566
435	522
435	749
435	827
435	898
438	547
439	440
439	576
439	809
440	484
440	497
440	749
440	792
442	494
443	792
445	541
445	798
446	891
447	608
448	541
448	852
449	776
449	897
450	575
450	705
450	897
452	463
452	713
453	547
453	609
454	554
454	739
455	473
455	706
456	625
456	691
457	570
457	615
458	483
458	548
458	561
458	718
461	521
462	565
463	489
463	604
463	830
465	671
465	708
466	735
467	641
469	659
469	682
470	488
470	544
470	593
471	680
472	534
473	602
473	825
474	555
475	518
475	709
475	746
476	604
477	532
477	653
477	712
478	480
478	861
479	619
479	716
480	581
480	822
481	757
482	628
483	732
483	753
483	774
483	896
484	512
484	686
484	698
484	762
484	766
485	710
486	654
486	794
487	528
487	743
488	881
489	722
489	746
489	825
489	851
490	494
490	568
490	772
491	540
491	683
491	790
492	502
492	659
492	684
493	527
494	676
494	822
494	863
495	571
495	654
496	765
497	667
497	805
497	842
498	644
498	726
499	538
499	858
500	524
500	753
500	759
501	634
502	580
502	696
502	802
503	577
503	610
504	640
506	698
507	732
507	748
508	622
508	650
508	672
508	704
509	598
509	642
509	845
510	546
511	620
512	549
512	662
512	759
514	557
515	537
515	599
515	630
515	739
515	792
515	835
517	637
517	837
518	711
518	738
518	859
519	682
520	571
520	691
521	648
521	832
522	630
523	570
523	855
524	606
524	822
525	530
525	817
527	805
527	896
528	852
529	658
529	704
529	834
529	847
531	748
532	555
533	735
533	775
533	837
534	653
534	819
536	708
536	728
536	840
538	598
538	665
538	714
538	893
539	663
539	873
542	666
542	735
542	759
542	875
543	620
543	657
544	695
545	748
546	596
546	876
547	548
547	730
547	841
548	698
548	874
548	893
549	714
549	814
549	868
550	848
550	881
551	656
551	679
551	833
552	706
552	711
554	819
555	830
556	651
556	758
556	791
557	634
557	701
558	621
558	680
558	746
558	808
558	817
559	584
559	741
560	852
561	740
562	581
562	796
563	652
563	866
564	660
564	876
566	740
567	607
567	638
567	757
567	848
567	875
568	609
569	711
570	620
570	646
570	823
570	867
571	844
572	724
572	738
573	579
574	647
574	834
574	893
575	654
575	727
575	769
576	739
576	879
576	882
577	779
578	768
579	658
579	720
580	835
581	646
581	855
584	600
585	749
585	782
586	619
587	676
587	739
588	669
588	687
588	710
588	820
589	629
589	870
590	696
590	800
591	615
591	689
591	788
591	821
591	841
592	665
592	695
592	778
593	597
593	633
593	717
594	743
595	746
595	883
596	603
596	747
597	671
599	820
601	754
605	751
605	801
607	798
609	723
610	648
610	816
611	675
611	853
611	873
612	709
612	795
612	808
612	881
613	622
613	884
615	645
616	623
616	695
618	700
618	758
619	698
619	766
619	812
619	870
620	738
620	745
621	891
622	788
622	896
623	766
624	738
625	719
626	768
627	721
627	829
627	835
627	890
628	693
630	824
631	759
631	788
632	636
632	683
633	838
635	889
636	762
638	652
638	840
638	854
640	693
645	780
645	883
646	716
646	869
646	897
647	804
649	727
649	728
649	741
650	680
652	741
652	749
653	690
653	746
653	806
653	848
654	835
655	852
656	722
656	890
657	802
660	704
660	725
661	701
664	720
664	789
664	839
664	878
665	722
665	826
666	725
671	825
676	894
678	698
680	863
681	760
681	802
681	894
684	828
685	699
686	692
687	816
688	743
688	750
688	803
688	846
689	828
690	828
692	833
692	837
695	754
695	777
697	734
697	851
698	847
699	878
700	821
701	712
701	714
701	845
701	849
702	807
703	899
705	759
705	806
705	876
706	749
706	789
708	879
709	763
709	774
710	762
711	866
712	793
713	725
715	741
715	764
716	719
717	736
717	841
717	884
718	729
718	855
721	731
722	767
723	831
724	847
725	832
727	817
727	848
729	744
729	870
731	854
733	783
734	814
737	846
738	862
741	808
742	899
745	759
746	821
747	851
748	865
749	757
754	825
756	841
760	827
763	811
765	899
766	796
770	780
772	895
773	888
777	806
777	817
779	866
782	788
782	891
783	815
783	844
785	857
786	850
790	810
790	862
792	884
794	852
795	817
795	821
796	837
800	838
802	832
802	870
803	843
804	851
809	887
820	847
822	841
824	875
825	889
827	885
828	876
840	860
843	882
844	851
846	884
849	853
854	887
856	875
859	864
860	875
861	884
866	882
867	892