0	115
0	585
1	410
1	589
1	676
1	889
2	112
2	191
2	747
2	875
3	424
3	821
4	204
5	114
5	451
5	719
5	796
6	52
6	65
6	152
6	572
7	20
7	422
7	502
7	732
8	46
8	234
8	387
8	842
9	494
9	628
9	770
9	861
10	105
10	505
10	525
11	512
11	631
11	686
12	126
12	445
12	446
12	472
13	110
13	471
13	770
13	790
14	191
15	201
15	382
15	559
15	699
15	773
15	826
16	272
16	646
16	655
16	710
16	858
16	892
17	157
17	441
17	855
18	448
18	587
18	628
18	638
19	20
19	69
19	533
20	48
20	83
20	826
20	858
21	462
21	653
21	698
21	815
21	899
22	169
22	361
22	418
22	490
22	551
22	630
22	674
22	813
23	309
23	318
23	499
23	589
23	671
23	742
23	755
23	872
24	425
24	475
24	482
24	772
24	889
25	315
25	399
26	237
26	369
26	618
26	887
27	749
28	539
28	597
29	284
29	451
29	518
29	691
29	730
29	734
30	172
30	304
30	366
30	502
31	288
31	367
31	537
31	562
31	572
31	574
31	762
31	765
31	873
32	256
32	473
33	251
33	339
33	390
33	438
33	865
34	236
34	411
35	243
35	635
35	866
35	881
36	128
36	332
36	546
36	889
37	136
37	203
37	343
37	438
37	885
38	721
38	723
39	97
39	257
39	289
39	300
39	460
40	754
41	282
41	339
41	803
42	55
42	65
42	317
42	336
42	346
42	389
42	565
42	669
43	101
43	654
43	673
43	823
44	55
44	270
44	677
44	692
45	89
45	145
45	259
45	351
45	594
45	695
45	813
46	112
46	849
46	854
47	103
47	257
47	395
47	887
48	75
48	356
48	491
48	882
49	137
49	218
49	380
50	81
50	612
50	652
50	766
50	807
51	358
51	582
51	595
51	598
51	716
52	245
52	327
52	370
52	753
52	821
53	96
53	344
53	729
53	783
54	203
54	436
54	469
54	491
54	622
54	844
55	281
55	858
56	303
56	582
56	880
56	893
57	379
57	424
57	530
58	287
58	527
58	770
59	277
59	367
59	381
59	710
59	732
60	276
60	326
60	348
60	678
61	682
61	846
61	856
62	168
62	377
62	388
62	541
62	690
63	346
64	106
64	296
65	216
66	136
66	552
66	578
66	585
66	747
66	850
67	455
67	493
67	520
68	506
69	520
69	606
69	754
69	802
70	759
71	212
71	308
71	336
71	552
71	847
72	75
72	298
72	306
72	479
72	673
73	141
73	422
74	385
74	635
74	679
75	429
75	886
76	709
76	713
76	859
77	480
77	485
77	559
77	604
78	238
78	361
78	389
78	880
79	572
79	637
79	731
80	86
80	88
80	92
80	190
80	231
80	440
80	452
80	624
80	819
80	864
81	247
81	356
81	416
81	593
81	681
82	155
82	472
82	709
82	897
83	345
83	459
83	737
84	877
85	198
85	303
85	339
85	719
85	845
86	334
86	725
87	89
87	134
88	502
88	585
88	663
88	723
89	289
89	882
89	886
90	428
90	545
90	791
91	205
91	538
91	685
92	400
92	519
92	596
92	692
93	138
93	554
93	600
94	198
94	434
94	824
95	180
95	648
95	845
96	366
96	809
96	857
97	193
97	389
97	450
97	499
97	886
98	721
98	886
99	195
99	358
99	595
99	598
99	756
100	156
100	162
100	174
100	530
101	204
101	217
101	289
101	644
101	898
102	833
103	845
104	274
104	688
105	188
105	462
105	570
105	623
106	428
106	530
107	891
108	122
108	184
108	220
108	279
108	305
108	325
108	801
109	485
109	836
110	142
110	313
110	374
110	499
110	533
110	600
111	877
112	276
112	346
112	382
112	394
112	480
113	411
114	221
114	744
114	807
115	124
115	786
115	870
116	237
116	293
116	505
116	510
116	756
117	131
117	417
117	727
118	394
118	415
118	619
119	372
119	709
119	850
120	209
120	322
120	827
121	489
121	557
122	312
122	349
122	473
122	578
123	176
123	190
123	444
123	492
123	542
123	642
123	855
124	138
124	322
124	324
124	329
124	410
124	562
124	864
125	169
125	684
125	757
126	521
126	554
127	262
127	622
127	624
127	745
127	880
128	293
128	297
128	746
129	468
130	271
130	868
131	409
131	414
131	428
131	834
132	509
132	511
132	860
132	891
133	542
133	691
134	406
134	838
134	883
135	267
135	312
135	630
136	434
136	518
136	882
137	143
137	702
138	344
138	373
138	374
138	413
139	150
139	298
139	418
140	414
140	621
140	734
141	443
142	239
142	502
142	604
142	829
143	152
144	713
145	771
146	516
146	548
146	614
146	868
146	881
147	169
147	576
147	628
147	675
147	803
148	233
148	360
148	588
148	591
148	689
149	178
149	562
149	644
150	311
150	608
150	640
151	237
151	292
151	447
151	645
151	659
151	742
152	177
152	626
153	255
153	428
153	495
153	569
153	600
154	348
154	494
154	633
154	793
155	234
155	335
155	823
156	242
156	368
156	373
156	571
156	782
156	818
156	827
157	205
157	259
157	538
158	397
159	230
159	314
159	430
159	464
160	232
160	386
160	776
160	862
161	247
161	255
161	526
162	312
162	349
162	592
162	701
163	255
163	615
164	179
164	286
164	589
165	461
165	806
166	213
166	421
166	693
166	750
166	773
166	780
167	356
167	396
167	662
168	481
168	506
168	515
169	401
169	419
169	487
169	492
170	195
170	490
170	553
170	702
170	818
171	317
171	395
171	536
172	208
172	763
173	728
175	270
175	479
175	568
176	437
176	630
176	654
177	330
178	301
178	739
179	613
180	281
180	458
180	591
181	628
181	810
182	203
182	212
182	790
183	839
184	325
184	463
185	375
185	596
185	658
185	709
185	712
185	884
186	353
186	359
186	418
186	812
187	269
187	516
187	801
188	373
188	591
188	860
189	245
189	247
189	597
190	272
190	825
190	832
191	545
191	707
192	554
192	775
192	802
193	197
193	210
193	256
193	794
194	431
194	620
195	414
195	542
195	581
196	335
196	344
196	760
197	421
197	523
198	348
198	604
198	817
199	445
199	567
199	697
200	503
200	686
200	698
200	740
200	804
200	850
201	281
201	357
202	847
203	407
204	337
204	685
204	813
205	441
206	376
206	458
206	558
207	259
207	393
207	524
207	642
207	651
207	784
208	376
209	226
209	609
209	667
209	864
210	484
210	763
210	830
211	254
211	308
211	395
211	563
211	817
212	327
212	427
212	537
213	437
213	503
213	631
214	759
214	808
214	841
215	368
215	376
215	675
216	255
216	295
216	370
216	639
217	238
217	502
217	648
217	664
217	842
218	312
218	517
218	569
218	747
219	337
219	395
219	622
219	664
219	746
220	235
220	532
220	775
221	578
221	694
221	808
222	383
222	600
223	313
223	564
223	836
224	235
224	441
224	543
224	821
225	252
225	605
225	690
226	315
226	784
226	814
226	841
227	444
227	589
228	579
228	800
228	894
229	250
229	586
229	661
230	730
231	271
231	273
231	403
231	844
232	302
232	495
233	399
233	590
233	628
234	408
235	465
235	571
236	462
237	628
238	279
238	574
238	853
239	249
239	513
239	525
239	573
240	385
240	458
241	547
242	297
242	561
242	639
242	730
242	788
243	444
243	645
243	680
244	691
244	777
245	522
245	651
245	803
246	260
246	562
246	618
246	788
247	269
247	321
247	697
248	577
248	780
248	849
248	862
249	387
250	546
250	651
250	895
251	544
252	295
252	371
252	549
252	676
253	563
253	631
254	371
255	650
255	717
256	281
256	502
256	685
257	734
258	413
258	560
258	776
258	804
258	841
259	460
259	662
259	838
260	339
260	361
260	533
260	576
260	765
261	361
262	348
262	772
263	400
264	287
264	365
264	555
264	851
265	401
265	433
265	473
265	709
265	725
266	370
266	433
266	757
267	339
267	486
267	492
267	529
267	590
267	600
267	689
268	322
268	326
268	365
268	814
269	382
269	416
269	619
269	775
269	888
270	787
271	626
271	868
272	279
272	280
272	616
274	499
275	534
275	652
275	870
276	312
277	359
277	772
278	449
278	561
279	418
279	455
280	340
280	738
282	357
282	630
282	758
283	355
283	536
283	589
283	694
285	404
285	463
285	468
285	708
285	756
286	574
286	695
286	803
286	853
287	703
287	830
288	354
288	702
288	721
289	399
290	412
290	452
290	602
290	620
290	884
291	401
292	598
292	687
292	830
293	336
293	415
293	495
293	599
293	624
294	785
295	388
295	487
295	624
295	802
296	367
296	811
296	834
297	641
297	716
297	758
298	513
299	358
299	588
299	727
300	336
300	414
301	491
301	638
302	617
302	764
303	796
304	371
304	728
304	738
305	536
305	583
306	504
306	518
306	595
306	725
306	869
306	875
307	396
307	489
307	807
308	887
309	642
309	801
310	428
310	601
310	645
313	624
315	581
316	408
316	835
316	860
317	713
318	475
318	519
318	575
318	721
319	761
319	811
320	411
320	658
320	740
320	796
321	674
321	806
321	823
321	858
322	553
322	695
322	881
322	888
323	472
323	551
323	683
323	781
324	366
324	376
324	589
324	622
325	344
325	378
325	490
325	800
326	614
326	668
326	696
326	872
327	416
327	596
327	695
327	775
327	842
328	675
329	340
329	388
329	849
329	858
330	348
330	596
330	703
330	834
331	370
331	474
331	830
332	527
332	564
333	441
333	789
333	893
334	355
334	377
335	446
335	500
335	629
335	698
335	821
337	503
337	827
338	678
339	525
339	682
339	795
339	821
340	724
340	760
341	659
342	355
342	451
342	545
343	405
344	410
344	744
344	803
345	363
345	381
346	438
346	486
346	594
346	857
347	571
347	659
347	887
348	705
348	888
349	553
349	604
350	352
350	555
350	875
350	877
351	817
352	372
352	822
353	409
353	593
353	871
354	409
354	603
354	644
354	767
355	458
355	538
355	628
355	668
355	743
356	508
356	751
356	752
356	798
356	858
357	385
357	898
358	533
358	603
358	678
359	416
359	712
360	730
361	362
361	592
361	645
362	591
362	601
362	870
363	455
363	609
364	773
366	555
366	682
366	786
366	788
367	466
367	783
367	787
368	501
368	738
369	637
370	527
370	595
370	651
370	846
370	879
371	557
371	671
371	693
372	788
372	790
372	801
372	812
373	480
373	674
373	843
373	844
373	847
374	554
374	793
375	421
375	522
375	588
375	687
377	432
377	519
377	687
378	390
378	432
378	436
378	855
379	476
379	590
379	677
380	854
381	424
381	508
381	566
381	713
382	504
384	435
384	528
385	496
385	507
385	840
385	854
386	496
386	529
386	595
386	878
386	880
388	508
388	894
390	418
390	499
391	400
391	639
391	697
392	566
392	783
392	840
393	688
396	671
396	850
396	870
397	723
397	786
397	897
398	516
398	557
398	565
398	659
398	734
398	830
398	852
399	445
399	640
400	516
401	711
402	606
402	718
402	726
403	473
403	538
403	573
405	694
405	789
407	478
407	495
407	521
408	438
408	812
409	604
409	813
410	633
410	866
410	867
411	480
411	531
411	850
412	450
412	545
412	630
412	671
412	771
413	451
413	454
413	550
413	618
413	715
413	867
413	896
414	681
415	728
415	778
415	794
416	491
416	665
417	512
417	559
417	794
417	846
418	661
419	560
419	693
420	599
420	771
421	493
421	515
422	882
423	788
423	825
424	544
424	556
424	666
424	897
425	518
425	591
426	611
426	671
426	771
426	891
427	520
428	534
429	502
429	888
430	466
430	750
430	784
430	790
430	860
431	509
431	679
431	713
431	877
431	892
432	455
432	648
433	626
434	626
434	706
434	818
435	656
435	806
436	449
436	655
436	898
437	456
438	578
438	624
439	819
440	608
440	690
440	706
441	598
441	809
442	466
442	641
442	672
442	713
443	500
443	631
443	660
443	735
444	491
444	666
444	775
444	873
446	789
449	834
450	715
451	854
452	542
453	537
453	611
453	846
453	857
454	707
456	457
456	864
457	492
457	629
457	643
457	851
458	593
458	689
458	732
458	783
460	478
460	688
461	859
463	570
464	467
464	560
464	730
464	822
466	796
466	802
467	538
467	553
467	620
468	523
469	700
470	513
470	619
470	670
471	660
471	715
472	484
472	507
472	704
473	504
473	854
474	536
474	645
476	642
477	665
478	629
478	654
479	499
479	896
481	497
481	759
481	876
482	492
482	545
483	592
485	594
485	631
485	693
485	828
485	896
486	548
487	544
487	866
488	638
488	753
489	795
490	511
490	644
491	672
491	769
492	539
492	684
494	597
495	525
496	690
496	702
496	708
496	765
497	650
498	755
499	783
499	865
500	576
500	746
500	860
501	647
501	700
501	749
502	752
503	618
503	776
505	628
505	750
507	572
507	635
507	758
507	809
508	754
509	664
510	586
510	699
510	813
510	861
511	524
511	788
512	759
512	893
513	600
513	649
514	731
514	784
515	530
515	540
515	803
516	673
516	776
517	673
517	860
520	529
520	548
520	585
520	876
521	657
522	691
522	886
523	594
523	637
523	688
523	872
524	597
525	535
527	641
527	739
527	783
529	725
529	748
529	862
530	598
530	812
532	610
532	797
533	736
533	737
534	576
534	595
535	693
535	696
535	857
535	865
536	666
536	728
536	815
537	626
537	673
540	805
540	873
541	700
541	899
542	648
542	702
544	590
544	887
545	630
545	720
545	757
546	819
546	842
547	611
547	641
547	806
548	570
548	803
549	832
551	659
551	734
551	792
551	820
552	684
552	733
552	854
552	875
553	708
553	834
554	781
555	846
556	636
556	667
556	854
557	737
557	765
558	626
558	640
558	750
558	789
558	796
559	877
560	647
560	736
561	767
563	763
564	572
564	659
564	770
565	875
567	645
568	582
568	687
568	794
569	713
570	582
571	581
571	651
571	892
572	615
573	789
575	717
575	782
575	801
576	636
576	638
576	698
577	820
578	619
578	797
579	724
579	800
579	814
580	596
580	687
581	847
582	686
583	586
584	694
588	590
588	882
589	677
589	839
591	627
592	819
593	635
593	740
594	711
596	641
597	711
597	756
601	817
602	608
602	714
603	686
604	693
605	617
605	848
606	872
607	691
607	695
607	825
608	664
608	740
608	810
610	754
610	788
611	665
611	680
611	730
613	737
613	782
613	847
614	655
616	617
616	775
616	826
616	835
617	803
619	808
620	785
620	831
621	730
623	642
624	895
625	670
625	693
625	728
625	806
625	885
626	659
626	837
626	850
627	880
628	831
629	742
629	791
630	701
631	733
631	844
632	719
633	711
633	715
633	834
634	829
634	851
635	699
636	661
636	684
638	737
638	889
639	833
639	875
640	700
640	874
640	881
642	668
644	889
644	890
645	874
646	895
647	723
648	816
648	829
649	733
649	766
649	768
650	661
653	736
653	808
653	851
654	756
656	659
656	684
656	898
657	847
658	721
660	721
661	841
662	691
662	738
664	827
665	799
665	874
666	704
668	743
672	799
673	852
674	829
677	843
678	790
679	741
680	734
680	844
680	875
681	839
682	885
685	715
686	688
686	814
687	739
688	704
689	749
689	793
690	776
691	716
691	779
692	737
694	728
695	887
696	823
696	891
698	743
698	812
701	731
701	881
706	879
711	743
711	773
713	804
715	795
717	825
718	749
718	856
718	871
719	760
719	858
722	762
723	804
724	757
724	800
725	726
725	867
731	741
731	886
732	758
732	818
732	870
734	898
735	773
736	855
739	757
740	793
740	818
743	886
744	871
745	774
745	811
745	826
747	885
752	786
753	899
754	812
755	848
756	795
756	841
757	827
758	821
759	817
759	850
759	889
765	774
765	806
765	852
767	790
774	797
776	883
777	825
781	816
782	866
783	873
790	893
790	899
791	811
794	846
795	894
796	808
801	898
803	865
805	872
806	839
807	844
807	895
809	848
813	880
817	839
818	838
825	872
828	875
836	866
836	877
837	897
839	857
846	863
848	889
851	884
852	862
857	894
857	895
860	874
863	865
864	882
866	871
867	872
868	898
882	896