0	278
0	327
0	406
0	583
1	30
1	229
1	343
1	353
1	471
1	521
2	91
2	149
2	209
2	245
2	252
2	312
3	6
3	90
3	96
3	184
3	383
3	458
4	217
4	309
4	317
4	344
4	372
5	62
5	560
6	339
6	340
6	436
6	547
6	551
7	119
7	141
7	303
7	508
8	25
8	38
8	104
8	330
8	332
8	496
9	52
9	64
9	356
9	358
9	477
9	514
10	12
10	350
10	556
11	324
12	22
12	85
12	235
12	297
12	356
12	435
12	509
12	589
13	582
14	160
14	256
14	302
14	329
14	561
15	65
15	66
15	67
15	202
15	217
15	327
15	370
15	395
15	518
15	588
15	595
16	34
16	76
16	220
16	348
16	471
17	133
17	212
17	520
18	284
18	565
19	84
19	104
19	114
19	133
19	323
19	329
19	540
20	523
21	244
21	422
22	200
22	238
23	187
24	112
24	239
24	470
24	492
24	539
25	315
25	599
26	225
26	382
26	529
26	538
26	555
26	557
27	59
27	136
27	193
27	450
28	49
28	74
28	581
29	285
29	432
30	140
30	316
30	372
31	115
31	224
31	477
31	557
31	571
32	112
32	233
32	413
33	118
33	377
33	389
34	96
34	125
34	278
34	311
34	331
34	339
34	430
35	405
35	407
36	40
36	74
36	204
36	304
36	507
37	107
37	239
37	563
38	239
38	242
38	344
38	455
38	524
39	91
39	102
39	266
39	279
39	391
40	95
40	377
40	461
41	134
41	187
41	231
41	286
42	236
42	251
42	344
42	477
42	503
43	50
43	57
43	81
43	160
43	588
44	53
44	72
45	211
45	216
45	496
45	510
46	230
46	275
46	351
47	68
47	171
47	221
47	563
48	330
48	474
48	515
49	189
49	543
50	371
50	519
51	64
51	182
51	367
51	593
52	58
52	538
52	574
53	463
54	258
54	495
55	85
55	90
55	132
55	241
55	267
55	355
55	484
55	541
55	564
56	85
56	212
56	222
56	265
56	386
56	387
57	104
57	138
57	163
57	343
57	508
58	145
58	221
58	445
58	463
58	534
59	120
59	218
59	581
59	596
60	239
60	267
60	287
61	105
61	198
61	485
62	91
62	115
62	239
62	283
63	81
63	125
63	244
63	248
63	504
63	512
64	157
64	250
64	280
64	292
64	430
64	514
65	73
65	208
65	239
65	260
65	334
65	341
65	371
66	79
66	101
66	235
66	397
66	412
67	70
67	155
67	177
67	259
67	336
67	489
67	549
67	569
68	218
68	420
68	593
69	262
69	450
70	80
70	174
70	241
70	426
70	508
70	513
71	73
71	175
71	546
71	560
72	103
72	163
72	355
72	443
73	178
73	196
73	381
74	459
74	464
74	513
74	558
75	216
75	361
75	480
75	525
75	535
76	205
76	230
76	349
76	456
76	527
76	535
77	161
77	314
77	395
77	554
77	598
78	94
78	159
78	555
78	559
78	595
79	180
79	409
80	224
80	418
80	510
82	125
82	485
83	90
83	170
83	199
83	226
83	272
83	318
83	428
83	435
84	359
84	412
84	437
84	449
85	233
85	250
85	296
85	406
85	498
86	180
86	207
87	88
87	303
87	475
87	478
88	120
88	574
89	404
90	114
90	539
90	580
91	217
92	195
92	402
92	510
93	354
93	444
94	95
94	240
94	394
95	102
95	390
95	481
95	502
96	404
97	151
97	272
97	307
97	318
97	325
97	446
97	593
98	111
98	187
98	234
98	355
98	372
98	373
98	533
99	375
100	271
100	486
100	500
100	539
100	544
101	430
101	456
101	478
102	213
102	224
102	232
102	564
103	189
103	401
104	106
104	582
105	191
105	199
105	224
105	431
105	437
105	566
106	155
106	311
106	456
106	467
107	342
107	417
108	117
108	452
109	354
110	213
111	151
111	412
111	463
112	114
112	131
112	268
112	302
112	493
113	233
113	283
113	534
114	265
115	158
115	388
115	395
116	168
116	322
116	372
117	287
117	361
117	542
118	162
118	210
118	240
119	171
119	253
119	372
119	381
119	545
120	169
120	216
120	294
120	325
120	338
120	428
121	133
121	305
122	284
122	286
122	312
122	520
123	161
123	174
123	396
123	411
124	323
124	471
124	535
125	175
125	198
125	464
125	567
126	213
126	220
126	235
126	289
126	313
127	323
127	373
127	471
127	523
127	557
127	572
128	135
128	409
128	412
129	381
129	579
129	592
130	153
130	168
130	194
130	327
131	300
131	395
131	501
131	590
132	161
132	247
132	274
133	255
133	282
133	362
133	414
133	511
134	169
134	345
135	318
135	384
136	193
136	251
136	516
137	213
137	237
137	258
137	266
137	280
137	512
138	226
138	281
138	426
138	494
138	598
139	158
139	308
139	333
139	339
139	538
140	142
140	244
140	250
140	448
140	562
140	597
141	234
141	245
142	244
142	246
142	306
142	378
142	494
143	181
143	269
144	303
145	153
145	171
145	196
145	591
146	337
146	463
147	507
148	558
149	208
149	330
149	347
149	481
150	301
150	312
150	530
151	187
151	412
151	460
151	502
152	254
152	406
152	431
152	475
152	528
154	181
154	310
154	547
155	536
156	260
156	286
156	519
157	172
157	497
158	284
158	424
160	480
160	510
160	593
161	184
161	202
161	420
161	425
161	541
161	547
162	195
162	276
162	445
162	497
163	330
164	275
164	449
165	247
166	545
167	260
167	431
167	511
169	226
169	250
169	258
169	457
169	564
170	240
170	450
170	516
170	542
170	562
171	205
171	247
171	307
171	363
172	284
172	364
172	393
172	532
173	226
173	286
173	333
173	448
173	473
174	337
174	358
174	588
175	258
175	380
175	540
176	214
176	363
176	408
177	411
177	587
178	310
178	357
178	542
178	562
178	590
179	393
179	396
179	480
180	234
180	261
180	365
180	393
180	519
180	520
181	306
181	497
183	301
184	217
184	459
184	474
184	576
185	254
185	344
185	376
185	457
185	469
185	498
185	547
186	324
186	342
186	405
186	564
186	584
187	330
187	430
187	449
187	450
187	510
188	361
188	397
188	406
189	313
189	570
190	194
190	387
190	576
192	247
192	518
192	552
192	582
193	260
193	339
193	368
194	343
194	523
195	331
195	391
196	276
196	481
197	516
198	386
198	530
199	393
199	484
199	510
200	219
200	355
200	391
201	466
201	526
202	365
202	471
202	539
202	544
202	569
203	331
203	500
204	364
204	377
205	270
205	559
206	211
206	223
206	508
206	525
207	271
207	308
207	396
207	421
208	540
209	276
210	267
210	353
210	465
210	561
211	229
211	235
211	502
211	554
212	349
212	511
213	398
215	484
215	545
216	257
216	331
216	481
216	540
217	321
217	541
217	571
218	271
218	500
219	481
219	488
220	346
220	572
221	224
221	525
221	538
222	339
222	471
223	251
223	448
223	497
224	268
224	475
224	546
225	323
226	379
226	380
227	298
228	314
229	340
230	238
230	327
230	591
231	321
231	484
231	539
232	449
232	590
233	294
233	308
233	584
234	302
234	311
234	507
235	501
236	281
236	307
236	346
237	433
237	548
238	462
239	513
240	347
240	415
241	559
242	459
242	524
242	553
242	587
243	250
243	295
243	380
243	400
243	422
243	470
244	426
245	249
246	480
246	514
247	377
247	436
248	276
249	279
249	505
249	555
250	462
250	571
251	330
251	395
251	522
251	538
252	290
252	320
252	451
253	304
253	327
253	388
253	410
253	505
254	494
254	536
254	578
255	300
255	346
255	491
255	548
256	331
256	372
256	416
256	430
256	438
256	456
256	548
257	307
258	335
258	522
259	596
260	350
260	361
260	414
260	419
260	444
261	454
262	283
262	440
262	449
263	364
264	321
264	398
265	342
265	377
265	520
265	563
266	312
266	377
267	410
267	493
269	371
269	386
269	415
270	291
270	354
270	373
270	579
271	363
271	435
273	481
274	323
274	397
275	349
275	513
276	350
276	395
277	501
278	423
278	577
278	585
279	290
279	298
279	304
281	318
282	478
282	563
284	493
284	517
285	391
286	296
286	305
286	378
286	569
287	495
287	574
288	328
288	344
288	428
289	369
289	418
289	452
289	470
289	536
290	367
290	407
291	442
292	319
292	338
292	409
292	457
293	458
293	587
295	448
295	590
296	391
296	528
296	570
297	592
299	311
300	354
300	379
300	441
301	441
302	412
302	490
302	494
303	404
303	473
303	547
303	584
304	329
304	385
304	578
305	493
305	577
306	374
306	539
307	412
307	487
307	525
308	369
308	456
309	319
309	442
309	495
310	326
310	412
310	451
310	496
311	448
311	532
313	465
314	387
314	401
314	470
314	533
314	565
316	389
316	391
316	463
316	492
316	555
316	559
317	332
317	381
317	445
317	464
319	513
319	596
320	472
320	486
320	518
321	352
322	583
323	396
323	560
324	360
324	590
325	469
325	583
327	367
331	356
332	482
333	347
333	377
333	489
334	496
336	409
336	472
336	501
337	354
337	529
338	437
339	481
342	346
342	402
342	412
342	437
342	506
342	594
343	448
344	388
344	532
345	511
345	540
345	568
346	403
346	571
347	555
347	563
348	483
349	519
349	520
351	472
352	397
354	508
355	528
356	408
357	370
357	462
358	410
358	431
359	427
360	598
361	546
362	451
362	483
362	510
363	532
364	463
365	394
365	596
366	487
366	598
367	542
368	489
368	576
369	398
369	442
371	398
371	578
371	594
372	480
373	592
374	430
374	537
375	449
375	451
375	485
376	493
376	508
376	579
377	505
377	529
378	441
379	476
379	522
379	556
379	581
380	512
382	392
382	502
382	526
383	435
384	529
384	539
388	511
388	520
389	502
389	574
389	585
391	467
391	478
392	405
392	420
392	448
392	522
392	576
394	529
394	558
395	408
395	467
395	586
396	514
397	549
397	575
398	540
399	469
399	488
400	488
400	544
402	419
404	490
405	515
405	596
409	480
410	442
412	451
412	557
415	472
416	547
416	597
417	424
417	557
417	567
418	550
418	586
418	589
419	520
419	580
420	429
420	577
420	599
422	555
423	483
423	586
425	461
425	508
425	522
425	580
428	549
428	570
429	523
430	503
430	532
431	437
432	439
433	522
434	567
435	552
436	571
436	599
437	518
437	527
438	448
438	511
438	573
439	470
439	480
439	562
440	509
441	442
441	561
442	465
442	509
442	561
444	501
445	460
446	515
446	562
447	579
448	500
451	457
451	510
453	475
453	498
455	546
456	534
457	586
458	518
458	554
459	481
460	471
460	522
462	512
462	521
464	486
464	508
465	485
465	545
467	522
467	541
468	483
471	593
473	518
474	524
474	568
475	508
476	574
477	506
477	517
479	521
482	542
484	579
486	582
488	495
488	523
488	524
489	534
489	596
490	502
492	596
495	565
496	510
496	534
499	507
499	541
499	571
499	574
502	512
502	581
506	529
507	550
507	586
510	517
510	521
513	584
514	542
518	562
518	591
522	526
522	547
522	559
522	564
523	574
523	581
526	554
528	565
530	581
531	555
534	535
535	542
535	586
536	574
537	566
537	574
538	598
539	574
545	570
546	559
547	581
557	590
559	589
562	583
562	591
563	591
564	578
566	586
571	577
577	596
579	585
583	590
587	589
587	594