0	110
0	138
0	162
0	380
0	521
1	113
1	133
1	216
1	297
1	366
1	479
1	526
2	99
2	110
2	130
2	247
2	525
3	293
3	491
3	573
4	7
4	214
4	374
4	418
4	459
4	570
5	14
5	114
5	173
5	259
5	328
6	357
6	434
7	172
7	190
7	221
7	232
7	247
7	311
7	326
7	439
7	448
8	131
8	152
8	334
8	412
8	538
9	150
9	267
9	287
9	367
10	33
10	176
10	318
11	128
12	269
12	306
12	327
12	396
12	487
12	578
12	585
13	210
13	250
13	532
14	19
14	195
14	409
14	515
15	30
15	224
15	227
16	61
16	253
16	410
16	462
17	46
18	36
18	265
18	559
18	575
19	77
19	256
19	433
19	541
19	570
19	589
20	68
20	76
20	229
20	327
20	370
20	435
20	460
20	505
21	417
22	73
22	104
22	286
22	338
22	375
23	182
24	184
25	74
25	208
25	358
26	166
26	233
26	240
26	376
26	502
26	540
27	66
27	72
27	131
27	135
27	168
27	319
28	45
28	132
28	198
29	35
29	98
29	192
29	358
29	562
30	110
30	268
30	436
30	470
31	263
31	372
32	136
32	338
32	466
33	44
33	325
33	538
34	98
34	319
35	55
35	116
35	205
35	242
35	377
35	503
35	582
36	96
36	98
36	157
36	220
36	223
36	454
37	55
37	69
37	314
37	327
37	568
37	596
38	195
39	243
40	97
40	176
40	382
40	392
40	561
41	238
41	530
42	164
42	350
42	358
42	440
42	561
43	570
44	199
44	406
45	118
45	347
45	383
45	421
45	561
46	48
46	341
46	377
46	386
46	582
47	409
48	115
48	316
48	355
48	360
48	585
49	263
49	466
49	510
50	232
50	427
50	436
50	563
51	189
51	241
51	283
51	340
52	268
52	410
52	413
52	549
53	177
53	244
53	258
54	115
54	167
54	329
54	402
54	478
54	552
55	115
55	270
55	290
55	461
55	543
55	553
56	112
56	163
56	261
56	467
56	510
57	286
57	335
58	379
58	380
59	252
59	350
59	420
59	513
60	76
60	224
60	504
60	582
61	164
61	309
61	542
61	598
62	252
62	443
62	471
62	487
62	584
63	283
63	368
63	511
63	593
64	282
64	335
64	528
65	124
65	143
65	183
65	238
65	286
65	307
65	553
66	100
66	209
66	283
66	481
66	582
67	215
67	502
67	538
68	137
68	436
69	284
69	324
69	334
70	125
70	277
70	570
71	243
71	451
72	113
72	190
73	96
73	192
73	282
74	77
74	395
75	227
76	298
76	357
76	502
77	114
77	287
78	131
78	307
78	403
78	557
79	93
79	240
80	131
80	502
81	367
81	503
82	131
82	317
82	524
83	103
84	300
84	539
85	209
85	313
85	560
85	565
86	174
86	439
87	240
87	281
87	326
87	376
88	146
88	575
89	305
89	560
90	404
91	461
92	413
93	285
94	101
95	289
95	300
95	304
95	455
95	486
95	505
95	546
96	364
96	492
97	213
97	396
97	428
98	433
98	468
99	174
99	197
99	254
99	335
99	421
100	106
100	110
100	207
100	287
100	347
100	385
100	394
100	519
100	573
101	380
101	502
102	240
102	365
103	355
104	176
104	351
104	352
105	212
105	406
105	578
107	189
107	240
107	459
108	253
108	274
108	287
109	189
109	330
109	488
109	574
110	125
110	403
110	525
110	537
110	539
111	402
111	486
111	568
111	597
112	226
112	333
112	479
112	520
114	214
114	216
114	239
114	440
115	186
115	552
116	261
116	375
117	282
117	369
117	384
117	464
117	499
118	208
118	281
118	369
118	401
118	596
119	417
120	362
121	177
121	182
121	373
121	482
122	132
122	149
122	336
123	170
123	185
123	195
123	277
123	293
123	423
123	447
123	587
124	253
124	367
125	187
125	244
125	463
126	362
126	563
127	147
127	256
127	345
127	500
128	131
128	145
128	335
128	413
129	209
129	254
130	234
130	301
130	388
130	408
130	562
130	594
131	174
131	455
131	461
131	497
131	503
132	395
132	523
132	586
133	196
133	324
134	186
134	215
134	265
134	304
134	493
134	503
134	569
135	176
136	217
136	387
136	463
136	520
136	535
137	234
137	410
138	332
138	397
138	413
138	431
138	445
138	479
138	491
139	196
139	583
140	144
140	279
140	588
141	216
142	224
142	424
143	352
143	431
143	434
144	304
144	394
144	433
144	545
145	343
145	436
145	591
146	559
147	256
147	406
147	499
148	389
148	449
149	157
149	277
149	404
150	267
150	280
150	583
151	181
151	469
151	547
152	204
152	410
152	496
153	199
153	417
153	596
154	264
154	435
154	476
155	212
156	280
156	439
156	476
157	472
157	574
158	320
159	295
159	403
159	447
159	508
160	223
160	505
161	173
161	283
161	287
161	311
161	541
162	210
162	569
163	299
163	529
163	541
164	185
164	276
164	553
164	556
164	594
165	215
165	220
165	452
165	548
166	449
166	508
166	536
166	560
167	188
167	285
167	464
167	484
168	199
168	299
168	413
169	285
169	351
170	191
170	259
170	465
170	565
171	258
171	455
171	503
172	181
172	254
172	491
173	407
173	461
173	552
173	598
174	302
174	440
174	596
175	236
175	392
176	303
176	340
176	418
177	411
177	514
177	567
178	246
178	342
178	570
179	333
179	536
180	263
180	304
183	450
183	563
184	187
184	422
184	476
185	262
185	368
185	584
186	190
186	200
186	310
186	327
186	393
186	520
187	243
187	385
187	459
187	475
188	271
188	324
188	343
189	193
189	212
189	288
189	341
189	479
189	563
190	363
190	369
191	317
191	380
191	416
191	509
192	235
193	362
194	521
195	280
195	482
196	311
196	449
196	497
196	567
199	265
199	459
199	531
199	535
200	287
200	474
201	506
202	239
202	302
202	320
202	512
202	533
203	218
203	364
204	311
204	357
204	465
205	528
205	587
206	223
206	339
206	352
206	353
206	444
206	472
206	537
206	575
207	221
207	319
208	421
209	551
210	293
210	428
211	265
211	399
212	446
212	460
212	477
212	561
213	470
213	481
214	468
215	522
216	352
216	355
216	473
216	483
217	275
217	397
218	244
218	374
218	471
218	475
218	547
218	574
219	387
219	399
219	426
220	224
220	278
220	535
221	250
221	358
221	441
221	537
222	227
222	238
222	262
222	371
222	548
223	409
223	474
224	458
224	530
224	550
225	349
225	419
226	443
226	474
227	255
227	380
227	539
228	333
228	437
228	441
229	400
229	421
229	424
229	482
229	526
230	264
230	318
230	322
230	378
231	307
232	400
232	403
232	430
233	338
233	360
234	454
235	442
235	488
235	490
235	506
235	599
237	303
237	309
238	280
238	396
238	530
239	414
240	472
240	578
241	253
241	344
241	475
241	537
241	573
243	422
243	492
245	266
245	384
245	523
245	553
246	305
247	348
247	380
247	586
247	592
248	348
249	399
250	543
251	266
251	316
252	513
252	554
252	567
254	293
254	484
255	395
256	298
256	325
256	461
256	493
256	562
257	372
257	556
258	435
259	320
260	467
261	425
261	538
261	588
262	346
263	376
263	504
264	425
264	448
264	478
264	546
265	520
266	444
266	551
268	393
269	528
270	402
271	276
271	374
271	381
271	385
271	432
272	328
272	359
272	494
273	335
273	454
273	519
273	534
273	544
273	567
274	290
274	312
274	415
274	460
274	571
276	295
276	478
276	514
277	428
277	455
277	486
278	526
278	534
279	310
279	380
280	288
280	309
280	551
281	328
281	539
282	512
283	412
283	422
283	551
285	461
285	563
286	355
286	426
286	492
287	528
288	502
288	522
289	425
289	454
289	515
289	522
289	524
289	596
290	446
290	485
290	496
291	370
291	442
291	471
292	481
292	552
293	302
293	329
294	501
295	478
295	507
296	321
296	388
296	414
296	428
296	466
296	504
297	361
297	564
298	421
298	496
298	560
299	527
300	321
300	396
300	547
301	383
301	578
302	347
302	446
303	431
304	564
305	386
305	438
305	489
305	595
306	475
307	587
308	507
309	382
309	543
310	360
310	489
310	512
311	443
311	517
311	573
313	339
313	580
314	353
314	356
314	415
314	486
314	591
315	468
315	502
316	343
316	388
316	438
316	444
316	475
316	502
316	576
317	322
317	334
317	340
317	354
317	380
319	525
320	599
321	412
321	455
321	550
322	463
323	402
323	538
324	590
325	442
325	542
325	546
325	576
326	327
326	545
327	403
327	456
327	495
327	496
327	555
327	558
327	599
328	345
328	467
329	352
329	438
329	508
330	548
331	332
331	463
331	501
333	341
333	505
333	566
334	563
335	500
336	422
336	498
337	583
339	369
341	474
341	560
343	532
344	354
346	497
347	366
347	589
348	478
348	570
349	353
350	382
350	528
351	410
352	490
352	540
353	569
354	440
354	442
355	378
355	407
355	567
356	388
358	594
359	369
359	430
359	514
361	560
362	467
363	515
363	520
364	590
365	375
365	592
366	382
366	517
366	552
366	589
367	565
368	409
368	523
368	528
371	396
371	496
371	591
372	450
374	452
374	468
374	497
375	434
376	537
378	387
378	448
378	453
379	455
380	398
383	457
383	487
383	588
384	448
384	537
385	392
385	526
385	543
385	582
386	393
387	448
387	489
389	470
389	481
389	484
389	573
390	391
392	411
392	420
392	430
392	544
392	554
393	432
395	526
397	447
397	551
399	486
402	480
402	500
402	520
402	582
403	585
404	586
405	429
405	578
406	571
407	599
410	502
410	588
411	529
412	433
413	434
413	574
414	468
416	562
417	593
421	453
421	590
422	445
425	570
428	553
430	443
430	548
431	481
431	531
432	535
433	498
437	461
437	484
441	518
442	504
443	470
443	487
445	573
446	450
447	479
448	461
448	536
450	482
450	495
450	560
452	505
454	459
456	561
456	586
457	533
459	494
459	558
461	493
461	592
462	501
462	531
463	487
465	593
469	566
470	549
472	561
474	499
475	555
478	541
480	514
481	491
481	546
482	507
482	526
484	576
485	522
486	593
488	538
489	530
490	543
490	589
492	587
494	558
496	516
496	555
498	576
498	593
499	527
500	588
500	589
502	523
503	533
503	548
505	579
507	581
509	577
512	566
518	537
521	560
522	523
526	532
533	547
534	565
535	591
536	597
539	554
540	597
551	559
556	562
559	597
572	573
574	592
582	592