0	30
0	44
0	71
0	132
0	436
0	505
0	576
1	117
2	9
2	48
2	482
2	563
3	113
3	201
3	326
4	9
5	90
5	134
5	297
5	333
5	389
6	183
6	198
6	243
6	310
7	318
7	329
8	28
9	346
9	481
9	519
10	158
10	350
10	510
10	588
11	61
11	133
11	214
11	277
11	340
11	520
11	589
12	72
12	314
12	365
12	393
12	516
13	119
13	544
13	549
14	399
14	530
14	563
15	275
15	518
16	246
16	324
16	366
17	102
17	110
17	357
17	370
17	540
18	105
18	348
18	550
19	441
19	463
20	88
20	230
21	140
21	158
21	216
21	217
21	437
21	515
22	105
22	126
22	194
22	274
22	357
22	480
22	487
22	508
23	128
23	254
24	29
24	97
24	163
24	256
25	239
25	251
25	290
25	384
25	598
26	66
26	415
26	427
26	494
27	94
27	277
27	580
28	129
28	168
28	178
28	239
28	292
28	466
28	498
29	152
29	213
29	240
29	298
29	472
30	51
30	193
30	289
30	528
31	89
31	400
31	478
32	110
32	290
32	422
33	180
33	184
33	185
33	496
33	513
34	285
35	536
36	401
36	415
36	418
36	462
36	501
36	512
37	169
37	171
37	245
37	355
37	529
38	60
38	101
38	102
38	137
38	342
38	549
39	112
39	169
39	285
39	536
40	102
40	218
41	119
41	219
41	240
41	261
41	278
41	550
42	119
42	310
42	499
42	535
43	127
43	321
44	300
44	372
45	92
45	120
45	324
45	337
46	265
47	157
47	390
48	164
48	208
48	226
48	279
48	315
48	470
49	252
49	411
49	423
50	159
50	406
50	479
51	60
51	223
51	255
51	537
51	579
52	279
52	293
52	405
52	407
52	475
52	495
53	88
53	190
53	472
53	487
54	282
54	525
54	571
55	356
56	118
56	153
56	181
56	219
56	222
56	270
56	309
56	317
56	465
56	487
56	555
57	222
57	250
57	341
57	595
57	596
58	67
58	100
58	255
58	436
58	508
59	132
59	307
59	352
59	467
59	498
59	563
60	468
61	324
61	468
61	546
61	594
62	309
63	218
64	194
65	97
65	206
65	341
65	478
66	97
66	109
66	163
66	213
66	429
66	579
67	104
67	208
67	220
67	252
67	321
67	361
67	467
67	521
68	92
68	269
68	345
68	430
69	162
69	344
69	348
70	86
70	252
70	349
70	582
70	590
71	73
71	173
71	202
71	339
71	437
72	118
72	166
72	173
72	190
72	254
72	309
72	383
72	597
73	193
73	221
73	594
74	580
75	77
75	115
75	162
75	356
75	531
75	536
76	185
76	232
76	246
76	428
76	446
76	585
77	119
78	145
78	368
78	505
78	522
78	593
79	232
79	351
79	410
79	552
80	185
80	304
80	588
81	491
82	103
82	111
82	194
82	355
82	420
82	437
82	538
83	231
83	271
83	334
83	568
83	598
84	259
85	108
85	172
85	256
85	266
85	472
86	232
86	446
87	322
87	325
87	358
88	248
88	298
89	413
89	468
90	191
90	389
91	159
91	285
91	582
92	108
92	150
92	225
92	337
92	382
92	447
93	99
93	104
93	392
93	417
94	164
95	144
95	351
96	344
96	367
96	526
96	583
97	112
97	125
97	257
97	472
97	577
98	183
99	195
99	560
100	142
100	328
100	379
100	529
101	125
101	358
101	484
102	300
102	390
102	449
102	459
103	229
103	302
103	443
104	219
104	426
104	444
105	106
105	426
105	455
105	585
106	217
106	348
106	576
107	149
107	165
107	377
107	392
107	504
108	206
108	398
108	441
109	443
109	461
109	475
110	350
110	384
111	414
111	589
112	564
113	278
113	559
114	511
114	560
115	395
116	225
117	282
117	306
118	248
118	342
118	462
119	290
119	329
119	333
119	588
120	143
120	356
120	409
121	434
122	163
122	247
122	584
123	502
124	198
124	203
124	274
124	291
124	437
124	510
124	556
125	191
125	268
125	335
126	128
126	157
126	195
126	206
126	360
126	483
126	564
127	140
127	174
127	188
127	240
127	350
128	160
128	171
129	407
129	584
129	594
130	234
130	319
130	371
130	406
130	425
130	476
131	197
132	446
132	570
132	573
133	327
133	461
133	566
134	208
134	378
134	411
134	459
134	460
135	211
135	471
136	184
136	590
137	310
137	427
137	598
138	141
138	362
139	267
140	159
140	228
140	599
141	147
142	253
142	557
143	244
143	531
144	149
144	365
144	518
145	379
145	496
145	536
146	212
146	275
146	343
146	353
146	456
146	493
146	588
147	218
147	294
147	431
147	523
148	247
148	299
148	592
149	566
149	586
151	443
153	163
153	200
153	249
153	266
153	320
153	359
153	439
154	330
154	506
154	518
154	589
155	336
155	401
155	402
155	518
155	548
156	272
156	287
156	298
157	202
157	210
157	297
157	305
157	406
157	444
158	264
158	424
158	508
159	400
159	518
159	559
159	574
160	282
160	289
160	381
160	410
161	217
161	260
161	356
161	567
163	463
163	524
163	532
163	537
164	285
164	298
164	320
164	452
164	587
164	593
165	189
165	342
165	404
165	437
165	545
165	572
166	382
166	410
166	479
167	237
167	240
167	278
167	387
167	405
167	569
168	460
168	462
168	530
168	596
169	183
169	258
169	415
169	550
170	385
171	346
171	379
172	338
172	562
173	487
173	558
174	186
174	436
174	593
175	210
175	428
175	558
176	220
176	270
177	436
177	566
178	445
178	493
178	497
178	571
179	409
180	250
180	314
180	393
180	472
180	519
180	523
181	515
182	235
182	366
182	498
183	223
183	306
183	310
183	402
184	203
184	286
184	358
184	505
185	476
185	566
186	388
186	578
187	421
188	332
188	346
188	352
188	357
188	569
188	586
189	480
191	201
191	285
191	376
192	271
193	200
193	289
193	294
193	597
194	522
195	283
195	414
195	419
196	432
197	225
197	234
197	359
198	225
198	226
198	410
198	479
198	481
199	316
199	416
199	519
200	373
200	478
200	520
200	521
200	556
201	314
201	496
201	516
202	421
202	442
202	487
203	213
203	261
203	335
203	485
204	581
205	372
206	438
206	493
206	521
207	259
207	479
208	242
208	245
208	461
208	581
209	412
209	513
210	282
210	405
210	468
210	562
211	449
212	256
212	341
212	492
212	496
214	286
214	299
214	300
214	441
214	491
214	551
214	557
215	552
216	263
216	426
216	489
217	222
217	223
217	259
218	397
218	522
218	543
219	282
219	520
219	539
220	221
220	552
220	556
221	302
221	360
221	535
222	266
222	324
222	433
222	485
222	535
223	242
223	277
223	344
223	450
223	454
223	557
224	337
224	428
225	423
225	475
226	295
226	365
226	486
226	571
227	582
228	318
228	420
228	499
228	514
228	515
229	297
230	396
231	259
231	274
231	375
232	481
232	517
232	569
233	316
233	432
233	451
234	270
234	477
235	270
235	347
235	408
235	429
235	456
235	529
236	591
237	248
237	264
237	269
237	270
237	272
237	572
238	424
238	586
239	258
239	306
239	396
239	576
240	358
240	439
240	522
241	484
242	412
243	276
243	510
243	559
243	596
243	597
244	430
244	476
245	251
246	288
247	345
247	360
248	290
249	564
250	333
250	581
251	461
252	528
253	262
253	400
253	409
253	483
253	533
254	310
254	514
255	336
255	348
255	383
255	407
255	409
255	513
256	270
256	357
256	529
257	569
258	418
259	487
259	538
260	349
260	538
261	267
261	486
262	460
263	299
263	537
264	338
264	376
264	431
264	467
264	583
265	298
265	431
265	455
265	549
267	328
267	393
267	517
268	422
269	289
269	356
269	382
270	361
270	452
272	561
273	289
273	464
274	504
274	580
276	453
277	321
277	353
278	331
278	404
278	566
279	559
280	283
280	318
280	571
281	592
282	568
282	589
283	503
283	597
284	468
285	292
285	331
285	438
285	492
285	494
286	520
286	549
287	371
287	496
287	547
288	363
289	482
289	490
290	291
290	400
291	313
291	340
291	411
291	555
292	415
292	475
292	526
292	563
293	464
293	499
293	565
294	478
294	526
294	549
294	576
296	476
296	528
297	497
297	552
297	555
298	311
299	558
300	592
301	350
301	489
302	394
302	447
302	483
303	476
304	451
305	341
305	586
306	564
306	568
306	575
307	350
307	515
308	445
308	509
310	318
310	321
310	354
310	372
310	440
311	428
312	430
312	458
313	323
313	596
314	330
314	335
314	348
314	377
314	490
316	559
316	569
317	400
317	526
317	576
318	548
320	394
321	322
321	335
322	370
322	597
324	484
326	334
327	575
328	376
328	411
328	444
328	528
329	437
329	559
330	443
330	593
331	597
332	485
333	425
335	550
336	360
337	442
337	489
337	569
338	349
339	361
340	399
341	348
341	555
342	370
342	376
342	562
343	527
345	392
345	449
345	564
346	354
346	407
346	560
346	564
347	539
348	417
350	525
350	554
351	381
351	476
351	516
352	366
352	396
352	402
352	425
352	599
353	585
354	383
354	549
356	363
356	382
356	497
357	489
358	395
358	514
359	578
359	594
360	488
360	530
360	535
360	549
361	388
362	466
362	469
363	455
364	580
365	424
365	593
367	459
368	463
368	506
368	549
369	401
369	577
370	501
370	592
370	593
371	385
371	393
371	420
374	492
375	462
376	434
376	533
376	569
376	577
377	406
377	500
378	577
379	386
379	417
380	577
381	400
381	411
382	572
383	418
383	429
384	425
384	457
384	556
385	433
385	473
385	568
386	417
387	388
387	406
387	556
387	559
388	491
388	521
389	404
390	516
391	577
392	457
393	407
393	432
393	485
394	568
395	414
396	398
396	461
396	556
397	456
397	501
399	501
399	503
399	520
400	424
400	430
400	494
400	505
400	548
402	434
402	477
402	522
403	410
403	463
403	483
404	476
404	520
405	421
405	426
405	549
406	465
407	539
408	498
409	437
410	458
411	541
412	486
414	581
415	432
416	583
417	526
418	427
421	571
422	507
425	432
425	444
427	441
428	502
428	542
430	591
431	448
431	579
432	444
433	477
433	497
434	461
435	474
435	520
436	528
439	474
439	514
439	560
442	529
442	555
444	477
445	455
445	507
445	508
448	587
449	498
449	575
451	583
452	507
453	572
454	557
454	573
455	560
456	483
457	568
458	536
460	495
460	547
461	484
462	474
463	554
463	561
464	558
465	540
467	502
467	520
469	554
470	475
470	478
470	520
470	586
474	504
476	501
477	553
482	490
484	556
485	539
488	502
490	532
492	553
496	499
497	501
497	550
497	563
509	531
509	536
509	569
511	576
512	515
514	587
515	517
516	577
518	592
519	564
522	524
525	563
527	561
528	578
529	568
529	589
531	542
534	586
541	591
545	593
557	567
557	594
565	573
566	575
567	586
569	571
572	576