0	84
0	192
0	250
0	270
0	551
1	17
1	191
1	286
1	288
1	353
1	535
1	558
1	586
1	593
2	52
3	66
3	107
3	154
3	198
3	374
3	457
4	43
4	347
4	488
4	535
5	62
5	228
5	271
5	402
5	409
5	509
6	11
6	42
6	55
6	355
6	356
6	455
7	395
7	568
7	587
8	111
8	215
8	342
9	89
9	108
9	150
9	293
9	399
9	505
10	421
11	19
11	167
11	247
11	248
11	283
11	319
12	159
12	381
12	450
12	458
12	487
12	521
13	54
13	61
13	210
14	118
14	159
14	172
14	346
14	445
15	18
15	219
16	207
16	231
16	266
16	334
16	404
16	429
16	588
17	23
17	412
17	440
17	556
18	434
18	495
19	229
19	506
20	209
20	400
20	432
20	489
20	502
20	510
21	65
21	338
21	396
21	440
21	482
22	484
23	32
23	50
24	76
24	227
24	537
25	112
25	125
25	143
25	386
26	290
26	310
26	409
26	439
26	497
26	504
26	521
26	568
27	173
27	259
27	445
28	448
28	477
28	574
29	105
29	193
29	455
30	61
30	490
30	498
31	106
31	114
31	132
31	142
31	147
31	253
31	562
32	281
32	352
32	390
32	413
32	425
32	438
32	439
33	162
33	251
34	46
34	61
34	98
34	286
35	94
35	420
36	147
36	198
36	338
36	598
37	210
37	349
37	465
37	503
37	537
38	138
38	390
38	436
39	202
39	386
39	570
40	134
40	290
40	446
41	112
41	384
42	92
42	204
42	568
43	325
43	380
43	580
44	119
44	263
45	124
45	230
45	484
45	512
45	552
46	92
46	97
46	104
46	105
46	229
46	521
46	555
47	66
47	248
47	250
47	555
47	570
48	64
48	283
48	321
48	576
49	458
50	150
50	219
50	471
50	495
50	538
51	564
52	155
52	386
53	267
53	271
53	366
53	493
54	94
54	129
54	294
54	323
54	392
54	441
54	476
54	567
55	56
55	219
55	284
55	362
55	571
56	407
57	455
57	458
58	129
58	504
58	594
59	170
59	473
60	349
60	379
60	425
61	210
61	275
61	357
61	481
62	136
62	505
63	150
63	234
63	364
63	410
63	500
64	119
64	155
64	290
64	393
64	504
65	120
65	233
65	444
65	558
66	158
67	70
67	72
67	97
68	80
68	88
69	144
70	123
70	215
70	279
70	338
71	105
71	170
71	218
71	286
72	172
72	436
72	487
72	586
73	221
73	255
74	201
74	303
74	404
74	483
75	338
75	351
75	387
76	205
76	272
76	384
76	500
77	139
77	144
77	393
77	507
77	540
78	79
78	599
79	140
79	162
79	362
79	430
79	433
79	525
80	93
80	133
80	257
80	444
80	508
81	113
81	134
81	202
81	253
81	359
82	212
82	276
82	520
83	158
83	164
83	183
84	126
84	232
84	316
84	349
85	575
86	118
86	138
87	335
87	394
87	551
87	578
88	161
88	204
88	438
89	93
89	193
89	443
89	478
89	480
90	121
90	375
90	497
91	173
91	181
92	116
92	207
92	265
92	447
92	574
93	341
93	532
94	143
94	255
94	258
94	436
95	506
96	513
97	126
97	235
97	566
98	160
99	507
100	288
100	310
100	413
100	518
100	560
101	199
101	256
101	359
101	491
101	500
102	107
102	134
102	239
102	371
102	428
102	527
103	112
103	169
103	370
103	451
104	281
104	430
105	237
105	265
105	441
106	180
106	244
106	327
106	404
107	255
107	413
108	134
108	140
108	376
108	380
108	417
108	471
109	173
109	281
109	404
110	452
111	160
111	161
111	374
111	584
112	185
112	389
112	587
113	261
113	340
113	459
114	266
114	363
114	483
115	170
116	121
116	140
116	170
116	180
116	448
116	566
117	249
117	261
117	316
118	200
118	461
118	539
119	133
119	176
119	493
119	535
120	384
120	402
121	423
121	437
122	138
122	177
122	214
122	348
122	355
123	177
123	452
124	202
124	243
124	303
124	338
124	578
125	139
126	326
126	530
127	194
127	293
127	352
127	397
127	485
127	542
128	207
128	295
128	372
128	385
128	495
130	133
130	145
130	150
130	151
130	167
130	187
130	245
130	315
130	595
131	184
131	219
131	379
131	518
131	571
132	199
132	365
132	377
132	427
132	456
132	525
133	340
133	527
133	544
134	446
134	534
135	353
135	375
135	417
135	485
135	533
136	223
136	452
136	475
136	526
137	210
137	295
137	299
137	596
138	452
138	463
138	538
139	253
139	304
139	517
140	390
140	407
140	536
140	560
141	421
141	566
142	298
142	537
143	180
143	266
144	199
144	270
144	307
145	293
146	246
147	411
147	496
148	186
148	520
149	228
149	319
150	182
150	244
150	266
151	179
151	358
152	279
153	287
153	400
153	448
153	459
153	589
153	593
154	461
155	217
155	587
156	166
156	180
156	330
156	357
157	375
158	417
158	525
159	201
159	261
159	357
159	454
159	462
160	277
160	583
161	314
161	511
162	165
162	293
162	300
162	446
162	535
163	223
163	502
164	196
164	232
164	278
164	518
164	563
165	344
165	461
165	498
165	533
165	536
166	238
166	315
166	326
167	237
167	566
168	260
168	362
169	227
169	317
169	417
170	224
170	273
170	297
170	558
171	451
171	534
171	591
173	177
174	407
175	200
175	447
175	511
175	529
175	561
176	355
176	401
176	532
177	312
177	325
177	557
178	509
178	565
179	293
179	300
179	348
180	455
180	578
181	324
181	410
182	439
183	494
183	566
184	359
184	377
184	402
184	411
185	364
185	372
185	376
185	440
185	461
186	213
186	402
186	424
186	448
186	540
187	211
187	230
187	299
187	521
187	576
188	319
188	372
188	477
188	488
189	321
189	429
189	456
189	458
189	474
190	255
190	293
190	399
190	402
191	504
192	203
192	518
194	242
194	311
194	455
194	581
195	480
196	330
196	361
197	510
197	535
199	212
199	411
200	233
200	317
200	399
200	555
200	565
201	296
201	319
201	362
201	400
202	503
203	219
203	300
203	442
204	291
204	353
204	427
205	206
205	217
205	383
205	543
206	239
206	347
206	428
206	496
206	556
207	352
207	403
207	430
207	483
207	492
208	249
208	523
209	296
209	318
209	383
209	430
209	484
209	594
210	565
210	593
211	326
211	327
211	466
211	474
212	343
212	358
212	377
212	387
212	444
213	308
213	333
213	396
213	424
213	434
214	216
214	217
214	271
214	403
214	497
214	568
215	508
215	513
215	528
216	248
216	365
216	582
217	408
218	469
218	528
218	540
219	270
220	255
220	319
220	342
220	348
220	393
220	499
221	443
221	558
222	285
223	349
223	550
224	243
224	255
224	264
224	443
225	589
226	340
226	344
226	374
226	380
227	318
227	417
227	489
229	410
230	586
231	316
231	333
232	253
232	358
232	360
232	408
232	483
233	403
233	574
234	500
234	533
235	394
236	355
236	379
236	548
237	262
237	434
238	566
239	273
239	284
239	350
239	395
239	497
239	509
239	599
240	277
240	283
240	349
241	259
241	333
241	393
241	453
241	514
241	521
241	554
241	558
242	262
242	282
242	287
243	260
243	483
243	508
244	247
244	579
245	275
246	273
246	357
246	486
248	553
248	573
249	273
249	359
250	579
251	354
251	434
251	443
252	291
252	366
252	391
252	416
252	458
253	367
253	463
253	568
254	476
254	513
255	279
255	287
256	291
256	298
256	345
256	581
257	427
258	369
258	496
259	334
259	474
260	416
261	464
261	482
262	304
262	315
262	457
263	406
263	468
263	535
265	290
265	326
265	499
265	525
266	273
266	344
266	379
266	432
266	464
266	479
266	514
266	583
267	334
267	494
268	390
268	480
269	403
269	419
269	543
270	337
270	493
271	299
271	350
271	362
272	455
273	400
273	429
274	388
275	289
275	339
276	368
277	312
278	402
278	523
278	566
279	316
279	428
279	447
279	469
279	522
279	576
280	436
280	498
280	510
280	535
281	405
281	556
282	297
284	336
284	410
284	497
286	295
286	380
287	395
288	379
288	420
288	427
290	315
290	343
290	491
290	534
291	412
291	531
292	499
293	515
294	472
294	523
295	316
295	412
295	453
295	464
295	484
297	538
298	374
299	572
300	361
300	415
300	470
300	541
301	336
301	382
301	496
301	556
302	393
303	333
303	503
304	423
304	465
304	571
304	582
305	541
305	564
306	506
307	311
307	314
307	434
308	348
309	436
309	462
310	453
310	497
312	370
312	432
312	513
313	327
313	329
313	331
313	403
313	412
314	457
314	578
316	565
317	435
317	453
317	590
318	519
318	574
320	427
320	508
321	344
321	460
321	474
321	571
322	378
322	471
323	375
323	401
323	442
323	445
325	397
326	416
326	422
326	523
326	579
327	333
328	363
328	477
329	361
329	396
329	423
329	513
330	521
331	434
331	585
332	543
333	344
333	351
333	477
333	589
334	345
334	492
335	358
335	402
337	407
337	416
338	368
338	371
339	416
339	505
339	596
340	345
340	357
340	482
341	430
343	546
344	465
344	472
344	578
345	368
345	492
346	376
346	468
346	476
347	524
348	439
349	403
349	421
349	516
349	525
349	560
350	359
351	416
351	571
351	583
352	386
352	483
352	574
352	589
355	371
356	390
356	443
356	468
356	531
357	506
357	535
358	599
359	507
359	522
359	559
360	375
361	500
361	598
362	426
362	460
364	510
366	419
366	421
366	581
366	589
367	584
368	561
371	399
371	427
373	390
374	598
375	580
376	467
376	563
377	426
377	443
379	423
379	567
382	580
383	481
383	533
384	502
384	513
385	491
386	462
387	435
389	440
390	504
390	534
390	583
392	416
392	507
392	543
393	428
393	509
393	577
395	506
396	417
396	491
397	408
398	521
399	455
399	503
400	411
400	488
400	552
403	474
403	522
404	408
404	594
406	511
407	415
407	476
409	480
409	496
410	524
411	493
411	531
412	561
413	437
413	586
414	469
414	477
414	569
415	501
416	571
417	431
417	545
418	512
419	536
420	423
420	539
421	430
421	475
422	480
423	470
423	505
423	547
424	550
425	448
425	449
425	533
426	544
427	542
428	522
429	477
429	569
429	574
430	489
433	490
434	476
434	533
436	535
437	576
438	551
439	474
440	581
442	594
443	505
447	547
450	459
451	595
452	454
452	458
453	469
453	539
454	542
455	591
456	478
456	504
456	528
456	545
456	565
457	498
457	546
459	460
459	506
461	464
462	468
464	562
465	478
469	519
469	590
471	537
471	555
472	533
472	592
475	534
475	576
478	572
482	552
482	556
482	560
482	571
483	490
484	530
484	539
485	528
488	490
490	498
490	528
494	557
496	581
497	535
499	505
499	560
500	521
502	544
502	584
503	549
503	584
504	535
505	554
506	508
507	534
509	512
510	565
511	544
514	579
515	533
515	542
518	560
534	558
535	555
537	586
539	590
544	576
548	589
549	566
551	584
554	555
556	597
557	568
562	570
576	595