0	27
0	112
0	254
0	467
1	37
1	95
1	121
1	195
1	245
1	441
2	107
2	375
2	468
2	510
3	14
3	257
3	283
3	355
3	550
4	16
4	78
4	103
4	441
4	525
5	170
5	188
5	271
5	276
5	367
5	408
6	322
6	424
6	469
6	483
6	556
6	560
7	10
7	174
7	427
7	450
8	295
8	531
9	87
9	95
9	104
9	134
9	161
9	393
9	400
9	540
9	566
10	16
10	55
10	208
10	271
10	580
11	140
11	318
11	516
12	74
12	160
12	188
12	204
12	355
12	425
12	525
13	201
13	372
13	529
14	346
14	402
14	447
15	77
15	185
15	299
15	395
15	432
16	86
16	276
16	352
16	427
16	456
17	466
17	531
17	533
18	91
18	114
19	489
20	356
20	563
21	266
21	424
22	152
22	259
22	287
22	315
23	150
23	163
23	330
23	392
24	366
25	206
26	317
27	235
27	465
28	232
28	496
29	60
29	330
29	413
30	76
30	141
30	350
31	360
31	546
32	234
32	302
32	357
32	478
32	530
33	313
33	318
33	372
33	595
34	65
34	138
34	211
34	376
34	512
34	518
34	545
35	44
36	78
36	138
36	237
36	388
36	491
36	557
37	51
37	119
37	430
37	432
37	471
37	493
38	161
38	379
38	555
39	80
39	104
39	239
39	308
39	439
39	456
39	495
39	541
40	177
40	490
40	532
40	578
41	83
42	44
42	511
43	184
43	298
43	356
43	411
43	439
44	516
45	96
45	107
45	393
45	437
46	89
46	232
46	344
46	434
46	470
46	490
46	584
47	94
47	95
47	264
47	311
47	411
48	290
48	488
48	520
49	50
49	113
49	436
49	454
50	158
50	321
50	327
50	373
50	582
51	79
51	147
51	339
51	428
51	516
51	586
52	116
52	298
52	560
53	139
53	251
53	463
54	104
55	299
55	319
55	376
55	402
55	576
56	148
56	227
57	63
57	244
57	358
57	366
57	371
57	432
57	504
58	194
58	316
58	445
58	512
59	79
59	177
59	180
59	306
60	162
60	207
60	303
60	382
61	228
61	239
61	355
61	418
61	550
61	557
62	341
62	468
62	598
63	128
63	219
63	241
63	379
63	482
64	148
64	226
64	324
65	86
65	181
65	182
65	209
65	210
65	496
65	521
66	125
66	203
66	295
66	462
66	525
66	583
67	275
67	399
68	198
68	321
69	205
69	301
69	573
69	581
70	87
70	111
70	235
70	284
70	285
70	317
70	446
70	499
70	505
70	561
71	75
71	199
71	289
71	401
71	547
71	561
71	580
72	109
72	245
72	383
72	457
73	154
73	257
73	480
74	169
74	171
74	341
74	362
74	488
75	409
75	423
75	443
76	128
76	196
76	236
77	188
77	357
77	362
77	466
77	536
77	553
78	101
78	118
78	448
79	158
79	263
81	445
82	128
82	307
83	287
83	387
83	411
83	580
84	135
84	147
84	193
84	204
84	238
84	318
84	536
85	296
85	321
85	412
86	124
86	390
86	396
86	456
87	296
87	311
87	363
87	449
87	504
88	203
89	90
89	124
89	145
89	250
89	472
89	583
90	108
90	403
91	292
92	196
92	432
92	513
92	599
93	221
94	214
94	277
94	329
95	181
95	549
96	277
97	144
97	236
97	375
97	584
98	198
98	387
99	127
99	205
99	443
99	495
100	155
100	325
100	329
100	377
100	443
100	449
100	531
101	129
101	140
101	306
101	336
101	356
101	507
102	211
102	276
102	280
103	192
103	320
103	363
103	470
103	526
103	530
104	121
104	250
104	373
105	293
105	320
105	435
106	186
107	122
107	155
107	256
107	414
107	458
107	470
107	570
107	577
108	149
108	154
108	305
108	419
110	151
110	313
110	353
110	425
110	538
110	570
111	282
111	558
112	183
112	392
112	504
112	556
113	207
113	492
113	551
114	233
114	335
114	380
114	418
115	139
115	167
115	229
115	371
115	376
115	495
116	282
116	410
116	549
116	574
117	447
118	259
118	264
118	269
118	551
119	361
119	544
119	560
120	187
120	506
120	527
120	576
121	187
121	201
121	302
121	397
122	525
123	325
123	445
124	254
124	319
124	387
124	420
124	457
125	305
125	384
125	452
125	487
126	367
126	419
126	505
126	537
127	258
128	147
128	491
128	517
129	338
129	387
130	393
130	423
130	436
131	403
132	138
132	177
132	223
132	319
132	517
133	552
133	583
134	320
134	421
135	152
135	350
135	557
136	326
136	531
137	170
137	235
137	377
137	441
138	241
138	242
138	430
139	156
139	444
139	472
140	265
141	167
141	338
141	415
142	154
142	179
142	299
142	460
142	527
143	165
143	315
143	317
144	218
144	222
145	294
145	295
145	545
145	578
146	241
146	393
146	453
146	522
146	566
146	592
147	325
147	426
147	499
147	532
147	572
148	270
148	278
148	501
148	509
149	161
149	234
149	258
149	330
150	506
151	206
151	228
151	251
151	361
151	400
151	512
151	522
151	523
151	529
151	565
152	205
152	359
152	446
152	458
153	204
153	266
153	286
153	341
154	167
154	290
154	322
154	416
155	526
155	535
156	318
156	341
156	381
156	387
156	545
157	269
157	343
157	549
158	409
158	429
158	453
158	472
159	277
159	494
159	518
159	519
159	568
160	290
160	338
160	457
160	515
160	540
161	190
161	279
162	254
162	479
162	489
163	228
164	176
164	415
164	427
165	474
165	493
165	525
166	364
166	421
166	535
167	280
167	376
167	392
167	478
167	521
167	562
168	330
168	535
169	497
169	581
170	182
170	451
170	508
171	210
171	260
171	268
171	327
171	363
172	284
172	288
172	357
173	253
173	289
174	393
174	453
175	236
175	264
175	355
175	427
175	451
175	528
176	366
177	201
177	533
178	316
178	457
178	523
178	536
179	521
181	528
182	280
182	483
183	219
183	252
183	330
183	391
183	438
183	458
183	484
184	196
184	520
185	279
185	316
185	426
185	438
186	305
186	353
186	461
186	551
186	579
187	238
187	344
187	417
187	425
187	474
187	482
187	594
188	311
188	407
189	520
190	456
190	472
191	296
192	194
192	270
192	291
192	292
192	373
192	486
192	584
193	223
193	277
194	514
194	532
194	533
194	545
194	555
194	556
195	312
196	427
196	539
197	238
197	544
197	551
198	244
198	277
198	435
198	562
199	402
199	472
199	525
200	235
200	522
200	525
200	527
201	230
202	401
202	438
202	488
203	348
203	441
204	211
204	461
204	485
204	594
205	216
205	420
206	260
206	390
206	416
206	454
208	229
208	258
208	383
208	457
209	442
209	545
209	546
210	294
210	544
210	574
211	323
211	490
212	335
212	383
213	326
214	271
214	361
214	554
215	303
215	338
215	530
215	537
216	250
216	447
217	373
218	401
218	416
218	497
219	581
220	242
221	324
223	263
223	595
224	392
224	522
224	523
225	396
225	456
225	585
226	323
226	415
226	552
227	264
227	402
228	558
229	544
231	500
231	597
232	247
233	337
233	375
233	383
234	299
234	389
235	259
235	356
235	427
235	579
237	271
238	509
239	277
239	502
239	539
240	592
241	359
242	417
242	464
243	284
243	339
244	279
244	290
244	392
244	450
245	412
246	357
246	446
246	479
246	483
247	455
248	251
248	378
249	582
250	321
250	488
251	257
252	344
253	321
253	350
253	390
253	444
253	531
254	314
255	276
255	303
255	343
255	451
255	547
256	435
256	443
256	458
256	465
256	492
256	495
258	346
258	595
259	400
260	319
260	425
260	447
260	484
260	565
261	417
261	534
262	528
262	594
264	422
264	426
264	452
264	507
264	534
264	540
264	595
264	597
266	348
266	420
266	484
266	496
267	320
268	450
268	540
269	287
269	326
269	359
269	439
269	519
269	552
270	388
271	274
271	306
271	401
271	450
271	548
272	551
273	458
274	328
274	405
274	507
274	532
276	351
276	375
276	587
277	409
277	435
278	308
279	417
280	301
280	401
280	528
281	367
281	425
282	346
282	395
283	297
283	390
285	341
285	573
286	289
286	528
287	317
287	327
287	356
287	562
288	291
288	366
288	514
289	320
290	324
290	576
293	402
293	527
294	504
294	578
296	373
296	437
296	451
297	492
299	487
300	310
300	545
300	597
301	371
301	511
301	588
302	388
302	420
302	520
303	457
303	499
303	577
304	386
304	545
305	362
306	383
307	529
308	331
308	432
308	513
308	531
309	384
309	525
310	564
311	381
311	559
311	597
313	316
313	321
313	322
313	429
313	537
313	538
313	554
314	346
314	381
314	466
315	370
315	574
315	591
315	596
316	374
316	448
317	465
317	525
318	415
318	429
318	480
319	400
319	437
320	396
320	501
320	591
321	544
321	563
322	399
322	470
322	558
323	363
323	571
324	350
324	455
325	447
325	524
326	458
326	546
326	557
327	553
328	393
328	502
329	453
329	481
329	541
329	548
330	380
330	447
330	489
331	386
331	422
332	520
333	403
333	587
334	366
334	383
334	432
334	439
334	557
335	384
335	478
336	415
336	498
337	369
338	353
338	370
339	529
339	551
340	460
340	551
341	543
342	347
342	413
342	488
342	500
343	446
343	532
344	484
344	523
344	559
345	392
345	410
345	478
345	503
346	515
346	528
347	489
347	512
348	393
349	427
349	526
350	447
351	435
352	357
352	436
352	546
353	519
354	564
354	581
355	572
356	378
357	417
357	572
358	520
359	465
361	389
362	501
362	535
362	545
363	565
364	527
365	370
366	507
367	417
367	472
367	508
368	517
369	577
371	446
371	463
371	591
372	598
373	466
373	483
373	560
374	437
374	470
374	492
375	494
376	410
376	421
376	470
378	496
378	565
379	469
379	530
380	397
382	416
382	507
383	438
383	477
383	494
384	443
385	398
386	590
387	475
388	471
389	442
389	468
391	573
393	448
393	482
393	527
394	497
394	590
395	500
396	426
397	406
400	425
400	537
400	569
401	451
401	500
402	560
403	566
403	592
404	461
404	500
408	545
408	576
409	425
409	459
410	415
410	516
412	492
412	565
413	486
413	578
414	476
414	573
415	570
416	461
416	578
417	436
417	481
420	444
420	584
422	493
423	520
423	535
424	558
425	481
426	552
426	570
429	444
429	451
430	495
430	502
431	598
433	585
433	591
434	468
435	501
437	493
437	497
439	566
440	516
441	467
441	580
442	538
443	495
445	554
446	454
446	478
446	484
447	448
447	503
448	523
452	471
452	523
453	455
453	573
454	533
458	486
458	523
461	530
462	522
462	535
462	543
463	511
464	471
464	499
465	512
465	530
465	561
465	580
466	575
467	588
470	496
472	590
473	504
473	523
474	479
478	510
479	494
479	509
480	494
480	542
481	576
482	511
484	515
484	532
485	500
486	567
488	538
495	533
495	578
495	585
497	579
498	515
500	522
500	532
501	593
502	542
503	595
504	523
504	544
505	563
507	511
507	532
508	519
510	514
511	598
514	550
514	566
515	536
517	540
517	542
518	529
518	542
520	541
524	571
525	578
528	589
530	531
530	593
531	562
534	540
538	583
539	586
543	581
546	567
546	587
550	577
551	556
552	570
559	578
559	596
560	578
562	565
574	598
576	585
580	590
590	595