0	203
0	419
0	520
0	557
1	238
1	596
2	236
2	261
2	282
2	333
2	366
2	457
3	184
3	191
3	266
3	367
3	484
4	166
4	211
5	53
5	126
5	560
5	561
5	585
6	225
6	304
6	319
6	356
7	47
7	103
7	175
7	398
7	437
7	464
8	159
8	262
8	357
8	433
9	139
9	273
9	411
10	95
10	116
10	381
11	237
11	283
11	568
12	169
12	233
12	247
13	49
13	176
13	182
13	256
13	276
13	434
14	19
14	135
14	190
14	234
14	238
14	311
14	335
14	434
14	483
14	585
15	334
16	29
16	118
16	225
16	268
16	501
16	563
17	50
18	85
18	167
18	168
18	218
18	449
18	520
19	78
19	144
19	367
19	556
20	39
20	153
20	189
20	501
20	586
21	22
21	293
21	382
21	454
21	523
22	75
22	84
23	34
23	65
23	91
23	341
24	132
24	182
25	260
25	438
25	496
26	36
26	53
26	56
26	163
26	297
26	345
26	421
26	439
26	481
26	550
27	201
27	403
27	447
27	479
27	519
28	167
28	186
28	220
28	376
28	453
28	524
28	535
29	40
29	120
29	237
29	333
29	378
29	446
29	590
30	146
30	250
30	292
30	408
30	457
30	527
31	106
31	193
31	284
31	306
31	502
31	513
32	394
32	403
33	131
33	288
33	346
33	419
34	92
34	430
35	298
35	365
35	440
35	441
35	535
36	242
36	345
36	416
36	429
36	460
36	487
37	148
37	376
37	419
37	544
38	41
38	441
38	596
39	108
39	116
39	236
39	494
40	137
40	254
40	305
40	418
40	524
40	534
41	211
41	281
41	406
42	413
43	100
43	139
43	439
44	94
45	107
45	242
45	424
45	503
46	81
46	97
46	422
47	52
47	290
47	532
48	167
49	584
50	178
50	231
50	233
50	278
50	346
50	541
50	551
51	123
51	166
52	104
52	541
53	136
53	242
53	269
53	398
53	468
53	595
54	180
54	195
54	229
54	325
54	402
54	533
55	412
55	542
56	186
56	200
56	255
56	343
57	232
57	316
57	555
58	81
58	85
58	438
58	495
59	183
59	287
59	377
59	413
59	587
60	162
60	510
60	534
61	87
61	162
61	196
61	260
62	107
62	169
62	343
62	569
63	95
63	174
64	98
64	108
64	573
65	105
65	248
65	334
65	487
65	518
66	98
66	179
66	378
67	147
67	164
67	241
67	410
68	153
68	188
68	262
68	359
68	510
69	131
69	365
69	504
69	526
70	110
71	75
71	132
71	311
71	518
72	404
72	428
72	555
73	259
73	317
74	98
74	151
74	181
74	212
74	368
74	519
75	271
75	300
75	301
76	146
76	382
76	551
77	374
78	145
78	317
78	357
78	481
78	485
78	541
79	216
79	232
79	337
79	587
80	594
81	212
81	522
82	130
82	151
82	317
82	460
82	477
83	229
83	297
83	441
84	323
84	397
84	442
84	512
84	576
84	593
85	275
86	366
87	96
87	124
87	151
87	354
87	408
87	411
87	418
88	127
88	154
88	190
88	431
88	438
88	519
89	98
90	128
90	279
90	332
91	345
92	96
92	101
92	142
92	253
92	418
93	463
93	510
94	321
94	332
94	479
95	322
95	399
95	402
95	412
95	573
96	124
96	220
96	328
96	439
96	451
96	597
97	289
98	146
98	348
99	102
99	277
99	291
99	386
101	245
101	552
102	158
102	195
102	223
102	335
102	359
102	436
103	169
104	142
104	167
104	290
104	540
105	175
105	187
105	236
105	416
106	296
106	304
106	308
106	414
106	501
106	519
106	533
106	557
107	290
107	403
107	503
108	376
108	506
108	516
108	542
108	557
109	251
109	309
109	360
109	448
109	533
110	243
110	381
111	275
111	279
111	307
111	356
112	342
112	536
112	588
113	249
113	370
113	396
113	415
113	451
113	455
113	483
113	512
113	538
114	297
114	359
114	460
115	133
115	166
115	282
115	426
115	459
116	149
116	239
116	379
116	467
116	517
117	198
117	367
117	418
117	431
117	475
117	572
118	125
118	209
118	234
119	376
119	566
120	246
121	323
121	554
122	301
122	533
122	561
122	562
123	167
123	325
124	596
125	141
125	155
125	237
125	301
125	318
125	378
125	394
126	220
126	300
126	535
127	140
127	148
127	374
127	419
127	444
128	219
129	230
130	173
130	333
130	396
131	251
131	282
131	341
131	364
132	217
132	392
132	423
133	248
133	284
133	334
134	145
134	162
134	207
134	357
134	384
135	402
135	538
136	253
136	425
136	545
137	142
137	147
137	306
138	313
139	291
139	455
139	560
140	207
140	267
140	395
140	416
140	474
140	545
141	285
142	415
143	446
143	530
143	589
144	170
144	199
144	223
144	273
144	305
144	586
145	193
145	391
145	413
146	301
146	355
146	462
146	562
147	213
147	397
148	175
148	263
148	320
148	430
148	467
148	471
149	272
149	385
149	479
149	523
150	228
150	388
150	561
151	188
151	303
152	197
152	220
152	314
152	558
153	224
153	458
153	560
153	589
153	593
154	280
155	197
155	571
155	580
156	357
156	394
156	454
156	582
156	587
157	525
157	579
158	183
158	350
158	448
158	498
159	565
160	179
160	315
160	346
160	387
160	421
161	396
161	413
161	471
161	534
161	593
162	246
162	385
162	506
163	166
163	538
164	209
165	276
165	452
165	463
165	494
165	593
166	281
166	402
166	405
166	493
167	194
167	292
167	402
168	248
168	376
168	464
168	569
170	348
170	511
171	286
171	389
171	506
171	529
172	210
172	211
172	286
172	314
172	339
172	570
172	593
173	269
173	339
173	499
173	503
173	559
174	334
175	389
175	566
176	217
176	484
176	501
177	513
178	297
178	477
179	347
179	493
180	469
180	529
180	560
181	248
181	285
181	417
181	531
182	188
182	441
183	221
183	229
183	491
184	365
184	431
184	466
185	234
185	331
186	285
186	558
186	577
187	421
187	473
187	560
188	311
188	313
188	489
188	498
188	517
190	295
190	414
190	514
190	538
191	198
191	329
191	386
192	543
193	270
193	315
193	384
193	417
193	441
193	505
193	559
194	364
194	506
195	329
195	434
195	470
196	372
196	444
197	323
197	327
197	338
198	472
199	214
199	489
200	259
200	310
200	519
201	231
202	355
202	473
203	204
203	487
204	220
204	481
204	551
205	375
206	218
207	209
208	386
209	254
209	408
209	489
209	533
209	559
210	384
210	480
210	596
211	308
211	395
211	505
212	287
213	286
213	287
213	343
213	364
213	424
213	570
214	260
214	337
214	461
214	482
214	499
215	295
215	514
216	399
217	366
217	402
218	315
218	369
220	319
220	578
221	456
221	574
222	457
222	484
223	297
223	352
223	443
224	325
224	445
225	268
225	448
225	547
226	326
226	346
226	358
227	353
228	352
228	418
228	482
230	273
230	353
230	416
230	510
230	553
230	557
231	350
231	389
231	412
231	493
231	511
232	472
232	492
233	345
233	515
233	552
233	568
234	255
234	268
234	402
234	407
234	433
235	264
235	266
235	380
235	544
236	245
236	350
236	407
237	371
237	420
238	337
238	399
239	245
239	318
239	418
239	423
239	461
239	470
239	509
240	512
240	546
241	344
241	397
242	442
243	374
243	413
244	414
244	441
245	330
246	251
246	290
246	348
246	364
246	426
246	507
246	561
246	598
247	295
247	364
247	378
247	486
247	501
248	435
248	448
248	539
248	540
249	453
249	487
249	587
250	316
250	418
251	466
251	566
252	292
254	399
254	428
254	433
255	259
255	317
255	330
255	428
255	532
255	566
255	589
256	328
256	386
256	467
256	476
257	524
257	528
258	305
258	484
258	520
258	589
259	331
259	360
259	544
260	271
260	419
261	292
261	498
261	573
262	294
263	312
263	482
263	567
264	329
264	527
265	567
265	568
266	384
266	406
266	510
267	275
267	448
267	464
268	412
269	464
269	517
270	312
270	569
271	317
271	541
272	350
272	492
273	409
273	488
273	500
273	540
274	300
274	308
274	552
275	368
275	410
275	493
276	490
277	291
277	328
277	454
277	456
278	302
278	374
278	505
279	289
280	316
281	353
281	486
282	349
282	469
283	401
283	523
284	331
284	490
285	304
285	323
285	328
285	334
285	380
285	437
287	489
288	415
290	533
290	561
291	386
292	432
292	546
293	363
293	495
293	592
293	599
294	355
295	464
295	502
295	556
296	506
297	348
298	361
298	522
298	571
299	468
301	315
301	383
301	506
301	552
302	588
303	505
304	362
305	583
307	314
308	318
308	378
308	498
309	547
309	567
309	583
310	554
311	488
311	505
312	346
312	355
312	491
312	527
313	368
313	374
313	413
314	338
314	439
314	469
314	582
315	493
315	546
316	344
316	436
316	489
317	413
318	591
319	451
319	547
319	580
320	506
322	440
322	527
323	509
324	547
324	597
327	439
327	458
327	466
327	588
327	594
328	334
328	372
328	403
328	594
329	381
329	464
330	390
330	413
330	450
332	405
332	490
333	548
334	454
334	506
335	358
336	407
337	470
337	552
337	597
338	534
338	594
339	341
339	391
339	468
340	505
340	595
342	352
342	405
342	561
343	395
343	543
344	345
345	417
345	424
345	445
346	525
348	385
348	511
349	405
349	449
350	470
351	428
351	497
351	540
352	464
352	522
352	544
352	560
352	570
353	463
353	500
354	369
354	437
354	573
354	590
355	499
355	508
356	412
357	564
358	417
358	427
358	569
361	463
361	582
362	597
363	512
364	514
364	571
365	384
367	554
368	442
368	518
369	561
370	450
372	529
372	581
373	435
373	530
374	377
374	430
374	474
374	544
375	482
375	580
376	531
376	569
377	438
377	567
378	496
378	574
379	390
379	422
379	529
380	426
382	554
383	532
385	479
385	523
386	521
386	539
387	562
388	456
388	555
389	529
389	582
390	567
392	519
393	537
394	490
394	509
395	468
396	426
400	513
401	549
402	440
402	548
402	572
404	409
405	419
405	537
405	548
405	577
406	529
407	432
408	416
408	551
412	430
412	572
413	448
413	465
413	500
414	564
415	517
415	590
416	579
418	525
418	569
418	580
419	457
424	490
424	582
425	453
427	469
427	499
429	454
429	547
429	576
430	431
430	475
430	540
430	547
430	583
431	468
432	456
432	550
433	542
433	556
434	556
435	479
436	517
437	499
437	529
441	480
443	513
443	563
444	465
444	540
445	478
445	496
446	457
448	556
449	473
449	505
451	470
451	487
451	544
452	580
454	545
455	477
456	595
458	584
459	521
460	575
462	489
464	587
468	542
470	519
470	534
470	543
470	586
472	476
472	525
474	515
474	595
475	575
476	513
476	541
477	523
478	592
478	594
479	593
481	587
483	550
484	559
485	501
485	582
489	556
489	575
490	597
491	550
492	561
496	597
498	563
500	508
500	551
501	562
503	535
508	563
509	516
510	590
512	563
516	529
517	578
518	588
520	525
520	533
523	551
531	552
533	572
537	597
542	568
543	586
549	583
551	588
556	568
559	564
570	596
571	599
578	579