0	109
0	127
0	128
0	195
0	396
0	522
0	567
1	40
1	184
1	308
1	477
2	26
2	113
2	190
2	268
3	49
3	90
3	106
3	309
3	389
3	450
3	523
3	547
3	584
4	103
4	271
4	459
4	477
5	67
5	154
5	206
5	504
6	7
6	208
6	568
7	133
7	164
7	404
8	225
8	255
8	280
8	424
8	433
9	326
9	460
9	502
10	200
10	278
10	280
10	350
10	547
11	119
12	116
12	259
12	348
12	418
12	428
12	457
12	470
13	32
13	99
13	162
13	179
13	289
13	425
14	73
14	138
14	314
15	113
15	116
15	120
15	168
15	204
15	291
15	458
16	357
17	335
17	443
18	24
18	221
18	243
18	419
18	444
19	286
19	362
19	544
20	353
21	77
21	104
21	428
21	438
21	558
22	133
22	148
22	319
22	431
23	132
23	240
23	498
23	535
24	296
25	212
25	337
25	345
25	571
26	82
26	151
26	265
27	85
27	100
27	184
28	31
28	160
28	164
28	224
28	237
28	393
28	427
29	105
29	200
29	335
29	528
29	530
30	177
30	244
30	303
30	310
30	363
30	402
31	138
31	214
31	304
31	357
31	395
32	144
32	221
32	304
32	346
32	502
33	82
33	110
33	428
34	293
34	330
34	572
35	45
35	161
35	277
35	392
35	467
36	395
36	435
36	445
36	596
37	119
37	510
38	136
38	382
38	438
39	62
39	332
39	386
39	501
40	418
40	445
41	55
41	104
42	51
42	180
42	207
42	586
43	65
43	289
43	537
43	564
44	272
44	439
44	462
45	135
45	179
45	345
45	372
45	451
45	585
46	132
46	190
46	234
46	262
46	374
46	483
46	496
47	329
48	163
48	463
48	541
49	563
50	51
50	52
50	75
50	208
50	408
50	550
51	216
51	237
51	238
51	277
51	401
51	452
52	63
52	541
52	542
53	161
53	376
54	221
54	222
54	259
54	304
54	400
54	418
54	520
54	530
55	195
55	332
55	459
56	74
56	256
56	472
56	589
57	436
58	59
58	69
58	89
58	428
58	465
58	487
58	582
59	140
59	222
59	264
59	315
59	325
59	463
60	64
60	256
60	259
60	415
60	544
60	558
60	570
61	372
61	497
62	77
62	83
63	75
63	120
63	171
63	329
63	421
64	291
65	478
65	519
66	111
66	196
66	222
66	308
67	150
67	201
67	208
67	263
67	346
67	365
67	394
68	118
68	540
69	297
69	346
69	592
70	129
70	244
70	265
70	335
70	446
70	513
70	530
70	565
71	88
71	182
71	298
71	334
71	371
72	330
72	362
72	578
73	172
73	260
73	417
73	524
74	161
75	98
75	374
75	416
75	541
75	588
76	184
76	229
76	498
77	127
77	259
77	438
77	497
78	89
78	116
78	221
78	301
78	392
78	397
78	410
78	487
78	498
79	182
79	251
79	470
79	482
80	165
80	193
80	239
80	325
80	327
80	335
81	125
81	129
81	183
81	383
81	395
82	464
83	311
84	183
84	226
84	476
84	480
84	525
85	160
85	207
85	308
85	462
85	524
85	532
85	570
86	263
86	485
86	569
86	588
87	163
87	305
87	429
87	525
88	116
88	224
88	332
88	349
88	379
88	449
90	464
91	165
91	300
91	355
91	430
92	117
92	185
92	248
92	302
92	340
92	386
92	411
92	463
92	537
93	117
93	252
93	294
93	403
93	441
94	227
94	283
94	516
94	554
95	151
95	154
95	271
95	317
95	364
95	451
95	594
96	494
97	506
98	208
98	267
98	370
98	452
99	278
99	393
99	415
99	503
100	269
100	275
100	521
100	592
101	195
101	324
102	253
103	154
103	190
103	441
104	270
104	297
104	302
105	161
105	565
105	586
106	126
106	193
106	228
106	424
106	483
106	523
106	572
107	175
107	410
107	569
108	356
108	372
108	538
108	577
108	587
109	225
109	392
109	467
109	493
109	562
110	133
110	372
110	437
110	521
111	493
112	140
112	177
112	232
112	389
112	456
112	587
113	291
113	334
113	389
113	442
113	542
113	548
113	574
114	150
114	267
114	427
114	485
115	222
115	340
115	367
115	478
115	566
115	576
116	260
116	447
117	216
117	221
117	370
117	525
117	538
117	565
118	595
119	146
119	178
119	290
119	349
119	471
119	562
120	156
120	221
120	464
120	524
121	335
122	180
123	378
123	532
124	155
124	393
124	394
125	240
125	326
125	448
125	449
126	480
126	575
127	243
127	262
127	289
127	305
127	337
127	537
127	584
127	593
128	192
128	225
128	253
128	410
128	529
129	177
129	423
129	499
130	164
130	268
130	269
130	382
130	539
131	246
131	279
131	396
131	583
131	586
132	140
132	321
132	348
132	488
133	171
133	422
133	571
134	256
134	298
134	430
135	425
135	477
135	487
135	550
135	581
136	217
136	266
136	289
136	458
136	558
136	561
137	173
137	280
137	321
138	175
138	239
138	289
138	295
138	471
139	154
139	372
140	302
140	518
140	539
140	550
140	560
141	155
142	145
143	366
143	424
143	474
143	529
143	561
143	583
144	363
144	375
144	399
144	500
145	322
145	575
146	354
146	365
146	397
146	479
146	509
146	581
147	212
147	327
147	358
147	372
147	393
147	474
148	207
148	420
148	435
148	493
148	545
149	242
149	250
149	306
149	397
150	220
150	268
150	435
150	534
151	195
151	308
151	434
152	439
152	500
153	418
154	271
154	362
154	468
154	572
155	355
155	357
155	408
155	431
155	546
157	263
157	306
157	375
157	562
157	569
157	595
158	408
158	448
158	530
159	223
159	426
162	262
162	379
162	391
162	398
162	406
163	273
164	293
164	296
164	411
164	466
165	303
165	552
166	252
167	182
168	365
169	301
169	306
169	357
169	466
170	243
170	358
171	251
171	264
171	275
171	583
172	297
172	361
172	584
173	547
174	229
175	310
175	314
175	336
175	402
176	291
176	349
177	394
178	189
178	252
178	343
178	510
179	217
180	355
180	409
180	449
181	323
181	423
181	543
183	264
183	457
184	198
184	292
184	299
184	475
186	212
186	232
186	337
186	376
186	589
187	374
188	213
188	341
189	321
190	370
191	470
192	504
192	535
193	209
193	385
193	438
194	282
194	292
194	329
194	356
194	596
195	524
195	583
196	325
196	380
196	549
197	207
197	327
197	435
197	498
198	509
199	219
200	451
200	460
201	362
201	429
201	465
202	263
202	334
203	257
203	531
204	483
204	566
205	358
205	505
206	405
206	430
207	228
207	490
207	495
208	214
208	303
208	390
209	399
209	579
210	505
210	557
211	281
211	433
211	470
211	477
212	550
213	385
213	504
213	507
214	359
214	431
214	576
215	547
215	594
216	453
216	529
217	289
217	346
217	422
217	431
217	486
217	573
218	565
219	335
219	451
220	305
220	459
220	504
221	589
222	372
222	406
222	456
222	532
223	241
223	263
223	320
223	429
224	281
224	344
224	407
224	593
225	497
226	420
226	451
226	584
227	426
227	493
228	363
229	566
230	294
231	385
231	541
233	493
233	497
233	524
234	470
235	272
236	319
236	485
236	516
237	365
237	466
237	514
237	539
237	547
237	550
237	578
237	587
238	254
238	292
238	345
238	388
238	464
238	506
240	361
241	252
241	444
241	492
242	301
242	350
243	442
243	499
244	285
244	343
244	348
244	413
244	561
245	345
245	418
245	534
246	594
247	334
247	387
247	402
248	276
248	400
248	455
248	565
248	578
248	599
249	354
250	326
250	487
250	494
250	559
250	561
251	271
251	378
251	443
251	470
251	477
252	303
252	373
253	293
253	296
253	488
253	577
254	324
256	384
256	427
256	582
257	297
257	304
257	388
258	343
258	399
258	550
259	263
260	524
261	383
261	497
262	408
263	351
263	402
263	542
264	278
264	283
264	474
265	282
265	301
265	335
265	563
266	300
266	509
267	278
267	300
268	314
268	455
268	460
269	412
270	377
271	576
273	299
273	362
273	451
273	503
274	506
275	410
275	487
276	385
280	294
280	439
280	496
281	287
281	516
282	319
282	348
284	451
284	497
285	332
285	350
285	359
285	439
286	554
286	572
288	402
288	424
288	511
288	525
288	590
289	449
290	291
290	363
290	365
290	372
290	440
290	572
291	299
291	472
292	298
292	407
292	432
292	451
292	570
293	576
294	447
296	533
297	339
297	543
298	307
298	399
298	403
298	448
299	314
299	321
299	568
300	346
301	516
301	566
302	330
302	365
302	448
302	498
302	506
302	526
303	366
303	397
303	447
303	596
306	313
310	439
312	323
312	422
312	424
312	442
312	489
313	493
313	501
313	511
313	516
314	402
315	407
315	441
316	321
316	358
316	476
317	563
318	540
319	323
319	504
320	452
320	459
320	574
323	391
323	457
323	536
325	472
325	503
325	537
325	567
326	379
326	537
327	348
327	424
327	426
327	568
328	374
328	376
328	399
328	587
329	563
330	380
330	402
330	475
331	338
332	367
332	375
332	393
332	478
333	335
333	428
333	474
334	402
335	396
336	406
336	522
337	380
337	408
338	570
340	481
340	504
341	378
342	415
342	558
343	484
343	514
344	462
344	529
345	458
346	423
346	488
346	535
347	447
347	557
349	486
349	519
351	517
351	558
352	368
352	442
352	573
357	459
357	521
359	364
360	431
361	365
362	397
362	479
362	554
363	489
365	412
366	421
366	540
367	522
367	551
367	581
368	462
368	536
369	519
369	591
370	378
372	569
373	510
373	536
373	558
375	514
377	397
378	599
379	380
379	515
380	594
381	420
381	481
381	533
381	594
382	398
384	496
386	463
386	480
386	528
386	534
387	527
388	420
388	554
389	550
391	501
392	537
392	542
392	560
393	498
393	576
394	522
396	415
396	516
397	433
397	528
397	560
398	425
398	441
400	420
401	430
401	500
402	447
402	453
402	489
402	502
404	480
406	450
406	543
407	466
407	504
407	522
408	466
408	519
409	495
410	594
412	474
413	459
413	508
413	542
414	588
415	428
415	506
418	493
418	567
419	441
419	590
420	463
421	481
423	580
424	454
425	442
425	466
425	477
425	518
425	590
426	469
426	493
427	558
428	493
428	553
429	441
430	546
431	544
432	527
434	503
435	502
436	516
439	448
439	517
439	577
440	515
440	544
442	461
442	530
442	540
443	517
444	454
444	458
444	576
445	469
446	469
446	558
448	557
448	571
449	451
450	519
450	522
450	555
451	510
451	523
453	478
453	515
454	467
454	555
456	551
456	578
458	567
460	517
460	569
461	467
461	551
461	558
462	557
466	476
467	516
467	556
470	599
471	579
472	571
473	520
473	565
474	541
475	482
476	570
477	544
477	587
480	597
482	544
487	510
491	521
491	561
495	511
495	590
496	577
503	551
503	558
504	597
505	557
507	562
509	519
509	534
509	554
511	582
512	515
513	598
514	558
514	577
515	569
517	595
526	585
528	552
529	561
531	592
533	594
534	559
535	537
549	568
550	585
551	558
551	577
560	580
564	586
574	590
574	592
582	596
583	589
587	594