0	92
0	544
0	572
1	10
1	163
1	233
1	337
1	570
2	210
2	291
2	303
2	340
2	481
3	36
3	116
3	187
3	454
3	463
4	143
4	371
4	491
4	553
5	42
5	319
5	468
6	120
6	140
6	226
6	316
6	560
7	10
7	207
7	249
7	415
7	416
7	460
7	558
8	77
8	110
8	206
8	254
8	259
8	372
9	218
9	418
9	560
9	588
9	590
10	508
11	36
11	301
11	449
12	90
12	105
12	312
13	136
13	240
13	438
13	448
14	22
15	48
15	158
15	344
16	187
16	249
16	368
16	412
16	483
17	216
17	373
17	431
18	398
18	409
19	147
19	572
19	580
20	39
20	321
21	45
21	227
21	310
21	514
21	541
22	85
22	86
22	124
22	281
22	347
22	565
23	74
23	199
23	327
23	424
23	478
23	578
24	184
24	189
24	307
25	121
25	321
25	324
25	345
26	105
26	154
26	323
26	362
26	394
26	449
26	487
26	539
26	584
27	138
27	435
28	132
28	388
28	422
28	476
28	557
29	146
29	310
29	318
29	557
29	585
30	208
30	221
30	301
30	413
30	446
31	459
31	507
31	534
32	93
32	278
33	97
33	251
33	280
33	530
34	153
34	471
34	537
34	583
35	318
35	324
35	476
36	142
36	254
36	557
37	152
37	232
37	420
38	79
38	150
38	283
38	504
38	545
39	179
39	550
40	408
41	92
41	420
41	550
42	238
42	242
42	244
42	357
43	99
43	175
43	579
44	255
44	272
44	389
44	491
45	179
45	290
45	482
45	542
46	259
46	265
46	379
46	508
46	599
47	153
47	340
47	459
48	250
49	297
50	75
50	215
50	241
50	266
51	70
51	203
51	573
52	246
52	364
52	429
53	61
53	178
53	403
53	433
53	529
53	599
54	332
54	357
54	550
55	201
55	272
56	346
56	424
56	450
56	595
57	258
58	158
58	247
59	313
60	143
60	256
60	428
60	458
60	467
61	79
61	88
61	185
61	289
61	423
61	437
61	510
61	560
62	404
62	542
63	86
63	173
63	185
63	310
63	363
63	369
63	501
63	513
63	525
63	563
63	573
64	114
64	171
64	198
64	576
64	583
65	66
65	169
65	244
65	418
65	480
66	167
66	298
66	399
67	123
68	184
68	285
68	397
68	488
69	323
69	556
70	75
70	109
70	198
70	509
71	115
71	293
72	139
72	204
72	387
72	468
73	170
73	357
73	384
74	116
74	165
74	235
74	437
74	498
74	533
74	597
75	179
75	387
75	409
75	476
76	103
76	131
76	257
76	315
76	363
76	538
77	463
77	473
78	269
78	270
78	523
79	132
79	157
79	328
79	367
79	399
79	491
79	493
79	520
79	535
79	588
80	285
80	300
80	323
80	475
81	400
82	88
82	107
82	196
82	254
82	275
82	329
82	584
83	170
83	171
83	262
83	450
83	508
83	547
84	185
84	210
84	236
85	514
85	543
86	100
86	523
87	176
87	252
87	253
87	402
87	590
88	111
88	303
88	429
88	458
89	91
89	98
89	128
89	383
89	473
89	513
90	138
90	185
90	380
90	418
90	526
91	189
91	295
91	396
91	451
91	515
92	133
92	204
92	402
92	582
93	219
93	268
93	524
94	137
94	584
95	127
95	170
95	192
95	231
95	242
95	435
95	500
96	520
97	250
98	351
99	263
99	332
99	439
99	454
99	527
100	181
100	490
100	495
101	328
101	504
101	506
102	218
102	289
102	298
102	331
102	389
102	483
103	160
103	168
103	171
103	271
103	382
103	428
103	444
103	536
103	546
104	121
104	400
104	476
104	491
104	492
104	510
105	181
105	263
105	522
105	540
106	223
106	366
106	446
106	473
106	577
107	141
107	299
107	536
108	122
108	188
108	347
108	520
108	585
109	116
109	270
109	301
109	424
109	448
109	532
110	191
110	564
111	117
111	276
111	353
111	388
111	463
111	499
111	527
112	149
112	263
112	271
112	480
112	493
112	529
112	530
112	548
113	125
113	224
113	312
114	211
114	219
114	505
114	551
115	149
115	234
115	596
116	137
116	364
116	475
117	143
117	359
117	384
118	215
118	478
119	124
119	207
119	260
119	425
119	430
119	511
119	519
119	573
120	310
121	244
121	247
121	463
122	130
122	258
122	319
122	433
122	434
123	181
123	336
123	503
124	223
124	310
124	492
125	473
126	395
126	575
127	358
127	453
128	216
129	218
129	503
129	508
129	525
130	266
130	349
130	522
131	337
132	181
132	376
132	423
132	569
133	145
133	384
133	402
134	203
134	285
135	177
135	262
135	429
136	541
137	388
138	175
138	363
139	167
139	222
139	233
139	278
139	347
139	382
140	148
140	246
140	328
141	169
141	177
141	311
141	563
141	588
142	150
142	216
142	321
142	367
142	426
142	479
143	185
143	199
143	366
144	452
145	173
145	208
145	570
146	418
147	222
147	255
147	281
147	394
147	584
148	464
149	189
149	294
149	305
149	325
149	389
151	376
151	566
151	595
153	439
154	499
155	220
155	283
155	359
155	396
155	540
156	168
156	496
157	347
158	238
158	476
159	222
159	270
159	295
159	354
159	571
160	231
160	272
160	535
160	578
161	283
161	557
162	218
162	246
162	312
162	322
162	439
162	552
163	420
163	542
164	388
164	558
165	242
165	249
165	356
165	443
166	444
166	555
167	296
167	520
168	185
168	308
168	346
168	356
168	381
169	179
169	300
169	318
169	325
169	353
169	536
170	584
172	405
172	421
172	431
172	518
172	580
173	267
173	287
173	409
173	493
173	543
174	176
174	260
174	282
174	376
174	424
174	482
174	572
175	181
175	276
175	327
175	341
175	440
175	459
175	485
176	250
176	263
176	300
176	314
176	562
177	407
177	451
178	279
178	432
178	508
179	259
179	308
179	417
179	420
180	301
180	336
180	446
180	539
181	222
181	482
181	557
182	283
183	209
184	586
185	322
186	203
186	340
187	372
187	522
187	561
188	592
189	374
189	417
189	470
189	500
190	441
190	468
191	236
191	452
191	498
192	278
192	321
192	507
192	537
193	200
193	202
194	310
194	375
194	544
194	547
194	596
195	225
195	385
196	259
196	266
196	451
196	520
196	541
196	545
197	225
197	368
197	371
197	569
199	266
199	281
199	451
199	507
200	244
201	306
201	505
202	238
202	239
202	275
202	375
202	503
202	555
203	248
203	276
203	586
204	232
204	330
204	507
204	521
204	532
204	541
205	461
206	289
206	306
207	355
207	389
207	448
207	452
207	471
207	541
208	349
208	386
209	254
209	460
209	462
209	592
210	239
210	364
210	373
210	410
210	470
210	530
210	537
211	319
211	484
212	222
212	340
213	369
214	341
214	378
214	434
214	463
214	524
215	295
215	316
215	432
215	518
217	232
217	291
217	431
218	309
218	352
219	257
219	467
220	238
220	248
220	342
220	493
221	282
221	327
221	333
222	357
222	572
223	323
223	402
223	506
224	247
224	410
224	545
225	526
226	400
227	507
227	537
228	275
229	244
229	272
229	469
230	357
231	283
231	541
232	425
233	342
233	590
234	441
234	555
235	377
235	473
236	568
237	521
238	326
238	344
238	391
239	262
239	299
239	410
239	505
239	512
239	532
240	455
242	399
242	587
243	471
243	516
243	583
244	253
244	364
244	591
245	295
245	455
245	470
245	478
245	510
246	592
247	266
247	500
247	525
247	528
248	401
248	470
248	487
249	285
249	393
249	562
250	317
250	436
251	434
251	453
252	291
252	338
252	516
253	527
254	261
255	377
256	280
256	411
256	593
257	265
257	544
258	433
258	532
259	510
261	360
261	479
261	547
261	566
261	574
262	430
263	306
263	374
263	481
263	501
263	560
264	337
265	305
265	429
265	433
265	457
265	550
266	419
266	445
266	503
267	289
267	376
268	457
268	529
270	280
270	286
270	387
270	532
270	582
270	583
271	346
272	560
273	362
274	299
275	329
275	548
276	286
276	357
276	486
276	587
277	441
277	446
277	528
278	428
278	437
278	473
278	573
279	454
279	559
280	298
280	322
280	561
280	598
281	474
281	504
281	544
283	294
283	355
283	463
283	554
283	583
284	518
285	302
285	321
285	502
285	525
286	354
286	377
286	543
287	317
287	379
287	513
287	554
288	403
288	417
288	471
289	303
289	464
290	296
290	434
290	435
290	558
290	567
291	387
291	417
291	481
292	298
292	366
293	349
293	466
294	532
294	549
295	594
296	346
296	532
296	553
296	599
297	354
297	597
298	342
298	412
298	480
299	483
300	373
300	435
300	469
300	508
301	315
302	315
302	341
302	368
303	376
303	518
304	344
304	394
305	560
306	346
307	348
307	456
310	355
310	557
311	349
311	581
313	431
315	331
315	458
315	545
316	386
316	483
317	338
317	397
317	413
317	575
318	521
319	483
319	597
320	423
320	437
320	494
320	500
320	517
321	464
321	564
322	564
323	332
323	565
324	335
325	481
325	503
326	455
327	366
327	415
328	434
328	563
329	390
329	471
329	499
329	524
330	482
330	546
331	377
331	530
332	548
333	429
334	339
334	350
334	398
335	363
335	425
336	390
336	554
337	339
337	398
337	538
338	587
339	383
341	544
342	464
342	571
343	460
343	522
344	460
344	479
346	387
346	433
347	432
349	443
349	449
349	453
350	387
350	599
351	432
352	365
352	553
353	375
353	537
354	372
354	480
354	530
355	536
356	390
357	524
358	395
358	584
358	598
359	383
359	548
360	420
360	494
361	442
361	552
362	365
362	458
363	385
363	508
364	369
364	421
364	518
365	420
365	435
366	380
366	433
368	388
368	427
368	491
368	560
369	543
369	579
370	582
371	522
372	375
372	461
373	488
374	386
374	453
374	524
375	454
375	518
375	576
375	581
377	410
377	539
377	558
378	593
382	497
382	508
382	522
383	473
383	488
383	510
383	577
385	394
385	481
386	588
388	473
388	515
389	539
390	423
390	435
390	555
391	431
391	450
392	507
393	395
395	495
396	447
396	533
396	572
397	479
397	537
398	594
400	422
400	546
401	487
401	555
401	581
402	406
403	499
403	561
403	580
404	423
405	421
405	444
406	583
406	594
407	434
409	447
410	518
410	567
412	556
412	582
414	481
414	595
414	599
415	575
416	512
418	541
420	498
421	474
423	464
424	445
424	477
424	507
424	559
424	599
425	461
426	525
427	512
428	432
430	452
431	511
431	562
431	569
433	479
434	449
434	565
437	553
438	491
440	524
440	528
440	591
441	499
441	531
441	570
442	509
442	535
443	489
443	555
444	491
444	560
445	464
445	506
446	472
448	592
449	522
451	523
453	577
454	571
455	501
455	509
455	557
456	506
456	561
456	563
456	583
457	489
458	594
459	479
459	490
460	558
464	480
465	589
466	480
466	512
467	471
467	506
467	539
467	544
468	583
470	573
470	594
471	513
473	495
475	575
477	596
481	511
481	587
482	584
483	581
484	507
486	562
486	571
487	512
488	583
489	515
491	532
493	598
501	553
502	544
504	544
505	521
509	593
511	526
511	575
513	571
515	569
521	552
522	564
531	542
531	554
531	565
533	584
536	591
537	585
538	560
543	556
547	569
551	581
551	584
551	586
554	564
557	570
560	580
562	575
563	599
570	588
571	599
578	589
591	593
592	594