0	152
0	168
1	83
1	136
1	274
1	312
2	123
2	223
2	393
2	491
3	90
3	573
4	359
4	364
4	386
4	421
4	502
5	90
5	94
5	218
6	57
6	92
6	144
6	194
6	207
6	279
6	415
6	422
6	551
7	252
7	535
8	120
8	185
8	589
9	179
9	266
9	328
9	468
9	526
10	25
10	86
10	251
10	257
10	411
11	347
11	437
12	240
12	370
13	182
13	267
13	275
13	279
13	465
14	238
14	274
14	323
14	360
14	440
14	514
15	98
15	130
15	207
15	218
15	394
15	410
15	453
16	119
16	184
16	339
16	543
17	47
17	77
17	163
17	196
17	254
17	325
17	479
17	529
17	591
18	30
18	196
18	297
18	298
18	480
18	550
19	46
19	154
19	167
19	254
19	331
20	109
20	133
20	323
20	468
20	488
21	269
21	355
21	590
22	55
22	182
22	311
22	429
22	446
22	451
23	344
24	62
24	127
24	319
24	519
24	588
25	282
25	419
25	536
26	77
26	137
26	162
26	246
26	431
26	495
27	199
27	598
28	48
28	59
28	69
28	371
28	440
29	137
29	312
29	396
29	407
29	511
30	34
30	96
30	227
30	285
30	323
30	327
30	477
31	138
31	199
31	294
31	518
31	529
32	313
32	379
33	59
33	187
33	598
34	43
34	176
34	314
34	316
34	324
34	429
35	74
35	130
35	155
35	200
35	484
35	490
36	141
36	204
36	488
37	149
37	333
37	433
37	523
38	366
39	65
39	269
39	307
40	90
40	115
40	134
40	135
40	157
40	329
40	453
40	583
41	181
41	391
41	501
41	549
42	153
42	487
42	539
43	147
43	219
44	461
44	500
45	155
45	172
46	70
46	207
46	287
46	291
46	500
46	595
47	48
47	500
47	597
48	128
48	295
49	391
49	561
50	102
50	239
50	286
50	324
50	373
50	510
51	287
51	293
51	481
51	519
51	527
51	553
52	303
52	403
52	431
53	126
53	177
53	304
53	489
54	148
54	300
54	395
54	478
54	488
55	147
56	132
56	232
56	276
57	240
57	352
57	507
58	66
58	262
58	307
58	425
58	498
59	68
59	261
59	303
59	459
59	497
59	587
60	573
61	148
61	481
62	340
62	391
62	521
62	554
63	66
63	70
63	290
63	296
63	408
63	588
64	123
64	246
64	555
64	582
65	202
65	246
65	389
65	490
66	78
66	127
66	243
66	282
66	446
67	82
67	197
67	222
67	257
67	271
67	416
67	462
68	286
68	478
68	572
69	108
69	232
69	282
70	152
70	184
70	192
70	254
70	347
70	390
70	434
71	238
71	324
71	418
72	77
72	238
73	373
73	374
73	414
73	515
74	474
75	77
76	121
76	225
76	283
77	88
77	117
77	239
77	372
77	409
77	566
78	176
78	186
79	333
79	441
79	442
80	417
80	536
81	164
81	296
81	327
81	367
81	376
81	404
81	423
82	106
82	205
82	247
82	404
83	245
83	261
83	483
83	529
84	431
84	475
85	124
85	439
85	477
85	570
86	330
86	378
86	476
87	143
87	244
87	269
87	394
87	438
87	439
87	490
87	567
88	155
88	338
89	182
89	372
90	276
90	312
91	159
91	283
91	305
93	209
94	366
94	384
94	394
95	353
95	427
96	147
96	219
96	238
97	383
97	438
97	456
98	248
98	304
98	307
98	430
98	487
98	498
98	537
99	321
99	359
100	292
100	383
100	472
100	526
101	226
101	327
101	335
102	105
102	383
102	575
103	413
104	112
104	164
104	182
104	270
104	526
105	308
105	488
105	490
106	305
106	355
106	560
107	190
107	495
107	599
108	382
108	404
108	512
109	117
109	243
109	357
109	366
109	543
110	218
110	415
110	481
110	530
110	557
110	570
111	561
112	525
113	148
114	538
114	582
115	125
115	496
115	517
115	538
115	544
115	563
116	247
116	300
116	365
118	198
118	323
118	333
118	403
118	444
118	580
119	335
119	336
119	393
119	452
119	587
120	200
120	327
120	471
121	320
121	322
122	239
122	258
122	288
123	236
123	265
123	408
124	363
124	413
125	310
125	503
126	149
126	382
126	573
127	304
129	235
129	298
129	331
129	470
129	597
130	137
130	158
130	357
130	387
130	413
130	432
130	434
130	513
131	226
131	304
131	319
132	221
132	298
132	396
133	417
133	593
134	149
134	162
134	175
134	380
134	390
134	541
135	159
135	297
135	361
135	386
135	476
136	271
136	308
136	400
136	446
136	472
136	535
137	234
137	263
137	333
137	550
138	181
138	287
139	193
139	575
139	586
140	267
140	520
141	433
142	211
142	240
142	252
142	260
142	586
143	370
143	515
144	358
144	562
144	564
145	150
145	395
145	497
145	558
146	486
147	271
147	312
147	559
148	204
148	215
148	306
149	192
149	528
150	347
150	494
151	232
151	313
151	435
152	201
152	301
152	418
152	431
152	486
153	340
154	244
154	252
154	314
154	394
154	426
154	437
154	478
154	508
154	510
154	518
154	526
154	557
155	236
155	247
156	305
156	493
156	587
157	549
157	568
159	199
159	395
159	477
159	599
160	199
160	366
160	549
161	278
162	215
162	343
162	539
163	205
163	515
164	267
164	311
164	322
164	406
165	279
166	189
166	243
166	292
166	362
166	497
167	191
167	465
167	481
167	483
167	526
168	251
168	305
168	434
168	473
169	581
170	388
170	497
170	596
171	408
171	430
171	450
172	244
172	572
173	372
173	517
174	398
174	453
175	292
176	492
178	441
179	293
180	250
180	348
180	415
182	309
182	363
183	307
183	347
183	378
183	519
184	388
184	521
184	544
184	552
184	581
185	281
185	443
185	472
185	550
186	523
186	541
187	235
188	363
188	393
188	399
188	402
188	551
189	401
189	494
191	436
191	590
192	341
192	378
192	397
192	404
193	403
193	482
194	393
195	272
196	385
197	235
197	298
197	315
197	425
197	514
198	311
198	344
198	566
198	597
199	257
199	297
199	560
200	376
200	560
201	349
201	398
201	452
201	453
201	491
201	585
202	298
202	553
203	222
203	519
204	339
204	583
205	461
206	262
206	351
206	428
206	524
207	370
207	412
207	461
207	527
208	328
208	374
208	439
208	591
209	237
209	563
210	533
212	386
213	290
214	341
214	416
215	217
215	231
216	237
216	359
216	469
216	495
216	564
217	279
217	473
218	330
218	409
219	322
220	297
220	407
220	549
221	316
221	333
221	513
221	575
221	598
224	423
224	503
224	540
225	261
225	263
226	265
226	562
226	590
227	332
227	384
228	278
228	316
228	354
229	401
229	467
229	477
230	343
230	548
230	554
232	534
233	414
234	252
234	376
234	432
234	484
234	489
235	441
237	272
237	574
238	319
239	420
240	461
241	426
241	539
242	379
243	285
243	313
243	592
244	341
244	351
244	469
244	506
245	307
245	436
245	477
246	265
246	376
246	434
247	277
249	512
251	303
251	455
252	446
252	458
252	579
253	446
253	585
254	539
255	293
255	295
255	309
255	545
256	367
257	468
258	269
258	282
258	486
258	589
259	450
259	596
260	383
260	396
260	459
260	461
261	339
261	441
261	526
261	571
262	313
262	342
263	412
263	491
263	596
264	503
264	573
267	294
267	374
268	594
269	553
271	323
271	369
271	418
272	302
272	374
272	573
273	310
273	379
273	430
276	447
276	541
277	340
277	374
278	560
278	561
279	539
279	544
279	560
280	383
281	354
281	522
281	594
282	309
282	312
282	360
283	339
283	416
283	486
283	514
284	507
284	540
285	452
285	575
286	412
286	495
286	504
287	493
288	415
288	427
288	588
289	292
289	364
289	443
290	570
290	580
291	422
292	417
292	540
294	455
295	362
295	528
295	539
295	566
296	578
297	431
297	536
298	329
299	387
300	560
301	310
301	463
301	465
301	512
301	513
302	501
302	504
302	534
302	541
303	315
304	426
304	563
304	571
304	580
305	532
307	554
308	317
308	452
309	463
309	563
311	549
312	492
312	574
313	331
313	406
313	458
313	473
313	505
314	399
314	465
314	575
316	505
316	508
316	523
317	512
317	574
318	368
318	402
320	435
322	330
322	382
322	587
322	592
323	405
323	535
324	334
324	394
324	581
325	408
325	422
326	345
326	347
326	402
327	418
327	469
328	427
328	493
329	355
330	347
330	536
331	513
332	344
332	440
333	561
335	394
335	432
335	519
336	488
336	504
336	559
336	561
337	544
339	387
339	449
340	416
341	351
341	451
342	531
343	542
345	542
346	573
347	351
347	401
347	537
348	501
348	526
349	381
349	444
350	540
351	361
352	498
352	513
353	464
353	505
353	568
354	455
354	485
354	542
355	376
355	385
355	459
356	391
356	411
356	465
356	533
356	555
356	598
360	395
360	495
361	444
361	581
363	404
363	446
363	561
363	570
364	495
364	502
365	517
365	530
366	591
367	371
367	542
368	433
369	378
369	386
370	407
370	420
370	463
372	394
373	463
374	523
374	577
375	446
375	526
375	590
377	397
378	497
378	592
379	557
381	483
381	485
384	479
384	529
385	467
385	483
385	564
386	542
386	569
387	468
387	525
387	567
388	469
388	492
388	500
390	505
392	415
392	538
392	598
393	477
393	487
396	459
396	514
396	593
397	403
398	415
399	537
400	542
401	584
401	593
402	583
403	547
403	580
403	587
404	487
406	489
406	524
406	545
407	450
407	466
408	436
410	421
411	530
411	565
411	572
412	577
413	534
414	477
414	524
416	554
417	529
417	541
418	562
419	559
421	533
421	585
422	424
423	467
425	443
426	465
426	470
426	518
428	482
429	485
429	490
429	558
430	529
430	595
431	453
431	549
432	462
433	516
433	547
434	539
436	494
436	539
437	460
437	468
440	441
442	576
444	459
444	590
445	488
445	529
445	594
446	578
447	464
448	512
448	517
450	467
450	549
450	570
450	593
452	472
452	511
452	573
452	579
453	587
454	518
455	560
457	497
459	571
460	511
461	524
462	571
463	528
463	566
464	582
468	533
468	534
473	563
474	578
474	580
474	589
476	529
476	552
477	569
480	546
481	482
485	499
485	539
485	599
487	570
488	572
489	569
490	569
491	564
492	516
498	590
500	582
502	503
502	584
505	552
508	548
508	564
509	529
509	546
509	557
513	536
513	580
516	525
517	562
518	569
519	527
519	558
521	523
522	549
523	596
524	551
527	542
528	561
533	579
534	547
535	543
536	563
536	577
546	583
548	560
552	586
555	565
556	591
559	598
561	586
561	591
568	570
571	577
578	597
579	591
580	593