0	153
0	176
0	524
1	276
1	421
2	72
2	409
2	509
3	22
3	195
3	218
4	272
4	285
4	517
5	221
5	258
6	255
6	498
6	541
6	562
7	295
7	573
8	246
8	418
8	537
9	401
9	410
9	533
10	98
10	109
10	247
10	547
10	594
11	107
11	172
11	267
11	339
11	340
11	416
11	429
11	505
12	70
12	144
12	448
12	469
13	24
13	91
13	182
13	314
13	545
14	84
14	192
14	198
14	380
14	433
14	465
14	548
14	599
15	69
15	239
15	298
15	308
15	508
15	570
16	290
16	429
16	524
16	579
17	62
17	448
17	568
18	89
18	95
18	355
18	396
18	399
18	508
18	599
19	189
19	431
20	106
20	109
20	235
20	248
20	383
20	553
21	71
21	121
21	318
21	505
21	517
21	576
22	32
22	43
22	182
22	273
22	439
22	467
23	124
23	343
23	424
24	89
24	185
24	290
25	30
25	95
25	137
25	207
25	299
25	564
26	450
26	490
26	513
27	272
28	166
29	506
30	117
30	582
31	239
31	335
32	517
33	119
33	127
34	51
34	216
34	381
34	433
34	538
35	155
35	296
35	316
35	542
36	146
36	589
37	309
37	461
37	524
38	122
38	354
38	471
38	546
39	323
39	426
39	485
39	487
39	592
40	248
41	186
41	311
41	397
42	71
42	208
42	557
43	360
43	583
44	105
44	157
44	209
44	333
45	462
46	60
46	279
46	367
47	222
47	229
47	531
48	399
49	286
49	310
49	411
49	429
49	448
49	590
50	147
51	440
51	503
52	429
52	494
52	515
53	305
53	578
54	390
54	559
55	85
55	208
55	291
55	347
55	380
55	389
55	530
55	577
56	83
56	128
57	123
57	457
58	111
58	451
58	477
58	483
59	66
59	331
59	376
59	383
59	530
60	124
60	149
60	329
60	389
60	391
60	392
60	570
60	574
61	342
61	403
62	184
62	511
62	553
63	94
63	353
64	152
65	90
65	115
65	140
65	221
65	466
65	563
66	269
66	476
66	567
67	140
67	312
67	536
68	80
68	142
68	194
68	251
68	581
69	282
69	341
69	525
69	570
70	190
70	318
70	426
70	467
71	395
71	456
71	497
71	507
72	344
72	536
73	155
74	85
74	437
74	456
75	198
75	585
76	159
76	260
76	597
77	94
77	151
77	421
77	566
78	190
78	500
78	526
79	185
79	247
79	320
79	344
79	443
79	508
80	88
80	200
80	277
81	166
81	214
81	291
81	367
81	406
82	221
82	367
82	465
82	513
83	311
84	103
84	294
84	468
84	529
85	93
85	195
85	433
86	273
86	557
86	558
87	462
88	497
88	507
89	272
89	527
90	293
90	353
90	463
91	154
91	567
92	210
92	220
92	417
92	490
93	101
93	176
93	334
94	120
94	300
94	524
95	323
95	495
96	202
96	382
97	223
98	142
98	156
98	185
98	286
98	572
99	270
99	295
99	300
99	326
100	452
100	518
100	556
100	574
101	179
101	202
101	500
102	241
102	504
103	181
103	372
104	526
105	172
105	175
105	522
105	587
107	114
107	376
108	480
109	142
109	160
109	279
109	365
109	403
110	370
110	576
111	215
111	382
112	373
112	422
112	435
112	528
113	327
113	344
113	538
114	250
114	303
114	376
115	206
115	207
115	238
115	396
115	534
116	224
116	240
116	349
116	411
116	443
117	158
117	295
117	311
117	329
117	440
117	576
117	589
118	147
118	295
118	565
119	366
119	415
119	527
119	580
120	142
120	293
120	460
121	455
122	251
122	332
123	221
123	303
123	307
123	310
123	311
123	392
124	164
125	141
125	395
125	413
125	518
126	129
126	171
126	293
127	194
128	216
128	523
128	590
129	147
129	416
129	461
130	139
130	168
130	241
130	251
130	413
131	260
132	248
132	393
132	446
132	448
133	262
133	269
133	283
133	379
133	469
133	472
133	509
133	547
134	576
135	250
135	268
135	289
135	467
135	577
136	159
136	171
136	230
136	253
136	390
137	238
137	242
137	460
138	201
138	363
139	279
139	328
139	376
139	401
140	431
140	449
141	550
142	206
142	295
142	362
143	189
143	316
144	148
144	247
144	502
144	512
145	160
145	402
145	423
146	289
146	571
147	254
147	268
147	421
147	434
147	442
147	460
147	466
147	587
148	200
148	210
148	410
149	153
149	278
149	289
150	188
151	224
151	229
151	251
151	349
151	382
151	417
152	156
152	514
153	391
153	400
154	271
154	284
154	443
154	574
155	331
155	460
155	472
156	225
158	286
158	381
159	378
159	555
159	578
160	242
161	196
162	390
162	394
162	537
163	178
164	234
164	483
164	581
165	204
165	228
165	288
165	373
165	387
165	507
165	589
166	404
166	418
167	230
167	301
167	318
167	390
167	471
168	297
168	365
169	350
169	370
169	508
170	349
170	375
170	533
171	326
172	187
172	224
172	363
172	518
173	313
173	559
174	238
174	271
174	346
174	471
174	500
174	527
175	264
176	214
176	245
177	247
177	593
178	492
178	511
179	275
180	302
180	359
180	417
180	595
181	250
181	354
181	423
181	444
181	480
182	204
182	226
182	247
182	437
182	499
182	540
182	575
183	362
183	476
184	262
184	276
184	371
184	459
184	553
184	573
185	237
185	364
185	401
185	456
185	549
186	197
186	219
186	393
187	311
187	516
187	530
188	519
188	525
188	560
188	575
189	371
189	516
190	227
190	379
190	442
190	583
191	283
191	306
191	381
192	439
192	572
193	292
193	475
193	587
194	219
194	403
195	292
195	578
195	585
196	202
196	224
196	592
197	396
198	489
198	527
199	385
199	526
199	584
200	278
200	349
200	379
201	431
201	593
202	316
203	383
203	392
203	448
204	588
205	456
206	458
208	445
208	448
208	542
209	358
209	509
210	403
211	542
212	380
212	406
212	495
212	539
213	290
213	354
213	473
214	371
214	413
214	501
214	574
215	303
215	388
216	245
216	596
217	247
217	341
217	374
218	454
218	549
219	361
219	477
219	520
220	265
220	413
221	290
221	468
221	546
221	568
222	482
222	580
223	379
223	412
224	302
224	304
224	323
224	400
225	359
225	363
226	467
227	295
227	557
228	234
228	239
228	393
230	404
230	410
230	598
231	297
231	578
232	454
232	588
233	287
233	369
233	373
233	375
234	421
234	543
235	493
235	544
236	328
236	441
237	265
238	366
238	585
240	396
240	401
240	544
241	273
241	327
241	361
241	597
242	336
242	422
242	475
242	554
243	458
243	498
243	517
244	507
245	277
245	366
245	405
245	455
246	361
246	513
246	599
247	343
247	593
248	451
249	258
249	313
249	316
250	277
250	542
250	595
251	298
251	379
251	444
252	315
252	355
252	375
252	464
252	496
252	504
252	592
253	404
253	431
254	460
255	278
255	585
256	371
256	474
257	419
257	529
257	575
258	273
258	496
259	460
259	482
259	524
260	390
260	518
261	307
261	340
261	522
262	525
262	562
263	451
264	290
264	417
264	553
265	457
265	505
266	276
266	426
266	528
266	591
267	482
267	497
268	488
269	467
270	281
271	306
271	308
271	320
271	502
272	384
272	514
273	414
274	287
274	476
275	336
276	303
276	409
276	516
276	572
277	302
277	332
277	518
277	587
278	469
278	507
279	299
279	591
280	440
280	444
280	596
281	436
281	470
284	492
284	554
285	442
286	358
286	432
286	503
287	333
287	452
287	472
287	598
288	406
288	431
288	483
290	349
290	428
290	534
291	400
291	492
292	313
293	483
294	426
294	429
294	531
295	342
295	429
295	546
296	416
296	521
297	370
297	433
297	446
297	580
298	371
298	446
298	516
298	549
299	567
301	422
301	448
301	581
302	428
302	511
302	527
303	329
303	353
304	338
304	499
304	521
305	382
305	547
306	530
307	424
307	439
308	365
308	522
309	367
309	369
310	379
311	391
312	558
313	522
314	338
314	348
314	395
315	455
316	390
316	532
316	533
317	429
317	476
317	593
318	346
318	386
318	390
319	381
320	352
320	550
321	396
321	414
322	337
322	391
322	462
323	377
323	488
323	503
323	597
324	332
324	444
324	518
325	344
326	353
326	448
326	562
326	592
327	414
327	443
327	586
328	425
328	469
328	506
328	523
328	542
329	412
329	504
330	567
331	470
331	514
332	343
332	451
333	503
333	555
334	412
334	439
335	556
336	529
338	374
338	441
339	379
339	385
339	458
340	386
340	514
340	574
342	356
342	551
343	580
344	353
344	594
345	373
345	398
345	485
346	464
349	373
349	447
351	364
352	398
352	445
352	507
352	528
352	558
353	392
353	516
353	573
354	391
354	434
354	552
354	577
354	594
355	386
356	368
356	446
357	512
357	555
357	577
358	442
358	574
359	365
360	418
360	423
361	421
361	562
363	420
363	540
364	451
364	456
364	524
367	399
367	527
368	438
368	460
368	461
368	543
368	587
369	390
369	463
369	514
370	539
371	463
371	506
371	572
372	480
372	572
373	490
373	593
373	598
374	572
374	589
375	524
375	559
377	511
377	536
377	563
378	583
379	510
380	469
381	458
382	584
383	589
384	455
386	447
387	412
387	449
388	571
390	586
391	510
393	417
393	424
393	468
393	562
394	500
394	510
395	468
395	478
395	571
396	408
396	410
396	468
397	479
398	579
399	439
400	457
400	482
400	544
400	579
401	483
401	547
401	576
402	495
403	439
403	591
404	406
405	523
406	556
407	534
407	584
408	453
408	555
409	426
409	588
412	445
413	492
415	465
415	481
418	597
421	460
421	528
421	545
422	522
422	546
422	586
423	575
423	576
424	569
425	453
426	515
426	550
426	574
427	454
427	457
427	568
427	573
428	545
430	497
431	433
431	483
432	541
432	562
433	513
435	586
436	488
437	578
437	587
438	498
438	589
439	517
439	544
440	448
440	477
443	472
444	480
444	571
445	491
448	520
448	526
449	562
449	577
450	509
453	570
454	463
456	474
456	512
458	560
459	484
461	590
462	463
463	561
464	465
464	518
465	511
465	547
468	578
469	471
469	548
474	508
477	545
479	526
480	534
481	590
482	497
482	533
483	551
486	594
487	563
487	585
489	495
492	572
495	584
497	560
497	566
501	519
502	513
503	512
504	565
507	525
507	548
507	549
507	580
508	551
513	572
518	535
518	541
519	578
520	573
521	539
522	536
527	558
531	582
532	550
533	599
535	596
536	579
536	588
540	556
542	573
544	593
549	581
555	574
555	576
556	565
560	599
567	575
572	574