0	60
0	95
0	524
1	172
1	315
1	332
1	495
1	585
1	590
2	88
2	494
3	66
3	102
3	372
3	410
4	363
4	455
4	515
4	530
5	61
5	225
5	308
5	312
5	412
5	420
5	434
6	477
6	535
6	570
6	579
7	450
8	189
8	269
9	106
9	243
9	437
9	492
10	152
10	493
10	497
10	514
10	565
10	573
11	78
11	85
11	356
11	449
11	459
11	542
12	260
13	45
13	50
13	138
13	152
13	239
13	420
13	535
14	189
15	101
15	172
15	247
16	143
16	225
16	300
16	368
16	432
17	70
17	158
17	398
18	274
18	278
18	530
19	385
20	122
20	147
20	436
20	480
21	174
22	361
23	236
23	243
23	280
23	403
24	221
24	522
25	35
25	58
25	148
25	241
25	382
25	426
25	467
25	473
25	501
25	526
26	106
26	426
27	184
27	283
27	298
28	200
28	203
28	461
29	96
29	270
29	441
29	446
30	276
30	334
30	513
30	527
31	41
31	130
31	229
31	295
31	538
32	45
32	86
32	319
32	428
32	471
33	247
33	401
34	171
34	193
34	293
34	369
34	529
35	46
35	100
35	109
35	198
35	512
35	535
36	37
36	157
36	169
36	453
36	464
37	91
37	97
37	110
37	143
37	228
37	356
37	375
38	67
38	268
38	338
38	397
38	437
38	569
39	235
39	268
39	429
40	87
40	97
40	235
40	239
40	343
40	561
41	79
41	588
42	74
42	153
42	165
42	287
42	367
42	435
43	200
43	384
43	444
43	489
43	549
43	554
44	80
44	110
44	124
44	231
44	293
44	436
44	598
45	262
45	268
45	333
45	483
46	117
46	181
46	282
46	283
46	548
47	351
47	415
47	444
47	469
48	299
48	403
48	418
48	472
49	110
49	200
49	251
49	449
49	520
50	514
51	53
51	204
51	340
52	111
52	198
53	289
53	541
54	477
54	501
54	510
55	366
55	586
56	195
56	206
56	210
56	418
56	461
56	465
57	209
57	266
57	319
57	383
58	83
58	239
58	305
58	314
58	433
59	179
59	269
59	327
59	425
59	574
60	105
60	281
60	377
60	431
60	591
61	163
61	199
61	316
61	497
61	561
62	333
62	343
63	83
63	101
63	250
63	500
63	519
64	311
65	78
65	168
65	296
66	85
66	467
67	93
67	226
67	247
67	346
67	367
67	472
67	475
68	154
68	272
68	371
68	419
69	224
69	393
69	531
69	535
69	560
70	173
71	117
71	322
71	354
72	392
72	473
72	552
73	187
73	260
73	346
74	76
74	301
74	382
74	450
74	512
75	353
75	585
76	113
76	376
77	442
77	443
77	510
78	106
78	185
78	350
79	99
79	118
79	460
79	490
80	282
80	284
80	474
81	334
81	478
81	485
82	311
82	425
83	90
83	348
83	444
83	471
84	233
84	462
84	596
85	248
85	314
85	316
85	379
85	450
86	158
86	284
86	464
87	272
87	434
87	509
88	184
88	197
88	330
89	329
89	376
89	423
89	437
89	501
90	434
91	204
91	330
91	402
91	482
92	148
92	172
92	280
92	308
92	552
93	201
93	212
93	324
93	402
94	98
94	103
94	224
95	104
96	308
96	349
96	498
97	356
97	581
98	140
98	273
98	285
99	308
99	374
99	486
99	584
100	186
100	442
100	473
101	195
101	303
101	385
101	413
101	468
101	474
102	197
102	519
103	152
103	322
103	338
103	390
104	250
105	277
105	464
106	418
106	560
107	534
107	577
108	228
108	270
108	297
108	301
108	309
108	359
108	401
108	403
108	435
109	574
110	218
110	361
110	397
111	182
111	346
111	522
112	429
113	215
113	441
114	228
114	239
114	326
114	370
114	481
114	488
114	521
114	564
115	118
115	300
115	444
115	536
116	308
116	343
116	360
116	367
117	123
118	238
118	459
118	550
119	168
119	199
119	407
120	434
120	599
121	284
121	577
122	284
122	375
122	588
123	150
123	309
123	381
123	579
124	165
124	305
124	309
124	445
125	415
125	461
126	322
126	413
126	498
127	174
127	284
127	541
128	424
128	454
129	148
129	200
129	355
129	358
130	142
130	270
130	427
130	582
131	419
131	547
132	169
132	206
132	258
132	456
133	175
133	320
133	367
133	429
134	354
134	393
134	423
134	574
135	194
135	276
135	372
135	532
135	540
136	217
136	390
136	489
137	257
137	482
137	541
138	153
138	290
139	145
139	184
139	269
140	164
140	226
140	306
140	391
140	557
141	158
141	467
141	532
142	335
142	475
142	481
142	519
143	205
143	229
143	498
143	597
144	249
144	567
145	202
145	326
145	362
145	437
145	489
146	598
147	168
147	252
147	539
148	186
148	250
148	260
148	293
148	404
148	447
148	472
148	532
148	575
149	162
149	583
149	596
150	190
150	349
150	446
150	532
151	495
152	310
152	400
152	430
152	445
153	371
154	183
154	334
155	183
155	280
155	457
155	468
155	492
156	178
156	214
156	270
156	454
156	473
156	501
156	578
157	371
157	426
157	588
157	589
158	194
159	234
159	597
160	379
161	194
161	430
162	295
162	355
162	380
162	419
162	423
163	222
163	315
163	412
163	555
164	182
164	281
164	393
165	186
166	296
166	378
166	424
166	474
166	533
167	258
167	303
167	494
167	514
167	542
168	271
168	542
169	180
169	215
169	278
169	345
169	540
169	549
169	553
170	188
170	391
170	497
171	244
171	300
171	380
171	548
172	293
172	327
172	365
172	407
172	431
172	458
172	487
172	559
173	261
173	522
173	526
174	387
175	272
175	486
175	505
176	392
177	291
177	311
177	357
178	336
179	192
179	257
179	293
179	396
180	406
181	598
182	229
182	261
182	306
183	187
183	599
184	230
184	324
184	338
184	375
184	390
184	412
187	303
187	591
189	234
189	366
189	433
189	489
190	390
190	412
190	423
191	299
191	403
191	529
192	341
192	443
192	507
192	555
192	556
193	336
193	387
193	393
193	595
194	281
194	292
194	384
194	467
194	520
194	578
195	401
195	479
195	508
196	292
196	509
197	266
197	491
197	567
197	576
197	599
198	243
198	328
199	473
199	587
200	342
201	267
201	298
201	334
201	509
202	240
202	364
202	460
202	470
203	394
203	417
203	426
203	456
204	285
204	321
204	379
205	319
205	358
205	395
205	557
205	569
207	286
207	403
208	217
208	303
208	385
208	428
208	436
208	589
209	448
209	481
209	496
209	591
210	230
210	515
210	596
211	439
211	555
211	586
212	411
212	428
212	504
213	275
213	309
213	383
213	443
213	574
214	233
214	436
214	545
215	458
215	488
216	356
216	584
217	302
217	579
218	591
219	307
219	353
219	449
219	462
220	313
221	486
223	250
223	346
223	434
223	550
223	591
225	452
225	458
226	238
226	259
227	428
228	246
228	258
228	337
228	572
229	464
230	415
231	302
231	329
232	288
233	310
233	545
234	467
235	458
235	493
235	522
236	523
236	577
237	273
237	349
237	397
237	473
237	502
238	330
238	378
238	425
239	468
239	566
239	587
240	368
240	563
241	254
241	312
241	372
241	405
242	417
242	564
243	495
243	537
245	392
245	428
245	550
246	523
246	546
248	520
248	528
248	556
249	335
249	358
249	469
250	266
250	368
250	598
251	277
251	316
251	407
253	272
253	498
254	307
254	522
255	348
255	463
256	291
256	334
256	335
256	398
256	439
257	546
258	384
258	409
258	492
260	324
260	481
261	546
261	583
262	595
263	362
263	431
264	464
265	345
265	476
265	482
265	495
265	534
266	477
266	494
266	508
266	587
267	362
267	463
267	507
267	529
268	508
269	398
269	507
269	517
270	284
270	334
270	342
270	524
270	571
272	534
273	429
273	588
274	397
274	492
274	509
274	523
275	368
275	567
276	331
276	378
276	401
276	461
276	486
276	521
278	355
278	542
279	546
280	453
281	310
281	317
281	372
281	379
281	518
282	466
282	552
283	532
283	587
284	440
284	551
285	328
285	545
286	570
287	303
287	560
288	520
289	316
290	373
290	449
290	468
291	474
291	533
291	556
292	309
292	408
292	569
292	590
293	486
293	531
294	581
295	309
296	377
297	326
297	422
297	540
298	392
298	556
299	395
299	413
299	531
300	311
300	538
300	542
301	312
301	399
301	494
301	508
301	531
301	554
302	337
303	598
304	368
304	375
304	431
305	460
307	319
307	418
307	475
307	526
308	314
308	337
308	594
309	412
309	434
310	319
310	541
312	368
312	456
313	431
313	572
314	460
314	483
314	484
314	562
314	568
315	389
315	421
315	583
316	347
316	501
316	531
317	328
318	406
318	493
318	545
319	463
319	506
319	558
320	406
320	439
321	504
321	523
322	542
323	395
323	474
323	503
323	509
323	567
324	404
325	337
325	484
326	340
326	556
328	357
328	359
328	395
330	441
330	501
330	541
332	349
332	436
333	357
333	540
334	445
334	534
334	565
335	362
335	517
336	489
336	560
337	428
338	504
339	506
339	590
340	412
340	441
343	447
343	493
344	373
344	399
344	429
345	472
345	513
346	403
346	544
347	361
347	409
347	439
348	405
348	478
348	490
348	520
348	546
349	569
352	502
353	574
356	413
357	483
358	374
358	415
358	449
358	472
358	473
358	524
359	444
362	561
362	591
364	511
364	567
365	369
365	513
366	508
367	385
367	520
368	422
369	407
369	480
370	540
371	543
371	551
373	531
373	533
374	452
374	477
374	489
375	438
376	548
376	596
378	508
378	558
379	401
379	498
380	436
380	535
381	404
382	446
382	590
383	432
383	552
384	394
384	479
385	509
386	587
387	582
388	534
393	419
394	423
394	500
395	413
395	477
395	509
395	597
396	503
397	434
398	494
398	561
400	467
400	553
402	442
402	461
403	468
404	541
404	586
405	415
406	426
406	438
406	571
407	438
407	451
409	425
410	421
410	508
411	558
411	592
412	531
414	438
414	590
415	436
415	501
415	533
416	524
417	534
417	562
418	501
418	560
419	469
420	547
420	574
422	534
423	564
424	516
424	544
425	449
425	474
426	491
426	499
426	533
427	470
427	532
427	547
428	582
429	522
430	595
431	570
431	581
432	518
432	565
433	492
434	548
434	577
435	566
436	451
438	527
440	507
441	527
441	567
442	551
443	579
444	584
445	485
445	581
446	505
446	537
446	549
447	528
448	458
448	503
448	532
449	474
449	524
449	580
450	519
450	555
452	516
452	517
452	525
452	576
455	492
456	474
458	509
463	551
466	488
467	502
469	479
469	573
470	532
470	580
472	477
473	513
476	536
477	571
480	567
482	518
482	529
486	552
489	493
489	579
489	593
490	551
490	590
491	533
491	538
492	534
493	577
497	513
501	513
501	566
501	591
502	511
503	593
505	593
506	529
507	548
508	525
514	557
516	532
516	535
520	587
522	526
527	582
528	581
531	560
532	533
538	542
538	598
540	581
541	554
548	573
548	591
549	573
555	582
563	584
575	595
577	583