0	180
0	356
0	363
0	450
1	213
1	554
2	216
2	231
2	242
2	274
2	523
3	38
3	250
3	460
4	65
4	319
4	406
4	561
5	87
5	128
5	162
5	220
5	425
5	460
5	541
6	111
6	326
7	131
7	289
7	457
8	24
8	44
8	370
8	508
9	200
9	213
10	31
10	96
10	139
10	165
10	206
10	208
10	292
10	329
11	55
11	336
11	373
12	99
12	145
12	341
12	365
12	375
12	506
13	89
13	298
13	302
14	53
14	179
14	208
14	509
14	510
14	539
15	114
15	273
15	393
15	431
15	454
15	487
15	526
15	562
16	20
16	74
16	200
16	230
16	249
16	411
16	500
16	565
17	416
18	294
18	381
18	501
19	135
19	347
19	523
20	144
20	407
20	457
20	491
21	159
22	62
22	89
22	269
22	408
23	69
23	205
24	108
24	264
24	275
24	322
25	115
26	183
26	450
26	489
27	114
27	354
27	535
28	120
28	150
28	330
28	468
29	35
29	153
29	289
29	457
29	460
29	499
30	103
30	114
30	205
30	295
30	323
31	68
31	125
31	136
31	193
32	79
32	524
33	324
33	360
33	471
34	180
34	247
34	466
35	44
35	263
35	328
35	395
36	124
36	255
36	266
36	355
36	373
36	399
36	412
36	427
37	281
37	324
37	362
37	405
38	114
38	141
38	166
38	229
39	41
39	191
39	265
39	278
40	270
40	424
41	443
41	486
41	552
42	136
42	548
43	116
43	186
43	335
43	358
44	65
44	142
44	500
45	76
45	425
45	445
45	521
46	96
46	443
46	445
46	494
46	548
47	368
47	469
47	493
47	535
48	259
48	361
48	363
48	389
49	158
50	240
50	255
50	561
50	579
50	583
51	379
51	427
52	323
52	397
53	59
53	95
53	183
53	284
53	464
54	125
54	368
54	385
54	396
54	597
55	169
56	135
56	153
56	374
56	394
56	548
57	184
57	272
57	378
57	407
58	196
58	290
58	494
59	138
59	223
59	293
59	355
59	454
59	525
60	98
60	195
60	199
60	295
61	132
61	290
61	422
61	462
62	162
62	224
62	282
62	303
62	364
63	136
63	227
64	87
64	177
64	194
64	344
65	119
65	132
65	347
65	456
65	523
65	539
66	93
66	115
66	151
66	154
66	157
66	258
67	403
67	466
67	543
67	549
68	311
68	435
68	468
69	107
69	209
69	403
70	71
70	140
70	163
70	237
70	328
70	348
71	131
71	208
71	229
72	159
72	216
72	279
72	409
73	82
73	241
73	367
73	398
73	512
74	394
74	450
74	506
74	575
74	598
75	100
75	385
75	386
75	532
76	438
76	464
76	557
77	113
77	238
77	489
77	524
78	82
78	169
78	284
79	415
80	108
80	136
80	302
80	521
80	585
81	199
81	359
81	588
82	366
82	551
83	227
84	150
84	231
84	283
84	448
84	486
85	197
85	291
86	277
86	392
86	457
87	309
87	433
87	476
87	524
87	527
88	197
88	292
88	406
88	524
88	557
89	229
89	256
89	295
89	302
89	581
90	139
90	371
91	247
91	332
91	510
92	599
93	149
93	423
93	443
93	488
94	250
95	193
95	208
95	258
95	307
95	403
95	404
96	394
96	568
96	584
97	293
97	539
98	173
98	205
98	409
99	143
99	278
99	581
100	273
100	299
100	411
100	476
100	487
101	230
101	385
101	582
102	114
102	287
102	324
102	346
102	526
104	286
104	513
105	154
105	173
105	403
106	202
106	203
106	358
106	496
106	498
107	226
107	294
107	489
108	473
109	209
109	311
110	313
111	208
112	152
112	155
112	189
112	301
112	452
112	487
112	505
113	350
114	181
114	186
114	207
114	476
114	578
115	178
115	572
116	132
116	256
117	136
117	168
117	286
117	567
118	179
118	341
119	537
119	558
120	146
120	323
120	367
121	122
121	433
121	444
122	158
122	254
122	569
123	284
123	378
123	410
124	355
124	367
124	408
124	482
125	138
125	312
125	366
125	373
125	399
125	418
125	437
126	166
126	327
126	419
126	448
126	491
127	188
128	377
129	143
129	279
130	564
130	572
131	303
131	470
131	533
132	238
132	437
132	549
133	427
134	219
134	291
134	293
134	328
134	548
135	173
135	256
135	336
135	388
135	531
136	249
136	273
136	333
136	390
137	318
137	447
137	589
138	225
138	281
138	349
139	440
140	309
140	386
140	443
141	297
141	302
141	439
142	188
142	431
142	459
142	547
144	150
144	180
145	532
145	553
145	557
145	576
146	327
146	334
147	302
147	309
147	465
147	578
148	172
148	266
148	561
149	297
149	304
149	355
149	510
150	161
150	298
150	299
150	381
150	458
150	519
150	590
151	156
151	191
151	203
151	240
151	287
151	505
151	584
152	378
152	390
152	448
152	479
152	589
153	367
154	180
154	239
154	246
154	575
156	162
156	255
156	423
156	511
157	222
157	271
157	293
157	310
157	542
157	563
158	454
158	525
160	427
161	230
161	336
161	429
161	452
161	477
162	224
162	348
163	331
164	216
165	323
165	462
166	187
166	221
166	248
167	168
167	374
167	484
167	521
168	171
168	218
168	290
168	323
168	403
168	440
169	266
169	318
169	322
169	583
170	450
171	256
171	597
171	599
172	202
172	206
172	230
172	303
173	186
173	254
174	300
174	349
174	417
174	428
174	463
174	508
174	559
175	209
175	287
175	343
176	326
177	273
177	329
178	392
178	509
178	561
178	571
179	306
179	359
179	417
179	485
180	502
180	523
181	300
181	344
181	399
181	528
182	386
182	396
183	218
183	318
183	359
183	395
184	321
184	335
184	407
184	436
185	306
185	536
185	578
186	265
186	279
186	319
186	422
186	498
186	595
187	196
187	241
187	462
189	254
189	372
189	537
189	554
190	528
191	260
191	368
191	378
191	491
191	511
192	330
193	202
193	371
193	463
194	371
194	402
195	334
196	244
197	221
197	299
197	588
198	238
198	368
198	402
199	419
199	460
199	516
200	491
200	538
200	573
201	243
201	350
201	442
202	272
202	400
202	474
203	337
203	395
203	396
203	400
203	510
204	307
204	408
205	223
205	238
205	316
205	423
205	443
206	508
207	385
207	424
207	446
208	423
209	318
209	575
210	355
210	430
210	474
211	376
212	222
212	311
212	460
214	576
215	267
215	289
215	303
215	327
215	351
215	447
215	465
216	424
216	479
217	380
217	475
217	504
217	510
217	530
218	443
218	444
218	559
219	555
220	287
220	380
220	465
221	321
221	352
221	402
221	494
221	560
222	333
222	338
222	340
222	441
222	445
223	409
223	586
223	592
224	289
224	328
224	426
225	268
225	355
225	366
225	394
226	433
227	402
227	427
228	325
228	376
228	470
228	501
228	518
230	340
230	410
231	431
231	536
232	263
232	485
232	553
233	539
234	522
235	303
235	493
235	572
235	591
236	597
237	294
237	325
237	422
238	404
238	544
238	556
239	269
239	478
240	254
241	388
241	480
241	530
241	539
242	282
242	359
242	372
242	428
242	497
243	300
243	364
244	349
244	520
245	272
245	302
245	593
246	584
247	273
248	302
248	312
248	373
248	403
248	596
249	373
250	380
250	520
251	325
252	387
252	488
253	358
253	404
254	294
255	531
255	568
256	419
256	437
257	539
258	366
258	404
258	542
259	481
260	287
260	400
260	491
261	347
262	277
262	318
262	328
262	427
262	482
262	502
263	292
264	288
264	308
264	355
264	356
265	385
265	472
266	293
266	587
268	469
268	542
269	305
269	313
269	369
269	380
269	453
270	303
270	533
271	529
272	353
273	375
273	383
273	516
274	294
274	563
274	593
275	344
275	404
275	466
275	475
276	400
276	436
276	562
276	592
277	389
277	585
279	392
280	409
280	432
280	471
282	319
283	325
283	358
283	526
284	287
284	374
284	590
285	455
285	592
287	459
287	526
288	429
288	593
288	596
289	487
289	506
290	300
290	406
290	416
290	422
290	481
290	519
291	340
293	343
293	522
293	585
294	300
294	330
296	469
296	591
297	388
298	397
298	558
299	336
299	371
299	483
300	445
300	454
300	466
300	576
300	586
301	404
301	471
301	509
301	576
302	545
302	563
303	369
305	541
306	581
307	445
308	572
309	403
309	491
309	544
310	384
311	401
311	424
311	486
311	500
311	551
312	377
312	387
312	503
313	318
313	390
313	523
314	388
314	471
314	515
315	415
315	419
315	504
316	345
316	406
317	577
318	508
318	580
319	387
319	433
320	339
320	420
320	445
320	510
320	558
321	454
321	553
323	377
324	451
324	551
325	342
327	416
329	471
330	417
330	523
331	497
333	358
333	386
333	394
333	397
333	440
334	565
336	404
336	594
337	347
337	361
337	407
337	487
338	504
339	388
339	411
340	443
340	463
341	393
341	473
341	485
342	462
343	422
344	396
344	443
345	368
345	445
345	579
346	356
347	444
347	450
347	504
348	439
348	468
348	506
349	368
349	414
350	387
350	586
351	490
351	494
351	505
352	359
352	497
352	557
354	369
356	442
356	582
356	585
357	576
358	503
358	546
359	363
359	377
359	445
359	542
360	510
360	527
360	536
361	395
361	546
363	495
363	522
363	536
366	528
366	560
366	561
367	457
369	399
370	454
370	516
372	512
373	451
374	501
376	469
377	526
377	547
377	566
377	585
378	585
379	471
379	497
380	429
381	471
381	482
382	383
382	516
383	447
384	437
385	460
385	556
386	389
386	423
386	454
386	464
387	453
388	589
389	460
390	397
390	466
391	576
391	593
392	487
392	519
393	454
393	484
393	507
394	406
394	523
394	574
395	462
395	488
397	496
399	593
401	449
401	590
401	598
402	510
402	570
404	509
404	537
404	557
407	576
408	428
408	498
409	423
409	435
409	584
410	527
411	502
412	548
413	440
413	546
416	429
416	457
417	528
418	554
421	470
422	551
423	598
424	577
425	533
425	567
427	454
427	478
428	533
430	438
430	538
430	547
434	462
434	464
434	526
434	550
434	593
435	456
435	576
435	599
436	437
436	440
436	455
436	599
439	517
440	479
440	591
441	460
442	446
443	486
443	578
444	476
444	543
444	565
445	519
446	566
446	583
447	597
448	490
450	532
450	533
450	599
451	485
451	504
451	563
451	584
451	585
452	484
454	570
455	475
456	597
457	581
458	487
458	550
460	535
461	479
461	548
463	506
467	566
467	567
469	556
470	516
470	523
470	531
471	591
472	502
474	507
475	492
475	528
476	537
479	491
480	495
480	564
483	491
484	568
486	557
488	530
488	583
489	520
489	525
489	598
490	585
491	519
493	523
493	567
494	502
494	599
495	543
499	505
501	519
501	572
502	519
502	553
504	506
504	543
505	551
508	583
510	538
510	550
511	532
513	541
514	567
514	592
516	519
517	574
519	546
522	540
523	532
523	542
523	545
524	599
525	542
526	558
528	592
531	535
531	547
534	573
534	598
538	540
544	552
544	560
549	596
551	563
556	590
560	581
561	586
568	595
569	572