0	69
0	122
0	218
0	235
0	435
0	533
1	59
1	154
1	363
1	393
1	455
1	470
2	27
2	317
2	356
2	595
3	45
3	161
3	238
3	434
3	542
3	583
4	63
4	296
5	90
5	144
5	285
5	390
5	414
5	585
5	590
6	20
6	92
6	189
6	322
6	341
7	43
7	82
7	158
7	268
7	322
7	328
7	342
7	593
8	81
8	151
8	454
8	488
8	511
9	196
9	381
9	401
9	471
9	475
9	508
10	175
10	202
10	274
10	331
10	354
10	459
11	40
11	155
12	17
12	125
12	214
12	268
12	346
12	514
13	65
13	149
13	358
13	385
13	585
14	464
15	19
15	183
15	204
15	234
15	261
15	411
15	469
15	476
16	54
16	294
16	337
16	478
17	185
17	469
18	92
18	146
18	257
18	330
18	485
19	50
19	373
19	388
19	391
19	420
19	504
19	530
19	537
20	226
21	25
21	153
21	354
21	369
21	416
21	498
22	35
22	79
23	79
23	80
23	138
23	227
23	386
24	190
24	441
24	512
24	544
25	134
25	305
25	432
25	464
25	506
25	596
26	318
26	464
26	544
27	108
27	117
27	276
27	428
27	444
27	491
27	515
27	542
27	554
28	318
28	491
29	31
29	233
29	240
29	436
30	71
30	289
30	429
30	464
31	472
31	476
31	556
32	225
32	240
32	398
32	454
33	52
33	63
33	182
33	412
33	446
34	106
34	131
34	532
34	590
35	185
35	252
35	279
35	449
36	76
36	419
36	463
36	482
37	208
37	255
38	439
38	483
39	66
39	94
39	110
40	46
40	50
40	124
40	591
41	145
41	176
41	188
42	114
42	532
43	46
43	170
43	202
43	220
43	387
44	526
45	297
45	527
45	531
46	145
46	230
46	270
46	299
46	359
47	106
47	534
47	587
48	77
48	254
48	352
49	95
49	167
49	377
49	569
50	93
50	256
50	520
51	92
51	126
51	165
51	261
51	337
52	68
52	217
52	295
52	541
53	63
53	283
53	410
53	536
54	269
54	516
55	86
55	160
55	255
55	256
55	290
55	317
55	322
55	483
56	238
56	360
56	544
57	85
57	188
57	297
57	593
58	550
59	469
59	541
60	221
60	224
60	355
60	500
60	517
60	518
61	121
61	274
61	297
61	472
61	567
62	401
62	421
62	487
63	144
63	193
63	231
63	243
63	266
63	308
63	318
63	324
63	337
63	411
64	96
64	121
64	185
64	351
64	393
64	598
65	82
65	262
65	406
65	434
65	443
66	183
66	232
66	266
66	374
67	216
68	287
68	298
68	341
69	160
69	491
69	507
70	248
70	293
70	577
71	392
71	393
71	536
72	73
72	109
72	452
72	527
73	133
73	150
73	381
73	447
73	558
74	456
75	84
75	135
75	244
75	321
75	407
75	418
75	532
76	96
76	235
76	515
77	209
77	292
77	413
77	418
77	519
77	554
78	325
78	459
79	206
79	335
79	390
79	478
79	567
80	329
80	339
80	340
80	503
81	179
81	279
81	548
81	583
82	213
82	484
82	538
82	544
83	563
84	358
84	449
84	506
84	587
85	222
85	441
85	526
86	170
86	202
86	411
86	524
87	402
88	399
88	471
88	473
88	503
89	100
89	169
89	185
89	306
89	430
90	285
90	564
91	270
91	297
91	457
92	217
92	219
92	225
92	268
92	419
92	509
92	527
93	489
93	499
93	515
93	523
94	313
94	342
94	380
94	537
94	575
95	288
95	321
95	414
95	587
96	157
96	203
96	370
97	256
98	538
99	166
99	261
100	125
100	144
100	224
100	270
100	386
100	419
100	430
101	165
101	547
102	108
102	131
102	182
102	227
102	433
103	194
103	537
104	110
104	201
104	244
104	336
105	220
105	296
106	340
106	451
107	351
107	588
108	158
108	265
108	579
109	132
109	294
109	570
110	173
110	187
110	267
110	294
110	343
110	533
110	547
111	170
111	293
111	302
112	268
112	530
113	140
113	161
113	528
114	131
114	132
114	189
114	352
114	357
114	440
114	442
114	560
115	243
115	446
115	457
116	221
116	489
117	212
117	333
118	136
118	158
118	176
118	288
118	325
118	363
118	482
118	528
118	589
119	254
119	315
119	473
120	300
121	546
123	498
124	275
124	349
124	584
125	578
126	385
126	438
126	509
126	541
126	583
127	147
127	165
127	204
127	370
128	553
129	175
130	139
130	218
130	340
130	499
130	529
130	582
131	203
131	291
131	337
131	344
131	359
131	555
132	543
133	193
133	401
133	505
134	303
134	557
135	244
136	138
136	443
136	584
137	238
137	466
137	504
137	539
138	183
138	235
138	298
138	455
138	502
139	347
139	381
139	549
140	164
140	469
140	587
141	483
142	364
142	458
142	504
142	563
143	384
144	154
144	205
144	233
144	266
144	328
144	345
144	391
144	443
144	561
145	181
145	235
145	408
145	411
145	473
145	593
145	594
146	308
146	365
146	379
146	512
146	573
146	578
147	465
147	474
148	212
148	232
149	248
149	384
149	526
150	233
150	235
150	536
151	162
151	286
151	321
151	504
152	210
152	254
152	467
153	297
153	314
153	534
154	204
154	380
155	373
155	486
155	513
156	287
156	457
156	476
157	308
157	436
157	565
158	236
158	393
159	203
159	269
159	327
159	459
160	252
160	345
160	583
161	499
161	532
162	379
162	386
163	203
163	585
163	599
164	234
164	270
164	464
164	469
165	369
165	394
165	421
166	453
167	211
167	220
167	338
167	457
167	469
168	176
168	282
168	293
168	485
169	302
169	528
169	593
170	189
171	474
172	302
172	487
173	321
173	358
173	561
174	197
174	455
174	597
175	180
175	238
175	497
176	346
176	390
176	419
176	536
177	196
177	315
178	347
178	367
178	478
178	506
178	516
178	524
179	294
179	534
180	430
180	449
180	459
181	430
181	488
182	187
182	259
182	391
182	412
183	219
184	276
184	473
184	563
184	592
186	450
186	539
187	253
187	416
187	470
187	481
188	434
189	249
189	361
189	396
189	417
190	554
191	278
192	194
192	262
192	530
192	542
192	565
192	589
193	285
194	297
195	291
195	387
195	468
195	499
196	356
197	304
197	378
198	310
198	314
198	498
198	570
199	249
199	267
199	310
199	330
199	456
200	556
201	385
202	235
203	233
204	354
204	402
204	555
205	455
207	328
207	523
208	258
208	431
208	493
208	526
208	590
209	460
210	267
210	293
210	533
211	369
212	226
212	273
212	285
212	370
212	519
212	551
213	368
215	525
216	441
217	321
217	379
218	287
218	401
219	389
219	465
219	472
219	482
219	485
219	522
220	449
220	521
220	563
221	328
222	432
223	281
223	377
224	417
225	282
225	336
225	466
226	267
226	301
226	456
226	530
227	382
228	241
228	268
228	465
229	537
229	575
230	393
230	564
230	573
231	233
231	436
232	266
232	268
232	522
232	559
232	591
235	305
235	352
235	357
235	361
235	473
235	582
237	387
237	595
238	442
239	273
239	415
240	259
241	283
241	535
242	404
243	530
243	593
244	334
244	491
245	276
245	327
245	348
246	382
247	279
248	365
248	383
249	308
249	360
249	584
250	568
251	364
252	310
252	566
253	297
253	358
254	401
254	456
254	472
254	535
255	493
255	517
257	363
257	467
257	510
258	463
259	275
259	406
259	535
260	487
260	519
261	551
263	378
264	265
264	399
264	494
264	533
264	596
266	594
267	353
267	372
267	381
268	387
268	576
269	287
269	416
269	438
269	480
271	433
271	451
272	358
272	374
272	559
273	326
274	369
274	442
274	505
274	593
275	342
275	407
275	497
275	528
276	290
276	358
276	362
276	521
276	527
277	349
277	505
277	547
277	569
277	581
278	484
279	393
279	441
279	533
279	571
279	588
280	581
281	361
282	393
284	342
285	338
286	423
286	490
286	570
287	354
287	390
287	414
287	576
288	320
289	317
290	321
290	598
291	302
291	319
291	454
291	599
292	424
292	504
292	538
292	556
293	471
294	470
294	598
295	532
295	577
296	341
296	371
296	401
297	409
298	490
299	430
299	564
300	332
300	373
301	365
301	546
302	376
302	522
302	543
303	418
303	427
304	358
305	346
305	483
307	366
307	441
307	443
308	406
309	364
309	397
310	395
310	541
311	435
311	565
311	570
312	510
312	530
313	447
313	573
314	382
314	468
315	398
316	323
316	364
316	415
316	447
317	501
317	595
318	425
318	464
319	375
319	448
319	510
320	352
320	372
320	565
322	373
322	507
324	490
324	519
324	566
325	393
325	418
328	590
329	398
330	485
331	411
332	386
332	405
334	346
334	401
335	556
336	517
338	376
338	432
339	419
340	444
340	463
340	554
341	381
342	479
342	530
346	502
346	555
346	591
347	436
347	443
348	501
350	399
350	522
352	391
352	553
353	455
354	372
354	446
354	540
354	548
355	416
355	483
355	491
357	376
358	414
358	527
359	517
361	431
362	436
362	542
365	450
365	598
367	417
367	458
368	557
369	484
373	388
374	462
374	512
375	423
375	466
378	476
378	483
378	559
380	545
381	514
382	420
382	537
383	393
383	403
383	445
384	541
385	432
387	531
388	575
389	390
389	452
389	571
390	595
391	511
392	418
392	518
392	522
393	447
393	536
394	446
395	570
396	512
399	473
400	422
400	436
401	575
401	579
402	592
403	416
403	418
403	563
405	449
405	499
406	539
408	428
408	540
408	562
408	563
410	465
412	445
413	418
414	554
415	569
417	477
417	504
419	504
420	490
421	543
424	425
425	480
425	554
426	492
426	538
427	452
427	488
427	529
429	432
430	449
431	582
432	594
433	434
433	451
433	522
434	595
436	589
437	483
437	497
441	552
442	450
442	588
443	585
444	459
444	476
444	568
445	500
448	527
448	539
448	548
452	499
454	588
455	542
456	483
456	490
456	530
457	587
460	527
460	556
461	488
463	519
468	504
470	483
473	533
473	559
474	488
475	581
477	548
477	556
478	585
479	587
480	536
482	510
482	574
483	577
489	504
490	520
491	495
491	522
492	543
493	524
496	523
497	569
499	502
499	587
501	576
502	593
504	519
505	514
506	526
507	537
509	581
511	564
511	577
512	564
512	572
513	534
513	546
515	587
516	549
518	564
519	588
521	538
524	569
527	596
528	537
529	535
530	538
531	583
532	567
533	574
537	538
537	569
538	586
544	579
545	553
545	568
545	596
547	593
548	566
549	580
554	595
555	563
559	594
561	576
568	599
571	598
574	575