0	237
0	257
0	425
0	467
1	118
1	160
1	521
2	266
2	337
2	347
2	398
2	442
3	56
4	260
4	315
4	528
5	106
5	472
5	491
5	524
6	423
6	554
7	212
7	260
7	413
7	486
7	591
7	596
8	24
8	60
8	473
8	549
9	511
10	152
10	185
10	210
10	255
11	62
11	511
12	17
12	73
12	162
12	165
12	332
12	337
13	141
13	313
13	513
13	577
14	191
14	536
14	579
15	226
15	397
16	144
16	440
16	460
16	511
17	63
17	185
17	464
18	67
18	205
18	206
18	338
18	367
18	457
18	548
19	111
19	196
19	244
19	261
19	538
20	138
20	212
21	85
21	104
21	211
21	433
21	448
21	451
21	492
21	539
21	586
22	143
22	221
22	298
23	395
24	52
24	333
24	360
24	556
25	39
25	88
25	170
25	190
25	586
25	590
26	147
26	418
27	44
27	185
27	249
27	418
27	427
27	432
28	118
28	122
28	211
28	249
28	293
28	421
28	516
29	317
29	336
29	441
29	452
29	457
29	479
29	545
29	585
30	344
30	584
31	177
31	315
31	470
32	101
32	171
32	223
32	283
32	290
32	304
32	479
33	163
33	277
34	99
34	356
34	411
35	235
35	404
35	444
35	548
36	272
36	327
36	331
36	348
36	471
37	107
37	278
37	324
37	522
38	208
38	400
39	42
39	361
39	541
40	58
40	173
40	226
40	345
41	394
41	560
42	115
42	304
42	345
42	504
42	507
42	566
42	596
43	405
43	439
43	512
43	560
44	331
45	222
45	302
45	590
46	481
46	541
47	211
47	227
47	278
47	460
47	494
47	556
48	128
48	253
48	383
48	454
48	494
49	122
50	70
50	160
50	259
50	372
50	500
50	534
50	553
51	175
51	317
51	496
52	109
52	278
52	360
52	547
53	204
53	446
53	518
54	103
54	288
54	342
54	385
54	432
55	73
55	183
55	406
55	447
55	526
55	579
56	171
56	266
56	464
56	589
57	69
57	200
57	239
57	364
57	542
58	93
59	148
59	216
59	348
59	580
60	86
61	202
62	124
62	144
62	230
62	430
62	474
62	530
63	461
64	87
64	432
64	493
65	79
65	332
66	194
66	204
66	410
66	420
66	439
66	504
67	325
68	95
68	186
68	212
68	221
69	201
69	331
69	354
69	592
70	82
70	176
70	521
70	597
71	145
71	322
71	352
71	402
71	473
71	554
72	103
72	369
73	112
73	195
73	236
73	252
74	86
74	310
74	319
75	135
75	233
75	292
76	144
76	264
76	526
77	106
77	242
77	363
77	568
78	149
78	205
78	239
78	320
78	331
78	338
78	426
78	427
78	428
78	538
80	282
80	324
80	364
80	589
81	226
81	591
82	126
82	485
82	536
82	578
83	148
83	318
84	152
84	215
84	340
84	347
84	439
85	175
85	270
85	326
85	406
85	496
86	415
86	598
87	266
87	474
88	99
88	268
88	381
88	467
89	122
89	157
89	392
89	419
89	508
89	525
90	211
91	324
91	349
91	572
92	168
92	460
92	553
93	213
93	482
94	449
94	476
95	416
95	503
95	577
96	336
97	469
97	533
97	572
98	255
98	365
98	494
98	596
99	238
99	329
99	581
100	331
100	382
100	525
100	556
101	401
102	154
102	165
102	301
102	410
102	428
102	551
103	179
103	356
103	371
104	271
104	416
104	527
105	138
105	209
105	387
105	561
106	219
106	431
106	508
107	259
107	492
107	578
107	585
108	174
108	241
108	348
108	352
108	454
109	341
109	385
109	412
109	426
109	488
109	592
110	256
110	396
111	151
111	519
112	133
112	362
112	375
112	396
112	529
113	196
113	380
113	388
113	535
114	161
114	174
114	243
114	346
114	530
115	398
116	156
116	434
116	454
116	480
116	503
117	204
117	445
117	535
118	123
118	283
119	368
120	245
120	499
121	132
121	403
122	234
122	414
122	443
123	298
123	355
123	524
123	550
124	599
125	326
125	481
125	515
126	168
126	271
126	411
126	543
126	565
127	134
128	263
128	266
128	377
128	415
128	457
129	425
130	383
130	465
130	537
131	219
131	549
132	213
132	421
132	532
133	218
134	298
134	350
135	137
135	370
135	417
135	513
136	137
136	469
137	301
137	341
138	436
138	514
138	536
138	544
139	390
140	295
140	367
141	222
141	536
141	563
141	570
142	158
142	403
143	327
143	408
143	522
143	533
144	465
145	405
146	180
146	538
146	599
147	174
147	202
147	366
147	379
147	397
147	484
148	394
148	446
149	220
149	456
150	502
151	257
151	423
151	509
151	521
152	331
152	415
152	570
153	178
153	194
153	501
153	582
154	323
155	323
155	359
155	494
155	564
155	588
156	270
156	329
156	418
156	444
156	517
157	223
157	402
157	438
157	567
158	458
158	477
158	519
159	289
159	306
159	310
159	343
159	364
159	403
159	555
160	187
160	259
160	297
160	553
161	274
161	396
161	519
162	407
162	429
162	515
162	519
163	178
163	312
163	397
163	404
163	462
163	589
164	279
164	373
164	521
165	240
165	331
165	387
165	508
166	206
166	238
166	582
167	284
167	468
167	505
167	554
168	213
168	348
168	511
168	527
169	249
169	591
170	567
171	288
171	291
172	321
172	458
173	394
173	539
174	209
174	238
174	362
174	369
174	555
175	407
175	420
175	504
175	536
176	366
176	540
177	206
177	306
177	330
177	502
177	503
178	587
179	240
180	311
180	415
180	577
181	184
181	197
181	222
181	250
181	336
181	406
181	428
181	536
181	542
181	556
182	425
182	454
182	477
182	499
183	267
183	272
183	435
183	485
184	257
184	313
184	320
184	505
185	268
186	331
186	388
186	519
187	261
187	351
188	479
189	207
189	383
189	564
190	194
190	222
190	520
190	567
190	585
191	217
191	235
191	298
191	381
191	403
192	213
192	320
192	515
192	575
192	590
193	290
193	382
193	453
193	576
194	371
194	389
194	400
194	470
195	214
195	476
195	557
196	374
196	418
197	249
197	380
197	546
198	295
198	339
198	387
198	414
198	477
199	324
199	328
200	267
201	228
201	231
201	332
201	363
201	514
201	538
201	576
201	577
202	387
203	275
203	330
203	365
203	381
203	411
204	212
204	384
204	420
205	273
205	278
206	214
206	397
206	400
207	322
208	256
209	235
209	356
210	321
210	372
210	581
211	218
211	398
211	453
212	258
212	524
213	280
213	536
214	400
214	533
214	569
215	226
215	490
216	227
216	257
216	313
216	433
216	479
216	488
216	513
216	530
217	470
217	512
218	347
218	477
218	511
218	517
219	570
220	323
220	391
220	406
221	366
221	379
221	421
221	463
221	560
222	261
222	319
222	530
222	551
223	359
223	501
224	264
224	426
224	433
224	523
225	395
225	401
225	555
227	308
227	531
228	450
228	531
229	247
229	284
229	349
229	543
230	294
230	329
230	429
230	461
230	482
230	546
231	434
231	467
231	599
232	428
232	439
233	306
233	307
233	467
234	276
234	373
234	508
235	297
235	382
235	484
236	293
237	239
237	363
237	364
237	411
237	425
238	541
239	328
239	397
239	448
239	457
240	251
240	269
240	500
240	582
242	340
243	486
243	513
243	539
243	553
244	344
244	512
244	541
245	251
245	296
245	303
245	469
245	557
246	414
247	500
247	572
247	579
248	339
248	343
248	488
249	264
249	311
249	351
250	279
251	324
253	263
253	420
253	458
253	476
254	268
254	371
254	480
254	517
254	536
255	265
255	287
255	488
255	492
256	282
256	355
256	367
256	507
256	598
257	399
257	443
257	469
257	534
257	599
258	387
258	545
260	558
261	332
262	351
262	382
262	398
262	593
263	284
263	379
263	422
263	464
263	481
264	388
264	480
264	510
265	520
266	280
266	409
266	497
266	517
266	544
267	530
267	561
268	369
268	426
269	313
270	287
270	502
270	530
271	294
271	398
271	407
271	505
272	529
272	564
274	507
275	300
275	306
275	312
276	285
276	391
277	318
277	356
277	403
278	421
278	525
279	286
279	423
279	487
280	304
280	329
280	363
281	487
282	286
282	459
283	334
283	356
284	321
284	483
284	484
285	417
286	322
286	599
287	321
287	530
287	533
288	309
288	383
288	427
289	347
291	425
291	455
291	471
292	439
292	527
293	357
293	548
293	553
294	558
294	580
295	368
296	369
296	424
297	480
297	504
297	527
298	468
298	472
298	485
299	316
299	437
299	475
299	483
300	420
301	309
301	403
302	357
302	384
302	410
302	459
303	401
303	507
304	350
304	356
304	374
304	508
305	516
305	564
306	383
306	507
306	548
307	390
307	459
308	582
309	368
309	598
310	556
310	575
310	599
311	390
312	348
312	573
313	462
313	508
314	598
315	512
315	566
315	595
316	324
317	325
318	470
319	351
320	429
321	404
322	497
322	499
322	585
323	386
324	348
325	472
326	420
326	452
326	506
326	518
326	566
327	391
327	439
327	476
328	526
330	369
330	407
330	433
330	444
330	448
331	502
332	549
334	452
334	521
334	524
334	550
335	421
336	456
337	443
337	453
337	474
337	583
339	440
340	514
340	571
341	450
341	549
345	443
345	520
346	515
347	445
347	471
348	353
348	439
348	581
349	353
350	371
350	572
352	358
352	575
354	361
354	425
354	495
354	506
354	557
354	587
355	524
355	525
355	570
356	463
358	390
358	583
359	507
359	515
359	591
359	598
360	483
360	489
360	493
361	367
361	446
362	469
363	364
363	403
364	418
364	428
366	456
366	500
367	392
367	580
369	385
369	532
370	448
371	373
372	481
372	484
373	378
373	492
375	566
375	588
376	440
376	475
376	560
378	499
378	558
379	542
380	540
381	440
382	464
382	517
385	542
385	579
386	508
387	510
389	415
390	400
390	480
390	587
392	502
393	475
393	548
394	557
397	551
398	452
398	566
399	564
401	487
401	537
402	437
402	594
403	457
403	468
403	560
404	408
405	481
405	583
406	434
406	517
406	557
408	534
410	544
411	546
413	468
413	566
414	487
414	547
414	549
415	483
415	598
416	491
416	493
416	591
417	504
417	534
417	570
421	577
422	466
423	581
424	502
427	443
427	447
428	524
428	530
429	441
430	455
430	488
431	432
431	531
432	505
433	543
434	490
434	531
435	447
436	490
436	571
436	573
437	527
440	501
441	490
442	493
444	451
446	502
446	532
446	552
447	512
448	481
450	513
452	459
453	503
454	508
455	535
456	459
456	491
456	499
456	572
458	492
458	495
459	552
460	496
463	524
464	482
464	574
466	477
466	579
467	506
468	572
471	519
471	579
472	524
477	564
478	511
479	500
480	498
480	524
485	556
488	497
490	569
492	511
492	536
492	543
493	537
493	557
494	582
495	526
496	555
498	544
500	599
503	592
508	589
509	579
510	592
512	567
512	571
516	519
519	530
520	530
522	575
523	593
534	555
534	575
536	590
542	551
542	559
546	573
547	566
552	564
553	562
554	596
575	585
582	598