0	521
1	47
1	120
2	312
2	353
2	362
3	213
3	413
3	535
4	246
5	119
5	206
5	314
5	353
5	401
5	463
5	598
6	177
7	74
7	161
7	388
7	556
7	574
8	28
8	112
8	149
8	212
8	330
8	586
9	97
9	152
9	343
9	533
9	586
10	83
10	112
10	316
10	462
11	63
11	552
12	200
12	281
12	408
12	574
13	575
14	52
14	124
14	159
14	280
14	390
15	367
15	382
16	17
16	25
16	88
16	145
16	219
16	244
17	37
17	207
18	45
18	81
18	273
18	343
18	524
18	546
19	145
19	217
19	254
19	561
19	599
20	102
20	391
20	428
21	123
21	241
22	26
22	91
22	239
23	143
23	256
23	357
23	383
23	421
24	154
24	170
24	205
24	227
24	325
24	453
24	561
25	368
25	433
26	67
26	253
26	341
26	469
27	500
27	514
27	522
28	111
28	157
28	263
28	570
29	88
29	138
29	277
29	413
29	541
30	122
30	173
31	93
31	108
31	136
32	96
32	257
32	268
32	278
33	218
33	291
33	306
34	60
34	378
34	542
34	555
35	131
35	292
35	320
35	489
35	500
35	535
36	38
36	142
36	147
36	195
36	398
36	558
37	184
37	237
38	47
38	207
38	298
38	358
38	566
39	405
40	211
40	232
40	436
40	491
40	536
41	48
41	83
41	140
41	272
41	317
41	388
41	424
42	307
42	371
42	495
42	574
43	53
43	115
43	197
43	268
43	313
43	528
44	571
45	201
45	337
45	374
45	523
45	536
46	199
47	227
47	269
47	511
47	569
48	483
49	121
49	279
49	308
49	411
50	147
50	337
50	513
50	521
51	59
51	179
51	221
51	500
51	572
52	203
52	340
52	480
53	61
53	173
53	210
53	288
53	595
54	202
54	419
55	102
55	241
55	258
55	373
55	582
55	588
56	91
56	268
56	308
56	442
56	591
57	241
57	293
57	351
57	398
57	569
58	111
58	170
58	191
58	498
59	259
59	369
59	377
59	512
60	382
60	520
61	135
61	161
61	265
61	329
62	130
62	359
63	148
63	161
63	257
63	415
63	558
64	150
64	277
65	151
65	200
65	434
65	483
65	566
66	452
66	558
66	567
67	251
67	343
67	351
67	399
67	417
67	465
67	514
67	559
68	435
68	568
69	144
69	195
69	337
69	362
70	155
70	439
70	554
71	98
71	217
71	392
71	543
72	335
73	81
73	331
73	408
75	206
75	346
75	521
76	117
76	140
76	256
76	443
76	459
76	540
76	592
77	167
77	185
77	252
77	289
77	499
77	590
78	124
79	143
80	103
80	200
80	315
80	354
81	112
81	129
81	254
81	401
82	134
83	201
83	266
84	132
84	172
84	580
85	198
85	246
86	145
86	227
86	579
87	482
88	125
88	172
88	343
89	102
89	242
89	254
89	368
90	251
90	547
91	313
91	395
91	530
92	265
92	294
92	308
93	199
93	389
93	426
93	558
93	571
94	108
94	110
94	214
94	250
94	267
94	306
94	381
94	407
94	440
95	263
95	302
95	322
95	397
95	499
95	514
95	571
96	153
96	289
96	524
97	189
97	377
98	292
98	360
98	579
99	114
99	184
100	188
100	229
100	256
100	366
101	188
101	507
102	103
102	409
102	447
102	582
103	179
103	462
103	467
104	253
104	481
104	547
105	184
105	316
105	339
105	361
106	546
107	130
107	152
107	356
107	383
108	418
108	576
109	225
109	415
110	259
110	270
110	277
110	330
110	461
110	469
110	548
111	135
111	149
111	472
111	494
112	131
112	351
112	509
112	533
113	332
113	356
113	496
114	126
114	170
114	193
114	429
114	531
115	217
115	439
116	131
116	248
116	251
116	322
116	500
117	176
117	195
117	300
118	212
118	239
118	504
119	179
119	323
119	332
120	131
120	438
120	439
120	546
121	441
122	276
122	374
122	461
123	138
123	518
124	136
125	574
126	455
127	396
127	409
128	404
128	554
129	249
129	575
129	592
130	337
130	421
130	454
130	467
130	501
131	142
131	166
131	198
131	236
131	535
131	548
132	324
132	431
132	458
133	293
133	396
134	144
134	158
134	230
134	327
134	521
135	421
136	407
136	411
137	324
137	338
137	348
137	349
138	597
139	182
139	199
140	194
141	181
141	440
142	341
142	420
142	446
142	480
143	354
143	406
144	578
145	349
145	459
146	271
147	379
147	423
148	157
148	256
148	302
148	344
148	566
149	197
149	339
150	412
150	577
150	582
151	217
151	431
151	553
152	155
152	396
153	268
153	488
154	236
154	507
154	547
155	261
155	451
155	471
155	520
156	195
156	533
156	584
156	592
157	226
157	411
157	468
157	557
158	285
158	327
158	370
158	497
159	182
159	202
159	351
159	533
159	585
160	271
160	556
161	491
161	561
162	446
162	533
163	188
163	255
163	258
163	449
164	309
164	402
164	482
164	586
165	362
165	539
165	560
166	219
167	193
167	487
168	488
168	523
168	569
169	527
170	288
171	304
172	292
172	480
173	186
174	400
174	451
174	534
175	346
175	548
176	272
177	295
177	484
177	534
178	236
179	499
180	231
181	512
182	462
182	465
183	386
184	215
184	297
185	436
186	421
186	475
186	542
187	380
187	492
187	522
188	212
188	270
188	274
188	300
188	406
189	342
189	509
190	399
190	423
191	529
192	236
192	506
193	224
193	357
193	480
194	305
194	515
195	423
196	204
196	395
196	592
197	199
197	300
197	466
197	475
198	261
198	424
198	444
198	560
199	228
199	459
200	265
200	420
200	484
201	299
201	320
201	558
201	596
202	549
203	258
203	416
203	441
204	317
205	352
205	382
205	524
205	598
206	283
207	344
207	471
207	477
207	513
208	268
208	325
208	576
209	392
209	408
210	556
211	213
211	337
211	383
211	401
211	416
212	232
212	423
212	565
213	340
213	388
213	503
213	573
214	241
214	545
215	360
215	458
215	589
216	451
216	556
217	338
218	466
218	472
219	247
219	477
220	423
220	527
220	542
221	333
221	410
221	445
222	475
222	543
223	247
223	382
223	422
223	432
223	538
224	516
225	306
225	456
225	552
226	466
226	506
226	585
227	403
227	479
227	585
228	364
229	320
229	568
230	239
230	470
230	520
230	547
231	404
231	405
231	406
232	287
232	408
232	417
233	331
233	354
234	237
234	525
234	559
235	384
235	410
236	277
236	289
236	308
236	394
236	506
236	588
238	418
239	424
239	476
240	304
241	379
241	568
242	253
242	260
242	510
243	266
243	330
243	352
243	355
243	475
244	354
244	398
245	375
245	426
246	460
246	483
247	379
247	490
247	518
248	302
248	514
248	532
249	294
249	514
252	314
252	418
252	419
252	496
253	495
253	541
254	362
254	379
254	576
255	442
255	488
255	577
256	496
256	556
257	451
257	467
258	523
259	449
259	573
260	325
260	490
260	498
260	524
260	573
261	395
261	449
261	504
261	505
262	419
262	448
263	465
264	292
264	401
265	453
265	593
266	362
266	486
266	591
267	536
268	300
268	341
268	481
268	567
268	569
270	354
270	440
270	507
271	311
271	330
271	394
271	435
271	472
271	534
272	273
272	277
272	387
272	520
272	534
273	316
273	510
274	539
275	367
276	504
277	365
277	387
278	290
278	485
278	511
279	303
279	390
279	460
280	297
280	305
281	347
281	385
281	509
282	459
282	487
282	563
283	561
283	570
284	416
284	452
284	506
284	587
285	502
285	509
285	593
286	393
289	297
289	413
290	385
291	444
291	494
292	541
293	326
293	430
293	531
294	500
295	339
296	334
297	434
297	462
297	517
298	315
299	322
299	336
299	404
299	427
300	361
300	432
300	461
301	367
302	580
303	338
304	444
305	316
305	318
305	572
306	338
306	489
306	522
306	528
306	572
307	466
308	473
308	570
309	439
309	579
310	444
310	504
311	359
311	474
311	515
312	357
312	477
312	541
312	561
313	512
313	547
314	557
315	450
315	564
316	505
317	338
317	554
318	451
318	493
319	378
319	564
320	464
321	421
322	545
322	595
325	471
325	514
325	564
326	337
326	425
326	439
326	578
328	399
328	572
330	571
331	387
331	580
332	378
332	484
333	421
333	528
333	591
334	363
334	469
335	456
335	496
336	497
336	532
337	387
337	449
338	485
338	552
339	404
339	482
339	538
339	553
340	380
340	496
340	506
341	579
342	494
343	394
343	547
343	556
344	364
344	413
344	462
345	492
345	569
346	399
346	419
346	567
347	350
347	363
347	497
347	508
348	520
351	451
351	493
351	567
351	593
352	367
352	392
352	432
352	539
353	540
354	391
354	442
355	517
356	593
356	595
357	508
357	535
360	568
362	377
364	437
364	459
365	523
365	526
365	543
366	398
368	565
369	373
369	381
369	391
369	466
372	395
372	554
373	391
373	503
374	549
375	393
375	402
376	423
377	503
379	417
379	566
380	398
380	522
380	546
381	595
382	406
382	443
384	453
384	551
384	562
385	533
385	550
386	445
386	527
386	566
388	484
388	491
389	580
393	475
393	583
394	537
399	427
400	559
402	450
402	473
403	483
404	521
405	427
405	528
405	584
407	461
408	564
410	485
411	590
412	436
414	544
415	477
416	561
417	452
417	547
417	599
419	476
419	487
421	548
421	569
423	447
423	453
425	462
425	499
425	559
426	462
428	548
429	592
430	446
431	463
431	464
431	488
432	458
435	436
435	489
437	597
442	577
443	529
445	581
446	472
446	583
451	525
451	542
451	597
453	512
454	491
455	599
456	469
456	473
456	586
457	469
457	553
458	500
460	550
461	475
461	558
462	480
462	517
464	589
465	510
466	509
470	542
471	502
472	562
473	514
476	526
477	508
477	552
477	583
478	587
479	487
479	592
479	596
480	488
480	504
481	574
483	562
484	534
484	583
485	593
486	509
489	524
489	553
492	548
495	501
495	568
497	587
497	596
498	573
498	590
499	557
499	583
499	584
500	577
501	510
502	579
503	557
503	583
507	573
510	560
510	583
510	590
513	517
514	592
516	566
517	519
517	524
518	589
522	528
522	591
523	551
528	599
529	547
530	571
530	597
532	539
543	570
546	570
546	582
548	591
555	571
555	585
555	590
559	565
564	587
572	586
584	594
594	596