0	185
0	204
0	308
0	485
0	489
1	94
2	80
2	401
2	415
2	537
2	574
2	585
3	209
3	224
3	230
3	538
3	553
4	36
4	205
4	329
4	351
4	489
4	528
5	32
5	185
5	340
5	379
5	419
5	429
5	475
6	95
6	249
6	275
6	351
6	577
7	79
7	514
7	518
8	177
9	394
10	140
10	477
10	593
11	49
11	114
11	574
12	70
12	114
12	120
13	20
13	95
13	419
13	427
13	535
13	569
14	81
14	105
14	133
14	278
14	333
14	358
14	406
14	412
14	518
15	63
15	575
16	53
16	95
16	545
17	183
17	342
17	410
18	343
18	470
19	118
19	161
19	316
19	529
20	82
20	161
20	425
20	473
21	22
21	104
21	109
21	258
21	286
21	299
21	394
21	419
21	450
22	36
22	62
22	237
22	476
22	517
22	567
23	111
23	409
23	497
23	521
23	588
24	45
24	355
25	57
25	200
25	274
25	407
26	109
26	234
26	357
27	93
27	205
27	441
28	271
28	344
28	481
29	116
29	272
29	451
29	454
29	463
30	39
30	70
30	84
30	418
31	56
31	431
32	174
33	68
33	180
33	236
33	427
34	265
34	489
35	75
35	170
35	391
36	39
36	123
37	356
37	400
38	187
38	293
38	328
38	408
38	515
39	185
39	243
39	306
39	543
39	546
40	304
40	439
41	230
41	436
41	456
41	587
42	232
43	189
43	316
43	347
43	530
43	542
44	102
44	473
45	374
46	269
47	106
47	167
47	413
47	516
47	585
47	588
48	340
48	367
48	536
49	88
49	389
49	422
50	110
50	168
50	316
50	376
50	400
50	452
50	456
50	597
51	348
51	386
51	555
52	55
52	251
52	255
52	439
52	470
52	590
53	522
54	189
54	214
54	292
54	461
54	462
54	525
55	145
55	233
55	258
56	467
56	483
56	566
57	227
57	538
58	180
58	492
58	541
59	61
59	104
59	413
59	542
60	136
60	179
60	219
61	254
61	334
61	437
61	473
61	479
62	168
62	346
62	399
62	401
63	243
63	456
64	78
64	172
64	218
64	545
65	72
65	210
65	329
65	432
65	531
66	92
66	285
66	292
66	419
66	430
67	130
67	152
67	216
67	350
67	377
67	391
68	556
69	111
69	368
69	423
69	454
69	584
70	208
70	337
70	353
71	95
71	570
71	571
72	138
72	199
72	379
72	430
72	472
73	266
73	438
73	476
73	593
73	594
74	372
74	398
74	496
75	107
75	375
76	153
76	209
76	264
76	283
76	298
76	328
76	490
77	410
78	128
78	254
78	278
78	399
78	569
79	110
79	135
79	173
79	245
79	324
79	350
79	560
80	147
80	254
80	380
81	97
81	264
81	508
82	216
82	396
82	450
82	534
82	558
83	124
83	133
83	326
83	341
83	472
83	592
84	212
84	504
84	574
85	101
85	235
85	422
85	427
85	581
86	319
86	441
87	193
87	224
88	156
89	270
89	587
90	273
91	162
91	400
91	403
91	475
91	536
92	108
92	231
92	294
92	369
92	474
92	501
92	584
93	272
93	371
93	514
95	190
95	201
95	324
95	482
95	576
96	335
96	337
97	120
97	157
97	267
97	289
97	377
97	417
97	434
97	453
97	555
98	271
98	384
98	409
98	588
99	481
100	158
100	587
102	194
102	324
102	340
102	525
103	191
103	350
103	590
104	392
104	562
105	250
105	291
105	394
105	552
106	362
106	412
106	468
107	262
107	382
107	453
107	475
107	484
107	589
108	192
108	252
108	373
108	445
109	488
110	218
110	239
110	252
110	315
110	360
110	384
110	391
110	403
111	221
111	341
111	412
112	421
113	120
113	251
113	254
114	204
114	323
114	535
114	550
115	127
115	151
115	258
115	424
115	428
115	430
115	433
115	583
116	362
116	529
116	575
116	592
117	244
117	300
117	313
117	333
117	553
117	584
118	137
118	310
118	456
118	546
119	371
119	379
119	446
119	485
119	543
120	124
120	181
121	540
122	288
123	133
123	216
124	239
124	393
124	460
125	266
125	521
125	549
125	579
126	180
126	261
126	366
126	570
127	312
127	540
127	552
128	225
128	350
128	363
128	525
128	580
129	161
129	291
129	389
129	393
129	410
129	513
129	529
130	306
130	513
131	164
131	210
131	341
131	410
131	487
132	155
132	318
132	555
132	556
133	232
133	257
133	339
133	345
134	245
135	139
136	181
136	200
136	355
136	567
137	360
137	402
138	387
139	215
139	335
139	364
139	417
139	524
139	550
140	161
140	248
140	497
141	257
141	564
142	381
142	524
143	338
143	361
143	408
143	416
144	158
144	485
145	243
145	336
146	362
146	428
146	554
147	348
148	279
148	587
149	157
149	406
149	444
150	293
150	329
150	373
150	470
150	529
151	355
151	379
151	473
152	183
152	200
152	264
152	371
152	482
152	490
152	568
153	331
153	479
153	529
154	233
154	445
154	507
154	527
154	536
155	536
156	217
156	530
156	556
157	194
157	382
157	546
158	267
158	564
159	514
160	504
161	420
161	519
163	208
163	264
163	309
163	313
163	318
163	519
164	208
164	309
164	419
164	483
164	558
165	528
165	562
166	175
166	204
166	354
167	209
167	448
168	413
168	576
169	389
170	220
170	585
171	409
171	438
171	561
172	219
172	396
172	456
173	394
173	409
173	478
173	557
174	214
174	282
175	298
175	313
175	321
175	493
175	570
176	306
176	558
177	193
177	295
177	307
177	351
177	443
178	232
178	326
178	387
178	521
179	476
179	599
180	218
180	230
180	373
181	305
181	468
181	579
182	407
182	486
182	508
182	569
183	387
183	493
183	560
184	599
185	240
185	378
186	282
186	359
186	503
187	270
187	443
187	457
188	220
188	409
189	440
190	215
190	355
190	382
190	472
190	580
191	262
191	351
191	464
191	477
191	567
192	309
192	353
192	402
193	307
193	439
193	449
193	502
194	196
194	428
195	224
195	289
196	228
196	409
196	539
197	411
197	498
197	555
198	287
198	386
198	516
199	315
200	426
200	598
201	377
201	425
202	255
202	543
203	348
203	460
204	469
205	217
206	401
206	452
206	576
207	393
207	452
207	573
208	219
208	326
209	315
209	340
209	396
209	464
209	512
210	385
211	235
211	477
211	542
212	225
212	289
212	424
212	441
212	507
213	428
214	422
214	535
216	375
216	419
216	435
216	570
217	362
218	541
219	443
219	466
220	247
220	268
220	582
221	371
221	391
221	400
221	536
221	579
222	267
222	507
222	512
223	580
224	358
224	422
224	514
225	456
225	476
225	590
225	591
226	492
227	539
228	312
228	416
228	553
229	310
229	407
229	560
230	444
232	386
232	498
233	374
233	427
234	254
234	390
234	576
235	349
236	256
236	407
237	440
237	498
238	457
238	509
239	254
239	325
240	246
240	363
240	405
240	449
240	515
240	524
240	575
241	476
241	537
242	366
242	445
242	470
244	259
244	355
244	495
244	508
245	563
246	488
247	475
247	492
248	260
249	393
249	504
251	314
251	318
251	414
251	598
252	324
252	325
252	373
252	399
252	417
252	437
252	462
252	561
253	409
253	556
254	385
254	409
254	484
254	519
255	377
255	397
255	498
256	274
257	325
257	328
257	350
257	417
257	537
258	271
258	439
259	385
259	406
259	422
259	453
259	514
260	270
260	527
261	305
261	374
261	397
261	417
261	552
262	409
262	510
263	504
264	562
265	336
265	410
265	461
265	480
265	503
266	509
267	276
267	336
267	567
268	279
268	316
268	486
268	507
269	360
269	400
270	279
270	334
270	462
271	284
271	469
272	305
272	351
272	550
273	407
273	543
273	576
274	300
274	341
274	437
274	555
275	417
276	419
276	476
276	535
276	569
276	588
277	406
278	309
278	365
278	427
279	336
279	382
280	311
280	561
281	306
281	425
281	430
281	449
281	483
283	445
283	473
283	528
284	416
284	479
284	524
284	552
285	331
285	344
285	378
285	381
285	463
285	472
285	528
286	375
286	542
286	548
286	588
286	594
288	318
288	419
288	432
288	477
289	299
289	320
289	396
289	404
289	455
290	339
290	480
290	545
291	584
292	358
292	385
292	459
292	529
293	508
295	302
295	386
296	308
296	348
297	305
297	359
297	483
297	515
297	587
298	509
298	541
298	559
298	575
299	362
301	386
302	500
302	560
303	314
303	342
303	535
303	547
304	334
305	330
305	409
305	454
305	500
305	515
305	555
306	398
308	341
308	450
309	487
309	542
310	575
311	363
311	594
312	450
314	359
314	413
317	382
317	484
317	489
317	592
318	395
319	568
321	496
322	360
322	454
322	476
322	479
323	366
323	438
323	531
323	575
324	339
324	487
324	528
325	352
325	430
325	515
326	366
326	438
326	506
327	389
330	341
331	484
331	494
331	514
332	359
332	373
332	384
332	586
333	343
333	355
333	458
333	579
334	428
335	383
335	460
335	512
335	584
336	572
337	371
338	353
338	367
338	444
339	358
339	386
339	391
341	366
343	374
343	399
343	452
343	535
343	581
344	406
344	499
344	522
344	559
344	593
345	402
346	392
346	564
347	407
348	433
348	502
348	568
350	390
350	401
350	457
351	386
352	435
352	538
353	381
356	421
356	423
356	439
356	560
356	571
358	451
358	542
359	382
359	528
360	408
360	490
360	523
360	588
362	482
362	531
365	421
366	411
367	412
367	464
367	526
367	546
369	384
369	405
370	538
371	480
371	485
372	551
373	580
374	417
375	389
376	411
377	517
377	573
378	425
378	557
379	468
380	385
380	538
380	565
381	443
382	430
382	535
383	534
383	596
384	460
384	509
384	540
385	483
385	556
386	507
386	539
387	587
388	440
388	486
390	474
391	534
392	432
392	443
392	459
392	558
393	516
394	562
394	566
396	475
397	471
397	497
397	594
399	559
399	580
400	558
404	491
406	567
408	528
410	574
411	453
411	511
412	443
413	462
413	511
416	585
417	497
417	595
418	498
418	524
419	430
419	542
420	442
420	477
420	527
421	522
424	468
424	492
425	590
426	461
427	451
427	552
427	595
432	484
433	458
435	474
435	483
435	487
435	526
436	570
437	461
439	468
440	470
441	519
443	528
444	480
447	528
450	487
450	505
452	501
453	467
453	503
454	497
454	547
454	559
455	568
455	594
457	559
458	465
459	469
459	579
461	462
461	535
462	488
462	534
463	561
466	543
469	540
471	590
472	483
473	511
473	566
482	507
483	500
483	529
484	491
484	571
485	567
485	578
486	540
487	597
490	539
490	573
492	494
493	530
496	592
498	543
498	559
499	590
501	576
503	527
504	545
505	582
507	533
507	542
510	587
511	595
515	540
516	528
519	577
520	565
521	537
521	556
521	573
524	534
532	545
534	586
535	578
541	599
544	588
545	558
545	566
550	560
561	585
561	595
563	581
566	570
570	598
575	579