0	101
0	506
1	54
1	59
1	115
2	74
2	146
2	199
2	517
3	100
3	123
3	159
3	461
4	48
4	87
4	205
4	396
5	208
5	264
5	321
5	569
6	20
6	43
6	69
6	72
6	350
7	113
7	199
7	287
7	340
7	428
8	165
8	172
8	243
8	355
8	374
8	390
8	476
8	574
9	155
9	325
9	501
9	510
10	45
10	73
10	322
10	527
10	553
11	256
11	554
11	579
12	26
12	91
12	162
12	228
12	286
13	94
13	222
13	251
13	266
13	581
14	29
14	249
14	461
14	525
14	529
15	34
15	201
15	271
15	362
15	416
16	178
16	569
17	294
18	141
18	203
18	351
18	355
18	587
19	48
19	150
19	204
21	311
21	416
21	457
21	598
22	93
22	194
22	320
23	560
23	598
24	147
24	254
25	41
25	161
25	297
25	307
25	319
25	341
26	144
26	313
26	557
27	153
27	421
28	149
29	75
29	310
30	36
30	110
30	176
30	283
30	433
31	565
32	37
32	111
32	496
32	563
32	573
33	57
33	318
33	396
33	454
33	474
34	43
34	159
34	254
34	314
34	375
34	427
34	444
34	495
35	48
35	350
35	386
35	470
36	40
36	112
36	156
37	135
37	182
37	333
37	561
38	107
38	154
38	258
38	282
38	301
38	371
38	401
38	470
39	406
39	483
39	487
39	568
41	93
41	226
41	319
41	349
41	439
41	534
42	123
42	191
42	210
42	263
42	286
42	416
42	564
42	572
42	599
43	247
43	361
43	424
43	464
43	514
44	146
44	279
44	402
44	446
44	504
44	543
44	559
45	450
46	200
46	291
46	340
46	348
47	82
47	157
47	240
47	260
47	335
47	410
47	419
47	434
48	331
48	448
49	588
50	206
50	338
50	369
50	486
51	64
51	131
51	306
51	369
52	241
52	247
52	399
52	448
52	562
53	234
53	320
53	486
53	588
54	130
54	330
54	543
55	242
55	284
55	549
55	588
56	362
56	505
56	513
57	218
57	287
58	173
58	230
58	276
58	292
58	339
58	413
58	490
58	555
59	119
59	409
60	70
60	125
60	151
60	154
60	206
60	216
60	327
61	260
61	388
61	391
61	413
61	469
61	565
62	80
62	193
62	303
62	342
62	374
63	72
63	102
63	112
63	315
63	402
63	466
64	112
64	209
64	219
65	185
65	375
65	577
66	206
66	236
66	352
66	358
67	126
67	143
67	155
67	193
67	308
67	368
68	71
68	195
68	220
68	225
68	346
68	522
68	593
69	79
69	216
69	291
69	437
70	355
71	182
71	187
71	291
72	179
72	533
73	129
73	379
74	365
74	438
74	529
74	578
75	122
75	180
75	239
75	404
75	549
76	84
76	227
76	234
76	235
76	566
77	422
77	454
77	500
77	528
77	532
77	548
78	124
78	141
79	350
80	191
80	212
80	321
80	421
81	88
81	92
81	394
81	552
82	150
82	245
82	489
83	269
83	319
84	154
84	276
84	293
84	303
84	305
84	540
84	594
85	246
85	392
86	96
86	189
86	429
87	130
87	247
87	255
87	260
87	358
87	366
87	436
88	396
89	337
90	490
91	136
92	142
92	328
93	155
93	368
94	125
94	491
95	522
95	579
95	583
96	179
96	240
96	298
96	379
97	155
97	181
97	278
97	479
97	585
98	246
98	288
99	259
99	278
100	259
100	457
101	210
101	215
101	216
101	306
101	371
101	422
102	112
102	239
102	264
102	363
102	377
102	466
102	521
103	177
103	328
103	471
103	549
104	196
105	521
106	389
106	429
106	481
107	140
107	258
107	424
107	580
108	147
108	250
109	490
109	583
111	172
111	193
111	552
112	425
114	145
114	206
114	350
114	516
115	201
115	318
115	574
116	282
117	238
117	372
117	449
118	410
119	186
119	553
119	594
120	144
120	301
120	459
120	558
120	573
121	143
121	182
121	226
121	457
121	491
121	568
122	256
122	285
122	415
122	518
123	223
123	229
124	210
125	228
125	288
125	302
125	566
126	267
126	492
127	255
128	275
128	451
128	487
128	511
128	550
129	496
129	497
129	536
130	159
130	201
130	311
130	341
130	432
130	492
131	168
131	257
131	404
132	237
132	323
133	238
133	254
133	481
134	191
134	558
135	294
135	571
136	276
136	348
136	440
136	491
137	360
137	452
137	488
137	513
137	568
138	204
138	283
138	392
138	529
139	213
139	319
139	358
139	525
140	160
140	208
140	313
140	330
141	380
141	572
142	238
142	279
143	320
143	593
144	260
144	285
144	291
144	377
145	440
145	585
146	228
146	245
146	304
147	309
147	373
147	540
148	250
148	504
148	580
149	157
149	351
149	366
149	369
149	378
149	523
149	584
149	598
150	291
150	382
151	243
151	289
151	316
151	400
151	402
151	438
152	193
152	249
152	429
153	287
153	422
154	297
154	425
154	461
154	520
155	229
155	308
156	189
156	273
156	393
156	451
156	501
157	562
158	167
158	508
158	566
159	163
159	366
159	442
159	449
159	516
160	211
160	342
160	386
160	442
160	476
160	546
161	169
161	534
162	495
163	197
163	321
163	500
163	594
164	413
164	453
164	483
164	501
164	557
165	350
165	396
165	420
165	432
165	506
165	519
165	531
166	288
166	345
166	368
166	412
166	458
166	501
166	546
167	289
167	381
167	561
168	250
168	253
168	338
169	475
169	530
170	513
171	198
171	258
171	332
171	508
171	535
172	184
172	273
172	394
172	442
173	195
173	409
173	549
173	558
174	290
175	279
175	573
175	593
176	338
176	497
177	279
177	399
177	525
178	378
179	367
179	457
180	264
180	321
180	412
180	456
180	519
181	305
181	322
182	279
182	280
182	281
182	287
182	410
183	280
183	332
183	338
184	205
184	530
186	221
186	346
186	476
187	314
187	392
187	410
188	396
188	481
189	469
189	538
190	259
190	286
190	515
190	558
191	248
191	485
191	570
192	269
192	596
193	279
193	333
193	579
194	318
194	365
194	439
194	456
195	277
195	518
196	566
197	271
197	305
197	329
198	262
198	311
198	392
198	508
199	529
200	365
200	547
201	206
201	229
201	370
201	438
201	497
201	561
202	335
202	363
202	420
202	467
203	453
203	551
203	576
204	463
205	363
206	516
206	545
207	269
207	574
208	372
208	599
209	294
209	451
209	459
210	344
210	420
211	341
211	522
211	542
212	510
213	289
213	364
213	443
213	594
214	392
214	514
215	405
216	317
216	409
216	431
216	450
216	473
217	302
217	385
217	415
218	364
219	286
219	394
219	494
219	593
220	341
220	524
221	250
222	384
222	428
222	432
222	440
223	359
223	456
223	557
224	346
224	366
224	465
225	471
226	477
226	581
227	282
227	349
227	353
228	315
228	417
228	531
229	391
229	417
229	485
230	272
230	403
231	357
231	439
231	500
232	404
232	539
233	281
233	496
234	468
234	527
234	546
234	550
236	363
236	471
236	563
237	316
237	438
239	429
240	312
240	476
241	256
241	314
241	327
241	342
241	352
242	537
244	253
244	255
245	258
245	436
245	471
245	535
245	581
246	367
246	506
247	264
247	359
248	358
248	449
249	314
249	376
249	489
251	363
251	435
251	441
251	461
251	495
252	550
253	427
253	490
253	510
253	541
254	324
255	438
256	479
257	334
257	367
257	395
257	444
257	486
257	597
258	441
258	510
258	597
260	308
260	397
260	401
260	545
261	322
261	326
261	442
262	271
263	317
263	356
264	452
265	266
265	449
266	504
267	446
267	460
267	461
268	283
268	343
268	390
268	568
269	427
269	454
270	280
270	329
271	559
272	480
273	382
274	567
275	302
276	326
276	422
276	493
277	283
277	340
277	524
279	449
279	452
279	595
280	383
280	397
281	485
281	542
282	452
282	545
283	443
283	456
283	473
283	487
284	530
285	478
285	576
286	419
286	484
286	488
286	507
286	532
287	335
287	358
287	487
287	567
288	351
288	508
289	480
290	322
290	540
291	328
291	463
293	373
293	425
293	497
294	589
295	308
295	408
296	299
296	383
296	509
296	586
297	427
297	535
297	577
298	350
298	587
299	434
299	533
299	545
299	573
300	348
301	327
301	444
301	542
301	543
301	556
302	349
302	365
302	482
302	493
304	319
304	358
304	367
304	424
305	511
306	445
306	559
307	350
307	574
308	354
308	588
309	385
311	338
311	344
311	393
312	534
313	433
314	477
315	427
315	472
315	555
315	584
318	418
318	514
319	360
319	421
319	584
320	385
320	521
321	387
321	497
322	451
324	508
324	509
324	533
325	397
326	476
327	465
327	510
328	336
328	526
328	549
328	588
329	396
330	478
330	564
331	357
331	596
335	368
336	414
337	376
337	462
337	566
338	477
339	505
339	570
341	412
342	370
342	547
343	545
345	461
347	403
348	422
350	421
350	518
350	545
351	487
352	536
352	548
353	475
354	493
354	528
354	590
355	405
356	396
357	511
358	393
358	522
359	429
359	446
359	474
359	491
359	497
359	535
360	543
361	364
361	479
362	366
362	378
362	436
363	379
363	467
364	423
365	557
366	419
366	524
368	430
369	441
369	471
369	543
370	427
370	596
371	442
371	446
372	385
372	498
372	586
373	558
373	563
374	419
374	481
376	542
376	548
376	567
377	433
377	446
378	448
379	498
379	594
382	463
382	489
382	493
382	525
383	493
384	493
384	502
384	520
386	457
386	503
386	586
388	549
390	428
390	500
390	531
390	550
391	421
391	587
392	397
392	483
392	486
393	458
394	556
396	487
396	536
397	437
397	502
397	557
398	573
398	594
399	447
400	464
400	544
402	528
405	525
405	559
406	496
407	452
411	492
414	463
414	591
415	518
416	460
417	545
418	511
418	533
421	581
422	563
422	592
423	434
423	526
424	462
424	582
425	457
426	553
427	503
427	508
427	585
428	564
428	576
429	551
430	478
431	485
431	529
432	545
432	562
433	439
433	497
433	520
433	591
434	544
435	452
435	492
435	534
435	568
436	438
437	593
438	462
441	474
441	504
441	512
443	466
443	584
444	489
444	497
444	596
445	503
446	576
447	455
447	490
447	521
448	469
449	506
449	571
452	477
453	462
454	484
458	529
458	571
458	575
460	593
465	492
465	540
466	484
466	529
466	553
468	518
469	529
472	499
472	544
472	578
474	557
477	493
477	541
477	571
479	515
479	575
479	583
480	501
483	486
485	525
485	562
493	523
497	529
499	534
499	546
501	596
504	571
505	568
506	596
507	589
509	528
510	543
512	520
512	576
514	594
518	522
519	583
521	592
523	565
528	544
529	551
529	562
530	547
531	549
531	597
538	562
539	558
541	546
541	584
541	591
542	599
544	551
550	599
554	592
559	580
583	598
594	598