0	148
0	489
0	592
1	588
2	413
3	205
3	353
4	412
5	234
6	531
7	386
7	594
8	71
9	233
9	320
9	495
10	124
10	340
10	483
10	516
11	93
11	138
11	260
11	535
11	596
12	140
12	506
13	187
13	228
13	243
14	29
14	362
14	405
14	468
15	131
15	152
16	53
16	73
16	110
16	228
16	529
17	35
17	46
17	195
18	199
18	227
18	246
18	364
18	446
18	564
19	45
19	197
19	291
19	301
20	52
20	151
20	197
20	326
20	474
20	589
21	196
21	224
21	418
21	499
22	268
22	453
23	378
24	65
24	303
24	354
24	359
25	161
25	369
25	470
25	509
25	515
25	543
26	49
26	72
26	81
26	188
26	308
26	323
26	391
26	405
26	430
27	89
27	273
27	387
27	583
28	138
29	116
29	185
29	448
30	197
30	522
31	50
31	143
31	235
31	267
31	292
31	295
31	326
31	487
31	494
32	177
32	346
33	91
33	122
33	501
34	53
34	262
34	452
34	520
35	173
35	240
35	242
35	302
35	384
35	568
36	292
36	351
36	507
37	368
37	415
38	376
39	177
39	318
39	328
39	469
40	62
40	173
40	205
40	258
40	272
40	480
40	534
41	106
41	141
41	148
41	198
41	486
42	221
42	461
43	65
43	79
43	192
43	197
43	233
43	241
43	337
44	533
44	565
45	121
45	407
45	536
46	61
46	403
46	587
47	138
47	225
47	244
47	250
47	357
47	374
48	291
48	294
48	376
48	389
48	391
48	476
49	153
49	168
49	262
49	530
50	100
50	302
50	351
50	365
50	448
50	497
51	87
51	152
52	63
52	175
52	314
52	361
52	582
53	68
53	159
53	449
53	523
54	419
54	427
55	235
55	236
55	390
55	571
56	181
56	225
56	385
57	89
57	465
58	117
58	266
58	272
58	517
59	389
59	464
60	65
60	73
60	297
60	343
60	369
60	384
60	390
60	582
61	76
62	116
62	164
62	192
62	377
62	385
62	405
62	456
62	578
63	96
63	371
63	405
63	415
63	507
64	184
64	363
64	397
65	125
65	379
65	516
66	83
66	133
66	206
66	286
66	309
66	343
67	164
67	166
67	309
67	465
67	537
68	250
68	369
68	411
68	522
69	288
69	549
70	339
70	423
70	469
71	364
72	347
72	360
72	379
72	527
72	528
73	132
73	147
73	238
73	267
74	340
74	384
74	394
75	235
75	257
75	445
75	463
76	96
76	347
77	350
77	569
78	209
78	294
78	327
78	406
78	514
78	593
79	118
79	143
79	180
79	290
79	391
79	484
79	528
79	538
80	230
80	404
80	474
81	399
81	405
81	496
81	545
82	224
82	314
82	531
82	551
83	84
83	549
84	220
84	313
84	440
84	478
84	579
85	187
85	347
86	316
86	337
86	442
86	558
87	549
88	93
88	139
88	356
88	561
89	98
89	209
89	257
89	510
90	344
90	374
90	427
91	219
91	275
92	205
92	271
92	307
92	441
93	196
93	373
94	130
94	596
95	101
95	229
95	232
95	395
95	518
96	154
96	180
96	232
96	407
96	416
96	587
97	525
98	135
98	490
98	568
99	194
99	334
99	431
100	123
100	191
100	457
100	480
100	529
101	112
101	588
102	259
102	345
102	346
102	459
102	538
103	131
103	235
103	295
104	258
104	270
104	386
104	541
104	575
105	378
105	422
105	532
106	189
106	439
106	548
107	440
108	133
108	189
108	246
108	369
108	451
108	490
108	532
109	219
109	502
109	504
110	149
110	405
111	141
111	157
111	238
111	302
111	371
111	388
111	430
112	123
112	502
113	146
113	561
114	255
114	350
114	423
114	557
115	137
115	339
115	463
115	476
116	287
116	568
117	306
117	399
117	430
118	305
118	458
119	370
119	378
119	567
120	249
120	327
120	383
120	492
120	532
121	210
121	260
121	417
123	164
123	265
124	386
124	590
125	179
125	207
125	239
125	343
125	388
125	424
125	457
126	549
127	181
127	221
127	255
127	352
127	524
127	598
128	160
128	162
128	476
128	575
129	176
129	513
130	149
130	221
130	323
130	574
131	259
131	396
131	586
131	587
132	548
132	549
132	587
133	155
133	248
133	271
133	331
133	520
134	280
135	340
135	533
136	573
137	201
137	211
137	270
137	477
138	194
138	314
138	370
138	423
139	277
139	589
140	147
140	487
140	555
141	398
141	552
142	259
142	433
143	155
143	242
143	351
143	475
143	522
144	195
144	196
144	199
144	304
144	354
144	403
144	466
144	580
145	524
145	536
146	384
147	356
148	273
148	350
148	363
148	406
148	507
149	583
150	297
151	212
151	216
151	283
151	508
152	166
152	512
152	550
153	337
153	521
153	523
153	562
154	207
154	291
155	192
155	258
155	278
155	347
155	393
155	591
156	223
156	232
156	252
156	253
156	257
157	488
158	209
158	540
159	238
159	295
159	341
159	366
159	408
160	264
160	597
161	296
162	374
162	459
162	497
162	594
163	597
165	272
165	301
165	449
165	557
165	597
166	322
166	343
167	176
167	216
167	237
167	428
168	329
168	354
168	473
169	207
169	294
169	406
169	546
170	565
171	202
171	578
172	526
172	532
173	357
173	379
173	502
174	215
174	283
174	561
174	588
175	315
175	502
176	357
176	445
176	495
178	247
179	475
180	247
180	288
181	215
182	377
182	415
182	573
183	271
183	382
184	354
184	376
184	440
184	542
184	543
185	365
185	425
185	471
185	479
186	562
186	588
187	193
187	247
187	333
187	501
188	368
189	204
189	208
189	329
189	581
190	243
191	389
192	218
192	406
193	351
193	402
193	445
194	375
194	573
195	253
195	535
196	324
197	294
197	394
197	523
197	567
198	409
198	558
199	231
200	396
200	541
201	376
202	219
202	489
203	468
204	250
204	534
204	542
205	311
205	449
206	333
206	364
206	466
206	507
206	533
207	267
207	268
207	381
207	496
208	287
208	427
208	561
209	282
209	441
210	253
210	329
211	245
211	258
211	299
211	367
211	376
211	591
212	367
212	492
212	593
213	346
213	387
214	279
214	551
214	572
215	473
216	576
216	590
217	287
217	298
217	476
217	490
217	563
218	459
218	593
219	235
219	445
220	334
220	450
221	269
221	460
222	282
222	319
222	360
223	248
223	296
223	310
223	478
223	525
224	260
224	271
224	345
224	406
225	379
225	410
225	470
225	479
226	282
226	376
226	434
226	517
227	480
227	495
227	592
228	258
229	472
230	524
231	340
231	400
232	360
232	528
233	511
234	422
234	456
234	521
234	549
235	327
235	421
235	423
236	407
237	353
237	392
237	432
238	295
238	520
238	530
238	551
240	353
240	395
240	413
240	442
240	583
241	269
241	326
241	340
241	356
241	401
241	440
241	467
242	261
242	293
242	511
242	538
243	266
244	399
244	462
244	471
244	569
245	527
245	542
246	298
246	330
246	391
246	421
247	390
247	392
247	428
247	533
247	562
248	290
248	444
248	560
249	392
249	599
250	263
250	314
250	459
250	506
250	521
251	295
251	466
251	513
252	382
252	501
253	382
253	514
254	547
254	576
255	348
255	557
256	272
257	377
259	398
259	482
260	329
260	420
260	535
260	539
261	337
261	445
261	542
261	556
261	582
262	267
262	408
263	310
263	385
263	486
264	309
264	401
264	520
265	375
267	489
268	284
268	402
270	297
270	573
271	429
272	431
273	424
274	331
274	439
274	502
275	386
275	438
275	451
275	454
275	571
275	596
276	332
277	280
277	294
278	314
278	547
278	556
279	472
279	549
280	293
281	340
281	358
281	400
282	455
283	565
283	589
284	293
284	446
284	498
284	590
285	511
285	549
285	564
286	451
287	356
287	437
287	491
288	352
288	402
289	371
289	438
289	459
289	540
289	589
290	487
290	552
291	425
291	535
292	329
292	510
292	549
293	359
293	511
294	296
294	503
294	594
295	307
295	454
296	411
298	315
298	402
298	538
299	482
299	558
300	308
300	476
301	467
301	518
303	370
303	440
304	371
305	308
305	410
305	504
306	343
306	513
307	389
307	435
307	509
307	568
308	443
309	339
309	488
309	535
310	381
310	521
310	537
311	369
312	527
313	326
313	461
313	498
314	402
314	444
314	582
315	466
315	557
317	353
317	402
317	496
317	552
317	553
317	580
318	457
318	540
321	476
321	564
322	391
322	425
322	464
323	434
323	597
324	378
324	382
324	405
324	502
325	345
325	418
327	331
327	434
328	489
329	338
329	404
329	483
329	525
330	414
330	521
330	563
330	593
331	364
331	519
332	443
332	500
333	527
335	355
336	467
337	507
338	524
338	585
341	522
341	535
341	561
342	382
342	542
343	380
343	531
345	403
345	453
346	388
346	588
347	477
348	482
348	507
349	357
350	428
350	515
351	401
354	399
354	490
355	563
355	580
355	598
356	566
357	480
357	502
357	534
358	444
358	517
358	536
359	525
360	382
361	393
361	535
361	548
362	402
362	459
362	584
364	555
365	555
366	461
366	527
367	546
368	402
368	446
368	582
369	516
370	517
370	557
372	388
372	391
372	456
373	409
374	375
374	594
375	516
375	526
376	538
377	497
378	557
378	588
379	411
379	449
379	459
380	415
380	559
381	481
381	560
383	488
384	474
384	547
385	441
386	522
387	546
388	419
388	544
389	583
390	598
391	515
393	394
394	456
395	503
395	597
396	414
396	509
396	593
397	517
397	585
398	485
398	520
399	453
399	464
400	447
401	469
403	457
403	531
403	557
404	456
405	407
405	432
405	442
405	447
409	422
410	511
410	568
411	467
413	461
414	450
414	468
415	418
416	419
418	493
420	526
421	433
421	484
423	507
424	442
425	451
426	494
427	463
428	435
428	466
429	539
429	572
432	578
436	493
437	490
437	515
437	564
438	484
439	575
441	493
441	552
442	453
442	569
442	592
443	589
446	511
447	490
447	526
447	530
448	579
449	560
450	589
452	566
454	531
456	524
457	515
457	529
457	545
459	467
462	498
462	526
462	542
462	547
463	480
463	568
464	555
467	593
468	556
471	481
472	592
473	528
477	546
477	559
477	582
478	536
480	525
482	503
484	536
486	539
486	560
486	570
487	555
487	564
487	575
490	501
493	505
493	520
499	523
504	599
508	514
512	598
513	592
514	569
516	541
517	575
523	531
525	570
526	568
526	597
528	571
529	577
529	580
530	567
530	568
535	538
538	545
539	595
540	555
540	564
541	548
541	584
546	598
553	574
554	560
556	569
556	580