0	103
0	191
0	449
1	6
1	445
1	547
1	571
2	56
2	66
2	144
2	468
3	74
3	128
4	24
4	29
4	243
4	356
4	470
5	503
6	296
7	334
8	21
8	369
8	458
8	499
8	525
9	152
9	216
9	361
9	478
9	597
10	167
10	178
10	208
10	400
11	147
11	391
11	459
11	553
12	132
12	249
13	212
13	259
13	285
13	359
13	565
13	581
14	199
14	201
14	311
14	320
15	115
15	163
15	391
15	418
15	452
16	152
16	275
17	52
17	128
18	322
18	342
18	388
18	412
18	590
19	136
19	239
19	282
19	293
19	442
19	444
19	464
19	513
19	546
20	231
20	321
20	408
20	411
20	416
21	110
21	309
21	352
22	107
22	225
22	239
22	411
22	421
22	496
22	517
22	522
22	566
23	75
23	151
23	186
23	324
23	461
24	124
24	247
24	451
24	595
25	573
26	133
26	136
26	163
26	179
26	200
26	319
26	381
26	526
26	539
27	70
27	228
27	258
27	456
28	50
28	150
28	253
28	385
28	451
28	509
29	333
29	351
29	373
29	469
29	543
29	593
30	41
30	237
30	509
30	599
31	217
31	443
32	120
32	138
32	350
32	469
33	124
33	154
33	191
34	89
34	223
35	196
35	419
35	431
35	537
35	562
36	89
36	174
36	184
36	412
36	415
36	432
36	550
37	110
37	124
37	347
37	358
38	52
38	53
38	209
38	332
38	597
39	216
39	246
39	262
39	454
40	129
41	48
41	168
41	185
41	301
42	142
42	302
42	314
42	448
42	462
43	176
43	303
43	400
44	156
45	232
45	286
45	458
46	318
46	472
46	486
47	309
47	336
47	388
47	506
48	356
48	452
49	128
49	288
49	318
50	137
50	260
50	363
50	571
51	83
51	506
52	132
52	185
52	313
53	114
53	159
53	206
53	553
53	576
54	65
54	66
54	86
54	140
54	264
54	476
54	582
55	170
56	146
56	291
56	336
56	383
56	475
56	531
57	82
57	435
57	488
58	77
58	140
58	143
58	337
58	454
58	502
58	536
58	564
59	76
59	190
59	321
60	131
60	531
61	171
61	203
61	245
61	331
62	152
62	164
62	255
62	267
62	358
62	394
62	520
62	580
63	504
63	529
64	111
64	177
64	256
64	438
64	518
65	74
65	109
65	465
65	470
65	537
66	119
66	325
66	504
67	221
68	425
69	168
69	202
69	239
69	556
70	99
70	149
70	218
70	240
70	554
70	570
71	134
71	189
71	208
71	396
72	99
72	238
72	243
72	529
73	202
73	341
74	102
74	204
74	598
75	346
75	548
76	158
76	496
76	512
77	306
77	356
77	389
77	435
78	216
78	233
78	282
78	477
78	489
79	186
80	127
80	233
80	286
80	420
80	580
80	588
81	399
82	248
83	485
84	101
84	172
84	188
84	265
84	593
85	110
85	345
85	396
85	482
85	593
86	260
86	342
86	493
87	140
87	277
87	329
88	231
88	392
88	520
88	546
89	150
89	186
89	201
89	258
89	319
89	555
89	577
90	100
90	183
90	238
90	280
90	318
91	174
91	590
92	98
92	181
92	237
92	287
92	318
92	480
93	273
93	436
94	217
94	389
94	428
94	506
94	552
95	217
95	267
96	198
96	450
96	467
97	211
97	227
97	343
97	528
98	153
98	187
98	283
99	101
99	305
99	433
100	467
100	496
100	505
100	599
101	542
102	139
102	190
102	200
102	236
102	437
102	488
102	492
104	129
104	168
105	115
105	139
105	185
106	187
106	220
106	240
106	561
107	241
107	529
108	299
109	165
109	205
109	317
109	354
109	570
110	112
110	307
110	338
110	374
110	386
111	194
111	382
111	523
112	240
113	157
113	268
113	518
113	590
114	199
114	213
114	223
114	272
114	369
114	441
114	545
114	582
115	371
115	532
115	583
116	306
116	377
117	304
117	335
117	480
118	171
118	262
118	560
119	235
119	322
119	396
119	437
119	520
119	594
120	150
120	176
120	190
120	194
120	240
120	290
120	401
120	457
120	496
120	526
121	328
121	339
121	406
121	430
121	501
121	546
122	292
123	181
123	277
123	285
124	302
124	311
124	503
125	236
126	249
127	265
127	434
127	532
130	250
130	267
130	336
130	351
130	453
130	476
131	331
131	435
132	159
132	275
132	397
132	463
133	571
133	578
134	291
135	381
135	388
135	415
136	446
137	507
138	176
138	331
138	518
138	539
139	354
139	421
139	447
140	166
140	245
140	314
140	362
140	474
140	481
140	509
141	159
141	376
142	273
142	313
142	390
143	500
143	533
144	167
144	244
144	335
145	417
145	493
146	445
146	476
147	188
147	237
147	488
147	533
148	346
149	185
149	254
149	353
150	177
150	185
150	276
150	417
150	530
151	352
151	361
151	370
151	556
152	381
153	441
154	361
154	364
155	234
155	285
155	427
156	461
156	545
157	209
157	226
157	348
158	340
159	215
159	306
159	565
160	179
160	181
161	220
161	267
161	308
161	471
161	475
162	169
162	320
163	329
164	332
164	361
164	369
165	254
165	413
166	218
167	275
167	312
167	344
167	532
168	214
168	327
168	394
168	416
169	182
169	349
169	356
170	188
170	316
171	290
171	297
171	396
171	567
172	242
172	362
172	439
172	463
172	481
173	219
173	227
173	329
173	370
174	230
174	374
174	459
175	353
175	380
175	402
175	487
175	494
176	188
176	224
176	527
177	188
177	279
177	299
177	322
178	294
178	316
178	456
179	204
179	320
179	492
180	394
180	413
182	277
183	243
183	579
184	290
184	380
185	302
185	397
186	193
186	362
186	372
187	304
187	444
188	233
188	323
188	333
188	361
188	438
188	529
189	210
189	222
189	224
189	538
190	297
190	404
191	212
192	304
193	418
194	362
194	457
194	525
195	305
195	494
196	210
196	442
196	501
197	237
197	414
197	477
198	295
198	345
199	369
199	404
200	225
201	267
202	227
202	311
202	329
202	374
202	386
202	508
202	583
203	208
203	283
203	389
205	206
205	267
205	303
205	308
205	404
206	458
206	557
207	244
207	410
207	415
207	475
207	491
207	495
208	269
208	352
208	387
208	500
209	300
209	309
209	521
209	551
211	235
211	284
211	443
211	504
211	508
211	569
212	521
213	460
213	554
214	425
214	565
215	244
215	461
215	594
216	343
216	352
216	400
216	565
217	322
217	369
218	314
219	220
219	278
219	462
220	259
220	294
221	238
221	351
221	569
221	575
222	259
222	351
222	425
222	433
222	466
222	470
222	521
222	586
223	406
224	306
224	554
225	238
226	414
226	525
227	354
227	392
227	473
227	533
228	573
229	259
230	241
230	298
230	344
230	421
231	256
231	477
232	355
232	369
232	397
232	408
232	448
233	301
233	337
233	504
234	285
234	401
235	312
235	566
236	297
236	337
236	558
236	591
237	316
238	324
238	406
239	565
239	591
240	257
240	334
240	450
240	549
241	271
241	342
241	395
241	409
242	521
243	467
243	560
243	598
244	427
244	462
245	353
245	384
247	409
247	423
247	464
247	562
248	315
248	316
248	348
248	587
249	264
249	348
249	390
249	569
250	313
250	373
251	444
251	512
251	523
252	539
253	424
253	478
253	594
254	392
254	552
255	323
255	359
255	388
255	454
255	513
256	338
256	492
256	496
257	274
257	373
258	535
258	554
259	448
259	474
259	549
260	435
260	506
261	537
263	296
264	333
264	415
264	467
264	485
264	565
265	375
265	581
265	585
266	370
266	390
266	425
267	409
268	360
269	379
270	467
271	426
272	338
273	566
274	287
274	354
274	426
274	526
275	339
275	471
276	368
276	438
277	386
277	512
277	573
278	282
279	290
279	431
279	581
281	313
281	393
281	449
282	300
282	578
282	595
283	296
283	377
283	458
284	374
284	401
286	409
286	522
287	561
287	579
288	536
288	571
289	367
289	464
290	521
290	548
291	477
292	359
292	396
293	296
293	329
293	403
296	506
297	516
299	553
299	569
300	330
300	384
300	385
300	554
301	487
301	534
302	317
302	537
304	513
305	328
305	360
305	489
305	574
306	587
307	402
307	478
307	535
308	592
309	351
309	538
309	577
310	374
310	474
311	358
311	442
312	522
312	545
312	555
313	569
314	564
314	584
315	578
316	344
316	378
316	434
317	565
317	597
318	377
318	385
318	469
320	324
320	585
321	454
321	598
322	514
323	369
324	587
325	589
326	533
327	597
329	375
329	513
330	501
331	336
331	405
331	418
332	398
332	533
333	368
333	481
333	534
334	439
334	445
335	336
335	357
335	470
335	471
335	513
336	411
336	421
337	393
337	422
337	456
337	545
337	546
338	417
338	425
338	459
339	428
339	436
339	480
340	490
340	525
342	386
343	352
343	540
344	376
344	554
345	364
345	365
346	557
348	509
349	356
349	406
350	373
350	542
351	510
351	563
351	585
352	570
353	368
353	425
353	444
354	449
354	500
354	508
355	378
355	540
355	548
355	575
356	580
358	442
359	364
359	458
359	538
360	454
361	525
362	481
362	570
363	534
363	559
363	577
363	578
364	376
365	432
365	490
366	476
367	380
367	487
368	480
368	543
369	467
369	485
369	520
369	568
371	409
371	575
371	586
373	460
373	597
374	549
375	538
376	442
376	482
377	434
378	404
378	564
378	592
379	459
379	492
380	461
380	497
381	474
382	522
382	532
384	448
384	568
385	440
385	450
386	467
386	545
387	439
387	455
387	579
388	496
389	494
389	541
389	582
391	474
393	502
394	420
396	409
396	462
397	418
399	560
401	496
402	426
404	407
404	448
409	417
409	564
409	592
410	498
410	555
412	572
413	493
416	475
416	519
417	536
417	585
418	491
419	533
421	488
421	522
421	553
422	440
422	496
422	513
425	446
425	538
428	590
429	432
430	470
430	504
430	579
431	477
431	482
431	539
431	563
433	453
433	487
433	520
433	545
438	539
440	452
442	492
443	466
443	471
444	500
444	547
445	467
445	555
447	475
447	524
447	588
451	493
452	509
453	470
453	514
455	473
456	488
456	539
457	468
457	469
457	561
458	540
458	570
458	574
459	464
459	474
459	517
460	537
461	528
461	543
462	595
463	509
466	593
468	484
469	493
469	594
470	537
472	518
472	564
473	549
475	493
476	485
477	532
478	492
478	493
478	494
478	535
479	507
481	531
481	566
482	501
483	516
483	523
484	569
484	591
485	551
487	513
487	544
489	497
490	492
491	562
492	581
493	553
494	507
497	597
499	509
502	546
505	521
505	556
507	532
511	588
512	570
514	593
515	525
516	549
520	531
520	571
521	543
521	582
523	558
524	570
527	584
529	585
531	542
532	537
534	578
537	549
538	581
540	593
542	595
546	564
549	578
549	579
551	573
552	595
554	586
560	575
563	591
567	593
569	571
571	596
572	580
587	598