0	3
0	119
0	303
0	533
1	258
1	298
1	329
1	450
1	553
2	61
2	69
2	230
2	346
3	399
3	430
3	495
3	509
4	57
5	178
5	447
5	543
6	80
6	342
7	385
7	434
7	500
7	599
8	139
8	237
8	479
9	379
9	495
10	31
10	299
10	405
10	410
11	199
12	372
12	436
12	551
13	156
13	512
13	535
14	230
14	231
14	410
14	449
15	95
15	312
15	407
15	459
15	489
16	70
16	75
16	93
16	169
16	534
17	192
17	201
17	213
17	230
17	378
18	150
18	212
18	283
18	319
18	500
19	235
19	428
19	586
20	180
20	203
20	232
20	253
20	376
20	442
20	458
20	509
20	563
20	572
21	129
21	206
21	236
21	347
21	489
21	505
21	544
22	80
22	221
22	238
22	277
22	390
22	495
23	112
23	168
23	473
24	206
25	446
26	41
26	290
26	309
27	77
27	185
27	368
27	476
28	118
28	169
28	187
28	307
28	372
28	439
28	488
28	544
29	46
29	152
29	187
29	414
29	554
30	242
30	270
30	305
30	424
30	448
30	502
31	304
32	84
32	183
32	280
32	287
32	422
32	558
33	176
33	210
33	335
33	436
33	465
34	185
34	211
34	260
34	301
34	322
34	354
35	360
35	474
36	145
36	191
36	313
36	465
36	504
37	175
37	235
37	335
37	507
37	528
38	147
38	214
38	549
39	178
39	356
39	366
39	455
39	467
39	510
40	170
40	212
40	225
40	303
40	476
40	489
40	521
41	275
42	47
42	201
42	316
42	529
42	553
43	100
43	263
44	130
44	173
44	212
44	294
44	557
45	77
45	306
45	519
46	111
46	217
46	308
46	570
47	103
47	244
47	291
47	502
48	207
48	381
48	456
48	554
49	215
49	244
49	276
49	372
50	53
50	360
50	381
50	473
51	197
51	263
52	385
52	493
52	511
52	556
53	114
53	220
53	335
53	401
53	555
53	565
54	218
54	392
54	510
55	298
55	377
55	456
56	188
56	530
57	172
57	553
58	121
58	418
58	451
59	121
59	123
59	199
59	284
59	529
60	212
60	327
60	397
60	562
61	302
61	393
61	544
62	105
62	127
62	152
62	363
62	423
62	439
63	101
63	196
63	241
63	253
63	281
63	288
63	350
63	455
63	563
64	77
64	120
64	245
64	491
64	498
65	82
66	172
66	192
66	447
67	414
68	176
68	338
68	442
69	313
69	394
69	420
69	493
69	561
70	179
70	196
70	198
70	243
70	358
70	405
70	469
70	599
71	73
71	302
72	121
72	221
72	404
72	457
72	514
73	333
73	380
73	555
74	120
74	195
74	323
75	142
75	180
75	259
75	321
76	77
76	91
77	120
77	175
77	411
77	426
77	512
77	527
78	258
78	509
78	536
78	546
79	287
79	412
79	563
79	564
79	589
80	84
80	128
80	169
80	345
81	202
81	206
81	421
81	491
81	583
82	114
82	353
82	577
83	594
84	278
84	445
84	534
85	215
85	339
85	362
85	514
85	536
85	548
86	114
86	131
86	272
87	285
87	401
87	471
88	184
88	255
88	307
88	448
89	251
89	253
89	369
89	429
89	448
89	593
90	98
91	180
91	203
91	229
91	447
91	457
91	460
91	566
92	269
92	279
92	431
93	390
94	222
94	370
95	126
95	177
95	293
95	344
96	138
96	388
96	540
96	547
97	215
97	298
97	337
98	239
98	304
99	144
99	189
99	237
99	585
100	352
100	405
100	506
101	331
101	495
101	587
102	331
102	372
102	420
103	415
103	590
104	134
104	479
105	121
105	429
105	451
105	464
105	531
105	545
105	562
106	201
106	323
107	553
107	572
108	137
108	599
109	188
109	191
110	221
110	291
110	442
110	468
110	518
111	143
111	403
111	483
111	551
112	191
112	198
112	215
112	221
112	428
113	365
113	394
113	413
113	549
114	198
114	406
115	252
115	535
115	539
115	583
116	137
116	263
116	370
116	386
116	508
116	566
117	529
117	576
118	284
119	337
119	378
119	512
120	124
120	438
120	476
121	221
121	296
121	477
121	539
121	561
122	133
123	169
123	206
123	238
123	239
124	152
124	341
125	437
125	443
125	595
126	320
127	344
127	555
128	265
128	328
128	426
129	189
129	203
129	269
129	479
129	513
129	529
129	570
130	199
130	237
130	299
130	342
130	424
130	541
130	561
130	585
131	153
131	225
131	244
131	302
131	370
131	422
132	231
132	274
132	275
132	555
132	595
133	143
133	223
133	507
133	513
133	550
134	243
134	247
134	359
134	536
135	493
136	209
136	289
136	325
136	402
136	517
136	546
137	224
137	499
137	584
139	171
140	183
140	491
140	594
141	181
141	217
141	418
141	568
142	233
143	248
143	401
143	466
144	161
144	328
144	401
144	407
145	190
145	286
145	311
145	326
145	393
145	429
145	482
146	499
147	163
147	524
147	584
148	269
148	299
148	365
148	465
149	415
149	524
149	539
149	552
150	164
150	220
150	303
151	253
151	412
151	479
152	185
152	261
152	406
152	470
152	485
153	156
153	189
153	417
154	214
154	422
154	591
155	214
155	226
155	556
156	465
156	595
157	205
157	249
157	382
157	547
158	168
158	199
158	453
159	182
159	258
160	300
160	372
161	293
161	395
161	447
161	456
161	568
162	170
162	279
162	536
163	357
163	442
163	599
164	490
164	519
164	528
165	370
166	266
166	334
167	201
167	203
167	276
167	367
167	370
167	576
167	579
168	184
168	417
168	491
168	497
168	507
168	517
168	547
168	592
169	464
169	534
169	596
170	286
170	409
170	515
170	563
171	261
171	409
172	268
172	391
172	582
173	242
173	298
173	426
173	539
174	330
174	391
174	524
174	595
175	378
176	293
176	556
177	529
178	342
178	398
179	218
179	312
179	337
182	240
182	346
182	392
182	553
183	370
183	442
184	202
184	207
185	202
185	243
185	244
185	495
185	593
186	254
186	316
186	541
188	235
188	270
188	478
188	564
189	353
189	426
189	542
190	388
190	576
190	582
191	219
191	315
191	391
191	446
192	244
192	264
192	272
192	278
192	320
192	341
192	371
192	481
192	496
192	570
193	477
194	392
194	541
195	581
196	424
197	302
197	340
197	350
197	354
197	444
197	501
198	288
198	480
198	572
199	231
199	357
199	427
199	469
199	567
200	303
200	322
200	513
201	295
201	355
202	382
202	490
202	552
202	561
203	370
203	427
203	452
203	536
204	353
204	388
205	226
205	441
205	454
205	472
205	508
206	304
206	340
206	557
207	271
207	282
207	419
208	499
208	538
209	393
209	499
209	542
210	448
210	484
210	550
211	512
212	343
212	382
212	423
212	508
213	230
213	439
213	566
214	238
214	271
214	395
215	407
215	483
216	323
216	328
216	461
217	440
218	382
218	412
218	446
219	239
219	539
220	553
220	561
221	257
221	274
221	301
221	329
221	397
221	495
222	305
222	353
222	393
222	542
222	598
223	239
223	448
223	578
224	292
224	454
225	322
225	466
225	585
226	376
226	458
226	506
226	562
227	417
227	558
227	590
227	594
228	240
228	573
229	388
229	448
229	523
230	564
230	580
232	400
232	455
232	490
233	278
233	377
233	523
233	578
234	274
234	366
235	269
235	293
235	403
235	453
235	518
235	533
236	247
236	289
237	390
237	457
238	488
238	546
238	562
239	461
240	281
240	369
240	414
240	424
241	563
241	575
243	536
243	541
244	284
244	352
245	427
245	506
246	389
246	393
246	411
246	439
246	464
246	531
247	346
248	485
248	511
250	389
250	399
250	441
250	514
250	524
251	312
251	571
252	495
253	403
253	437
253	569
253	570
254	257
254	297
254	502
255	330
255	358
256	313
256	554
257	335
257	496
257	560
258	386
258	529
258	530
261	429
261	456
261	471
262	350
262	494
263	453
264	300
264	302
264	520
264	591
265	303
265	384
265	442
266	567
266	583
267	545
268	294
268	422
268	507
269	349
270	411
270	416
270	539
270	560
271	277
271	460
271	498
271	593
273	296
273	338
273	368
273	575
273	589
274	293
274	553
274	575
275	592
276	287
276	374
276	377
276	433
276	457
276	496
276	512
276	522
276	532
277	284
277	487
279	320
279	364
279	394
279	435
281	288
281	310
281	366
281	402
281	459
281	494
282	312
282	354
282	497
282	535
283	298
283	442
283	543
283	593
284	321
284	327
285	330
285	508
285	579
286	476
287	374
287	553
288	545
290	412
290	578
291	348
291	505
291	525
292	377
292	412
292	504
293	310
294	425
295	305
295	373
295	449
296	337
296	387
296	456
296	492
297	370
297	427
297	476
297	523
297	551
298	400
299	385
299	462
300	379
300	517
301	324
301	361
301	417
301	583
302	383
302	528
303	332
303	427
303	575
304	307
304	458
305	516
305	598
307	582
310	323
310	357
310	383
310	467
311	347
312	482
312	570
313	446
313	586
314	493
314	574
316	357
317	524
318	418
319	497
320	364
322	390
323	532
323	547
327	401
327	570
328	393
328	442
329	466
329	592
330	489
331	415
331	580
334	493
334	598
335	396
335	464
335	530
336	432
337	366
338	395
338	415
338	490
338	538
339	346
339	487
339	537
339	552
340	383
340	443
340	533
340	597
341	385
341	546
342	420
343	496
344	375
344	388
345	571
347	380
350	477
350	572
351	469
351	588
352	412
353	466
354	517
354	530
354	585
355	483
356	376
357	454
359	436
359	478
360	469
360	561
361	480
362	365
362	542
363	435
363	452
363	532
364	473
364	502
364	538
364	548
364	598
365	486
367	482
367	583
368	379
370	381
370	387
370	468
371	442
372	459
373	387
374	482
374	543
375	447
376	599
377	508
378	417
378	487
379	435
379	437
379	439
379	443
380	496
381	559
381	597
382	518
382	598
385	404
385	407
385	577
386	544
387	402
387	572
388	468
388	582
388	583
389	597
391	526
392	424
392	463
392	560
393	456
393	458
394	449
395	520
396	409
396	522
397	565
397	598
398	594
399	533
399	564
400	493
400	556
403	547
403	597
404	485
404	505
406	499
408	496
408	513
409	449
409	534
410	539
411	419
411	495
411	502
412	421
413	446
415	448
417	479
419	431
419	495
419	578
419	581
420	555
421	576
423	468
424	556
425	539
426	448
427	445
428	510
432	464
433	454
433	585
435	505
437	440
438	469
438	516
439	544
439	573
442	446
443	458
444	511
450	484
450	534
450	576
452	599
453	534
455	468
455	590
458	503
458	561
459	489
459	521
459	538
459	553
461	536
462	478
462	487
464	549
466	584
466	596
467	586
468	523
471	507
473	534
475	476
477	489
477	599
478	573
479	506
480	514
480	595
482	592
485	540
486	495
490	514
491	493
493	557
495	503
496	555
499	597
500	528
501	578
502	536
502	589
503	533
504	509
504	515
504	582
504	592
505	546
506	516
507	550
507	576
510	599
513	537
518	590
519	563
520	534
523	565
523	590
529	553
530	543
530	547
535	551
536	577
537	544
538	573
540	545
543	555
545	550
546	565
548	581
549	594
550	569
555	591
559	579
561	562
561	597
569	582
569	592
570	594
577	587