0	32
0	159
0	166
1	270
1	338
2	238
3	97
3	277
3	332
3	428
3	506
4	91
4	188
4	466
5	57
5	204
5	327
6	84
6	95
6	324
6	348
6	558
7	194
7	234
7	303
7	349
7	533
7	537
7	577
8	141
8	312
8	401
9	173
9	250
9	453
10	55
10	74
10	91
10	113
10	126
10	446
11	283
11	538
11	590
12	138
12	208
12	340
12	403
12	425
12	453
12	558
13	399
13	412
13	479
13	556
14	109
14	128
14	143
14	170
15	61
15	515
15	575
16	222
16	290
17	53
17	64
17	475
17	497
17	537
18	81
18	255
18	313
18	381
19	437
19	587
20	57
20	214
20	348
20	396
21	205
21	292
21	352
21	405
21	491
22	145
22	207
22	367
22	525
23	43
23	85
23	171
23	261
23	386
23	536
24	575
25	66
25	232
25	235
25	502
25	542
25	552
26	230
26	292
26	382
26	547
27	123
27	172
27	319
27	435
28	351
28	406
29	105
29	133
29	138
29	248
29	335
29	341
29	358
29	432
29	437
30	539
30	588
31	177
31	252
31	395
31	582
32	165
32	421
32	462
32	517
32	541
33	184
33	268
34	363
34	401
34	424
34	431
34	509
34	591
35	38
35	80
35	395
35	577
36	140
36	288
36	305
36	397
36	522
36	596
37	223
37	312
37	334
37	392
37	463
38	200
39	90
39	445
39	556
40	89
40	184
40	230
40	233
41	125
41	133
41	178
41	318
42	118
42	120
42	192
42	273
42	298
42	455
42	549
43	138
43	228
43	405
43	558
44	124
44	286
44	325
45	191
45	253
45	306
45	415
45	533
46	111
46	175
46	343
46	416
47	229
47	468
47	525
48	362
48	409
49	428
49	551
50	195
50	216
50	234
50	442
50	532
51	566
51	579
52	212
52	237
52	364
53	62
53	362
53	493
54	131
54	188
54	281
54	471
54	479
54	595
55	56
55	214
55	457
55	532
56	265
56	298
56	422
57	205
57	422
57	552
58	132
58	184
58	499
59	253
59	305
59	464
59	497
59	598
60	353
60	537
61	173
61	204
61	329
61	400
62	414
62	485
62	507
63	183
63	204
63	302
63	571
64	168
64	175
64	229
64	292
65	334
65	536
65	559
66	361
66	391
66	574
66	589
67	72
67	85
67	131
67	506
67	533
68	79
68	278
68	357
69	286
69	497
70	206
71	151
71	155
71	563
72	351
73	116
73	585
74	136
74	319
74	331
74	440
74	515
74	571
75	218
75	391
75	431
75	517
75	526
76	171
76	322
77	540
77	597
78	542
78	587
78	590
79	270
79	289
79	480
79	513
80	170
80	313
80	318
80	414
80	421
80	548
80	557
80	566
81	84
81	130
82	97
82	221
82	254
82	496
82	564
83	246
83	548
83	559
84	200
84	448
84	531
85	194
86	249
86	322
86	328
86	406
87	177
87	356
88	212
88	213
88	273
88	551
88	563
89	254
89	264
89	328
90	260
90	368
90	467
91	181
91	248
91	284
91	385
91	445
91	447
92	153
92	172
92	239
92	301
92	542
92	558
93	115
93	190
93	247
93	494
94	223
94	409
94	435
94	463
94	472
94	491
96	148
96	216
96	321
96	342
96	411
97	175
97	242
97	564
98	130
98	135
98	160
98	265
98	446
99	146
99	172
99	232
99	501
99	531
100	145
100	162
100	217
100	275
100	310
100	398
100	404
100	412
101	110
101	598
102	129
102	353
102	376
102	440
102	487
102	579
102	597
103	207
103	335
103	541
104	173
104	206
104	357
104	495
104	548
105	150
105	151
105	173
105	249
105	377
106	184
106	305
106	374
106	434
106	464
106	514
106	553
107	208
107	287
107	295
108	175
108	305
108	502
109	111
109	209
109	517
109	553
110	371
111	237
111	510
112	305
112	409
112	558
112	567
112	591
113	363
113	502
114	237
114	256
114	451
114	578
115	273
115	383
116	287
116	321
116	486
116	506
116	512
116	531
117	334
117	345
117	403
117	429
117	524
118	400
118	554
119	225
119	286
119	363
119	596
120	139
120	179
120	343
120	455
121	430
121	474
121	483
122	151
122	289
122	296
122	411
122	517
122	555
123	513
123	515
124	173
124	289
124	598
125	129
125	224
125	269
125	288
126	190
126	275
126	394
127	307
127	415
127	563
128	212
128	269
128	317
129	337
129	436
129	440
130	154
131	218
131	473
131	555
131	578
132	498
133	282
134	413
135	338
135	400
135	536
136	222
136	406
136	482
136	485
137	265
137	536
138	235
138	544
139	275
140	158
140	500
141	581
142	211
142	369
142	543
143	160
143	195
143	204
143	236
143	327
143	364
143	544
143	594
144	185
144	191
144	441
144	598
145	284
145	492
146	159
146	444
146	500
147	190
147	476
148	368
148	416
148	420
148	460
148	591
149	187
149	569
149	580
150	163
150	180
150	313
150	580
151	167
151	208
151	378
151	597
152	205
153	378
155	259
155	488
156	222
156	408
156	497
157	428
158	528
159	232
159	278
159	371
159	556
160	298
160	327
160	342
160	397
160	590
161	242
161	402
162	438
162	473
163	199
164	174
164	217
164	230
164	467
165	202
165	323
165	342
165	344
166	552
167	286
167	537
168	301
168	393
168	452
168	479
169	326
169	549
169	559
170	218
170	264
170	303
170	365
170	374
170	424
171	173
171	468
171	522
172	322
172	417
172	428
174	359
174	462
174	505
176	228
176	439
177	256
177	305
177	478
178	203
178	242
179	316
180	263
180	430
180	495
180	556
181	316
181	411
181	515
182	195
182	369
182	540
182	556
183	415
183	467
184	442
186	299
186	455
187	194
187	363
187	466
188	189
188	231
188	387
188	450
188	594
189	532
190	286
190	320
190	334
190	484
190	513
191	462
192	299
192	300
192	464
193	275
193	339
193	407
194	211
194	323
195	344
196	226
196	334
196	507
197	276
197	289
197	292
197	495
197	570
198	421
198	547
199	353
199	407
199	586
200	207
200	235
200	379
200	542
200	598
201	278
201	294
201	458
201	492
202	249
202	322
202	373
203	225
203	491
204	220
204	310
204	388
205	236
205	506
206	303
206	400
206	520
207	261
207	333
207	426
207	482
208	322
208	523
208	591
209	223
209	252
209	544
210	296
210	586
213	328
213	363
213	596
214	545
215	354
215	407
215	566
216	519
216	571
217	391
218	260
218	276
218	456
219	495
220	251
220	277
220	558
221	283
222	490
222	496
222	556
223	239
223	316
223	427
223	470
223	524
224	583
225	306
225	357
225	362
225	495
225	555
227	501
229	244
229	357
229	424
229	512
229	573
231	336
231	346
231	361
231	508
232	274
232	402
232	520
233	344
233	436
233	476
234	334
234	339
234	418
234	439
235	537
235	550
236	557
237	332
237	471
238	248
238	257
238	387
238	416
238	545
239	434
239	496
239	500
239	553
240	400
240	458
240	518
241	316
241	521
242	296
242	503
243	371
243	499
243	534
243	563
244	496
245	270
245	336
245	383
247	382
248	442
248	481
250	419
250	558
252	445
252	488
252	520
253	430
254	449
254	453
254	458
254	470
254	513
254	529
257	522
257	562
258	342
258	417
259	379
259	422
259	459
259	483
261	286
261	330
261	340
261	402
262	469
263	327
263	346
263	378
264	385
264	394
264	495
266	443
266	543
267	494
267	583
268	339
268	350
268	470
270	348
270	349
271	379
271	413
271	442
271	575
272	323
272	467
272	469
273	536
273	559
274	306
274	408
275	586
276	422
277	537
278	538
279	372
279	384
279	551
279	555
280	302
280	304
280	539
281	421
281	469
282	506
284	399
284	477
285	389
285	413
285	454
285	537
286	344
286	376
286	492
287	296
287	391
287	420
287	462
287	489
287	524
288	409
289	362
289	497
290	296
290	380
291	357
291	464
292	421
292	449
292	537
293	304
293	450
293	489
293	531
296	365
296	400
296	428
296	440
297	440
297	464
297	515
297	569
297	581
298	535
298	560
299	333
299	448
299	461
299	495
299	502
299	546
300	415
300	564
301	314
301	397
301	404
301	530
302	325
302	537
303	351
303	400
303	574
305	323
306	406
307	351
308	337
309	407
309	453
310	387
311	404
311	412
311	451
312	369
313	530
313	552
314	498
315	340
315	425
315	599
316	365
316	377
317	429
317	490
317	548
318	338
318	350
319	392
319	533
320	480
321	333
321	372
321	499
321	579
322	555
322	574
323	344
323	507
324	377
324	502
324	538
325	407
325	508
325	536
326	430
326	433
326	448
327	495
328	359
328	519
329	503
330	469
332	466
333	370
333	437
333	506
336	598
337	522
339	515
340	398
340	414
340	455
341	416
341	433
341	553
341	593
342	416
344	475
347	459
350	366
351	405
351	441
352	549
352	555
353	504
355	433
355	456
355	511
355	570
356	469
357	548
358	524
358	595
359	465
360	432
360	521
360	523
360	576
361	504
364	365
364	422
364	588
365	456
366	382
367	376
367	572
367	576
369	411
369	491
373	374
373	527
374	496
375	430
375	526
376	475
376	500
377	479
377	580
378	586
379	517
382	433
383	398
383	440
384	537
384	573
385	467
386	467
387	494
387	559
388	428
388	549
390	557
390	588
391	400
393	562
395	498
396	565
397	526
397	527
397	539
399	434
399	500
400	484
401	443
402	468
402	586
403	438
403	490
404	509
405	498
405	573
406	414
407	460
407	467
407	468
407	522
408	426
408	429
408	492
409	552
409	564
409	590
410	421
410	521
411	448
412	469
413	437
413	561
413	570
413	575
414	464
414	492
416	435
416	444
418	540
419	546
420	591
421	551
421	595
422	584
423	467
423	533
425	427
425	540
426	535
426	589
427	461
427	484
427	510
429	579
429	585
430	488
431	446
432	444
433	561
434	457
434	505
434	596
435	498
435	515
435	554
435	583
436	509
437	453
438	469
438	475
438	492
438	532
439	458
440	515
440	557
440	570
441	541
441	566
444	579
446	469
446	553
448	589
449	538
449	592
453	517
455	593
455	594
457	468
457	496
458	548
463	485
464	542
465	489
465	594
466	518
467	469
467	505
467	593
468	568
472	594
474	480
482	576
483	504
483	558
484	597
485	507
491	543
491	563
491	574
496	505
496	585
500	573
502	572
503	557
504	530
505	522
506	592
507	516
510	582
512	529
513	559
517	553
521	597
522	536
522	557
523	580
533	551
534	596
535	570
536	563
539	599
540	554
541	556
542	566
543	564
544	590
545	588
546	567
549	564
556	580
559	562
559	571
561	579
564	596
566	587
577	595
592	596