0	95
0	150
0	173
0	214
0	220
0	312
0	430
0	471
0	591
1	215
1	340
2	39
2	98
2	146
2	225
2	239
2	264
2	369
2	575
3	480
4	7
4	168
4	380
4	397
4	410
4	522
5	151
5	458
5	550
6	24
6	63
6	118
7	393
7	490
7	496
8	94
8	595
9	144
9	195
9	241
9	434
10	287
10	504
11	59
11	144
11	263
11	446
11	496
11	577
12	127
12	180
12	247
12	308
12	477
13	81
13	204
13	359
13	561
14	281
14	301
15	253
15	322
15	332
15	448
16	172
16	535
16	560
17	65
18	156
18	205
18	470
19	468
19	488
20	154
20	417
21	34
22	171
22	203
22	355
23	56
23	266
23	470
24	131
25	26
25	97
25	145
25	173
25	257
25	348
25	405
26	254
26	488
27	186
27	212
27	214
27	311
27	551
28	528
28	551
29	205
29	236
29	441
29	480
29	549
30	116
30	274
30	335
30	399
30	473
31	322
31	419
31	427
31	479
31	532
31	550
32	140
32	151
32	490
32	540
32	545
33	326
34	156
34	194
34	325
34	413
34	421
35	116
35	311
35	353
36	72
36	175
36	296
36	341
37	420
38	49
38	124
38	234
38	296
38	407
38	539
39	164
39	464
40	229
40	415
40	483
40	512
41	72
41	83
41	168
41	263
41	363
41	494
42	164
42	220
42	224
42	297
42	298
42	540
42	590
43	129
43	284
43	326
43	445
43	464
43	468
44	359
44	465
45	62
45	138
45	480
46	230
46	403
46	594
47	93
47	158
47	255
47	426
47	473
47	507
47	528
47	577
48	328
49	581
50	94
50	116
50	326
50	330
50	430
51	273
51	319
51	361
51	409
51	542
51	568
52	412
52	466
53	370
53	565
54	342
54	401
55	69
55	197
55	392
56	237
56	384
56	465
56	559
57	91
57	169
57	191
57	274
57	480
58	241
58	342
59	88
59	409
59	475
59	548
60	333
61	206
61	217
61	237
61	332
61	429
61	462
62	189
62	252
62	321
62	478
62	558
63	398
63	455
63	558
63	578
64	110
64	191
64	275
64	284
64	574
65	118
65	123
65	567
66	119
66	122
66	330
66	435
66	525
67	83
67	475
67	510
68	103
68	187
68	239
68	391
68	489
68	573
69	121
69	318
69	532
69	546
69	586
70	134
70	231
70	599
71	136
71	597
72	153
72	360
72	391
72	431
73	441
73	564
74	112
74	154
74	412
74	445
75	85
75	576
76	219
76	275
76	420
76	583
77	159
77	292
77	588
78	278
78	347
78	459
78	599
79	214
79	243
79	419
79	528
80	220
80	230
80	298
80	502
80	505
80	506
80	525
81	561
82	182
83	215
84	149
84	178
84	196
84	211
84	230
84	280
84	289
84	515
85	111
85	231
85	344
85	386
85	547
85	557
86	257
86	372
86	413
87	567
87	572
87	579
88	221
88	383
88	385
89	443
89	473
90	486
91	370
91	425
92	131
92	199
92	211
92	505
92	511
92	540
93	192
93	198
94	499
94	566
95	273
95	325
95	357
95	427
95	433
95	450
96	436
96	537
97	259
97	306
98	323
98	329
98	392
99	137
99	166
99	209
99	291
99	323
99	403
99	547
100	582
100	599
101	374
101	391
102	307
102	387
102	472
102	565
103	360
103	410
103	510
104	234
104	313
104	338
104	364
105	167
105	207
105	243
105	504
106	455
107	112
107	171
107	398
107	425
107	445
107	534
108	117
108	582
108	584
109	252
109	503
110	200
110	272
110	466
110	530
111	363
112	183
112	317
112	485
112	564
113	150
113	475
113	537
114	190
114	322
115	154
115	159
115	531
116	236
116	551
117	135
118	163
118	277
119	176
119	288
119	426
120	267
120	322
120	328
120	577
121	122
121	138
121	319
122	259
122	274
122	277
122	303
122	592
123	235
123	311
123	381
124	169
124	254
124	437
124	511
124	513
124	534
125	259
125	294
125	299
125	466
125	529
125	597
126	371
126	411
126	451
127	242
127	284
127	381
127	515
128	425
128	539
129	262
129	329
130	301
130	375
130	435
130	562
131	402
131	490
132	177
132	578
133	213
133	217
133	323
133	339
133	491
134	173
135	141
135	522
136	166
136	339
137	266
137	365
137	410
137	455
138	218
139	454
139	508
139	556
140	345
140	500
140	554
140	597
141	166
142	154
142	157
142	233
142	391
142	456
143	206
143	266
143	296
143	364
143	462
143	527
144	355
144	389
144	462
145	210
145	312
145	389
145	391
145	584
146	516
147	154
147	240
147	251
147	254
147	304
147	449
148	222
148	293
148	306
148	417
148	500
148	582
149	154
149	275
149	332
149	416
149	464
150	334
150	374
150	467
151	523
151	535
152	275
152	276
152	572
153	527
153	567
154	225
154	388
154	458
155	161
155	379
155	470
155	508
156	317
157	190
157	232
157	266
157	331
157	383
157	401
157	589
158	223
158	416
159	267
159	336
159	492
159	501
160	275
161	172
161	223
161	288
161	361
161	460
161	503
161	578
161	596
162	192
162	225
162	238
162	351
162	537
163	174
163	515
164	289
164	408
164	536
165	257
165	311
165	599
166	273
166	368
167	288
167	586
168	424
168	454
169	199
169	315
170	293
170	302
170	344
170	429
170	542
170	596
171	180
171	191
171	579
171	596
172	436
172	463
173	581
173	598
174	326
174	438
174	441
174	550
175	331
176	181
176	297
176	351
176	352
176	411
176	552
177	349
177	571
178	275
178	299
178	330
178	362
178	599
179	271
179	425
180	407
180	452
180	473
181	228
181	257
181	433
181	437
181	450
182	332
182	371
182	405
182	545
184	209
184	211
184	451
184	457
184	575
184	585
185	288
185	315
185	451
186	481
187	533
187	581
188	320
188	417
188	586
189	371
189	433
189	572
190	318
190	354
190	356
190	394
190	428
190	454
190	458
190	520
191	229
191	524
191	530
191	561
192	305
192	345
192	392
192	429
192	432
193	498
194	547
194	559
195	398
195	510
195	573
196	244
196	256
196	367
196	376
196	474
197	298
197	370
198	238
199	302
199	399
199	417
200	215
201	371
201	534
202	322
202	477
202	553
203	252
203	299
203	382
203	552
204	325
204	350
205	545
205	556
205	565
205	594
206	210
206	347
207	279
208	224
208	534
209	442
209	467
209	587
210	322
210	430
210	432
210	487
210	491
210	542
211	288
211	368
211	472
212	272
212	328
212	453
213	237
213	239
213	506
213	582
214	375
214	390
214	464
214	502
215	262
215	401
216	246
216	588
217	461
218	379
218	543
218	548
219	283
219	325
221	333
221	445
221	497
221	515
221	586
222	342
222	368
223	516
223	517
224	321
224	500
225	247
225	317
225	413
225	576
226	242
226	298
226	339
226	368
226	517
227	421
227	488
228	422
228	515
229	236
229	253
229	266
229	310
229	572
230	246
231	326
231	573
232	414
232	512
232	558
233	243
234	524
235	472
236	459
236	473
237	404
237	418
237	579
239	567
240	247
240	375
240	448
241	316
241	320
241	442
243	265
243	289
243	291
243	424
244	259
244	521
244	528
245	598
246	309
246	421
246	470
246	530
247	468
248	308
248	334
248	342
248	412
249	372
250	280
250	293
250	317
250	393
250	428
251	333
252	273
253	304
253	585
254	379
254	536
255	283
255	311
255	440
255	571
256	455
256	587
257	327
258	315
258	492
258	547
259	351
259	373
259	559
259	574
260	326
260	568
261	319
261	596
262	384
262	455
262	470
263	266
264	431
264	462
264	541
265	418
266	314
266	429
267	375
268	470
269	342
269	378
269	424
269	451
269	468
269	493
269	575
270	394
271	593
272	312
272	395
272	457
272	561
273	444
273	522
274	349
274	416
275	533
276	551
276	561
276	592
277	317
277	426
277	567
278	284
279	503
280	476
280	510
280	549
281	525
281	551
282	344
282	461
282	497
282	563
283	414
283	450
283	528
284	311
284	580
284	588
285	365
286	349
287	347
287	416
287	454
288	398
289	348
289	372
289	430
289	476
289	580
290	346
290	428
290	570
291	567
291	582
292	396
292	433
292	540
292	591
293	338
293	347
294	337
294	366
294	411
295	567
296	456
296	481
296	592
298	510
298	558
298	582
299	510
300	362
300	583
301	378
302	495
302	559
303	416
303	462
303	486
304	481
306	412
306	436
306	538
308	354
308	403
308	567
309	362
309	458
309	484
312	401
312	478
315	551
315	563
316	435
317	526
320	451
322	422
322	558
322	567
323	329
323	365
323	395
323	481
324	595
325	459
327	423
327	523
328	439
328	463
328	523
329	473
329	594
330	435
331	385
331	448
331	519
331	554
332	389
333	420
333	439
333	473
334	479
334	525
334	551
334	578
335	508
335	591
336	343
336	474
336	520
337	496
337	583
338	450
338	542
339	492
339	568
340	434
342	369
342	389
344	435
344	501
345	590
346	412
346	452
346	546
347	486
347	571
347	598
348	512
349	530
349	544
350	395
351	543
351	575
353	414
353	469
353	512
354	488
354	503
354	521
354	546
354	577
356	374
356	550
356	596
357	392
357	498
358	391
358	508
359	536
360	545
361	435
362	363
362	419
363	406
364	576
364	586
365	369
365	538
366	475
366	501
368	483
368	593
370	499
371	444
371	454
371	474
371	497
371	587
372	400
373	409
373	440
374	578
374	581
375	473
375	491
375	561
375	571
377	541
378	519
379	446
379	506
380	399
380	535
380	571
381	454
381	581
382	391
383	515
384	388
384	542
385	401
385	446
385	470
386	418
386	496
386	591
387	531
388	484
389	477
389	528
390	392
390	430
390	437
390	479
391	419
391	427
392	498
393	448
393	455
393	484
393	568
394	548
395	429
396	491
398	416
399	436
399	587
399	595
400	515
401	413
402	425
402	515
403	475
403	482
403	582
406	410
406	527
406	574
407	420
409	472
409	520
409	592
411	481
412	529
413	509
413	525
413	556
413	561
414	527
415	591
417	507
417	540
417	547
419	436
419	442
419	493
420	451
420	571
421	546
423	512
423	541
423	599
426	461
426	557
426	563
426	585
427	536
427	572
429	465
431	492
431	540
432	519
432	596
433	508
434	442
435	582
437	446
437	476
438	530
438	562
440	474
440	549
440	557
440	567
441	485
441	555
442	461
442	473
447	547
448	489
448	493
448	546
449	577
450	590
451	521
453	475
453	521
455	570
456	526
456	528
460	521
460	555
461	556
462	588
463	588
464	495
465	554
466	551
467	485
468	595
470	588
472	594
473	493
473	587
483	528
483	533
484	598
485	546
487	571
490	580
492	514
497	539
501	526
501	529
502	555
504	510
505	558
512	566
516	548
517	583
518	539
520	527
522	562
524	569
529	569
531	547
542	543
544	590
545	596
547	554
552	561
565	587
568	572
568	597
569	585
571	586