0	65
0	262
1	30
1	233
1	248
1	441
1	497
2	41
2	263
3	243
3	385
3	482
3	494
3	531
4	43
4	339
4	439
4	464
4	514
4	561
5	106
5	189
5	233
5	291
5	330
5	353
5	560
6	171
6	200
6	368
6	572
7	339
7	586
7	598
8	205
8	229
8	260
9	20
9	58
9	71
9	337
9	537
10	145
10	364
10	474
10	493
11	75
11	297
11	306
12	53
12	356
13	100
13	111
13	170
14	109
14	459
14	488
14	495
15	95
15	208
15	279
15	331
15	475
16	190
16	266
16	268
16	281
16	480
17	72
17	90
17	318
17	464
17	482
18	91
18	207
18	420
19	337
19	555
20	29
20	51
20	216
20	322
20	501
21	215
21	288
21	321
21	332
21	344
21	355
21	484
22	78
22	183
22	406
22	598
23	33
23	42
24	273
24	451
24	593
25	232
25	240
25	247
25	445
25	460
26	147
26	235
26	325
26	331
26	385
26	599
27	229
27	579
28	33
28	137
28	158
28	217
28	255
28	363
28	395
28	396
29	137
29	189
29	393
29	497
29	573
30	147
30	190
30	193
30	211
30	331
31	41
31	45
31	105
32	127
32	187
32	285
32	450
32	454
32	497
33	417
34	138
34	469
34	480
34	518
34	573
35	409
36	244
36	297
36	462
36	500
36	503
37	114
37	175
37	457
37	475
38	151
38	200
38	279
38	454
38	509
39	147
40	84
40	422
40	558
41	563
41	565
42	298
42	368
42	423
42	428
42	506
43	54
43	128
43	466
43	529
43	569
44	66
44	136
44	435
44	490
44	534
44	558
45	78
45	355
46	174
46	319
46	358
46	417
46	511
46	521
46	563
47	311
47	331
47	455
47	538
47	564
47	588
48	297
48	566
49	74
49	225
49	363
50	148
50	448
51	300
51	401
51	529
52	432
53	212
54	73
54	131
54	185
54	395
55	67
55	90
55	97
55	181
55	182
55	291
56	70
56	148
56	225
56	567
57	169
57	243
57	256
57	318
57	343
57	562
57	567
57	572
57	594
58	64
58	90
58	106
58	294
58	423
58	507
58	521
59	308
59	349
60	78
60	79
60	85
60	175
60	185
60	249
61	257
61	421
61	474
61	484
61	535
62	270
62	487
62	548
63	192
63	203
63	331
63	478
64	207
64	336
65	285
65	360
65	536
65	583
66	428
66	437
66	507
66	519
66	576
67	360
67	477
68	585
69	179
69	300
69	331
69	547
69	587
70	509
71	125
71	292
71	429
72	79
72	108
72	161
72	408
72	492
72	556
72	582
73	88
73	169
73	217
73	498
73	533
74	120
74	285
74	326
74	438
75	79
75	161
75	384
75	393
75	405
75	406
75	512
76	333
76	346
76	416
77	270
77	293
77	418
77	426
77	547
78	171
78	274
78	384
78	407
78	419
78	523
79	82
79	186
80	219
80	379
80	380
81	254
82	123
82	327
82	599
83	558
84	268
84	302
84	351
84	536
85	146
85	205
85	534
86	385
86	542
87	89
87	201
87	501
88	173
88	222
88	306
88	307
88	367
89	289
89	398
89	554
90	173
90	243
90	268
90	308
90	542
90	548
91	394
92	218
92	332
92	455
93	130
93	174
93	371
93	417
93	590
94	230
94	340
94	351
94	579
95	150
95	246
95	423
96	163
96	369
96	374
96	484
96	511
97	250
98	441
98	449
99	165
99	338
99	421
99	430
100	419
101	182
101	252
101	371
101	373
101	394
101	452
101	530
101	563
102	540
103	185
104	313
105	282
105	361
105	592
106	129
106	516
107	183
107	526
107	581
108	319
108	589
109	313
109	425
110	227
110	597
111	248
111	288
111	326
111	428
111	476
111	489
112	351
112	597
113	369
114	136
114	143
114	148
114	163
114	444
114	592
115	175
115	199
115	206
115	269
115	585
116	191
116	339
117	164
117	204
117	228
117	406
117	463
118	258
118	347
118	525
119	125
119	378
119	458
119	530
120	143
120	150
120	154
120	355
120	494
121	313
121	393
121	429
121	499
121	541
122	169
122	245
122	408
122	505
123	196
123	314
123	335
124	334
125	440
126	308
127	321
127	342
127	445
128	257
128	359
128	392
128	415
129	393
130	281
130	348
130	440
130	446
131	133
131	217
131	323
131	368
132	147
132	180
132	351
132	448
132	564
133	214
133	289
133	523
134	328
135	351
135	540
136	208
136	276
136	363
136	446
137	275
137	477
137	569
138	292
138	347
138	481
139	207
139	224
139	338
139	350
139	530
139	571
140	171
140	213
141	396
141	494
141	521
142	160
142	254
142	276
142	400
142	495
143	343
143	400
143	425
143	486
144	169
144	407
144	464
145	154
145	322
145	361
145	455
146	222
146	279
146	433
146	546
147	220
147	455
148	182
148	599
149	400
150	175
150	365
151	574
152	156
152	310
152	325
152	459
153	203
153	396
153	477
153	495
154	163
154	311
154	400
154	539
154	542
154	559
155	269
156	399
156	508
157	283
157	596
158	159
158	251
158	413
159	565
160	343
160	575
160	576
161	246
161	301
161	491
161	567
161	569
162	537
163	338
163	358
163	361
163	585
164	323
164	441
164	458
165	320
165	381
165	387
165	435
165	496
165	520
166	568
167	276
167	492
168	259
169	432
169	463
169	517
170	200
170	222
170	330
171	320
171	471
172	194
172	339
172	504
173	368
174	193
174	357
175	221
175	302
175	312
175	377
176	297
176	353
176	524
176	548
177	340
178	436
179	201
179	339
180	334
181	372
181	388
181	561
182	237
182	452
182	470
182	506
182	556
183	402
183	508
183	524
183	597
184	276
184	525
185	332
185	419
185	494
185	532
186	365
186	484
187	361
187	523
187	568
188	270
188	286
188	514
188	575
190	211
190	595
191	225
191	285
191	397
192	428
193	282
194	404
194	506
194	578
195	219
195	334
196	232
196	463
197	353
198	317
198	460
198	551
198	553
198	568
199	340
199	378
199	419
199	482
199	500
199	510
200	225
200	281
200	315
200	352
200	382
201	202
201	321
201	398
201	440
201	445
201	487
203	406
203	501
204	522
204	526
205	377
205	505
205	574
205	598
206	289
206	504
207	246
208	343
208	365
209	402
209	450
209	460
209	463
210	363
210	587
211	475
211	599
212	254
212	560
213	503
214	319
214	326
214	357
214	390
214	411
214	495
216	296
216	346
216	546
216	583
217	221
217	440
217	520
218	544
219	386
219	467
219	468
219	485
219	530
219	549
219	598
220	573
221	457
222	283
222	342
222	345
222	375
222	490
222	496
223	229
223	333
223	469
223	582
224	402
225	297
225	331
225	558
226	511
228	304
228	416
228	425
228	452
230	567
230	589
231	326
231	389
231	592
232	264
232	412
232	433
233	445
234	386
234	514
234	548
235	272
235	420
236	404
237	243
237	252
237	389
237	445
237	511
237	575
238	412
239	306
239	334
239	458
239	553
239	554
240	356
240	478
241	256
242	276
242	284
243	324
243	413
243	491
243	505
244	338
245	300
245	381
245	510
246	328
246	342
247	333
247	548
247	572
249	263
249	311
249	539
250	317
251	307
251	349
251	365
251	573
252	390
253	493
254	317
254	376
254	415
254	489
255	273
255	362
255	526
256	435
256	436
256	589
257	287
257	424
257	590
258	539
259	406
259	455
259	479
260	492
261	267
261	409
261	533
262	354
262	401
262	532
263	384
264	276
264	581
265	333
266	285
266	512
267	284
267	555
268	416
269	592
270	294
270	415
271	336
273	316
273	515
273	576
274	404
274	509
275	361
275	563
277	545
278	465
279	353
279	559
280	511
284	540
284	547
284	555
286	341
286	347
286	356
286	405
286	440
286	510
287	309
287	331
287	477
287	513
288	317
288	375
288	436
290	310
290	469
290	500
290	505
290	518
293	412
294	447
294	480
294	537
294	588
295	503
296	341
296	453
297	548
297	569
298	495
298	501
299	350
299	396
299	421
300	525
300	559
302	355
303	310
303	342
303	408
304	335
304	472
304	548
305	449
305	465
305	575
306	425
306	438
306	456
306	484
307	351
307	403
307	569
309	526
310	407
311	312
311	548
312	325
312	557
313	409
314	393
314	456
316	505
319	331
320	369
320	503
321	404
321	483
321	584
322	374
322	398
322	515
323	588
325	369
326	427
326	471
328	366
328	430
328	437
328	449
328	453
328	507
329	577
330	560
331	403
331	476
331	497
331	563
332	349
333	400
335	478
335	521
335	534
335	543
336	406
336	422
336	597
337	419
337	476
337	552
338	473
338	542
338	574
340	349
341	587
342	398
343	363
343	551
344	461
344	500
345	572
346	442
346	468
347	383
348	484
349	444
350	436
350	483
350	500
350	514
350	587
351	389
351	459
351	468
352	381
352	419
352	486
352	556
353	364
353	514
355	387
357	444
357	566
358	426
358	451
358	482
358	509
359	429
359	501
359	548
360	362
361	569
362	376
362	473
362	575
363	513
364	464
364	555
365	457
365	501
365	529
365	577
367	436
368	395
369	403
369	433
369	446
369	593
369	598
370	525
371	435
371	485
372	420
373	385
373	436
373	501
373	513
374	546
375	414
375	432
375	536
376	398
376	598
377	476
378	379
378	509
379	422
380	414
382	599
383	396
383	402
383	570
385	441
385	550
386	435
387	416
387	431
387	580
388	407
388	538
389	499
389	599
391	581
393	424
394	493
394	554
395	434
395	555
396	571
397	528
399	406
399	599
400	430
401	515
401	538
402	502
402	594
403	487
404	469
405	463
407	510
408	449
408	584
409	459
409	485
409	522
409	599
410	424
411	483
411	532
412	433
412	474
412	482
412	553
413	418
414	591
416	463
417	558
418	433
419	447
420	505
420	513
421	493
422	428
422	539
422	569
423	584
423	594
424	544
425	560
426	574
428	477
429	544
429	580
430	431
430	590
431	591
432	455
432	457
432	584
434	519
435	529
435	531
435	549
436	508
440	586
440	596
441	586
443	502
443	535
444	472
444	588
448	548
449	568
451	498
453	509
454	472
454	508
455	508
456	589
458	573
460	547
460	578
463	570
466	481
466	516
468	556
470	487
470	594
478	558
479	518
485	534
487	528
487	568
488	541
489	527
490	505
491	517
493	560
494	556
499	521
500	513
501	532
502	532
503	533
503	580
509	534
509	588
510	518
510	533
510	596
511	571
512	573
515	538
515	578
515	586
516	578
516	593
518	529
522	554
523	530
529	592
533	547
534	559
539	589
539	599
541	596
543	563
544	585
545	589
547	598
553	564
556	567
563	595
564	567
566	579
568	599
570	576
576	590
578	585