0	20
0	111
0	303
0	494
1	131
1	198
1	327
2	100
2	440
2	494
3	111
3	408
4	167
4	223
4	316
4	548
5	88
5	589
6	133
6	326
6	330
6	332
6	354
6	423
6	473
6	526
7	296
7	317
7	330
7	345
7	572
8	95
8	326
8	458
9	164
9	288
9	454
9	481
9	578
10	69
10	314
10	325
10	335
10	528
11	411
11	514
11	570
11	582
12	58
12	67
12	114
12	212
12	314
12	323
12	350
12	449
12	559
13	67
13	222
13	286
13	340
13	432
13	500
14	166
14	210
14	517
15	46
15	131
15	310
15	469
15	505
16	140
16	298
17	446
18	140
18	167
18	199
18	502
19	56
19	313
19	351
19	465
19	521
20	57
20	190
20	371
20	380
20	398
20	427
21	32
21	58
21	97
21	292
21	472
22	49
22	130
22	401
22	515
23	122
23	187
23	207
23	374
23	376
23	451
23	545
24	68
24	451
24	508
25	425
25	441
25	576
26	140
26	148
26	456
26	482
27	32
27	116
27	136
27	169
27	421
28	132
28	159
28	571
29	335
29	341
29	396
29	561
30	288
30	367
31	51
31	134
31	411
31	526
31	584
31	585
31	595
32	473
32	585
33	114
33	177
33	266
33	516
34	53
34	379
34	459
35	92
35	284
35	285
35	290
35	383
36	72
36	267
36	467
37	80
37	101
37	114
37	116
37	204
37	225
37	465
37	527
38	543
39	99
39	302
40	227
40	251
40	339
40	376
41	68
41	287
42	157
42	220
42	253
42	334
42	338
42	350
42	430
43	398
43	407
43	468
43	532
43	534
44	121
44	178
44	232
44	273
45	226
45	317
45	474
45	540
45	565
46	234
46	458
46	460
47	387
47	475
47	523
48	229
48	248
48	490
48	496
48	532
49	63
49	72
49	178
49	195
49	584
50	211
51	504
51	526
52	409
52	440
53	222
53	240
53	532
54	73
54	83
54	429
55	203
55	276
56	109
56	110
56	136
56	298
56	366
56	417
56	470
57	110
57	114
57	234
57	258
57	515
57	577
58	78
58	187
58	339
58	354
58	492
59	63
59	265
59	466
59	480
60	68
60	111
60	313
60	459
60	574
61	287
62	178
62	326
63	93
63	108
63	127
63	371
63	447
64	342
64	489
64	573
64	598
65	134
65	188
65	238
65	460
65	499
65	584
66	192
66	232
66	450
66	551
67	137
67	184
67	310
67	559
67	577
68	143
68	147
68	244
68	551
69	215
69	216
69	338
70	392
70	484
70	487
71	258
71	407
72	90
72	200
72	209
72	368
72	435
72	479
72	518
73	318
73	411
73	529
74	163
74	228
74	306
74	425
74	574
74	579
75	386
75	456
76	121
76	157
76	190
76	337
76	385
76	490
76	531
77	365
78	171
78	308
78	382
79	95
79	174
79	277
79	348
79	400
79	538
80	85
80	137
80	433
81	299
81	335
81	362
81	363
81	383
82	87
82	108
82	522
83	298
83	326
84	584
85	172
85	328
85	532
86	432
87	127
87	149
87	214
87	375
87	436
87	482
87	529
87	541
88	216
88	271
88	353
88	580
89	156
89	363
89	390
89	580
89	590
90	222
90	330
90	409
91	323
91	434
91	457
92	242
92	297
92	461
93	135
93	138
93	188
93	237
93	442
93	517
93	569
94	182
94	223
94	226
94	434
95	331
95	532
95	574
96	176
96	187
97	100
97	123
97	142
97	145
97	330
97	379
97	441
97	444
97	534
97	564
98	125
98	192
98	237
98	320
99	208
99	290
99	538
100	166
100	358
100	404
100	451
100	472
100	490
100	540
101	204
101	259
101	300
101	573
101	587
102	320
102	565
103	211
103	360
103	384
103	465
103	565
104	241
105	151
105	191
105	264
105	496
106	126
106	141
106	195
106	215
106	279
106	287
106	355
106	391
106	440
106	528
107	219
107	409
108	226
108	232
109	181
109	321
110	338
110	423
110	483
110	556
111	252
111	562
112	493
112	505
112	509
112	521
113	186
113	261
113	509
114	224
114	316
115	152
115	255
115	547
115	555
116	160
116	254
116	257
116	450
116	491
117	130
117	270
117	274
117	428
117	439
118	445
119	384
119	386
119	502
119	517
119	536
120	144
120	306
120	307
120	439
120	525
120	583
121	275
122	483
122	582
122	599
123	132
123	210
123	302
123	413
123	498
124	271
124	367
124	528
124	568
125	147
125	316
125	342
126	415
126	416
126	550
127	315
127	470
128	158
128	511
129	229
129	343
129	372
129	390
129	464
130	313
131	136
131	284
131	476
132	486
132	498
133	331
133	347
133	388
133	559
134	212
134	590
135	269
136	162
138	230
138	390
138	474
139	197
139	346
139	358
139	381
139	597
140	287
140	378
140	525
141	393
141	400
142	262
143	162
143	290
143	399
144	247
144	286
144	322
144	355
145	236
145	267
145	432
145	581
146	183
146	473
147	556
148	391
149	275
149	444
149	515
150	395
150	521
150	563
151	175
151	353
151	532
152	214
152	234
152	275
152	299
153	423
153	429
153	458
154	226
154	299
154	348
154	413
155	208
155	245
155	260
155	527
155	571
155	597
156	190
156	316
156	480
157	299
158	183
158	588
159	172
159	329
160	326
160	375
160	377
160	544
161	377
162	223
162	255
162	265
162	283
162	358
162	519
163	217
163	221
163	260
163	395
163	412
163	415
163	520
164	173
164	370
165	189
165	251
165	464
166	253
166	596
167	359
167	430
167	550
167	589
168	174
168	196
168	436
168	437
168	458
169	233
169	339
169	354
169	480
170	207
170	358
170	589
171	240
171	360
171	586
172	235
172	300
172	337
173	301
173	309
173	411
173	538
174	281
174	294
174	525
175	402
176	207
176	461
177	247
177	262
177	380
179	206
179	393
179	541
179	563
180	243
180	509
180	599
181	392
181	546
182	240
182	473
183	211
183	235
184	239
184	260
185	196
185	234
185	278
185	286
185	310
185	475
186	363
186	366
186	403
187	357
187	434
187	472
187	533
188	465
189	415
189	492
190	337
190	478
190	482
190	513
190	540
191	325
191	389
191	548
191	562
192	466
192	535
193	209
193	303
193	350
193	406
194	291
194	401
194	519
195	208
195	295
195	322
195	371
195	457
195	506
196	259
196	313
196	463
196	497
197	272
198	307
198	383
198	485
198	570
199	342
199	541
200	203
200	230
200	263
200	528
200	562
200	568
200	581
201	318
201	416
201	443
202	419
202	447
202	496
203	415
203	451
203	472
204	317
205	298
205	490
205	541
205	562
205	581
206	264
206	342
206	393
206	489
206	498
207	239
207	306
207	420
207	444
208	324
209	258
209	443
209	475
209	515
209	519
209	535
209	543
210	432
210	568
211	235
211	508
211	551
212	475
212	492
212	597
213	469
214	373
214	400
214	467
214	525
215	333
215	379
216	313
216	367
216	491
217	316
217	536
218	467
218	505
219	570
219	595
220	376
220	434
220	561
221	321
221	336
221	473
221	508
221	590
222	345
222	452
223	327
223	341
223	577
224	586
225	276
225	278
225	344
225	412
225	479
225	572
225	599
226	460
226	476
226	524
228	357
228	510
229	346
229	471
230	549
230	576
230	586
231	436
231	499
231	565
232	267
232	295
232	298
232	327
232	397
232	545
232	554
232	564
233	237
233	282
233	334
233	404
234	526
234	546
234	574
235	271
236	327
238	274
238	481
239	341
240	242
240	260
240	575
242	465
243	478
244	301
245	540
246	468
246	586
247	327
247	382
247	572
247	591
248	342
248	528
249	340
249	355
249	575
250	313
250	522
251	466
252	328
252	380
253	373
253	591
254	357
254	369
254	370
254	497
254	579
255	399
255	427
255	513
256	475
257	411
257	412
258	411
258	510
259	276
259	326
259	395
259	429
259	484
260	336
260	396
260	438
260	528
261	494
262	277
263	304
263	338
263	420
263	494
263	534
264	277
264	509
264	551
265	275
265	319
266	499
266	513
266	525
267	501
268	272
269	308
269	337
269	343
271	301
271	543
272	528
272	595
273	441
273	472
273	548
274	376
274	391
275	426
275	503
276	305
279	438
279	471
279	542
279	576
280	479
280	547
281	519
282	309
284	287
284	509
285	350
285	418
285	425
286	418
286	555
286	564
287	391
289	496
290	358
290	371
290	388
291	448
291	595
291	599
292	311
292	315
292	538
292	542
292	565
293	512
294	318
294	584
295	320
295	547
296	386
296	455
297	504
297	529
297	560
299	401
299	559
300	323
300	550
300	587
301	311
301	371
301	422
301	539
302	338
303	376
303	398
303	520
304	325
304	401
304	471
305	414
306	499
307	322
307	531
308	536
309	415
309	567
309	598
310	431
310	461
310	485
311	477
311	548
312	556
314	339
314	368
314	518
314	545
315	410
315	422
315	521
316	448
316	526
318	397
318	533
318	578
319	466
320	400
320	420
320	505
321	364
321	404
323	331
323	447
323	477
323	588
324	405
324	459
324	483
325	361
325	381
325	533
326	358
326	496
327	497
327	550
328	487
328	494
329	400
330	394
330	531
331	334
332	371
332	412
332	459
332	463
333	398
333	493
333	569
337	397
339	384
340	409
340	586
342	382
343	426
343	455
344	397
344	421
344	557
344	583
345	357
348	588
349	376
349	385
350	363
350	577
351	584
352	428
352	476
352	527
353	554
354	488
354	518
355	364
355	417
355	450
356	493
356	581
356	583
357	394
357	429
357	486
357	555
357	587
358	362
358	471
358	580
360	458
360	542
361	458
361	584
363	414
363	566
364	571
365	474
366	576
366	579
367	558
368	497
369	420
369	478
370	415
371	395
371	519
372	389
372	430
372	529
372	597
373	466
374	408
375	543
376	406
376	440
376	442
376	446
376	476
377	424
378	501
379	398
379	433
379	509
379	582
380	494
381	549
381	598
382	532
383	599
384	514
384	565
384	575
385	470
385	479
385	567
385	575
385	595
386	415
387	448
387	458
387	560
387	574
388	398
389	485
390	541
391	487
392	462
392	557
393	506
394	460
396	486
396	551
397	457
397	486
397	493
399	592
400	515
401	535
402	423
402	434
405	420
405	443
405	470
405	556
406	596
407	574
408	475
408	492
409	436
409	450
410	430
410	511
410	519
410	530
411	537
412	436
413	482
413	577
414	575
416	585
416	586
417	484
418	470
418	524
419	453
420	482
420	570
421	574
422	515
425	531
425	561
426	574
426	590
427	442
427	578
428	481
428	511
428	578
428	585
429	570
430	445
430	505
431	433
431	517
432	563
433	451
433	565
434	557
435	528
437	475
437	488
438	466
438	533
439	528
440	491
442	526
443	561
444	452
444	515
445	545
446	542
447	519
448	516
449	456
449	472
449	480
453	479
453	483
453	512
454	502
457	539
460	509
460	566
461	540
462	486
466	499
467	505
469	490
473	529
474	564
475	545
476	539
477	542
477	577
481	572
482	541
482	553
486	533
487	591
489	592
493	580
494	597
495	540
495	598
496	573
498	552
498	577
499	525
500	597
501	520
507	508
507	514
509	521
509	565
511	579
514	542
514	593
515	532
517	578
519	558
523	527
523	540
528	539
530	576
530	588
531	569
533	552
533	585
533	597
536	558
537	594
538	556
541	559
547	578
548	560
563	568
565	582