0	8
0	260
0	587
1	13
1	29
1	53
1	197
1	229
1	349
1	410
1	520
2	164
2	382
2	543
2	587
3	212
3	507
4	65
4	101
4	356
4	479
4	551
4	553
5	51
5	91
5	92
5	171
5	184
5	316
5	351
5	440
6	209
6	289
7	13
7	95
7	344
7	403
7	436
8	12
8	51
8	58
8	405
8	406
8	541
9	259
9	268
9	351
10	12
10	68
10	132
10	204
10	344
10	390
10	502
10	532
10	583
11	136
11	323
11	388
12	106
12	278
12	476
13	142
13	218
13	474
14	310
14	317
14	412
14	451
14	468
14	531
15	66
15	342
15	349
16	57
16	279
16	429
16	550
17	61
17	295
17	382
17	516
17	575
17	595
18	83
18	366
18	401
19	83
19	165
19	277
19	287
19	395
19	429
19	434
19	456
20	89
20	359
20	420
21	233
21	428
21	491
21	558
22	88
22	110
22	262
22	280
22	341
22	345
23	121
23	312
23	487
24	93
24	289
25	102
25	206
25	460
26	228
26	253
26	316
27	132
27	138
27	165
27	198
27	212
27	261
27	364
27	383
27	496
28	115
28	128
28	151
28	332
28	352
28	452
29	116
29	236
29	415
30	155
30	469
31	90
31	92
31	97
31	106
31	223
31	538
32	304
32	456
32	499
32	562
33	257
33	284
33	504
34	200
34	445
34	488
35	430
36	86
36	251
36	336
36	431
37	345
37	348
37	428
38	101
39	183
39	323
39	386
39	533
39	563
40	77
40	258
40	577
41	71
41	121
41	179
41	305
41	440
42	116
42	156
42	184
42	276
42	419
43	259
43	380
43	412
44	51
44	210
44	326
45	186
45	261
45	412
46	96
46	260
47	81
47	257
47	268
47	340
47	390
47	391
47	499
48	293
48	412
49	226
49	531
49	556
50	150
50	221
51	108
52	184
52	218
52	384
52	424
52	427
53	78
53	112
53	214
53	339
54	399
54	539
55	318
55	408
55	457
55	462
55	522
56	73
56	110
56	266
56	327
56	431
56	472
57	208
57	304
57	349
57	459
57	476
57	566
58	162
58	182
59	188
59	503
59	530
60	83
60	368
60	548
61	249
61	297
61	397
61	493
61	517
62	129
62	257
62	272
62	325
62	374
62	445
63	70
64	352
64	371
64	373
64	378
65	117
65	253
65	515
65	536
65	548
66	353
66	492
67	301
67	493
68	276
68	308
68	397
69	496
70	179
70	544
71	77
71	208
72	111
72	123
72	295
72	418
74	212
74	355
74	435
75	247
75	497
76	166
76	265
76	545
77	168
77	196
77	322
77	422
77	469
77	548
77	556
78	113
78	287
79	244
80	430
81	93
81	225
81	300
81	593
82	91
82	154
82	175
82	357
82	412
82	513
82	580
83	163
83	197
83	328
83	543
83	577
84	100
84	101
84	126
84	305
85	286
85	310
85	386
86	503
87	343
88	194
88	209
88	302
88	343
88	378
88	534
88	566
89	178
89	212
89	228
89	440
89	508
89	565
91	490
92	461
92	468
92	481
92	597
93	205
93	245
93	250
93	298
93	564
94	179
94	201
94	230
94	390
94	489
95	232
95	266
95	556
95	593
96	241
96	382
97	300
97	369
97	479
97	590
98	193
98	216
98	327
98	410
98	465
99	161
99	444
100	433
100	480
100	533
101	144
101	329
102	285
102	298
102	493
103	137
103	139
103	249
103	275
103	277
103	443
104	145
104	182
104	367
104	401
104	500
104	533
104	588
105	467
105	521
105	574
105	576
106	521
107	234
108	114
108	160
108	288
108	421
108	544
109	123
109	159
109	288
109	306
109	366
110	224
110	306
110	371
110	396
111	186
111	531
112	214
112	220
113	390
113	416
113	592
114	170
114	215
114	392
115	120
115	249
115	404
115	476
116	273
116	300
116	333
116	512
116	535
117	227
117	334
117	416
117	491
117	549
117	580
118	128
118	131
118	229
118	313
119	222
119	350
119	524
120	268
121	399
121	423
121	428
121	468
121	581
122	525
123	181
123	302
123	314
123	368
123	460
124	229
124	266
124	341
124	403
124	454
125	142
125	208
125	221
125	254
125	263
125	364
125	560
127	465
128	307
129	153
129	364
130	270
130	373
131	372
131	506
132	260
132	289
133	214
133	217
133	235
133	258
133	351
133	400
133	514
134	162
134	241
134	245
134	436
135	204
135	216
135	263
136	142
136	197
136	404
136	417
136	590
137	149
137	169
137	541
138	467
138	480
138	594
139	410
139	466
140	207
140	224
140	512
140	574
140	592
141	399
141	575
142	390
142	507
142	549
143	510
144	359
144	583
145	186
145	198
145	272
145	315
145	417
146	219
146	278
146	290
146	371
146	473
146	575
147	157
147	179
147	370
147	371
147	587
148	192
148	197
148	257
148	276
148	323
148	343
148	398
148	404
148	565
150	305
152	411
152	499
153	418
153	443
154	156
154	181
154	200
154	401
155	286
155	429
155	512
156	186
156	235
156	496
156	512
156	562
157	222
157	226
157	317
157	340
157	387
157	496
158	220
158	485
158	506
159	222
160	441
161	219
161	233
162	531
163	409
163	451
163	492
164	294
164	310
164	404
164	511
164	541
165	310
165	345
165	359
165	362
165	449
166	201
166	219
167	322
167	597
168	177
168	277
168	336
168	420
168	513
168	546
169	427
169	430
170	475
171	299
171	316
172	178
172	191
172	227
172	501
172	549
172	574
173	485
174	192
174	249
174	327
174	381
175	542
176	199
176	297
176	412
176	545
177	461
178	294
178	311
179	222
180	361
181	351
181	532
182	411
182	447
183	433
184	294
184	333
184	521
185	575
186	258
186	337
186	381
187	215
187	227
187	282
188	265
188	305
188	510
189	263
190	265
190	289
190	354
190	399
190	501
191	372
191	532
191	533
191	546
192	269
193	223
193	332
193	356
194	328
194	369
195	217
196	370
196	472
196	499
197	220
197	308
198	325
199	211
199	384
200	229
200	336
200	339
201	204
201	259
201	281
201	432
201	590
202	244
202	316
202	470
202	494
202	541
203	220
203	297
203	398
204	290
204	372
204	489
206	440
207	234
207	445
208	303
208	580
209	235
209	594
210	316
210	434
210	457
210	470
211	252
211	422
211	457
212	528
213	271
213	474
213	479
214	290
214	354
214	390
215	433
216	259
216	382
216	525
216	590
217	244
217	378
217	437
218	224
218	337
218	350
218	525
219	273
219	585
220	252
220	576
220	596
222	307
222	487
222	562
223	380
223	402
223	403
224	297
224	373
224	412
224	531
226	407
226	453
227	432
227	462
227	503
227	519
228	442
228	562
229	516
229	521
229	573
230	289
230	338
230	544
231	299
232	340
233	242
233	529
234	330
234	557
235	319
235	375
235	397
236	314
236	389
236	417
236	435
236	525
237	282
237	477
237	487
237	507
237	508
238	578
239	309
239	396
239	455
239	577
240	460
241	586
242	379
242	395
242	532
243	450
243	551
244	314
245	277
245	558
246	378
248	407
248	473
248	507
249	250
249	254
249	293
249	377
249	448
250	309
250	489
250	493
250	583
251	597
253	526
254	346
254	436
254	560
255	352
255	421
255	458
255	491
255	531
256	291
256	366
257	371
257	408
257	413
257	493
257	525
257	548
258	414
260	474
261	262
261	270
261	280
261	482
262	356
262	547
263	542
264	410
264	468
264	476
264	546
264	565
265	337
265	494
266	575
267	316
268	313
268	531
268	574
269	399
269	585
270	336
270	398
271	306
271	460
271	528
271	581
272	343
272	434
272	496
273	378
273	397
274	320
274	396
274	409
274	552
274	566
275	296
275	558
275	585
276	297
276	526
276	550
277	279
278	321
278	447
278	468
279	310
279	389
279	396
279	521
279	526
279	599
281	441
282	476
282	509
282	555
283	342
283	406
283	459
283	576
284	296
284	326
284	580
286	337
287	295
287	541
287	567
288	345
288	423
289	318
290	355
290	508
291	536
292	318
292	357
292	558
293	311
293	471
294	358
294	445
294	568
295	404
295	481
296	467
296	478
297	349
297	505
297	524
297	571
297	595
298	420
300	327
300	330
300	384
300	466
301	324
301	414
301	422
301	436
301	474
301	521
301	539
301	564
302	315
302	316
302	394
303	410
303	435
304	376
304	397
304	400
304	548
305	314
305	418
305	521
305	582
307	320
308	400
308	563
308	588
308	596
309	595
310	363
310	508
311	505
311	536
312	415
312	441
314	343
314	364
314	504
315	385
315	459
317	344
318	369
319	529
319	573
321	353
322	372
322	483
322	569
324	435
324	471
326	457
326	525
327	401
327	501
327	587
328	365
329	376
329	443
329	496
331	544
331	560
332	528
332	567
333	494
333	541
333	548
333	564
334	456
334	575
335	396
335	522
335	542
335	555
336	390
336	472
336	490
337	530
338	458
338	474
339	558
340	447
341	426
341	427
341	446
343	524
344	524
345	376
345	385
346	553
346	581
347	473
349	516
349	541
349	561
351	463
353	370
353	438
354	402
354	499
354	520
355	396
355	427
355	493
357	391
357	416
357	445
357	576
357	591
359	564
360	373
360	477
361	545
361	562
362	497
362	557
363	437
365	464
366	569
366	570
366	592
369	542
370	385
370	522
370	557
371	391
371	559
372	380
373	436
373	502
373	523
373	538
374	377
374	422
374	430
374	519
374	565
375	378
375	484
377	409
377	437
377	464
378	566
380	473
380	502
380	523
380	590
381	382
381	449
382	476
382	554
382	597
383	432
383	558
384	481
385	415
385	441
385	449
387	527
388	557
389	399
389	465
389	485
390	443
392	450
393	571
394	414
394	535
395	410
395	435
395	467
395	472
395	542
396	457
396	592
397	422
397	460
398	482
398	551
400	442
400	475
400	553
402	420
402	502
402	519
402	594
404	454
405	408
405	568
406	540
407	489
407	564
408	412
408	421
408	550
411	471
411	492
411	584
412	427
413	428
414	447
414	564
415	462
418	537
420	427
422	594
423	540
425	440
426	463
427	472
427	529
427	562
429	518
429	534
429	596
430	481
430	548
430	565
430	581
431	542
432	459
433	458
433	533
434	456
434	502
435	472
435	572
436	514
437	439
437	489
439	478
440	472
440	476
440	479
440	569
443	558
445	450
445	461
445	554
446	546
447	520
448	450
448	471
449	468
449	515
450	473
450	497
450	552
452	469
453	529
453	534
454	459
457	578
458	563
461	501
461	592
463	478
463	484
463	500
463	514
466	471
466	552
469	475
470	491
471	494
471	516
473	564
474	566
474	575
476	565
477	577
477	593
478	555
480	564
481	513
484	486
484	598
485	493
486	560
486	570
488	493
490	528
493	585
494	563
495	528
496	550
496	582
497	526
498	565
498	585
498	593
499	516
499	597
500	509
501	545
501	550
503	592
504	516
505	531
505	560
505	576
506	574
508	510
509	517
512	533
513	562
514	537
515	569
515	589
517	537
518	539
518	579
519	528
519	556
520	545
520	566
522	589
522	595
528	530
534	551
537	573
539	583
541	549
543	545
543	572
545	561
547	555
549	565
553	584
562	572
567	568
568	570
568	579
570	578