0	96
0	171
0	197
0	335
0	368
0	388
0	455
1	556
2	101
2	438
2	507
3	200
3	269
3	414
4	73
4	87
4	264
4	487
4	496
4	547
4	563
4	569
5	154
5	271
5	398
5	442
5	535
6	146
7	222
7	474
8	113
8	301
8	468
9	41
9	107
9	274
9	410
9	414
9	546
10	35
10	150
10	516
11	517
12	36
12	56
12	133
12	229
13	23
13	204
14	34
14	272
14	292
14	405
14	412
14	449
14	525
14	536
14	591
15	22
15	288
16	158
16	291
16	517
17	293
17	309
17	346
17	438
18	113
18	276
18	321
18	406
18	436
18	469
19	153
19	253
19	284
19	497
20	111
20	330
20	452
20	587
21	25
21	106
21	414
21	417
22	254
22	288
22	590
23	86
23	145
23	314
23	415
24	29
24	69
24	126
24	144
24	198
24	230
24	275
24	366
24	535
24	595
25	44
25	47
25	373
25	415
25	578
26	110
26	112
26	161
26	199
26	352
27	88
27	142
27	319
27	327
27	453
27	508
28	113
28	483
28	585
30	89
31	182
31	346
31	432
32	115
32	491
32	571
32	592
33	194
33	555
34	162
34	207
35	488
36	94
37	70
37	263
37	394
37	405
37	468
38	277
38	306
39	81
39	94
39	144
39	161
39	444
40	121
40	181
40	467
41	110
42	453
43	57
43	125
43	156
43	472
44	106
44	189
44	203
44	411
44	563
44	573
45	74
45	113
45	200
45	229
45	380
45	419
45	511
46	117
46	599
47	327
47	546
47	551
48	203
48	304
48	339
49	51
49	65
49	108
49	561
50	258
50	447
50	478
50	518
50	542
51	61
51	208
51	301
51	419
52	106
52	152
52	383
53	104
53	200
53	282
53	397
53	571
54	150
54	370
54	546
54	560
55	70
55	346
55	537
56	134
56	181
56	281
56	379
56	432
56	440
56	461
56	518
57	80
57	302
58	151
58	208
58	493
59	326
59	535
59	553
60	89
60	116
60	250
60	291
60	293
60	556
60	589
61	167
61	292
62	490
62	562
62	582
63	125
63	271
63	361
64	385
64	417
64	463
64	519
65	337
65	353
65	483
65	567
66	99
66	164
66	563
67	159
68	198
68	443
68	560
69	80
69	373
69	568
70	438
70	453
70	461
70	534
70	556
71	252
71	358
71	427
71	552
72	212
72	285
72	461
72	566
72	572
73	103
73	210
73	290
73	440
73	492
73	531
74	187
75	144
75	179
75	225
75	357
75	552
75	580
76	598
77	166
77	301
77	322
77	544
77	587
78	81
78	114
78	399
79	107
79	251
79	293
79	543
80	164
80	278
80	391
80	515
81	86
81	169
81	382
82	200
83	172
83	181
83	282
83	394
83	570
84	536
85	106
86	209
86	315
86	538
87	315
87	350
87	419
87	535
88	544
88	570
89	236
89	399
89	450
90	322
90	332
90	453
90	528
90	534
90	563
91	111
91	222
91	297
92	157
92	568
93	183
93	364
93	551
94	184
95	248
95	358
95	529
95	578
95	589
96	154
96	188
96	203
96	322
96	419
97	239
97	240
97	583
98	192
98	596
99	233
99	235
100	340
100	586
101	298
101	588
101	590
102	249
102	458
102	534
102	538
102	586
103	108
103	206
103	457
103	502
104	230
104	330
104	422
104	428
105	205
105	267
106	110
106	308
106	532
106	556
107	128
107	218
107	223
107	378
108	138
108	142
108	147
108	525
108	532
109	367
109	525
110	178
110	202
110	302
110	325
110	369
110	454
110	557
111	205
111	293
111	487
111	576
112	172
112	212
112	221
112	282
112	315
112	383
112	428
112	568
113	226
113	385
114	195
114	288
114	360
115	164
115	283
115	426
115	565
116	287
116	292
116	353
116	388
116	555
116	556
117	134
117	245
117	413
117	552
118	513
118	560
119	425
119	458
119	572
119	589
120	158
120	450
120	479
121	241
121	390
121	559
122	353
122	400
122	415
122	473
122	585
123	205
123	376
123	555
124	226
124	304
125	169
125	257
125	567
126	189
126	380
127	229
128	343
128	421
129	200
129	510
129	512
129	562
130	329
130	330
131	137
131	198
131	223
131	303
131	344
131	355
132	334
132	442
133	245
133	335
134	143
134	422
135	311
135	401
135	563
136	541
137	207
137	429
137	479
138	198
138	216
138	223
138	350
138	365
138	383
138	463
138	584
139	302
139	577
139	586
140	331
140	442
140	504
140	554
141	231
141	365
142	235
142	377
142	455
142	489
143	160
143	216
143	229
143	458
144	181
144	185
144	241
146	164
146	338
146	535
147	410
147	510
147	527
148	370
148	481
149	375
149	469
149	482
150	235
150	300
150	392
150	436
150	453
150	520
151	181
151	500
152	348
152	378
152	567
153	449
153	584
155	257
155	264
155	288
155	334
155	451
156	344
156	426
156	469
158	175
158	271
158	278
158	405
158	409
159	205
160	238
160	263
160	309
160	424
161	221
161	295
161	531
162	261
163	196
163	205
163	383
164	386
164	393
165	272
165	274
165	526
166	265
166	275
166	386
166	542
167	258
167	331
167	452
167	465
167	584
168	403
169	181
169	221
169	257
169	544
170	573
171	205
171	400
172	179
172	543
172	545
173	232
173	302
174	223
174	498
175	307
175	435
175	439
176	177
176	253
176	324
177	482
178	267
178	503
178	545
178	569
178	586
179	393
180	282
180	460
181	284
181	285
182	184
182	429
182	459
182	578
184	429
185	291
185	474
186	226
186	597
188	544
189	193
189	497
189	511
189	532
189	533
190	397
190	471
191	430
192	289
192	482
192	499
193	268
193	361
193	450
193	453
193	544
194	225
194	301
194	357
194	502
195	289
195	380
195	436
195	461
196	223
196	575
196	594
197	389
197	393
197	402
197	483
198	347
198	407
199	289
199	319
199	400
200	237
200	302
200	376
200	465
200	483
201	551
202	266
202	283
202	431
202	558
203	278
203	282
203	400
203	432
203	561
204	532
205	231
205	307
205	365
206	281
206	288
206	343
206	354
206	485
206	523
207	224
207	369
208	348
208	372
208	402
209	283
209	469
210	420
210	550
211	543
212	282
212	339
212	355
212	469
212	513
213	468
214	218
214	232
214	379
214	500
215	374
216	220
216	432
216	500
216	580
217	390
218	260
218	557
219	312
219	420
219	433
219	471
219	527
219	557
220	402
220	420
220	589
221	251
221	431
222	342
222	355
222	387
222	407
222	456
222	483
222	539
223	396
223	527
224	238
224	297
224	337
224	349
225	300
225	403
225	544
225	545
225	558
226	241
226	264
226	370
227	333
227	529
228	350
229	248
229	487
230	305
230	341
230	490
231	237
231	408
232	261
232	371
232	470
232	512
233	256
234	350
234	502
234	583
235	306
235	331
235	550
236	313
236	348
236	384
236	450
237	330
237	373
237	497
237	510
237	564
238	394
238	550
239	534
239	541
240	400
241	463
242	336
242	453
243	289
243	487
244	272
244	323
244	357
244	464
244	507
244	576
245	256
245	352
245	373
245	430
246	333
246	410
246	418
246	530
246	580
247	362
247	403
247	561
249	264
249	593
250	327
250	457
250	468
252	503
253	353
253	488
253	504
254	334
254	404
254	410
254	474
255	338
255	438
255	494
255	537
256	377
256	389
256	549
258	401
258	434
258	554
259	349
260	392
260	453
260	598
261	448
261	542
262	391
262	548
263	445
263	501
265	303
265	343
265	474
266	375
266	422
266	578
267	324
267	385
267	411
267	500
268	338
269	360
270	380
270	483
271	304
271	410
271	523
271	543
272	420
272	561
273	308
273	592
274	403
275	381
275	536
276	325
276	343
276	433
276	454
276	500
276	574
277	525
277	536
277	593
279	477
280	469
281	529
282	285
282	589
283	476
284	332
284	513
284	570
285	331
285	564
286	594
287	557
288	333
288	545
289	436
289	448
289	560
290	302
290	449
290	582
293	295
293	392
293	564
294	418
295	300
295	502
296	359
296	389
296	422
296	426
296	536
296	593
297	389
298	380
298	437
298	439
299	579
300	324
300	352
300	531
301	330
301	345
301	596
302	496
302	540
303	372
303	495
304	525
304	584
306	354
306	373
306	547
306	568
306	586
307	454
307	524
308	342
308	353
308	432
308	434
308	536
309	418
309	518
309	564
310	541
311	498
312	509
314	323
315	457
315	508
315	553
316	396
316	428
316	430
316	466
317	340
317	514
317	574
318	407
319	486
320	478
320	523
322	463
323	460
323	529
324	475
324	599
325	554
325	588
326	404
326	442
326	462
326	546
327	538
328	374
328	442
328	451
328	507
328	553
328	568
331	398
331	502
331	573
332	398
332	555
332	560
333	539
334	447
334	574
335	427
335	492
335	547
335	554
336	338
336	517
337	421
337	524
338	407
339	450
341	386
341	465
341	467
342	418
342	528
343	373
343	409
343	560
343	564
344	390
344	456
346	420
346	478
346	487
348	474
349	587
350	485
351	589
352	370
352	410
352	529
353	403
353	431
353	502
354	425
354	450
355	399
355	403
355	536
356	396
356	432
357	470
358	447
359	381
359	395
359	415
359	433
359	469
359	478
359	509
359	539
360	481
360	496
361	446
361	459
361	539
361	552
362	573
363	436
363	505
363	521
363	562
364	436
364	451
364	457
364	489
365	528
365	531
366	503
366	510
366	527
367	477
368	379
368	386
368	456
369	387
369	396
369	427
370	599
371	514
372	496
373	493
374	402
374	441
374	483
375	390
375	401
375	407
375	564
376	378
377	587
380	542
380	559
381	429
381	501
382	476
383	577
385	489
385	577
386	463
387	493
388	595
392	448
393	545
393	555
395	469
395	503
395	571
396	410
397	484
397	527
398	444
398	477
399	556
400	458
400	474
400	545
401	470
402	570
404	503
404	575
405	483
406	476
406	561
407	467
409	584
411	496
412	429
412	466
413	506
415	501
415	518
416	427
417	455
418	462
419	472
422	490
423	440
423	508
423	522
423	597
424	477
425	428
426	566
427	596
430	436
430	485
431	487
433	441
433	562
433	565
434	442
434	570
435	489
436	585
437	486
437	507
437	508
437	532
437	545
437	572
438	488
438	564
439	514
439	531
439	578
442	458
442	501
442	564
442	591
443	508
444	482
446	516
446	532
446	595
447	576
448	477
448	486
450	451
450	473
452	519
452	582
454	484
455	475
455	583
456	561
458	469
458	597
459	480
459	484
461	541
463	539
466	536
467	477
470	559
470	586
472	551
475	507
475	579
475	583
482	597
483	536
485	563
486	496
486	507
486	548
488	580
490	596
494	533
494	580
497	526
497	584
498	563
498	598
499	523
501	566
506	594
512	581
513	582
514	539
514	553
515	585
519	563
521	538
521	550
522	591
525	595
526	535
527	533
530	556
530	564
533	591
533	594
537	586
539	550
540	593
543	576
549	572
551	592
554	578
571	594
579	587
580	592
584	589
589	592