0	126
0	277
0	358
0	482
1	253
2	175
2	203
2	349
2	355
2	380
2	545
3	148
3	274
3	442
4	205
4	304
4	363
4	480
4	496
4	510
5	293
5	550
6	8
6	16
6	133
6	284
6	316
7	223
7	303
8	96
8	179
8	323
8	569
9	113
9	370
9	489
10	164
10	210
10	538
10	549
11	30
11	110
11	381
11	425
11	554
12	281
12	471
12	570
13	59
13	234
13	483
13	519
13	585
14	79
14	138
14	189
14	532
14	554
15	113
15	181
15	196
16	163
16	221
16	357
16	467
16	474
16	565
17	60
17	113
17	293
18	207
19	38
19	176
19	188
19	199
19	407
19	461
19	488
20	195
20	434
20	585
21	323
21	362
21	468
21	497
21	501
21	526
22	52
22	266
22	336
23	285
24	31
24	72
24	176
24	280
24	567
25	405
25	470
26	122
26	288
26	338
26	427
27	213
27	242
27	397
27	466
28	54
28	117
28	239
29	115
29	118
29	158
29	260
29	517
30	348
30	533
31	496
31	589
32	116
32	321
32	523
33	38
33	237
33	350
33	470
34	101
34	125
34	248
34	272
34	297
34	500
35	281
35	310
35	358
35	599
36	48
36	237
36	349
36	412
36	465
36	481
37	68
37	101
37	275
37	328
37	415
37	542
38	583
39	123
39	124
39	127
39	277
39	424
39	561
39	599
40	172
40	334
40	392
40	454
40	511
40	538
41	86
41	510
42	103
42	197
42	249
42	284
42	345
42	404
43	129
43	297
43	411
43	463
43	478
44	127
44	130
44	182
44	496
44	509
45	540
45	558
46	83
46	223
46	343
46	537
47	96
47	184
47	190
47	272
47	345
47	379
47	501
48	442
49	73
49	92
49	98
49	315
49	336
49	475
49	489
49	513
50	87
50	122
50	255
50	518
50	553
51	243
51	258
51	301
51	318
51	321
51	330
51	392
51	409
52	68
52	122
52	172
52	199
52	512
52	559
53	170
53	235
53	309
53	368
53	586
54	287
54	391
54	561
55	155
55	248
55	345
55	359
55	367
55	451
55	480
55	546
56	275
56	307
56	311
56	322
56	417
56	521
56	554
57	120
57	392
57	464
58	62
58	470
58	489
58	525
58	529
58	575
58	591
59	74
59	375
59	381
59	395
59	588
60	64
60	278
60	470
61	129
61	142
61	492
61	538
61	573
61	596
62	117
62	202
62	334
62	352
62	488
63	177
63	253
64	173
64	174
64	585
65	221
65	361
66	299
66	549
67	405
67	448
67	507
67	532
68	217
68	291
68	385
68	405
68	570
69	172
69	183
69	412
69	439
70	129
70	160
70	361
71	128
71	237
71	577
72	213
72	239
72	273
72	390
72	480
72	511
72	572
74	78
74	100
74	331
74	406
74	526
75	209
75	249
75	330
75	462
75	594
76	113
76	182
76	502
77	155
77	300
77	354
77	488
77	574
77	577
78	138
78	159
78	512
78	527
79	131
79	197
79	345
80	128
80	130
80	161
80	216
80	533
81	271
81	361
81	590
82	96
82	348
82	371
82	488
82	582
83	232
83	299
83	367
83	394
84	143
84	208
85	266
85	284
85	394
85	430
86	140
86	174
86	217
86	406
86	592
87	89
87	236
87	420
88	181
88	210
88	430
88	533
89	148
89	242
89	451
90	237
90	286
91	94
91	219
91	375
91	394
92	188
92	249
92	293
92	311
92	466
93	374
93	463
93	465
93	561
93	579
94	108
94	202
94	425
95	175
95	307
96	326
96	338
96	360
96	554
97	258
97	363
97	510
97	598
98	258
98	349
99	247
99	373
99	528
99	545
100	152
100	212
100	453
100	587
101	245
101	478
101	528
102	486
102	547
102	576
103	472
104	147
104	207
104	334
105	365
105	533
105	534
105	554
106	126
106	344
106	356
106	432
106	517
106	570
107	327
107	345
107	390
107	552
108	122
108	583
108	586
109	155
109	456
110	141
110	169
110	491
111	446
112	367
112	527
114	282
114	286
114	291
114	347
114	441
115	233
115	324
115	420
116	404
116	445
116	577
117	135
117	558
118	233
118	363
118	542
119	239
119	406
119	456
120	277
120	326
120	369
120	552
121	183
121	420
121	456
121	576
122	423
122	468
122	548
123	275
123	380
123	399
123	591
124	278
124	311
125	211
125	261
125	271
125	312
125	350
125	351
125	376
125	377
125	472
125	479
125	512
126	128
126	176
126	243
126	247
126	559
126	580
127	159
127	308
127	339
127	533
127	596
128	150
128	155
128	477
128	491
128	548
129	440
130	478
130	480
131	494
132	356
133	332
133	545
134	150
134	239
135	288
135	341
135	345
135	387
135	412
136	139
137	223
137	350
137	596
138	223
138	264
138	531
138	595
139	197
139	321
139	367
140	351
140	593
141	227
141	228
141	460
141	527
142	151
142	156
142	302
142	571
143	156
144	276
145	562
146	572
147	246
147	282
147	391
147	500
147	557
149	381
150	586
151	194
151	500
151	525
152	329
153	562
153	599
154	378
154	483
155	224
155	434
155	461
156	242
156	282
156	398
156	534
156	599
157	362
157	558
158	252
158	293
158	342
159	175
159	203
159	248
159	550
160	305
160	490
161	445
161	481
161	569
162	218
162	264
162	280
162	457
162	471
162	503
163	181
163	241
164	185
164	247
164	345
164	457
165	225
165	280
166	248
166	498
167	371
168	180
169	198
169	235
169	340
169	546
170	418
170	569
171	172
171	425
171	443
171	506
172	265
172	493
173	197
173	216
173	233
174	262
174	490
175	397
175	475
175	508
176	233
177	198
177	502
178	347
178	380
178	453
178	520
179	200
179	237
179	305
179	318
179	363
179	496
180	314
180	324
180	528
181	205
181	356
181	435
181	470
181	484
181	552
181	585
181	586
182	282
182	411
183	192
183	315
183	328
183	364
183	523
184	345
184	408
184	552
185	233
185	313
185	497
186	516
187	192
187	231
187	304
188	250
188	451
189	585
190	287
191	446
191	489
191	553
192	220
192	273
192	540
192	560
192	579
192	580
193	342
193	504
193	546
193	567
193	572
193	599
194	363
194	449
194	546
195	598
196	274
196	342
196	352
196	408
197	226
197	275
197	392
197	435
198	313
198	456
198	507
199	324
199	357
199	371
199	429
199	491
199	568
200	238
200	441
200	484
201	427
201	491
202	537
203	449
204	300
204	346
204	478
206	296
207	317
207	336
207	529
208	267
208	540
209	404
210	387
210	397
210	411
211	376
211	407
212	273
212	428
212	536
213	225
213	247
213	261
213	293
213	509
214	329
214	361
214	422
214	518
214	587
215	254
215	364
215	378
215	380
215	457
215	583
216	321
217	291
217	320
217	407
217	548
219	222
219	359
219	556
220	324
222	282
222	593
223	365
224	364
224	469
224	580
225	389
225	406
225	416
225	457
225	533
225	552
226	511
227	277
227	308
228	524
228	557
229	275
229	348
229	376
229	440
229	537
230	520
230	546
231	244
231	384
231	459
231	588
232	431
232	469
232	476
232	591
233	278
234	352
234	355
234	429
234	497
235	369
235	481
235	572
236	565
237	386
237	450
237	585
238	415
238	418
239	317
239	444
239	587
240	348
240	443
240	485
240	562
241	315
242	352
244	313
244	381
244	430
244	512
246	390
246	513
247	287
248	283
248	481
248	512
249	270
249	468
249	497
250	292
250	294
250	296
250	346
251	573
251	576
252	325
252	442
252	530
253	455
253	486
254	373
254	568
254	572
255	283
255	499
255	513
256	439
257	266
257	398
257	539
258	448
258	568
259	275
260	288
260	350
260	390
261	314
261	433
261	448
262	283
262	431
262	537
262	567
263	384
263	391
263	399
264	473
265	282
265	516
265	555
266	279
266	307
266	325
266	510
268	310
268	375
268	526
269	306
269	453
269	456
270	316
270	364
270	531
271	321
271	508
271	560
272	312
272	356
272	400
272	524
274	310
275	361
275	467
277	438
277	581
278	482
279	377
279	461
280	554
281	335
282	325
282	371
283	399
283	548
284	304
284	478
285	318
285	444
285	512
285	555
285	581
286	288
286	350
286	358
286	551
287	297
287	344
287	517
289	303
289	365
289	448
289	516
290	549
291	526
291	550
292	350
292	401
293	312
294	596
295	304
295	492
296	428
296	509
297	306
297	454
298	309
298	447
298	532
299	322
299	334
300	311
300	370
300	395
300	464
301	303
301	347
302	358
302	384
303	396
304	419
305	408
305	484
305	559
306	370
307	348
307	363
307	389
307	500
307	509
307	511
307	516
308	313
308	339
310	419
310	581
311	387
311	448
311	514
312	320
313	423
313	479
313	482
313	523
313	566
314	366
314	446
314	467
315	472
315	543
316	321
316	452
317	319
317	341
318	322
318	379
318	431
318	445
318	460
320	516
320	561
321	336
322	492
322	521
323	329
323	335
323	564
325	441
325	543
325	554
325	599
326	333
326	375
326	519
327	388
327	390
327	449
327	503
328	510
329	488
329	546
330	430
330	451
331	455
332	465
332	567
332	571
333	424
333	494
334	562
334	578
336	422
336	514
336	552
336	588
337	441
338	523
338	565
339	395
339	508
339	586
340	458
341	405
341	577
342	387
342	545
342	580
342	590
344	347
344	369
344	425
344	433
344	495
348	431
348	576
349	364
350	447
350	585
351	398
351	518
351	578
352	464
352	500
352	566
353	361
353	538
355	483
356	482
356	528
356	566
357	465
358	374
358	418
358	485
359	399
359	550
360	568
360	599
361	383
361	523
362	462
363	455
363	547
363	561
365	392
365	406
366	588
367	381
367	433
367	520
368	531
369	488
371	373
371	488
371	496
372	411
372	415
372	471
373	398
373	435
374	500
374	576
376	400
376	582
376	583
377	463
377	536
380	483
380	515
381	489
381	533
382	425
382	441
382	580
383	438
384	399
384	530
384	556
385	599
386	413
386	426
387	415
387	505
387	588
388	440
388	449
388	511
388	590
389	565
390	574
391	453
393	467
394	556
395	436
396	577
397	473
397	489
398	412
400	402
400	542
401	451
402	448
402	497
402	557
402	573
403	534
404	450
404	537
404	539
404	561
405	467
405	494
407	472
408	460
408	496
408	567
409	453
409	459
409	467
409	549
409	558
410	577
411	523
412	498
413	557
414	440
416	546
416	567
417	434
417	485
419	574
420	554
421	512
423	430
423	467
426	568
427	543
429	593
430	502
432	494
432	501
434	503
436	448
437	443
437	478
437	516
437	546
438	530
438	593
442	530
442	547
443	499
443	513
444	517
444	593
445	452
446	476
446	488
448	558
450	519
450	537
451	495
451	579
452	591
453	511
454	595
455	505
455	532
455	590
456	578
460	530
462	535
464	531
465	487
466	498
471	581
472	566
473	494
473	507
475	581
477	536
478	500
478	579
481	488
481	534
482	564
483	545
484	569
486	568
487	499
488	534
490	558
491	578
493	520
494	545
496	498
496	549
498	503
498	504
498	525
501	556
501	566
504	561
505	528
505	587
512	540
514	572
516	592
519	523
519	598
520	582
521	530
522	542
523	552
523	571
523	595
526	541
526	591
528	584
529	547
532	597
534	570
534	581
535	580
535	589
537	542
542	560
543	594
544	550
548	571
548	573
551	555
556	593
557	563
559	590
560	590
565	574
566	599
581	593