0	246
0	383
0	384
0	443
0	483
0	485
0	526
1	2
1	337
1	424
1	591
2	364
2	531
2	586
3	164
3	273
3	386
3	415
3	463
4	62
5	236
5	585
6	164
6	341
6	428
7	87
7	94
7	295
8	208
9	174
9	330
9	475
10	16
10	17
10	125
10	580
11	159
11	195
11	310
11	332
11	482
11	597
12	250
12	344
12	472
12	579
13	107
13	166
13	437
13	597
14	531
15	303
15	405
15	554
16	145
16	229
16	487
16	494
16	569
17	284
18	90
18	308
18	407
18	415
19	155
19	224
19	313
19	320
19	543
20	182
20	481
21	167
21	425
21	525
22	57
22	284
22	315
22	472
23	35
23	76
23	78
23	311
23	342
23	397
23	435
24	55
24	121
24	294
24	314
24	351
24	482
25	143
25	193
25	248
25	373
25	469
26	386
26	407
26	431
27	99
27	129
27	264
27	266
27	425
27	470
27	565
27	571
28	214
28	302
28	409
28	479
28	536
28	545
29	355
29	583
30	128
30	224
30	244
30	264
30	298
30	377
31	540
31	545
32	95
32	243
32	297
32	310
32	339
32	378
32	384
33	119
33	309
33	409
33	561
33	563
34	54
34	336
34	407
35	193
35	273
35	276
35	456
35	505
36	205
36	473
37	115
37	227
37	379
38	80
38	144
38	222
38	283
38	376
39	70
39	102
39	452
39	454
39	475
39	535
40	99
40	196
40	577
41	138
41	225
41	331
41	360
41	542
42	137
42	205
42	339
42	521
42	529
43	284
43	369
43	520
43	546
43	584
44	301
44	341
44	428
45	101
45	141
45	201
45	390
45	401
45	517
46	92
46	139
46	335
47	217
47	299
47	420
47	482
47	589
48	135
48	284
48	567
49	114
49	164
49	208
49	322
49	347
49	578
50	87
50	208
50	272
50	317
50	447
50	473
50	476
50	488
50	562
51	373
52	74
53	138
53	236
53	263
53	423
53	561
54	388
54	458
55	87
55	94
55	165
55	171
55	272
55	280
55	404
55	484
56	166
56	335
57	60
57	86
57	249
57	269
57	281
57	343
57	500
57	518
57	530
58	63
58	168
58	293
58	364
58	522
59	442
59	453
60	331
60	354
60	412
61	473
62	233
62	327
62	332
62	433
62	434
62	501
63	342
63	357
64	170
64	296
64	441
64	446
65	560
66	211
66	484
66	525
67	191
67	215
67	247
67	520
68	150
68	268
68	408
68	572
69	95
69	232
69	351
69	526
70	103
70	239
70	538
70	544
70	563
71	227
71	351
71	453
71	588
72	96
72	97
72	124
72	133
72	154
72	208
72	381
73	203
73	253
73	335
73	510
74	86
74	218
74	244
74	253
74	302
74	349
74	497
75	83
75	152
75	302
75	307
75	422
75	587
76	200
76	342
76	383
76	514
76	547
77	361
77	375
77	441
77	448
77	528
78	224
78	292
78	295
78	354
78	507
78	578
79	431
80	256
81	220
81	401
81	488
82	112
82	113
82	173
82	174
82	313
82	415
83	207
83	225
83	349
83	503
83	505
83	557
84	246
85	255
85	261
85	455
85	532
85	599
86	149
86	382
87	405
87	430
88	122
88	453
88	490
89	486
90	327
90	482
91	248
91	292
91	402
91	515
91	599
92	138
92	317
92	372
92	413
93	204
93	243
93	483
93	495
94	400
94	431
94	451
94	485
94	546
95	136
95	229
95	287
95	348
96	110
96	173
96	274
96	276
96	466
96	491
98	449
98	577
99	218
99	345
99	374
99	459
100	359
100	361
100	539
100	578
101	218
102	260
102	336
102	402
103	160
103	185
103	215
103	229
103	478
103	494
103	516
103	575
104	205
104	350
104	420
104	471
104	568
105	240
105	297
105	329
105	384
105	497
106	262
106	496
106	565
107	145
107	368
107	590
108	138
109	199
110	123
110	554
111	202
111	338
111	429
111	483
112	368
112	522
113	253
113	537
114	222
114	344
114	419
114	455
114	483
114	557
115	154
115	380
115	382
115	547
116	194
116	362
117	272
117	356
117	414
118	571
119	407
119	552
119	562
120	144
121	172
121	358
121	513
122	126
122	361
122	476
122	496
122	580
122	598
122	599
123	130
123	333
123	393
123	412
124	420
124	495
125	140
125	225
125	268
125	329
125	436
127	146
127	157
127	309
127	315
127	348
127	363
127	407
128	214
128	459
128	547
129	219
129	490
129	526
129	573
130	164
130	329
130	345
130	394
130	446
130	578
130	598
131	195
132	181
132	331
132	434
133	157
133	193
133	437
133	473
134	145
134	170
134	270
134	441
135	199
135	264
136	145
136	213
137	488
137	491
137	512
138	462
139	169
139	441
139	503
139	548
139	564
141	248
142	211
142	231
142	285
142	286
142	361
142	487
142	519
143	272
144	384
144	399
144	434
145	331
145	545
146	352
146	354
146	420
146	453
146	473
146	522
146	544
146	584
147	208
148	562
149	161
149	238
149	286
150	488
150	499
150	514
150	536
150	587
151	368
151	378
151	525
151	588
152	338
152	340
152	573
152	599
153	193
153	225
153	536
153	556
153	574
154	234
154	447
154	508
155	307
155	429
155	521
155	533
155	595
156	167
156	256
156	383
156	419
157	168
157	234
157	243
157	370
157	397
158	226
158	249
158	526
158	549
159	199
159	295
160	281
160	402
160	493
160	516
160	566
161	437
161	476
162	164
162	198
162	339
162	593
163	464
164	184
164	342
164	398
164	529
164	540
165	306
165	401
165	449
166	276
166	570
167	526
167	538
167	561
168	232
168	270
168	513
169	466
170	187
170	243
170	308
171	224
171	498
172	348
172	381
172	517
172	532
172	593
173	500
173	518
174	175
174	554
175	333
176	372
176	406
176	507
176	588
177	244
177	498
177	531
177	598
178	422
178	464
178	567
179	299
179	501
180	300
180	323
180	480
181	473
181	498
181	528
183	331
183	412
184	250
184	320
184	443
184	561
185	382
186	316
186	383
186	479
187	282
187	593
188	545
189	252
189	579
190	575
191	204
192	278
192	381
192	545
193	282
193	531
193	543
193	569
194	216
194	323
194	485
195	301
195	373
195	458
195	547
195	551
195	573
196	321
196	341
196	386
196	388
196	394
196	504
196	591
197	238
197	350
197	390
197	446
197	533
197	577
199	265
199	381
199	463
200	351
200	387
201	207
201	228
201	274
201	388
201	471
201	549
202	323
203	301
203	320
204	426
204	516
204	546
205	240
205	260
205	273
205	334
205	378
205	457
206	391
206	400
206	559
206	562
206	590
207	212
207	277
207	357
209	374
209	429
210	330
210	593
212	233
212	235
212	482
213	304
213	327
213	496
213	566
214	441
215	546
216	297
216	388
216	480
217	272
217	552
217	556
217	584
218	299
218	324
218	496
218	503
218	511
220	341
220	435
220	444
220	523
221	543
222	252
222	434
222	495
223	424
223	582
225	285
225	294
225	347
225	375
225	585
226	229
226	247
226	260
226	472
226	513
227	288
228	238
228	378
228	520
228	553
230	262
230	352
231	511
231	522
231	555
232	267
232	385
232	388
232	531
233	546
233	556
233	584
233	589
234	319
234	567
235	250
235	258
235	529
236	337
236	448
236	509
237	429
238	358
239	314
239	480
240	275
240	376
240	433
240	441
241	258
241	269
241	283
241	450
242	243
242	320
243	313
243	591
244	359
244	504
244	570
245	261
245	378
245	489
246	471
246	489
246	510
247	382
247	401
247	411
248	273
248	294
248	378
248	444
248	546
249	439
249	489
249	558
249	598
250	309
250	460
251	362
252	355
252	391
254	336
254	382
254	544
254	574
254	587
255	277
255	333
255	353
255	374
255	463
255	476
255	533
255	590
256	537
256	575
257	269
257	319
257	344
257	481
257	539
258	337
258	549
259	581
260	391
260	478
261	298
261	313
261	543
262	339
263	331
263	393
263	463
264	296
264	347
264	545
265	352
266	305
266	308
266	562
267	309
268	323
268	537
268	561
268	587
268	594
269	575
270	515
270	533
271	367
271	506
272	418
272	543
273	309
273	400
273	524
274	558
276	339
276	463
276	501
276	513
277	445
277	459
278	391
278	441
278	487
279	369
279	467
279	479
279	582
279	593
280	397
280	512
282	364
282	378
282	502
283	389
284	417
285	484
285	523
285	568
286	421
287	340
287	420
287	493
287	526
288	352
288	425
288	581
289	460
290	349
291	498
293	440
293	447
293	532
294	300
294	311
294	342
294	347
294	412
294	424
294	495
294	573
295	444
296	382
296	555
297	321
298	315
298	368
298	549
298	553
299	566
300	332
301	326
301	467
301	550
302	501
302	517
305	453
305	519
305	555
305	572
306	521
307	555
308	481
308	508
308	529
309	480
309	497
309	558
310	346
310	352
310	382
311	355
311	409
312	320
312	405
312	406
313	587
314	570
315	538
316	372
316	456
316	588
318	547
319	322
319	488
320	374
320	585
321	335
321	370
322	341
322	419
323	583
323	599
324	362
324	479
324	552
325	390
325	442
326	366
327	328
327	532
328	471
328	495
329	375
329	376
331	398
331	515
332	409
332	576
333	390
333	392
333	457
333	571
334	339
334	482
334	529
334	587
336	483
338	369
338	575
339	365
339	443
339	492
339	573
339	587
340	398
340	497
341	574
342	373
342	578
344	499
345	528
345	535
346	384
346	562
347	446
347	561
348	391
348	505
349	447
350	417
351	371
352	587
353	365
353	384
353	411
353	453
354	379
354	410
355	368
355	438
355	538
356	404
356	411
356	558
357	478
357	519
358	432
359	373
359	430
359	545
360	431
360	596
361	425
361	465
361	584
362	427
365	551
366	417
366	466
366	497
366	513
366	599
367	453
367	533
369	377
369	388
369	412
369	443
369	456
369	469
369	499
369	532
370	425
373	461
373	526
374	466
375	405
375	423
375	510
377	478
378	458
378	527
378	542
378	558
378	580
378	583
379	403
379	466
379	533
381	393
381	461
381	477
381	495
385	427
386	406
386	469
387	574
389	462
389	505
391	511
391	580
393	395
393	413
394	461
394	462
395	468
395	539
395	558
396	551
397	584
400	415
400	545
400	582
401	515
402	416
402	529
403	589
404	587
406	492
408	509
408	533
409	518
409	526
410	467
410	500
410	577
411	549
411	588
412	429
413	433
415	519
416	541
416	552
418	439
419	476
419	525
419	584
420	478
421	583
425	477
426	466
426	550
427	459
427	525
429	474
430	456
430	568
430	583
431	554
433	538
435	586
437	465
437	468
438	549
439	470
439	584
440	573
441	498
441	556
443	578
447	503
448	511
450	458
451	504
453	495
453	537
456	549
459	462
459	580
460	556
461	520
462	497
462	523
464	491
464	563
467	595
469	497
469	506
472	497
473	562
476	500
476	543
477	560
478	519
478	592
480	520
481	562
481	572
482	544
489	510
491	553
491	591
497	586
498	596
499	513
500	594
504	541
506	543
508	594
509	552
511	514
512	570
513	523
514	520
515	573
516	552
521	534
522	585
523	568
524	548
524	567
525	569
526	572
529	548
535	545
535	551
538	542
538	577
543	578
547	572
550	565
550	576
551	585
551	599
552	588
553	584
555	587
556	594
567	586
577	580
578	581
581	599
582	590