0	120
0	223
0	280
0	376
0	389
1	100
1	130
1	194
1	412
1	460
1	595
2	41
2	494
3	34
3	55
3	60
3	66
3	212
3	217
3	455
3	507
4	279
4	342
5	72
5	167
5	171
6	211
6	227
6	389
6	471
7	160
7	170
7	275
8	129
8	204
8	246
8	301
8	371
8	503
8	504
9	26
9	269
10	30
10	83
10	206
10	485
10	598
11	79
11	243
11	343
11	432
11	453
12	171
12	367
12	400
12	484
12	547
13	116
13	180
13	223
13	583
14	39
14	284
15	142
15	229
15	232
15	393
15	518
15	530
16	24
16	99
16	385
16	451
16	503
16	581
17	114
17	536
18	245
19	201
19	215
19	468
20	113
21	328
22	223
22	279
22	280
22	439
22	598
23	30
23	112
23	154
23	250
23	565
24	484
25	59
25	314
25	404
25	503
26	222
26	245
27	179
27	284
27	410
28	87
28	190
28	370
28	456
28	550
29	65
29	202
29	319
30	103
30	128
30	547
31	84
31	428
31	528
31	594
32	164
32	262
32	304
33	70
33	170
33	591
33	595
34	115
34	214
34	309
34	317
34	334
34	452
34	513
34	570
35	70
35	98
35	123
35	340
35	361
35	382
35	439
35	478
35	484
35	573
36	564
37	266
37	375
37	429
37	507
37	580
38	104
38	402
39	69
39	117
40	160
40	290
40	296
40	300
40	587
41	120
41	135
41	208
41	259
41	348
41	400
41	591
42	259
42	287
42	496
43	243
43	462
44	89
44	109
44	235
44	262
44	399
45	149
46	144
46	174
46	186
46	228
46	521
46	563
47	195
47	196
47	319
47	390
48	261
48	400
48	516
49	122
49	291
49	421
49	576
50	126
51	67
51	142
51	538
52	53
52	106
52	205
52	222
52	442
52	449
53	106
53	315
53	404
54	100
54	143
55	72
55	207
55	219
55	352
55	445
55	463
55	467
55	512
56	173
56	273
56	290
56	404
56	535
56	550
56	582
57	125
57	317
57	537
57	541
57	580
58	180
58	396
59	348
60	67
60	248
60	320
60	444
61	583
62	259
62	261
62	378
62	486
62	573
62	581
63	298
63	307
63	475
63	549
64	99
64	101
64	213
64	334
64	337
64	341
64	462
64	555
64	560
66	468
66	510
66	516
66	534
66	585
67	126
67	179
67	337
67	351
67	384
68	135
68	154
68	219
68	476
69	205
69	329
69	334
69	484
70	112
70	279
70	323
70	462
70	596
71	262
71	291
71	365
71	525
71	596
72	275
72	435
72	448
73	270
73	366
73	521
73	541
74	93
74	120
74	526
75	107
75	418
76	477
76	490
77	263
77	279
78	439
79	144
79	155
79	205
79	218
79	500
79	585
80	157
80	284
80	426
80	429
81	107
81	157
81	159
81	245
82	520
83	157
84	422
84	426
85	187
85	510
85	597
86	117
86	138
86	434
86	442
87	147
87	302
87	502
87	585
88	91
88	128
88	226
88	252
88	285
88	344
88	405
88	425
89	306
89	314
89	375
89	480
90	167
90	223
90	326
90	446
91	156
91	316
91	404
92	155
92	226
92	370
92	384
93	177
93	189
93	299
94	297
94	588
95	326
95	342
95	350
96	106
96	212
96	318
97	139
97	595
98	276
98	493
99	148
99	152
99	339
99	394
100	206
100	367
100	395
101	210
101	238
102	187
102	372
102	495
103	285
103	315
103	371
104	256
104	355
104	413
105	161
105	204
105	310
106	124
106	206
106	414
107	122
107	166
107	206
107	252
107	471
108	447
108	495
108	503
108	514
109	288
109	464
109	466
109	467
109	505
109	543
109	574
109	584
110	245
110	561
111	238
111	264
111	302
111	436
111	501
111	521
112	294
112	412
112	485
113	122
113	171
113	268
114	134
114	381
114	531
115	517
116	295
116	333
116	428
116	542
117	180
117	218
117	287
117	305
117	352
118	140
118	350
118	457
118	496
118	514
118	588
119	194
119	231
119	259
119	461
120	238
120	516
120	597
121	181
121	210
121	265
122	250
123	151
123	298
123	515
124	185
124	536
125	130
125	495
125	528
126	428
126	448
126	452
126	476
126	507
127	448
128	203
128	308
128	361
128	444
128	533
128	565
129	290
129	429
130	188
130	509
131	156
131	183
131	192
131	329
131	476
132	199
132	215
132	304
132	429
133	390
133	437
133	498
133	502
133	536
134	328
134	401
135	419
136	161
136	164
136	216
136	246
136	391
137	195
137	257
137	398
138	243
138	526
138	559
139	190
139	409
139	508
139	582
140	245
140	296
140	378
140	493
140	560
141	244
141	528
141	537
141	561
142	222
142	355
143	206
143	212
143	227
143	230
143	394
143	422
144	295
144	303
144	472
144	483
144	592
145	198
145	376
145	422
145	476
146	172
146	416
146	576
147	162
147	166
147	320
147	400
148	336
148	395
148	481
148	567
149	230
149	396
149	556
150	221
150	546
151	252
151	358
151	359
151	424
152	249
152	535
153	364
153	451
154	209
154	268
155	168
155	311
156	411
156	571
157	406
158	365
158	403
159	485
160	240
160	314
160	319
160	328
160	384
161	313
161	326
161	460
161	467
161	534
162	173
162	206
162	425
162	480
163	186
164	226
164	233
165	193
165	580
166	173
166	182
167	207
167	252
167	388
167	468
167	572
168	267
168	337
168	365
168	367
168	379
168	443
168	483
168	526
169	259
169	337
169	479
169	525
170	289
171	360
171	500
171	567
172	426
172	541
173	277
174	207
174	231
174	308
174	362
174	476
174	577
175	222
175	339
176	320
176	421
176	581
177	200
177	325
177	403
177	489
178	243
178	271
178	308
178	559
179	221
179	344
179	394
180	354
180	363
180	429
180	479
180	480
181	232
181	241
182	275
183	344
184	398
185	261
185	464
186	204
187	228
187	314
187	432
187	557
187	573
188	369
189	193
189	356
189	487
190	434
191	392
191	473
191	536
191	576
192	313
193	569
194	222
194	397
194	408
194	539
195	276
195	356
195	571
196	507
197	207
198	231
198	254
198	280
198	421
198	486
199	368
199	580
200	264
200	496
201	301
202	368
202	573
203	296
203	414
203	498
203	502
204	446
204	517
205	247
205	264
205	457
205	587
206	274
206	355
206	382
206	452
207	218
207	458
207	495
208	288
208	504
208	515
209	318
210	269
210	275
210	314
210	455
211	220
211	427
211	564
211	574
212	269
212	278
212	329
212	455
212	584
213	218
213	380
214	448
215	283
215	327
215	382
215	441
216	228
216	323
216	389
216	575
217	263
217	310
217	328
217	374
217	437
218	258
218	355
219	294
219	478
220	250
220	343
221	477
223	385
223	391
223	489
223	575
224	348
224	520
224	522
224	535
224	596
225	235
225	493
227	454
227	554
228	241
228	451
228	519
228	598
229	270
230	310
230	357
231	293
231	418
231	548
231	578
232	457
233	392
233	552
234	272
234	378
235	310
235	314
235	522
236	300
236	377
236	452
237	376
237	390
237	471
237	474
237	476
238	406
238	462
238	539
239	250
239	418
240	495
240	551
241	500
241	525
241	559
242	244
242	286
242	293
242	402
242	434
243	257
243	309
243	431
243	454
243	534
244	269
244	500
246	381
246	504
246	508
246	510
246	558
246	591
249	341
249	343
250	336
250	421
250	430
250	477
251	282
251	302
251	338
251	340
251	388
252	272
252	318
253	360
253	388
253	418
253	522
254	304
254	337
254	380
254	395
254	426
254	584
255	273
255	435
255	591
257	334
257	358
257	580
258	266
258	311
258	581
259	330
259	334
259	480
260	420
260	567
261	423
263	269
263	341
263	402
263	516
264	317
264	443
264	556
265	333
265	442
265	524
266	465
267	516
268	317
268	322
269	350
269	371
270	432
271	407
271	472
271	597
272	406
273	287
273	369
273	377
273	433
274	289
275	507
275	536
275	545
275	585
276	360
276	541
277	369
277	561
278	334
278	520
278	539
278	558
279	325
279	483
280	566
281	329
282	383
282	455
282	563
284	452
286	363
287	399
287	432
287	497
288	352
288	431
288	480
289	332
289	521
289	526
289	551
290	449
290	559
291	504
292	472
293	399
294	297
294	402
294	423
294	530
295	529
296	350
296	371
297	492
297	506
298	425
298	496
298	504
299	547
299	574
300	491
300	563
301	461
301	579
302	585
303	437
304	437
304	491
304	544
306	564
307	322
307	401
308	537
309	378
309	414
309	528
309	599
310	351
310	389
311	355
311	418
311	485
311	567
312	425
312	435
312	524
312	560
314	318
314	565
315	589
316	544
316	550
317	424
317	500
318	372
318	373
319	386
319	526
320	517
321	430
322	442
322	518
323	353
323	463
323	544
324	378
324	420
324	446
325	339
325	511
325	527
326	474
326	560
326	573
327	371
327	399
327	469
327	499
327	506
328	405
328	490
330	331
331	387
331	419
331	432
332	428
333	522
334	596
335	432
336	496
337	389
337	440
338	344
338	408
338	412
338	460
339	362
339	365
339	395
339	505
339	573
341	349
341	370
341	376
341	448
341	454
341	549
342	410
343	389
343	413
344	545
345	430
345	485
345	573
346	405
347	397
347	457
348	400
349	361
349	437
350	351
350	448
352	373
352	441
354	360
354	542
354	551
355	408
355	447
355	457
356	372
357	419
357	430
357	587
358	460
358	553
359	394
359	595
360	423
360	509
360	576
361	486
363	592
364	403
365	532
367	513
367	519
369	442
371	423
372	391
373	388
373	477
373	512
373	579
375	395
375	536
376	422
376	441
376	499
377	474
377	572
378	529
379	447
382	441
382	464
382	498
383	389
383	551
384	422
385	432
385	556
386	432
386	435
386	570
387	572
388	572
388	594
389	443
389	505
389	577
390	516
390	581
391	487
391	577
392	435
394	482
395	448
396	435
396	595
397	415
397	438
397	488
397	555
398	436
398	565
398	576
399	472
399	488
400	417
402	479
402	503
402	569
403	446
404	480
404	523
405	533
406	581
408	547
409	515
410	569
412	573
414	526
414	550
414	574
415	445
415	478
415	553
415	592
416	518
416	534
419	490
420	490
421	458
421	502
422	494
423	550
424	429
425	502
426	551
426	589
428	489
429	488
430	584
431	500
431	555
432	517
434	553
435	476
435	480
438	472
438	476
439	502
439	557
440	445
440	552
442	447
443	561
444	485
445	507
445	562
445	563
447	449
447	570
450	521
450	545
451	459
451	516
452	598
454	483
456	526
456	568
458	475
459	547
460	493
461	493
462	468
465	532
465	540
468	471
468	507
468	539
468	560
470	585
472	495
472	555
473	524
477	501
477	522
481	482
482	522
482	537
482	556
483	501
484	504
484	520
484	583
485	494
485	529
489	565
493	501
495	523
496	509
500	518
501	590
502	561
502	592
504	531
504	551
505	511
510	513
510	592
514	532
514	534
518	556
518	586
520	536
523	565
528	576
530	583
530	588
532	554
532	567
534	560
536	585
536	597
541	564
546	562
548	593
550	587
553	575
562	587
584	595