0	368
0	420
0	479
1	13
1	124
1	217
1	219
1	377
1	410
2	267
2	281
2	311
2	319
2	325
2	369
2	482
3	47
3	282
3	367
3	425
4	381
4	419
4	427
4	558
5	26
5	55
5	105
5	236
5	489
5	575
6	225
6	363
6	429
7	20
7	234
7	283
7	418
8	151
8	187
8	349
8	432
9	73
9	249
9	431
9	501
10	290
10	295
10	335
11	346
11	376
11	468
12	316
12	353
12	561
13	138
13	163
13	317
13	338
13	392
13	413
13	471
14	345
14	590
15	18
15	74
15	78
15	441
16	30
16	286
16	472
16	483
17	169
17	208
17	445
17	578
18	411
19	124
19	238
19	402
19	445
20	37
20	54
20	149
20	151
20	512
21	175
21	256
21	278
21	292
21	301
21	324
21	454
22	455
22	570
23	263
24	99
24	206
24	335
24	346
24	368
24	393
24	546
25	229
25	301
25	383
25	520
25	538
26	498
27	171
27	220
27	302
27	418
28	293
28	324
29	290
29	384
29	445
30	153
30	285
30	297
30	306
30	340
30	388
30	435
30	438
30	474
30	475
31	211
31	345
32	158
32	500
32	572
33	183
33	474
34	110
34	111
34	240
34	416
34	427
34	436
35	568
36	204
36	296
36	358
36	447
37	276
37	465
37	514
37	585
38	283
38	360
38	420
39	138
39	289
39	572
40	189
40	412
41	153
42	68
42	96
42	137
42	150
42	153
43	229
43	500
43	531
44	69
44	119
44	173
45	101
45	246
45	389
45	564
46	117
46	249
46	254
46	382
46	488
46	495
47	61
47	177
47	210
47	390
47	463
47	564
48	164
48	207
48	586
49	89
49	220
49	250
49	267
50	85
50	154
50	305
50	421
50	517
50	518
51	188
51	253
51	267
51	468
51	520
51	521
52	159
52	285
52	332
52	596
53	85
53	138
53	246
53	401
53	417
53	504
53	525
54	107
54	271
54	523
54	531
54	550
54	552
55	162
55	169
55	392
55	409
55	428
55	585
56	274
56	374
56	488
57	96
57	391
58	326
58	407
59	113
59	368
59	489
60	274
61	135
61	161
61	212
61	246
61	284
61	299
62	71
62	114
62	230
62	288
62	300
62	384
62	396
62	568
63	79
63	273
63	293
63	318
63	360
63	464
64	321
65	328
65	350
65	354
66	170
66	249
66	367
66	398
66	530
66	591
67	164
67	403
68	226
68	417
68	537
69	127
69	158
69	189
69	431
69	599
70	175
70	274
70	326
70	371
70	428
70	458
70	475
70	549
71	431
71	468
72	191
72	332
72	388
72	482
73	97
73	243
74	233
74	315
74	379
74	593
75	148
76	114
76	181
76	236
76	421
76	565
77	427
77	572
78	234
78	549
78	591
79	315
79	325
79	340
79	359
79	431
80	215
81	314
81	382
81	582
81	598
82	312
83	106
83	235
83	363
83	400
83	411
84	598
85	136
85	343
85	534
86	302
87	458
88	136
88	336
89	107
89	210
89	256
89	258
89	402
89	422
90	161
90	276
90	332
90	491
91	482
92	192
92	337
92	453
92	491
92	581
93	104
94	576
95	279
96	172
96	187
96	298
96	420
97	278
97	344
97	401
97	442
97	479
98	210
98	355
98	483
99	129
99	231
99	338
99	454
100	267
101	266
101	512
102	131
102	226
102	425
102	561
103	291
103	404
104	192
104	324
104	370
104	550
105	575
106	137
106	428
106	567
107	154
107	292
107	423
107	505
108	297
108	367
108	562
109	527
110	438
110	488
110	598
111	193
111	258
111	380
111	437
112	133
112	266
112	359
113	157
113	184
113	284
113	295
113	321
114	125
114	384
114	432
115	208
115	367
115	449
116	405
116	453
116	585
116	599
117	185
117	210
118	388
118	514
119	367
119	386
119	494
119	580
120	156
120	170
121	253
121	393
121	501
121	573
122	231
122	395
122	401
123	214
124	550
126	218
126	294
126	430
126	498
126	507
127	154
127	300
127	540
128	248
128	275
128	396
128	587
129	324
129	412
129	430
130	155
130	197
130	288
130	447
130	525
130	556
131	159
131	175
131	242
131	529
131	572
132	270
132	540
132	566
133	579
134	430
134	488
134	502
135	360
135	462
135	466
135	544
137	193
137	260
138	170
139	148
139	182
139	437
140	172
140	399
140	486
141	275
141	296
141	371
141	435
142	154
142	329
142	418
142	531
143	528
144	279
144	352
144	378
144	538
144	579
145	265
145	309
145	534
146	189
146	268
146	298
146	563
146	598
147	289
148	195
148	257
148	329
148	352
148	380
149	173
149	224
150	598
151	282
151	527
151	534
152	392
152	502
153	419
154	324
154	430
155	222
156	228
156	255
157	183
157	259
157	269
157	318
157	444
157	583
158	216
158	308
158	313
158	518
159	304
159	537
159	588
160	577
160	582
161	162
161	245
161	347
161	414
161	590
162	295
163	213
163	374
163	457
163	494
164	326
164	329
164	356
164	386
164	389
164	446
165	231
165	438
166	561
167	528
168	315
168	322
168	332
169	221
169	258
169	312
169	371
169	462
169	531
170	350
170	395
170	447
170	503
171	199
171	517
172	175
172	177
172	281
172	533
172	589
173	396
174	324
175	217
175	227
175	456
175	536
175	580
176	358
176	456
176	496
176	596
177	436
177	556
177	587
178	215
178	387
178	480
178	569
178	590
179	422
179	423
179	458
179	498
179	526
179	564
180	219
180	409
180	474
181	340
181	392
181	488
181	555
182	324
182	352
183	303
184	266
184	354
184	378
184	416
184	472
184	554
185	279
185	333
185	390
185	447
185	484
186	252
186	554
188	376
188	470
189	268
189	442
189	538
190	207
190	232
190	457
190	518
191	547
192	309
192	479
193	351
193	440
193	567
193	571
193	596
194	205
194	228
194	340
194	433
195	439
196	236
196	494
196	555
197	457
198	202
198	288
198	519
199	235
200	250
200	427
201	262
202	383
202	555
203	249
203	285
203	459
203	550
203	572
204	534
204	581
204	597
205	270
205	331
205	348
205	500
206	360
206	553
206	562
206	566
207	287
207	362
207	367
208	270
208	552
209	598
210	262
210	270
210	351
210	521
211	369
211	398
211	402
211	503
211	507
211	560
211	570
212	280
212	290
212	333
212	384
212	425
212	580
213	425
214	480
214	510
214	580
215	302
215	455
216	295
216	359
216	398
218	222
219	227
219	407
220	312
220	338
220	477
221	225
221	396
221	424
221	502
222	260
222	339
222	413
222	562
222	590
223	242
223	344
223	477
224	234
225	231
225	347
225	443
225	549
226	295
227	288
227	348
227	435
227	500
227	571
228	368
228	403
229	462
229	543
230	259
230	288
230	599
231	326
231	426
231	470
231	531
232	586
232	591
233	243
233	274
233	383
233	386
233	399
234	238
234	327
234	398
235	514
235	565
235	580
236	252
237	477
239	548
239	551
239	554
240	250
240	253
240	342
240	358
240	410
240	412
240	547
240	558
241	280
242	261
242	347
242	402
242	511
242	533
243	248
243	254
243	583
244	416
245	359
245	414
245	458
246	353
246	384
247	300
247	374
247	425
248	405
248	530
249	325
249	373
250	402
250	451
250	585
251	497
251	528
251	599
252	316
252	458
253	381
253	434
253	538
254	427
255	358
255	574
256	382
256	448
256	466
256	583
256	588
257	525
257	537
258	410
258	500
258	512
259	282
259	593
261	433
261	474
261	499
262	306
262	554
263	305
263	401
263	432
263	558
264	310
264	470
265	512
266	405
267	313
267	332
267	566
268	274
269	492
270	439
271	345
271	484
271	521
272	584
274	322
274	410
276	362
276	441
277	377
278	499
278	574
279	474
280	456
280	478
280	586
281	437
282	290
282	320
282	377
282	392
283	374
283	421
283	475
283	531
283	562
284	340
284	353
284	482
285	335
285	360
286	362
286	490
288	402
289	300
289	385
289	495
289	522
290	421
292	352
293	418
293	503
293	511
294	400
294	411
294	440
294	552
295	501
295	599
296	452
297	303
297	509
298	338
298	461
298	532
299	489
299	514
299	576
300	384
301	337
301	371
301	569
302	517
302	580
303	449
303	472
303	533
304	440
305	364
305	486
306	396
306	430
307	561
308	391
308	516
308	585
309	341
310	317
310	428
312	362
312	536
312	538
313	315
313	583
314	405
315	348
315	519
315	583
316	446
316	458
317	324
317	399
318	422
318	499
318	535
318	554
319	384
319	502
320	538
321	358
322	467
322	540
322	557
322	591
322	596
323	328
323	369
323	390
323	566
323	595
324	447
325	454
325	566
326	459
328	364
328	427
328	557
328	582
328	597
330	429
330	563
331	574
331	593
332	469
332	515
333	447
333	455
334	387
334	392
335	435
336	377
336	380
336	389
337	438
338	377
338	555
339	343
339	367
339	386
339	420
339	517
340	348
340	382
340	587
342	507
342	581
343	344
344	412
345	420
346	445
346	572
347	549
348	423
349	419
350	364
350	427
352	363
352	380
352	524
352	590
354	396
355	371
355	579
356	374
356	390
357	442
357	526
358	486
359	546
360	435
360	472
360	490
361	406
362	373
362	400
363	573
363	586
364	542
365	433
365	523
365	579
366	503
366	576
367	368
368	562
369	466
370	425
370	452
372	388
372	586
373	581
374	425
375	568
376	431
376	527
377	449
378	483
378	490
379	445
379	544
380	555
382	521
382	568
383	429
383	509
383	599
384	581
385	490
386	461
386	535
386	540
386	598
387	480
389	450
390	408
390	466
392	485
392	496
392	498
393	481
394	494
397	434
398	412
398	458
399	407
399	505
400	462
401	580
402	435
404	464
404	501
405	486
405	596
406	415
407	469
408	471
408	472
409	418
410	419
410	462
410	466
410	596
412	504
412	528
414	518
415	497
416	476
416	560
416	594
417	479
417	574
419	445
420	427
420	507
420	590
421	445
421	466
421	587
422	496
422	518
423	434
423	458
423	572
425	536
426	546
427	461
427	502
427	534
427	581
428	487
429	457
429	483
429	534
431	498
431	531
431	540
431	577
431	594
432	558
433	440
433	569
435	495
438	471
438	553
438	592
442	493
443	460
444	587
445	465
445	509
447	480
447	482
447	560
449	586
450	453
450	541
451	582
452	458
452	581
453	500
454	564
455	456
456	487
457	465
459	565
463	469
463	473
465	482
466	499
467	555
469	572
472	515
474	576
477	518
478	524
478	552
480	534
482	581
484	498
484	520
485	582
487	539
489	549
491	569
492	504
492	518
492	565
493	496
494	535
496	535
499	518
500	513
502	580
503	551
504	563
504	571
506	564
507	557
508	584
509	547
511	559
512	562
513	597
516	543
517	520
517	529
517	541
519	557
521	534
521	562
521	567
521	593
522	572
522	580
524	571
528	556
532	574
533	597
534	593
537	597
538	548
539	563
540	568
542	564
542	584
543	555
545	597
548	596
557	565
557	587
558	569
559	583
565	578
571	589
577	592
589	592