0	15
0	540
0	569
1	133
1	181
1	202
1	336
1	502
2	61
2	485
2	510
2	530
3	194
3	330
3	342
3	352
3	356
3	423
3	566
4	188
4	454
5	528
6	205
6	225
6	437
6	593
7	353
7	386
8	120
9	34
10	267
10	385
10	397
10	570
11	161
11	304
11	539
11	575
11	591
12	139
12	210
12	485
13	157
13	313
13	507
14	95
14	250
14	280
15	56
15	148
15	241
15	263
15	286
15	340
15	361
15	376
15	596
16	104
16	220
16	280
16	352
16	416
16	417
16	496
17	28
17	176
17	178
17	202
17	302
17	454
17	497
17	539
18	58
18	88
18	214
19	20
19	42
19	314
19	348
19	365
20	339
20	594
21	33
21	160
21	167
21	203
21	269
21	529
21	540
21	552
22	44
22	262
22	391
22	446
22	483
23	153
23	168
23	251
24	61
24	133
24	261
24	325
24	385
24	454
25	161
25	306
25	501
26	39
26	172
26	221
26	287
26	414
26	530
27	142
27	207
27	314
27	473
27	484
27	571
28	264
28	414
28	447
29	36
29	112
29	310
29	389
30	43
30	106
30	148
30	175
30	266
30	313
30	449
31	33
31	39
31	60
31	67
31	295
31	566
31	574
32	105
32	200
32	491
32	564
33	93
33	108
33	146
33	224
33	236
33	369
33	432
34	235
34	278
34	345
34	353
34	425
35	321
35	517
36	71
36	185
36	273
37	419
37	453
38	149
38	351
38	449
38	465
38	533
39	57
39	249
39	323
40	71
40	321
40	393
40	484
41	90
41	219
41	316
41	545
43	262
43	307
43	418
43	434
43	541
44	246
44	392
44	423
44	439
45	53
45	209
45	335
45	388
46	134
46	461
46	469
46	551
46	583
47	135
47	403
47	423
48	56
48	437
48	438
48	470
48	497
49	212
49	298
50	91
50	354
50	381
50	388
50	418
50	454
50	479
50	594
51	139
51	502
52	121
52	170
52	327
52	466
52	583
53	95
53	160
53	231
53	558
53	575
54	88
54	111
54	262
54	485
55	76
55	124
55	220
55	414
55	421
55	553
56	60
56	92
56	222
56	383
57	259
57	287
58	215
58	228
58	251
58	398
59	442
59	535
60	216
60	314
60	581
61	339
61	398
61	438
61	553
62	93
62	405
62	538
62	583
63	482
63	489
63	506
63	591
64	439
64	537
64	577
65	194
65	250
65	433
65	580
66	100
66	168
66	245
66	285
67	114
67	167
68	121
68	134
68	153
68	205
68	334
68	449
68	478
69	77
69	123
69	146
69	236
69	237
69	302
69	483
69	541
70	203
70	243
70	312
70	484
70	503
70	596
71	97
71	130
71	211
71	309
71	352
71	448
71	519
71	575
72	150
73	101
73	403
73	449
73	532
74	194
74	282
74	300
74	475
75	246
75	292
75	463
75	485
76	228
76	316
76	322
76	390
76	452
77	161
77	308
77	370
77	526
78	295
79	175
79	218
79	280
79	342
79	356
79	449
80	233
80	415
80	433
80	561
81	293
81	388
81	485
82	291
82	299
82	389
83	109
83	134
83	204
83	224
83	262
83	531
83	578
84	307
84	335
84	479
84	543
84	569
85	104
85	185
85	328
85	387
85	587
86	115
87	271
87	304
87	413
87	476
87	523
89	499
90	152
90	218
90	526
90	574
91	381
92	332
92	354
92	420
92	542
92	547
92	567
93	134
93	142
93	256
93	554
93	573
94	129
94	516
94	524
95	227
95	246
95	304
95	439
96	212
96	235
96	312
96	476
97	467
97	588
98	133
98	227
98	230
98	245
98	249
98	266
99	185
100	304
100	348
100	506
101	287
101	394
102	230
102	585
103	435
104	124
104	260
104	327
104	362
104	598
105	131
105	245
105	431
106	543
107	186
108	275
108	348
108	484
108	569
109	111
109	475
109	483
109	508
109	514
109	524
110	455
110	554
111	162
111	294
111	432
112	138
112	255
112	351
113	120
113	215
113	287
113	306
113	390
113	526
114	228
114	269
114	403
114	587
114	592
115	168
115	194
115	218
115	471
115	566
116	156
117	296
117	409
118	167
118	205
118	271
118	320
118	418
118	481
118	482
118	548
118	558
118	584
119	139
119	498
120	121
121	216
122	134
122	139
122	232
122	490
122	559
123	488
123	497
123	593
125	148
125	180
125	531
126	240
126	274
127	276
127	446
128	487
129	180
129	320
129	430
129	569
130	173
130	218
130	279
130	310
130	333
130	339
130	413
131	406
131	435
131	506
131	523
131	550
132	207
132	221
132	344
132	392
132	527
132	541
132	569
133	179
133	475
134	236
135	409
136	203
136	218
136	538
137	381
137	429
137	504
138	212
138	404
138	410
138	468
139	242
139	256
140	146
140	240
141	326
141	452
141	532
142	154
142	191
142	405
142	461
142	523
142	595
143	233
143	442
143	517
144	180
144	203
144	254
144	585
145	183
145	197
145	448
145	527
145	591
146	202
146	370
146	423
146	530
146	538
146	545
147	203
147	220
147	476
147	484
148	219
148	317
148	485
149	276
149	284
149	301
149	442
150	254
151	243
151	296
151	298
151	396
151	501
152	367
153	242
153	435
153	465
153	586
153	593
154	249
154	377
155	358
155	434
156	189
156	438
156	520
157	479
158	254
158	414
158	449
158	525
159	290
159	390
159	478
159	517
160	381
160	436
160	468
160	472
161	162
161	211
161	364
161	378
161	472
162	360
162	586
163	213
163	240
163	483
164	245
164	315
164	330
164	414
164	493
165	187
165	326
165	349
165	462
165	506
165	569
165	598
166	258
166	296
166	341
166	432
166	475
166	553
167	256
167	381
167	394
168	367
169	263
169	269
170	215
170	382
170	492
171	203
172	444
172	489
172	584
173	384
173	484
173	519
174	195
174	251
174	511
175	366
175	405
176	189
176	255
176	462
177	273
177	369
178	408
178	413
179	273
179	467
179	505
180	242
181	229
181	366
181	402
181	406
181	424
181	591
182	270
183	344
183	443
184	399
184	497
184	592
185	216
185	446
186	360
186	560
187	324
187	352
188	369
188	524
189	217
189	383
190	552
191	275
191	443
192	252
192	396
192	461
192	469
193	259
193	302
193	347
193	353
193	377
194	198
194	237
195	263
195	307
195	500
196	223
196	330
196	461
196	552
196	574
197	271
198	394
198	456
198	531
199	340
199	457
199	518
200	257
200	271
200	349
201	220
201	257
201	262
201	286
201	354
201	481
202	289
202	306
202	320
202	414
203	250
203	378
203	379
203	520
204	422
205	244
205	265
205	415
205	439
205	447
205	521
205	569
206	262
206	466
207	279
207	286
207	305
207	486
208	372
208	449
208	511
209	575
209	577
210	414
211	216
211	356
211	396
212	337
212	416
212	497
213	518
214	229
214	267
214	492
215	572
216	533
217	410
217	503
218	237
218	255
218	290
218	494
218	531
219	273
219	427
220	272
220	344
220	501
220	520
221	367
221	445
221	483
222	340
222	369
222	529
222	598
223	240
223	396
223	410
224	260
224	532
224	549
225	378
225	405
226	268
226	454
226	594
228	459
229	378
229	568
230	349
230	411
231	337
231	374
232	376
232	431
232	513
232	590
233	347
233	439
233	456
233	476
234	237
234	331
234	344
234	408
234	440
235	402
235	412
236	428
236	451
236	514
238	543
239	377
239	385
239	522
239	570
240	382
240	552
240	587
241	307
241	320
241	336
241	417
241	471
241	531
242	262
242	505
242	597
243	251
243	291
243	302
243	528
244	326
244	347
244	386
244	456
244	481
244	505
244	508
245	291
245	330
245	423
245	449
246	264
246	380
246	391
246	416
246	502
247	566
248	326
248	533
249	333
249	441
249	542
250	331
251	418
253	381
253	528
254	289
254	465
254	574
255	459
256	285
256	349
256	384
256	420
256	452
257	290
257	418
257	481
257	491
257	562
257	579
258	378
258	546
259	379
259	528
259	538
260	379
261	389
261	534
262	430
262	595
263	343
263	483
263	522
263	592
264	306
264	371
264	482
264	577
265	271
265	286
265	288
268	493
268	574
269	316
269	495
269	593
270	279
270	339
270	461
271	396
271	446
271	517
272	458
272	562
273	321
273	447
273	461
273	515
274	355
276	349
276	382
277	372
277	588
278	445
278	476
279	454
279	521
281	301
281	388
281	470
281	553
282	576
283	380
283	523
284	319
284	350
285	381
285	518
285	577
286	326
286	452
287	456
289	293
289	479
290	326
290	352
290	421
290	444
290	584
291	590
293	363
293	434
293	552
293	581
294	358
294	427
294	519
294	570
294	582
295	342
295	427
295	520
295	567
295	597
296	453
297	422
298	311
299	474
300	495
301	324
301	334
301	480
301	567
302	366
302	529
303	317
304	476
305	458
305	559
306	335
306	426
306	520
306	521
306	579
307	443
307	462
307	543
308	405
308	475
308	542
310	437
310	438
310	460
311	367
311	381
311	463
312	498
313	322
313	400
313	431
313	510
314	497
314	529
314	554
314	582
316	430
316	465
316	528
316	544
317	330
317	333
317	455
317	466
317	473
318	386
318	509
319	485
319	512
320	440
320	549
322	438
322	488
322	490
323	353
323	546
323	559
324	409
324	500
324	534
325	536
325	545
325	573
326	573
327	388
327	467
327	487
329	372
329	496
330	378
330	444
330	578
331	369
331	452
331	489
331	508
332	370
332	586
333	340
333	531
333	533
334	342
334	359
334	450
334	577
335	452
335	547
336	488
336	574
337	377
337	388
337	566
338	388
338	416
338	420
338	586
339	494
340	359
340	403
341	498
342	459
342	574
342	598
344	444
345	368
345	416
345	438
345	498
345	525
346	373
347	489
348	444
350	376
350	414
350	474
352	373
352	488
352	549
353	515
353	529
355	464
356	405
356	548
357	387
358	461
359	474
359	521
360	443
360	459
360	504
361	479
362	573
362	577
363	529
364	527
365	419
365	517
365	527
366	541
367	492
367	515
367	539
369	383
370	565
371	488
371	549
372	473
372	598
373	396
374	482
375	495
376	427
376	552
377	401
377	472
378	528
382	499
384	404
386	459
387	582
389	472
391	435
391	560
392	418
392	491
392	530
392	589
394	405
394	417
395	474
395	518
395	532
395	581
396	401
401	455
401	508
403	554
403	580
404	421
404	493
405	498
405	588
406	479
406	491
407	479
409	446
410	474
410	588
413	483
413	487
414	436
418	423
418	460
418	568
420	475
421	428
421	464
421	515
421	593
422	515
422	573
423	543
425	428
425	561
426	470
426	586
426	598
427	439
427	441
428	586
429	496
429	510
429	514
430	556
431	568
432	460
432	494
432	578
435	584
436	481
437	470
439	474
441	575
445	518
446	565
447	570
448	532
449	488
449	521
450	592
451	557
452	473
452	517
452	537
452	597
454	475
454	539
454	545
455	511
456	483
458	498
458	574
458	583
460	489
461	521
462	516
462	530
466	527
468	478
469	587
469	588
470	546
470	587
470	599
472	598
477	487
478	520
478	538
478	543
479	489
479	503
479	521
481	524
481	552
483	520
487	497
487	549
489	491
489	497
489	531
490	599
494	587
495	547
498	563
498	593
499	519
499	591
505	544
508	562
512	534
512	596
524	578
526	596
528	555
532	599
540	574
540	583
545	555
545	580
548	566
555	557
562	567
565	568
565	596
572	587
579	584
582	592
586	592