0	161
0	213
0	319
0	554
0	572
1	167
1	261
1	273
1	339
1	373
1	504
1	569
2	14
2	30
2	198
2	336
2	444
2	448
3	136
3	586
3	598
4	12
4	20
4	351
4	565
5	228
5	295
5	398
5	421
5	504
5	540
5	585
6	93
6	308
6	373
7	496
7	504
8	406
8	550
9	116
9	165
9	313
9	314
9	470
10	15
10	325
11	86
11	87
11	99
11	116
11	142
11	310
11	442
12	135
12	214
12	393
12	447
12	474
13	243
13	415
13	452
13	464
13	472
13	539
14	164
14	264
14	482
14	571
15	17
15	124
15	416
16	326
16	421
16	448
16	466
17	83
17	238
17	306
17	390
17	551
18	76
18	87
18	340
18	379
18	450
18	467
18	538
18	591
19	69
19	85
19	181
19	355
19	578
20	22
20	302
20	490
20	578
21	160
21	573
22	25
22	303
22	335
22	346
22	394
22	428
22	529
23	109
23	394
23	534
24	96
24	180
24	250
24	362
25	220
25	283
25	368
25	531
26	61
26	217
26	314
26	439
26	486
27	54
27	169
27	319
27	507
27	556
27	592
27	596
28	30
28	48
28	62
28	299
28	422
28	497
29	270
29	445
30	88
30	124
30	387
31	124
31	599
32	263
32	381
32	483
33	37
33	68
33	571
34	274
34	499
35	183
35	230
35	280
35	484
35	568
36	394
37	424
38	153
38	171
38	189
38	206
38	249
38	486
39	93
39	188
39	348
39	390
39	507
40	345
40	373
40	432
41	317
41	432
41	559
42	146
42	397
42	405
42	427
42	448
43	376
43	400
43	411
43	557
44	263
44	321
44	576
45	425
46	110
46	184
46	481
47	177
47	180
47	242
47	321
47	370
48	329
49	334
49	335
49	388
49	437
50	80
50	304
50	313
50	429
50	538
51	498
52	204
52	264
52	583
53	157
53	234
53	316
53	325
53	327
53	339
53	346
53	510
53	552
54	109
54	231
54	238
54	319
54	384
54	448
55	334
55	372
55	571
55	581
56	221
56	256
56	514
57	246
57	257
57	269
57	304
58	129
58	160
58	268
58	390
58	454
59	65
59	131
59	143
59	218
59	412
59	579
60	210
60	325
61	63
61	204
61	280
62	140
62	227
62	279
62	330
62	471
62	486
62	521
62	560
63	89
63	95
63	128
63	179
64	413
64	568
65	149
65	204
65	228
65	230
65	482
65	494
66	98
66	277
66	490
67	226
67	296
67	550
68	150
68	507
68	593
69	128
69	478
70	180
70	545
71	224
71	307
71	363
72	110
72	169
72	217
72	245
72	411
73	122
73	137
73	324
73	461
74	185
74	290
74	352
74	354
74	362
74	471
75	214
75	238
75	293
75	566
76	178
76	221
76	559
77	142
77	301
78	82
78	102
78	171
78	346
78	396
78	468
79	123
80	116
80	125
80	265
80	332
80	532
81	274
81	295
81	320
82	114
82	163
82	304
82	305
82	501
83	157
83	217
83	491
83	549
83	550
84	183
85	231
85	312
86	137
86	335
86	396
86	504
86	554
87	235
87	433
87	531
87	550
89	129
89	189
89	219
89	273
90	286
90	413
91	340
91	393
91	566
92	171
92	173
92	387
92	404
94	541
95	364
95	421
95	578
95	596
96	140
96	221
97	115
97	240
97	273
97	369
97	373
98	396
100	120
100	127
100	167
100	317
100	485
100	520
100	590
101	261
101	302
101	342
101	369
101	483
101	530
101	589
102	241
102	534
102	591
102	595
103	127
103	221
103	333
103	432
103	542
104	160
104	221
104	553
104	557
104	597
105	162
105	233
105	244
105	294
105	361
105	421
105	426
106	150
106	459
107	331
107	448
107	467
107	548
108	123
108	423
109	139
109	155
109	338
109	470
109	573
110	228
111	186
111	358
111	425
111	438
111	541
111	561
111	597
112	206
112	514
113	294
113	299
113	323
113	358
113	362
113	474
114	125
114	272
114	410
114	436
114	484
115	134
115	143
115	256
115	325
115	379
115	471
116	225
116	467
117	302
117	312
117	339
117	474
118	205
118	271
119	151
119	272
119	334
119	396
120	521
120	566
121	239
122	150
122	233
122	257
122	436
122	478
122	527
122	542
123	189
123	238
123	329
123	351
123	414
123	426
123	482
125	270
125	362
125	456
125	487
125	502
126	148
126	156
126	191
126	256
126	428
127	220
127	306
127	322
127	459
128	129
128	402
128	429
128	577
129	309
129	476
129	510
130	269
130	303
130	503
131	407
132	168
132	220
133	236
133	531
134	274
134	288
134	378
134	517
135	402
135	439
136	148
136	258
136	312
136	577
137	237
137	282
137	516
138	536
139	146
139	397
139	573
140	175
140	422
140	563
141	259
141	367
141	397
141	513
142	330
142	385
142	389
143	404
143	564
144	312
145	243
145	398
145	486
146	261
146	371
146	515
147	166
147	194
147	222
147	240
147	386
147	453
147	522
148	290
149	269
149	279
149	402
149	512
150	163
150	256
151	193
151	232
151	289
151	391
151	588
152	235
152	274
152	323
152	555
153	154
153	264
153	298
153	421
153	580
154	237
154	373
155	205
155	360
155	406
155	494
156	226
156	482
157	505
158	283
158	370
159	415
160	328
161	257
161	272
161	521
162	202
162	224
162	238
162	411
163	177
163	185
163	194
163	311
164	183
164	198
164	234
164	252
164	269
164	325
164	517
164	594
165	169
165	175
165	243
166	313
167	175
167	229
167	257
167	351
168	227
168	259
168	428
169	240
169	270
169	572
169	597
170	191
170	213
170	321
170	497
171	438
171	483
172	521
173	269
173	288
173	308
173	371
173	378
173	466
173	597
174	178
174	323
174	493
174	583
175	292
175	340
176	301
176	309
176	317
176	333
176	366
177	259
177	428
177	527
178	317
178	337
178	353
178	495
178	536
179	324
179	346
179	436
180	523
180	532
180	536
181	268
181	578
182	277
182	314
182	489
183	203
183	313
183	384
183	389
183	486
183	551
184	264
184	274
184	400
184	408
184	418
184	563
185	255
185	379
185	475
185	586
186	283
186	394
186	421
186	423
186	512
187	203
187	265
187	270
187	495
188	497
189	229
189	292
189	303
189	441
190	195
190	277
190	319
190	590
191	206
191	330
191	592
192	263
192	344
192	393
192	511
192	537
193	236
193	240
193	266
193	336
194	241
194	401
194	409
194	427
194	483
194	496
194	533
195	257
195	270
195	290
195	357
195	579
196	461
196	529
196	562
197	354
197	547
198	267
198	318
198	528
199	508
200	262
200	455
201	212
202	222
202	286
202	422
202	504
203	298
203	320
204	267
205	268
205	382
206	319
206	349
206	450
206	465
207	455
208	454
209	495
210	431
211	347
211	386
211	391
213	351
213	412
213	488
214	442
214	567
215	415
215	433
215	449
215	470
216	275
216	471
217	330
217	349
218	307
218	537
219	238
220	348
220	389
220	444
221	488
221	565
222	262
222	458
222	468
223	362
223	562
225	282
225	370
225	523
226	229
226	286
226	395
226	400
226	480
227	430
227	490
227	513
228	390
228	474
229	434
229	479
229	567
230	524
231	440
232	315
233	505
234	264
234	519
235	532
236	456
237	262
237	369
238	249
238	258
238	396
238	555
239	312
239	387
239	521
240	303
240	380
240	507
241	399
241	564
242	326
242	450
242	497
242	530
242	568
243	340
244	491
245	297
245	592
246	415
246	475
247	422
248	437
248	546
249	330
250	273
250	368
251	276
251	278
251	355
251	410
251	504
252	388
252	515
252	568
252	581
253	279
254	327
254	375
254	475
254	492
254	537
255	269
255	380
258	325
259	290
259	424
259	491
259	515
259	553
259	595
260	378
260	424
260	437
260	476
260	480
261	292
261	410
261	412
263	388
264	362
264	376
264	390
265	407
266	282
266	347
267	501
267	595
269	298
270	331
270	385
270	387
270	412
271	280
271	408
272	287
272	588
273	274
273	278
273	291
273	376
274	446
274	598
275	459
275	587
276	567
277	325
277	490
277	519
278	429
279	338
279	356
280	451
280	467
280	566
281	485
282	285
282	407
283	480
284	352
284	562
285	321
285	482
285	521
285	592
288	507
288	522
288	544
288	554
288	570
289	340
289	386
289	491
290	457
291	370
291	577
292	512
292	556
293	355
293	386
293	526
293	565
294	296
294	369
294	386
294	584
295	563
296	483
296	523
297	338
297	382
297	388
298	314
298	439
299	344
300	574
301	487
301	551
302	429
303	392
304	439
304	443
304	542
306	322
307	597
309	515
310	330
310	351
311	371
312	340
312	430
312	449
313	468
313	592
314	551
315	473
315	476
315	511
315	548
316	399
316	544
317	424
317	510
318	572
319	461
319	503
319	592
321	488
321	515
322	351
322	355
322	387
322	569
323	324
323	429
324	427
324	474
325	371
325	414
325	463
326	492
327	358
327	564
328	500
330	441
330	461
330	527
331	430
331	483
332	371
332	458
333	448
333	559
333	586
336	559
338	439
339	575
340	521
340	539
341	494
342	454
342	550
343	368
343	402
344	555
345	401
346	583
347	508
347	541
348	402
349	520
350	411
350	547
351	376
351	401
351	537
352	395
352	506
352	554
353	365
353	500
354	373
355	570
357	376
357	442
357	520
358	359
358	370
358	503
358	545
359	387
359	491
360	376
360	415
360	574
361	419
361	535
361	544
361	577
363	512
364	486
364	531
364	561
367	406
367	449
367	536
369	485
370	483
371	375
371	383
371	490
371	582
373	413
374	439
374	501
374	569
376	475
376	587
377	411
379	474
379	495
380	430
380	449
380	598
381	509
381	588
382	426
382	473
383	542
384	433
386	462
386	468
386	513
389	490
390	598
392	582
392	592
393	484
393	576
393	597
394	519
394	590
395	450
395	452
396	457
396	517
397	419
397	486
399	416
399	557
400	428
401	521
401	553
403	543
404	419
405	551
407	494
408	487
408	532
409	461
409	495
409	532
410	429
410	493
410	505
411	421
412	534
413	517
414	423
414	599
415	508
415	590
417	526
417	589
419	455
420	556
422	532
422	574
423	448
425	451
427	494
429	484
431	561
431	582
432	482
434	451
434	472
434	537
435	482
437	476
437	534
439	498
440	501
444	576
445	513
445	593
447	583
448	565
448	577
449	465
449	554
450	536
450	554
451	551
451	599
452	473
454	508
454	530
455	540
456	537
456	574
456	588
457	532
458	478
458	501
459	460
460	513
460	522
461	490
464	511
465	477
465	478
465	599
466	585
466	591
468	592
469	521
470	479
472	550
474	523
474	571
474	583
474	590
474	598
475	557
475	567
475	589
478	501
479	480
482	552
483	568
484	525
484	542
485	519
487	496
489	526
489	547
492	542
494	531
495	498
500	561
501	593
501	596
503	543
509	533
509	539
510	542
510	568
513	534
514	533
514	566
514	595
516	537
518	588
519	586
521	578
524	570
530	590
531	558
535	544
539	540
540	572
542	570
545	566
548	578
557	561
557	579
562	584
571	580
571	583
573	582
573	597
574	594
575	587
577	580
585	591