0	251
0	873
1	565
1	667
1	961
2	236
2	340
2	835
2	941
3	343
4	80
4	581
4	652
4	738
4	809
4	984
5	216
5	366
5	826
5	996
6	511
6	651
6	720
6	809
7	196
7	351
7	549
7	826
7	843
7	938
8	181
8	665
8	909
9	582
9	690
9	750
10	594
10	804
10	834
11	99
11	203
11	211
11	886
11	991
11	997
12	168
12	490
12	664
12	717
13	889
13	920
14	125
14	154
14	231
14	252
14	791
15	51
15	214
15	655
15	945
16	402
16	692
17	45
17	134
17	242
17	388
17	484
17	600
17	966
18	70
18	221
18	276
18	318
18	399
18	481
18	508
18	658
18	744
18	876
19	41
19	140
19	260
19	541
20	102
20	607
20	673
20	902
21	75
21	78
21	490
22	185
22	194
22	443
22	594
22	621
22	700
22	720
22	755
23	225
23	280
23	908
24	100
24	718
24	762
25	63
25	90
25	228
26	616
27	252
27	359
27	626
27	881
28	62
28	124
28	144
28	251
29	114
29	427
30	193
30	285
30	684
30	928
30	977
31	68
31	399
32	53
32	209
32	460
32	754
32	860
32	941
33	158
33	247
33	311
33	483
34	234
34	389
34	432
34	566
34	731
34	779
34	868
35	100
35	361
36	333
36	523
36	757
36	899
36	970
37	321
37	492
37	669
37	686
38	368
38	480
39	208
39	737
39	995
40	133
40	252
40	366
40	734
40	800
41	601
41	640
41	714
42	75
42	510
42	721
42	990
43	640
44	462
44	831
45	277
45	455
45	541
45	606
45	761
45	917
45	990
46	247
46	414
46	443
46	609
46	798
46	977
47	163
47	565
47	751
48	298
48	868
48	951
49	53
49	174
49	432
49	604
49	949
50	335
50	781
51	141
52	278
52	399
52	520
52	704
53	583
53	749
54	227
54	665
55	316
55	494
55	522
55	572
55	668
56	436
56	576
56	907
57	523
58	245
58	813
58	843
59	125
59	153
59	303
59	341
59	468
59	888
60	61
60	180
60	271
60	877
61	442
62	316
62	476
62	839
62	885
63	162
63	349
63	757
63	793
64	77
64	128
64	205
64	667
64	737
64	868
65	197
65	251
65	623
65	693
66	212
66	467
66	516
66	556
66	667
66	765
67	118
67	274
67	706
67	726
67	770
67	818
68	996
69	78
69	178
69	342
69	567
69	959
70	101
70	325
70	354
70	429
70	477
70	662
71	280
71	847
71	878
72	120
72	221
72	369
73	180
73	504
73	939
74	396
74	483
74	728
74	865
75	857
75	863
76	80
76	396
76	475
76	552
76	571
76	665
78	348
78	454
78	584
78	635
78	910
79	453
79	567
79	786
79	909
80	122
80	216
80	247
80	386
80	489
80	871
81	693
81	844
81	849
81	948
81	973
82	900
82	902
83	99
83	147
83	858
84	990
85	151
85	481
86	514
86	709
86	710
86	971
87	130
87	260
87	278
87	338
87	456
87	856
88	226
88	663
88	897
88	944
89	263
89	685
89	785
90	720
91	380
91	672
91	805
91	855
91	866
91	894
92	462
93	214
93	334
94	118
94	438
94	524
95	124
95	439
95	480
95	608
95	671
95	721
95	804
95	874
95	944
95	946
96	310
96	320
96	339
96	481
96	588
96	866
97	296
97	693
97	795
98	141
98	640
98	750
98	971
99	480
99	728
100	156
100	803
101	191
101	197
101	271
101	363
101	586
101	764
102	487
102	694
103	212
103	616
103	787
103	805
103	869
103	985
104	133
104	215
104	238
104	662
105	140
105	496
105	517
105	622
106	805
106	838
107	110
107	226
107	523
107	859
108	125
108	800
109	384
109	427
109	694
109	710
109	725
109	764
109	776
109	849
109	931
110	453
110	731
110	783
111	294
111	450
111	724
111	915
111	956
111	964
112	561
112	619
112	728
112	762
112	837
112	860
113	262
113	324
113	738
113	979
114	354
114	469
114	700
114	735
114	845
114	901
115	159
115	214
115	274
115	334
115	385
115	418
115	458
115	592
115	661
116	512
116	684
117	279
117	669
117	896
117	907
118	383
118	453
118	528
118	575
118	588
118	599
118	721
119	184
119	249
119	577
119	634
119	948
120	173
120	258
120	502
120	835
121	226
121	453
121	572
121	815
121	929
122	345
122	522
122	536
122	747
123	428
123	454
123	777
123	868
124	341
124	549
124	720
124	934
125	273
125	695
125	877
125	946
126	239
126	276
126	409
126	581
126	789
126	951
127	495
127	688
127	941
128	315
128	373
128	555
128	780
128	930
128	969
128	974
129	449
129	536
129	761
129	837
130	195
130	671
130	816
131	138
131	340
131	580
131	872
131	889
132	207
132	858
133	302
134	299
134	422
134	430
134	920
134	999
135	225
135	337
135	458
135	544
136	555
136	787
137	168
137	326
137	366
138	283
138	970
139	227
139	479
139	870
140	967
141	389
141	555
141	932
142	531
142	627
142	816
142	827
143	259
143	286
143	324
143	721
143	797
144	204
144	290
144	765
145	743
145	881
146	193
146	341
146	356
146	890
147	369
147	418
147	440
147	486
147	534
147	593
147	739
148	200
148	266
148	268
149	150
149	333
149	435
149	490
149	573
149	615
149	809
150	587
150	767
151	418
151	455
151	496
151	506
151	764
151	777
151	814
151	895
152	898
153	242
153	344
153	961
154	176
154	248
154	295
154	479
154	644
154	675
154	753
155	292
156	330
156	430
156	967
157	232
158	321
158	372
158	576
158	665
158	913
159	436
159	582
160	244
160	570
160	712
161	434
162	498
162	702
162	919
163	289
163	864
164	313
164	480
164	780
164	837
165	231
165	854
166	198
166	243
166	275
166	601
166	779
166	823
167	656
168	710
168	737
169	246
169	396
169	487
169	503
169	856
169	913
169	916
170	211
170	587
170	745
170	964
171	381
171	706
171	889
171	994
172	528
172	852
172	911
172	912
173	271
174	322
174	543
174	920
174	994
175	226
175	977
176	270
176	538
176	771
177	649
177	818
177	836
177	915
178	416
178	609
179	436
180	278
180	547
180	807
180	997
181	327
181	774
181	791
181	839
181	854
182	466
182	531
182	655
182	726
182	950
183	297
183	322
183	824
184	385
184	829
184	921
184	935
185	490
185	619
185	798
186	449
186	451
186	918
186	933
186	957
187	301
187	418
187	628
187	888
188	310
188	684
188	811
188	819
189	442
189	468
189	624
189	766
190	250
190	296
190	559
190	694
191	656
191	749
191	772
191	810
192	202
192	338
192	852
193	517
193	621
193	811
194	307
194	799
195	579
195	762
196	283
196	460
197	625
197	711
197	804
197	927
198	466
199	232
199	517
199	610
199	648
199	725
199	954
200	236
200	696
200	792
201	428
201	530
201	643
201	752
202	220
202	707
202	713
202	829
202	889
203	359
203	560
203	953
204	228
204	383
204	491
204	492
204	624
204	997
205	343
205	406
205	518
205	522
205	783
205	914
206	404
206	419
206	485
206	589
206	686
206	760
207	487
207	658
207	667
207	741
208	270
208	285
208	370
208	777
208	842
208	912
209	480
209	612
209	774
210	419
210	545
210	722
210	795
211	279
211	511
211	606
211	736
212	595
212	998
213	285
213	366
213	575
213	694
213	792
214	377
214	516
214	539
214	543
214	546
214	885
215	446
215	571
215	931
216	224
216	308
216	639
216	693
216	891
216	910
217	387
218	244
218	289
218	341
218	539
219	489
219	636
219	882
220	632
220	744
221	583
221	875
221	955
222	332
222	425
222	496
222	626
222	803
223	503
223	629
223	915
223	917
224	233
224	261
224	957
225	322
225	389
225	826
226	611
227	536
227	763
227	764
228	239
228	401
228	538
228	762
228	910
229	246
229	551
229	658
229	770
230	379
230	446
230	587
231	373
231	691
231	970
232	388
232	513
232	538
233	522
233	961
234	451
234	578
234	814
235	509
235	813
236	411
236	665
237	419
237	540
237	788
237	995
238	537
238	818
238	849
239	432
239	550
239	604
239	877
240	317
240	343
240	452
241	298
241	533
242	529
243	641
244	756
245	305
245	332
245	351
245	544
245	625
246	411
247	397
247	402
247	572
247	741
247	940
248	445
248	494
248	549
248	900
249	571
249	861
250	626
251	253
251	306
251	763
251	869
251	889
252	975
253	329
253	370
253	452
253	754
253	974
254	459
255	477
255	479
255	662
255	876
256	289
256	292
256	417
256	561
257	573
257	875
258	289
258	733
258	900
259	431
260	598
261	497
261	562
261	699
261	899
262	834
263	302
263	490
264	505
264	615
264	774
265	328
266	427
266	674
267	526
267	662
267	688
267	978
268	475
268	647
268	667
268	878
269	335
269	577
269	923
270	301
270	330
270	335
270	840
270	870
270	909
270	973
271	720
271	864
272	288
272	491
274	286
274	467
274	533
274	660
274	729
274	891
274	911
274	929
274	966
275	574
275	888
276	675
276	700
277	374
277	999
278	397
278	946
279	677
280	288
280	390
280	455
280	535
280	900
281	443
282	655
282	815
282	908
283	375
283	556
283	911
283	982
284	425
284	797
284	863
285	297
285	344
285	412
285	474
286	501
286	504
286	613
286	810
287	590
287	707
287	975
288	791
288	800
288	823
289	452
289	499
289	585
290	434
290	678
290	810
290	839
290	986
291	418
291	687
291	737
292	846
293	395
293	596
293	852
294	656
294	730
295	423
295	642
295	780
295	920
296	333
296	369
296	428
296	445
296	638
296	645
296	736
296	754
296	966
297	456
297	719
297	841
297	868
298	597
298	821
298	871
299	651
299	772
299	813
300	311
300	407
300	745
301	686
301	808
302	313
302	367
303	464
303	781
304	349
304	379
304	655
304	779
304	831
304	873
305	513
305	542
306	426
306	474
306	584
307	349
307	479
307	756
307	795
308	906
308	933
309	343
309	754
309	895
310	397
310	430
310	712
310	725
310	980
311	580
311	799
311	893
312	363
312	534
312	653
312	729
313	336
313	428
313	526
313	872
314	794
315	475
315	770
316	943
317	749
317	925
319	865
320	409
320	550
320	577
320	665
320	713
321	420
321	480
321	489
321	607
321	783
321	888
321	991
322	379
322	635
322	969
323	389
323	501
323	522
323	594
323	597
323	988
324	466
324	700
325	480
325	525
325	686
325	986
326	570
327	431
327	567
329	752
330	850
330	861
330	943
331	986
332	737
332	994
333	593
333	972
334	976
335	564
335	760
336	825
336	916
337	620
338	675
339	523
339	909
339	946
340	358
340	562
340	748
340	773
340	974
341	382
341	571
341	904
342	389
342	541
342	753
343	427
343	485
343	558
343	717
343	888
343	943
345	426
345	745
345	815
345	925
345	973
346	524
346	745
347	548
347	755
347	772
348	376
348	602
349	779
349	921
350	452
350	529
350	621
350	749
351	808
351	868
352	471
353	470
353	472
353	930
354	559
355	480
356	543
356	737
357	902
358	395
358	543
358	703
358	798
358	924
359	530
359	733
359	985
360	828
361	612
361	972
362	902
362	962
363	877
363	879
364	393
364	394
364	529
365	570
365	650
366	528
366	579
366	721
367	494
367	552
367	951
368	396
368	668
368	961
369	477
370	694
370	744
371	771
371	784
372	625
374	722
374	833
375	417
375	593
375	605
375	808
375	956
375	958
375	960
376	699
377	602
377	980
378	651
378	820
378	863
378	908
378	934
379	751
379	762
379	811
379	840
379	962
380	686
380	834
380	875
380	988
382	435
382	998
383	631
384	598
384	671
384	759
384	980
385	411
385	534
385	962
386	803
387	557
387	811
387	970
387	977
388	585
388	871
389	433
389	657
389	662
389	679
390	751
391	673
391	768
391	999
392	397
392	477
392	748
392	953
393	682
394	527
394	546
394	676
395	555
395	559
395	609
395	618
395	783
395	909
396	775
396	870
396	872
397	960
398	447
399	475
399	580
400	420
400	484
400	807
400	946
401	515
401	723
401	904
401	914
403	548
403	900
404	517
404	682
404	909
404	966
405	657
405	949
405	982
406	418
406	649
406	710
406	856
406	925
407	575
407	690
407	808
407	822
408	445
408	675
408	907
409	588
409	657
409	903
410	534
410	884
410	921
411	534
411	543
411	827
412	785
412	903
412	936
413	469
414	872
414	927
415	703
415	808
416	727
416	773
416	871
417	563
417	753
417	773
417	901
417	956
418	665
418	710
418	734
418	919
418	948
420	579
420	597
421	739
421	991
422	951
424	938
425	489
426	679
426	846
426	871
427	494
427	539
427	787
427	892
428	505
428	576
428	619
428	826
428	964
429	491
429	686
430	658
430	795
431	655
432	690
433	748
433	853
434	738
434	951
435	529
437	692
438	954
439	602
439	685
439	945
439	982
440	637
440	734
440	741
441	735
442	942
443	778
443	834
444	545
444	647
444	701
444	785
444	906
445	464
445	562
445	667
445	793
445	848
445	983
446	714
446	850
447	617
447	795
448	901
449	703
449	979
450	812
450	840
451	747
451	842
452	566
452	683
453	634
453	902
453	969
453	995
454	513
454	514
455	719
455	943
455	983
455	996
456	904
457	477
457	524
457	574
457	714
457	818
457	909
458	867
459	494
459	682
459	954
460	578
460	925
461	685
461	737
463	765
463	869
463	923
465	900
466	870
467	596
467	800
467	919
468	730
470	609
470	919
471	698
471	836
471	845
471	977
472	696
472	697
472	944
473	722
473	934
473	968
473	975
474	597
475	531
475	891
476	856
477	529
478	670
479	497
479	934
480	636
480	801
481	832
481	876
482	643
483	864
484	997
485	591
485	598
486	553
486	932
487	525
487	530
487	662
488	794
489	502
489	732
489	821
489	966
489	978
490	698
490	981
491	526
491	634
493	538
493	619
493	897
494	989
496	780
496	993
497	683
498	586
498	629
499	851
499	890
500	939
501	585
501	691
502	836
502	960
503	523
504	527
504	575
504	691
504	737
505	947
507	674
507	686
507	800
507	914
508	561
508	855
509	870
509	928
510	542
510	930
510	965
510	975
511	538
511	824
512	523
512	565
512	805
512	915
513	614
513	626
513	779
513	817
514	591
514	610
514	636
514	667
514	762
516	626
516	763
516	996
517	612
517	677
517	712
517	755
518	869
518	969
519	766
519	819
519	880
519	887
520	577
520	623
520	659
520	709
520	926
521	993
522	818
522	957
527	551
527	597
527	711
527	780
527	805
528	804
529	710
529	715
529	878
531	717
531	756
531	815
532	748
532	871
532	915
532	934
534	921
535	787
535	874
535	944
537	768
538	545
538	549
539	549
539	936
540	808
540	958
541	638
541	743
541	932
541	998
542	591
542	624
542	766
543	846
544	778
545	728
545	907
545	911
546	624
546	734
547	612
547	878
548	782
548	884
548	970
550	568
550	718
550	803
550	827
551	976
552	680
554	733
557	859
558	563
559	644
560	967
561	740
561	950
564	656
564	797
564	855
564	919
565	843
566	684
566	738
567	777
569	715
569	721
570	591
571	670
571	708
571	745
571	887
572	916
573	803
576	807
577	712
577	871
577	879
578	608
579	740
579	878
580	703
580	717
580	979
581	878
582	764
583	950
584	683
584	726
584	860
585	820
586	688
588	602
588	801
589	761
589	929
590	870
591	610
591	737
591	922
592	652
596	889
596	934
596	979
597	661
597	794
597	812
598	665
598	961
599	802
599	851
599	946
602	603
602	662
602	726
602	947
604	925
604	945
605	696
605	952
606	641
606	686
606	913
607	759
607	919
608	935
610	632
610	934
613	745
614	699
615	660
615	746
615	904
615	990
616	735
616	781
616	914
616	977
617	644
617	766
619	623
619	666
621	690
621	770
621	777
622	702
622	820
624	988
625	923
625	936
626	741
626	834
626	885
626	897
627	866
628	719
630	729
630	792
630	842
631	916
631	927
632	753
633	806
635	723
635	725
636	882
637	646
637	747
638	750
638	755
639	765
639	878
640	675
640	991
640	995
643	669
644	900
645	674
645	942
647	738
647	987
648	853
650	790
651	768
651	838
654	759
655	667
655	693
655	725
656	728
658	659
658	861
660	715
661	741
661	958
662	706
662	805
662	934
662	950
663	793
664	986
665	989
666	709
666	868
667	925
667	941
668	808
670	719
670	909
672	705
672	983
673	837
673	917
673	997
674	683
675	982
676	691
676	795
676	981
677	995
678	965
679	998
681	722
682	794
682	795
682	875
683	778
683	841
683	999
684	692
684	735
684	855
685	799
687	891
687	915
688	907
688	935
689	740
689	864
690	732
690	865
690	875
692	759
692	791
693	806
694	820
694	974
695	706
696	855
698	702
698	906
699	840
701	711
702	762
703	812
703	819
703	867
703	951
703	964
705	724
705	743
705	779
706	778
707	759
707	833
707	887
709	965
710	743
710	863
710	940
711	780
711	811
711	908
711	939
713	928
715	869
715	882
715	985
716	721
721	828
721	842
721	991
723	733
723	895
724	766
724	855
724	938
725	834
726	954
727	957
728	789
728	868
728	869
728	943
731	819
731	881
731	915
731	934
734	922
737	740
737	839
738	914
738	919
741	985
741	991
742	834
743	919
743	953
743	968
744	789
744	882
744	948
745	811
747	812
747	820
747	855
747	873
747	922
747	942
750	834
753	796
753	832
754	964
755	897
755	991
756	971
758	873
761	969
764	930
765	991
766	876
766	892
769	786
769	836
771	988
774	922
774	938
774	991
779	864
779	906
780	792
782	887
783	885
783	976
785	881
785	937
786	811
787	954
787	963
788	820
789	831
791	810
791	942
793	921
797	813
797	852
797	990
799	869
802	848
802	960
806	972
807	994
808	897
808	916
814	896
815	833
815	886
816	827
821	925
823	988
825	832
828	956
829	925
829	940
830	913
830	928
831	949
831	997
832	946
834	936
834	954
837	863
838	984
841	885
841	957
841	985
845	881
846	890
846	944
849	931
849	996
853	935
856	939
858	934
859	979
860	954
862	964
863	884
866	941
866	970
870	910
871	995
873	940
874	918
876	945
877	917
877	949
880	908
880	929
882	986
883	970
888	947
893	966
896	909
898	984
899	987
900	905
901	942
904	912
904	914
904	997
909	911
921	996
924	935
926	948
930	946
932	991
935	942
939	990
951	953
960	998
965	983
979	980
979	992