0	234
0	595
0	642
1	32
1	527
1	558
1	689
2	67
2	87
2	242
2	442
2	485
2	547
3	88
3	373
3	529
3	870
3	914
4	206
4	362
4	748
4	859
5	255
6	290
6	548
6	804
6	920
7	12
7	28
7	186
7	285
7	439
7	779
7	780
7	914
7	996
8	36
8	126
8	217
8	376
8	963
9	226
9	428
9	834
10	825
11	111
11	532
11	790
11	901
12	231
12	247
12	603
12	777
12	886
13	71
13	125
13	128
13	168
13	491
14	103
14	246
14	410
14	579
14	719
14	849
14	862
14	863
15	98
15	119
15	238
15	635
15	753
15	927
16	103
16	254
16	953
17	38
17	253
17	771
18	521
18	838
19	304
19	396
19	841
19	861
20	52
20	522
20	639
20	822
20	866
20	919
21	668
21	812
21	851
21	892
22	723
22	926
23	237
23	893
23	951
24	50
24	487
24	510
24	694
24	836
24	903
25	335
25	613
25	617
26	32
26	117
26	385
26	583
26	674
26	766
27	277
27	747
28	665
28	886
29	41
29	221
29	327
29	685
30	256
30	576
30	643
30	728
30	833
31	258
31	439
31	548
32	84
32	196
32	946
33	66
33	318
34	966
34	989
34	997
35	118
35	297
35	502
36	325
36	406
36	566
36	625
36	939
37	150
37	960
38	286
38	426
38	490
38	762
39	353
39	364
39	600
39	696
39	761
39	932
40	858
41	66
41	110
41	162
41	239
41	844
42	223
42	384
42	578
43	187
43	323
43	987
44	288
44	433
44	726
44	859
44	867
44	886
45	438
45	665
46	168
46	250
46	329
46	359
46	780
46	807
46	967
47	109
47	740
47	973
48	127
48	444
48	629
48	936
48	951
49	57
49	214
49	484
49	531
50	255
50	304
50	486
50	777
50	918
51	158
51	303
51	842
51	972
52	668
52	958
53	373
53	645
53	693
53	818
54	178
54	500
54	578
54	725
55	111
55	126
55	419
55	806
55	809
55	894
56	274
56	438
56	683
57	59
57	67
57	81
57	100
57	160
57	385
57	578
57	769
57	784
58	700
58	795
58	862
59	455
59	521
60	186
60	313
60	639
61	284
61	588
61	936
62	142
62	836
63	213
63	332
63	517
63	774
63	928
63	937
63	976
64	155
64	318
64	320
64	466
64	527
64	908
65	551
65	903
67	187
67	561
67	771
67	874
68	157
68	235
68	438
68	469
68	662
69	631
69	993
70	416
70	432
70	484
70	515
70	597
70	639
70	733
71	935
71	948
72	256
72	291
72	307
73	332
73	598
74	173
74	223
74	277
74	349
74	527
74	642
74	710
74	852
75	102
75	260
75	569
75	734
75	818
76	227
76	304
76	439
76	544
76	567
76	780
76	781
76	932
77	301
77	362
77	471
78	229
78	366
78	595
78	796
78	983
79	411
79	469
79	810
79	977
80	93
80	359
80	531
80	713
81	105
81	175
81	289
81	311
81	404
81	446
81	925
81	981
82	415
82	579
82	897
82	994
83	197
83	207
83	475
84	92
84	428
84	775
84	877
84	992
85	287
86	112
86	426
86	878
86	889
87	90
87	100
87	220
87	390
87	453
87	488
87	516
87	542
87	881
87	944
88	545
88	664
88	960
89	152
89	204
89	214
89	349
89	538
90	681
91	673
92	355
92	490
92	829
93	178
93	422
93	890
94	291
94	296
94	822
94	868
94	990
95	417
95	567
95	846
96	155
96	182
96	351
96	352
97	110
97	224
97	791
97	986
98	513
98	671
98	849
99	248
99	523
99	677
99	785
99	828
100	242
100	354
100	643
100	653
101	107
101	256
101	353
101	810
103	254
103	806
104	280
104	417
104	753
104	910
105	495
105	725
106	262
106	686
106	788
106	833
107	270
107	379
107	730
107	932
108	315
108	948
109	543
109	859
109	910
110	154
110	212
110	385
111	557
111	647
111	754
111	759
111	858
112	214
112	336
112	423
112	456
112	528
112	635
113	648
113	728
113	887
114	758
114	794
115	737
116	444
116	665
116	724
116	762
116	789
116	920
116	981
117	215
117	321
117	494
117	666
117	974
118	486
118	519
118	557
118	739
119	684
120	943
121	181
121	587
121	685
121	952
122	444
122	650
122	674
123	255
123	264
123	528
123	693
123	901
124	233
124	396
124	451
124	665
125	998
126	278
126	477
126	595
126	629
126	665
127	592
127	593
127	665
127	787
127	797
128	685
128	957
129	207
129	364
129	422
129	545
129	587
129	643
129	728
129	951
130	909
131	312
131	455
131	574
132	380
132	540
132	847
132	869
133	509
133	761
133	832
134	282
134	362
134	641
134	762
134	796
134	830
135	718
135	801
136	251
136	287
136	452
136	722
137	196
137	281
137	357
137	384
137	454
137	482
137	812
137	877
138	252
138	309
138	617
138	653
138	719
138	912
139	155
139	238
139	468
139	481
139	486
139	628
139	641
140	781
140	796
140	989
141	394
141	583
141	602
142	153
142	456
142	781
143	197
143	402
143	514
143	669
144	417
144	556
145	228
145	277
145	726
145	751
145	934
146	348
146	551
146	785
146	886
146	943
146	949
147	212
147	513
147	839
148	338
148	406
148	502
148	548
149	245
149	922
150	721
151	163
151	252
151	473
152	281
152	408
152	417
152	571
152	574
152	798
153	222
153	354
153	683
153	741
154	166
154	489
154	743
154	978
155	521
155	630
155	684
156	324
156	374
156	517
156	692
157	583
157	798
158	258
158	346
158	484
158	633
158	765
159	201
159	207
159	376
159	556
159	949
160	531
160	800
161	181
161	430
161	536
161	902
162	545
162	689
162	918
163	776
164	368
164	980
165	590
165	661
166	289
166	432
166	442
166	845
167	487
167	875
167	907
168	294
168	390
168	486
168	521
168	693
168	790
168	862
168	942
169	210
169	459
169	610
169	688
170	551
170	881
171	805
171	844
172	382
172	705
172	821
173	781
174	562
174	749
175	351
175	379
175	743
175	823
175	935
176	245
176	720
176	792
177	605
177	663
177	703
177	725
177	755
177	970
177	991
178	349
178	437
178	441
178	553
178	576
178	922
178	989
179	209
179	642
179	978
180	413
180	616
180	690
180	771
180	781
180	898
181	209
181	374
181	713
181	754
182	265
182	963
182	994
183	279
183	919
184	379
184	596
184	812
185	369
185	417
185	605
185	916
187	250
187	504
187	582
187	618
187	663
187	729
188	573
188	913
189	650
189	836
190	244
191	496
191	974
192	511
192	742
192	745
192	811
192	913
193	952
194	988
195	369
195	751
196	244
196	488
197	380
197	430
197	526
197	641
197	724
197	851
198	555
199	200
199	863
200	420
200	718
200	911
201	306
201	422
201	619
201	693
201	881
202	232
202	547
202	569
202	606
202	783
202	958
203	302
203	446
204	409
204	684
205	673
206	347
206	682
206	863
206	891
207	369
208	355
208	679
209	513
209	820
209	851
209	904
210	290
210	387
210	939
210	958
210	964
210	991
211	245
211	292
211	862
212	471
212	835
213	307
213	555
213	635
214	566
215	331
215	380
215	473
215	641
215	724
215	836
216	432
217	518
218	619
218	714
219	488
219	557
219	650
219	773
220	548
220	607
220	762
220	805
220	899
221	475
221	612
221	713
221	915
223	272
223	514
223	555
223	657
224	367
224	437
224	591
225	348
225	948
226	423
226	611
226	640
226	918
227	611
227	848
227	868
228	357
228	537
228	628
228	760
228	941
229	251
229	283
229	445
229	761
229	900
229	945
230	465
231	270
231	354
231	527
231	784
231	801
231	831
231	854
232	258
232	806
233	409
233	891
234	377
234	472
234	884
235	247
235	260
236	939
237	294
237	389
237	391
237	409
237	821
237	911
238	713
238	920
239	436
239	593
239	683
240	379
240	451
240	527
240	706
240	760
240	866
241	357
241	382
241	591
241	635
241	792
241	891
242	326
242	421
242	562
243	257
243	815
244	749
245	273
245	555
245	934
246	940
247	276
247	649
247	903
247	959
248	310
248	643
248	654
249	465
249	548
249	727
250	465
250	750
251	642
251	934
252	485
252	506
252	628
253	300
253	663
254	367
254	829
255	268
255	395
255	617
255	978
256	323
258	490
258	920
258	995
259	266
259	384
259	831
260	570
260	783
261	555
261	589
261	626
261	782
262	486
263	334
263	534
263	788
264	427
264	500
265	910
266	267
266	429
266	753
266	781
266	792
266	941
266	975
267	694
267	697
267	762
267	918
267	957
267	982
268	512
269	534
269	987
270	409
270	494
270	855
270	940
271	429
272	372
272	584
272	635
273	422
274	322
274	679
274	880
274	977
275	292
275	587
275	664
275	775
275	810
276	450
276	534
276	630
276	634
276	737
276	788
276	921
276	979
277	295
277	580
277	877
278	317
278	400
278	611
278	668
278	873
279	432
279	677
279	896
281	325
281	364
281	723
281	997
282	482
282	850
282	956
283	820
283	842
284	394
284	503
284	702
284	784
285	781
286	294
286	516
286	549
286	764
287	442
287	508
287	602
288	389
288	686
288	739
288	748
289	521
289	736
289	959
290	815
290	847
290	880
291	347
291	691
291	792
292	578
292	685
292	867
293	358
293	472
294	407
294	560
294	649
295	495
295	571
295	730
295	920
296	368
296	564
296	955
297	640
297	706
297	714
297	723
298	303
299	510
299	577
299	944
300	316
300	419
300	525
301	667
301	747
302	453
303	405
303	698
303	836
303	975
303	994
304	809
304	917
304	924
305	326
305	775
305	964
306	511
306	648
307	345
307	434
307	446
307	471
308	543
308	673
308	733
309	473
309	981
310	522
310	563
310	625
310	763
311	627
311	713
312	568
312	976
312	983
313	697
313	721
314	657
314	832
314	927
315	550
315	810
315	837
316	679
316	870
317	341
317	515
318	393
318	564
318	877
319	864
320	411
320	433
320	535
320	729
321	402
321	414
321	668
321	692
321	992
322	589
322	709
323	476
323	813
323	964
324	460
324	680
325	345
325	609
325	998
327	335
327	374
327	396
327	606
327	700
328	418
329	361
329	503
329	615
329	625
329	681
330	357
330	403
331	414
331	684
331	919
332	796
333	562
333	766
333	972
334	344
334	616
334	684
334	962
334	992
335	710
336	530
336	563
336	928
337	370
338	817
338	970
339	484
339	830
340	539
340	611
340	617
341	373
341	689
341	894
341	960
342	436
342	450
342	529
342	644
343	463
344	454
344	460
344	718
344	842
344	882
345	442
345	503
345	678
345	918
346	583
346	810
347	860
347	904
348	417
348	599
350	527
350	549
350	781
350	867
350	961
351	491
351	595
351	602
351	807
351	849
351	874
352	581
352	648
353	585
353	863
354	502
354	574
354	712
355	523
355	658
356	455
356	622
356	731
356	872
357	375
357	449
357	464
357	525
357	676
358	409
359	487
359	636
359	721
360	619
360	663
360	734
360	773
360	957
361	404
361	481
361	832
361	851
361	937
362	367
362	764
363	421
363	611
363	666
363	889
364	394
364	706
364	707
364	709
365	849
365	949
366	427
366	681
366	699
366	845
366	923
367	781
367	842
367	942
368	373
368	425
369	728
369	783
369	892
370	544
370	600
371	707
372	487
372	523
372	849
372	850
373	442
373	859
373	937
374	435
374	549
374	579
374	832
375	418
375	588
375	742
375	905
376	433
376	627
377	684
377	720
377	804
378	427
378	643
379	599
379	721
380	551
380	951
381	496
381	622
381	795
382	487
382	872
383	539
383	663
383	812
383	818
383	956
384	748
384	859
385	447
385	459
385	719
385	818
386	500
386	620
386	744
386	856
386	884
387	766
387	770
387	849
387	932
388	569
388	689
388	732
389	757
390	412
390	813
391	603
392	697
392	890
393	508
393	575
393	968
394	411
394	843
395	564
395	850
396	398
396	422
396	732
396	977
397	426
397	581
397	638
398	501
398	586
398	837
398	889
399	541
399	751
400	449
401	705
402	583
402	677
402	829
402	876
403	672
404	544
404	972
405	621
405	804
405	867
405	910
407	459
407	474
407	538
407	680
408	457
409	437
409	521
409	552
409	670
409	815
409	886
411	421
411	424
411	486
411	826
412	464
412	614
412	886
413	749
414	962
415	507
415	574
415	608
415	990
416	936
417	571
417	621
417	887
417	932
418	541
418	603
419	423
421	851
422	449
422	909
423	432
424	520
424	976
425	450
425	724
426	448
426	453
427	446
427	841
428	806
428	888
429	465
429	562
430	596
430	641
430	686
431	707
432	527
432	761
433	861
433	874
434	614
434	710
434	919
435	493
435	865
436	756
437	642
437	808
437	968
438	716
438	838
439	505
439	550
439	944
439	968
440	663
440	677
440	760
440	902
441	609
441	628
442	663
442	912
442	999
443	542
443	729
443	761
443	968
444	560
444	933
445	536
445	627
445	786
446	708
447	672
447	812
448	467
448	571
449	679
449	931
450	957
451	565
453	741
453	805
453	810
454	773
455	556
455	751
455	864
456	982
457	780
458	632
458	781
458	808
459	478
460	828
460	994
461	595
461	621
461	849
461	866
462	573
462	671
462	817
462	930
463	731
463	782
465	658
465	792
465	793
466	576
466	833
466	899
467	518
467	955
469	682
469	698
469	775
469	854
470	787
471	493
471	668
471	700
471	820
472	541
472	554
472	687
472	689
472	785
473	489
473	990
474	601
474	702
474	858
475	789
475	898
476	948
477	604
477	610
477	693
477	926
477	964
478	752
479	692
480	842
480	965
481	521
481	719
481	981
482	646
482	685
482	778
483	569
483	745
484	829
484	848
484	861
485	548
485	645
485	901
486	541
486	789
486	943
487	693
487	745
488	540
488	687
488	755
488	885
490	582
490	795
490	838
490	899
490	980
491	545
492	667
493	625
493	696
494	829
494	922
494	958
495	749
497	568
497	693
497	989
498	756
498	801
499	607
499	996
500	730
501	665
501	781
501	812
502	635
502	645
503	901
504	520
504	532
504	678
504	722
504	733
504	873
504	894
505	514
506	890
506	940
507	594
507	797
509	576
509	794
509	994
510	813
510	823
512	573
512	628
514	665
514	683
515	579
515	658
516	608
517	635
517	745
518	828
519	883
519	929
520	570
520	772
520	817
520	856
520	903
521	595
521	829
521	871
521	905
522	735
522	905
522	949
522	959
523	782
523	835
523	836
524	560
524	799
524	933
524	974
526	906
528	585
528	905
528	920
529	795
529	902
530	534
530	625
530	729
531	556
531	557
531	745
532	541
533	760
533	890
535	567
535	796
535	825
537	641
537	859
537	863
538	789
539	642
539	652
539	732
539	856
539	958
539	964
540	783
541	574
541	583
541	851
541	890
541	995
542	762
543	901
543	987
544	582
544	717
544	796
544	864
544	965
546	646
547	653
547	673
547	728
548	569
548	603
548	897
549	605
549	961
551	897
551	974
552	664
555	610
555	703
555	849
557	697
557	705
558	644
558	701
558	788
559	617
559	839
559	975
560	915
562	704
563	607
563	722
563	772
563	860
564	693
564	791
566	686
566	893
566	916
567	587
567	785
571	721
571	954
572	578
572	716
572	915
573	581
573	955
574	641
574	871
574	985
575	670
575	694
575	715
577	586
578	657
581	737
584	588
584	610
584	754
584	837
585	958
586	896
588	822
591	699
591	731
591	784
591	933
591	944
592	692
592	787
592	870
593	779
593	867
594	624
594	646
594	884
594	953
595	696
596	836
596	953
597	774
597	819
597	852
597	931
598	949
599	720
601	791
602	921
603	763
604	620
605	636
605	649
606	722
607	919
608	787
608	932
608	948
609	795
609	817
611	690
611	888
612	621
612	903
613	635
614	694
614	704
614	854
614	911
616	792
616	965
617	662
618	903
618	936
619	764
619	800
621	870
621	927
621	951
621	969
622	800
622	962
623	629
623	743
624	782
624	944
625	788
625	894
625	981
627	660
627	711
628	743
628	920
629	820
630	836
631	634
633	817
635	693
635	742
635	942
635	976
636	873
636	962
637	763
637	859
637	865
637	933
637	948
638	958
639	670
639	676
639	772
640	667
640	716
640	927
641	662
641	994
642	761
642	772
643	726
643	803
644	888
647	964
648	683
649	693
650	684
650	887
651	768
651	817
651	863
652	687
652	692
652	745
652	950
653	717
654	691
654	758
654	875
655	680
656	945
657	949
657	981
657	983
659	686
659	703
659	747
659	796
660	999
661	675
661	857
662	845
662	894
662	912
664	741
664	864
664	905
665	784
667	825
667	829
667	990
668	851
669	798
669	828
669	951
670	878
670	880
671	833
673	730
673	734
673	822
673	842
674	683
675	830
675	988
676	889
679	851
680	850
681	684
681	733
681	750
682	803
682	840
684	742
684	786
686	739
687	688
689	723
689	742
689	790
690	860
692	770
692	776
694	730
694	775
695	948
696	805
696	896
696	973
699	736
700	817
700	916
700	935
700	948
701	914
704	709
704	774
704	885
704	888
705	873
705	884
707	779
707	811
708	733
708	798
710	899
711	825
712	735
714	845
714	881
714	912
715	939
715	960
716	895
717	868
718	860
718	867
719	863
720	933
720	947
722	840
722	932
722	980
724	797
725	844
727	803
728	934
729	752
729	770
729	795
730	983
732	805
732	854
733	820
733	981
734	808
734	949
736	999
737	755
737	802
737	966
738	848
738	869
738	922
739	801
741	770
741	827
741	872
743	880
743	907
745	760
745	777
745	999
746	851
746	901
748	971
749	938
751	870
751	905
753	769
753	859
754	767
755	910
755	978
755	991
756	965
759	815
761	792
761	994
764	902
765	917
765	983
766	823
766	836
766	866
771	810
773	965
775	953
779	829
781	833
781	984
782	804
782	809
782	896
785	932
785	967
789	808
789	829
792	984
793	885
793	912
793	951
793	953
793	954
794	910
794	940
797	915
798	931
799	803
799	827
799	830
799	988
799	997
802	938
803	818
803	863
804	829
808	825
808	917
808	921
808	987
810	968
814	903
815	952
816	885
817	977
820	896
821	888
822	966
824	830
824	905
826	890
827	878
828	838
828	872
833	938
835	864
835	948
836	910
836	971
838	861
840	992
841	972
841	988
842	985
845	957
847	859
847	992
849	985
853	881
855	945
861	864
869	933
876	934
878	981
878	989
879	981
889	923
900	935
901	938
901	947
902	955
908	999
922	942
923	977
924	937
938	942
938	961
940	977
941	992
953	977
965	995