0	28
0	288
0	540
0	753
1	716
2	126
2	476
2	494
2	627
2	728
2	759
3	327
3	544
3	924
4	153
4	620
4	941
5	435
5	820
5	943
6	969
7	48
7	53
7	169
7	332
7	425
7	735
7	873
7	953
8	753
9	60
9	555
9	797
10	710
11	73
11	131
11	501
11	723
11	744
12	396
12	471
12	661
12	774
12	797
13	83
13	143
13	209
13	462
13	706
13	931
14	167
14	791
14	874
14	969
15	393
15	734
16	276
16	627
16	794
16	828
17	163
17	829
18	117
18	367
19	81
19	484
19	675
19	786
19	946
20	177
20	252
20	761
20	820
20	828
20	831
21	688
21	779
21	859
22	441
22	477
22	509
22	515
22	793
22	847
23	68
24	29
24	428
24	774
25	94
25	285
25	457
26	187
26	388
26	789
27	28
27	143
27	742
28	269
28	342
28	472
28	802
28	842
28	951
29	233
29	240
29	483
29	564
29	688
29	726
29	769
29	832
29	870
30	74
30	129
30	162
30	296
30	354
30	466
30	908
31	226
31	405
31	649
31	801
32	424
33	82
33	392
34	77
34	219
34	382
34	543
34	744
35	199
35	314
35	800
36	528
36	600
36	714
36	771
36	997
37	293
37	454
37	716
38	63
38	108
38	471
38	779
39	181
39	845
39	983
40	727
41	548
41	578
42	223
42	251
42	619
43	91
43	501
43	537
43	758
43	774
43	880
43	963
43	996
44	140
44	169
44	194
44	209
44	260
44	539
44	726
45	545
46	208
46	246
46	393
47	104
47	192
47	436
47	447
47	664
49	210
49	903
50	159
50	402
50	540
51	198
51	697
52	328
52	458
52	464
52	542
52	816
52	832
52	891
53	285
53	553
53	960
54	411
54	531
54	565
54	637
54	639
54	730
54	750
54	998
55	205
55	323
55	717
56	286
56	531
56	655
56	688
56	972
57	197
57	925
58	140
58	587
58	601
59	812
59	891
59	952
60	128
60	306
60	312
60	592
60	593
60	635
60	682
60	704
61	291
61	413
61	440
61	441
61	953
62	353
62	502
62	520
62	839
62	854
63	937
63	965
64	856
65	449
65	498
65	649
65	668
65	875
66	147
66	345
66	527
66	916
67	330
67	381
67	711
67	760
67	897
68	709
68	733
68	843
68	921
69	438
69	749
70	91
70	472
70	499
70	528
70	816
71	130
71	817
72	210
73	134
73	185
73	230
73	502
73	712
73	830
73	852
74	527
74	621
74	998
75	456
76	936
77	130
77	282
77	376
77	432
77	575
77	850
78	372
78	442
78	782
79	200
79	493
80	392
80	727
80	885
81	191
83	342
83	478
83	675
84	209
84	246
84	275
84	300
84	474
84	609
84	778
84	825
84	907
85	273
85	377
85	417
85	802
85	818
86	329
86	340
86	487
86	489
86	512
87	134
87	777
87	981
88	105
88	301
88	380
88	717
89	350
89	584
89	658
89	697
90	286
90	518
90	550
90	734
90	984
91	346
91	445
92	628
93	297
93	299
93	333
93	594
93	743
93	834
94	200
94	745
95	220
95	355
95	410
95	462
95	489
95	557
95	681
95	885
96	375
96	385
97	258
97	282
97	402
97	707
97	917
98	174
98	396
98	514
98	730
98	738
98	936
99	153
99	490
99	609
99	812
99	998
100	199
100	441
100	460
100	589
100	630
100	702
100	796
101	132
101	371
101	418
101	480
101	741
101	754
101	981
102	280
102	803
102	879
102	938
103	177
103	457
103	554
103	572
103	653
103	687
103	748
103	833
104	241
104	319
104	418
105	118
105	213
105	537
105	652
106	514
106	536
106	742
106	828
107	134
107	452
107	556
107	688
107	714
107	723
107	736
108	116
109	600
109	763
110	367
110	384
111	379
111	429
111	699
112	383
112	546
112	686
112	871
112	958
112	985
113	853
113	939
113	967
114	224
114	285
114	289
114	578
114	621
114	837
114	854
115	391
115	625
115	657
115	730
115	899
116	453
116	470
116	520
116	563
116	630
117	210
117	446
117	692
117	843
117	968
118	286
118	856
119	240
119	328
120	197
120	672
120	723
120	759
121	177
122	189
122	434
122	490
122	667
122	881
123	399
124	133
124	984
125	241
125	308
125	357
125	847
125	937
126	531
126	913
127	274
127	300
127	470
127	587
127	617
127	871
128	194
128	369
130	416
130	495
130	766
131	280
131	538
132	165
132	564
133	364
133	390
134	679
134	833
134	955
135	473
135	683
135	758
136	879
136	898
137	159
137	165
137	347
137	794
137	859
137	875
137	967
138	436
138	439
138	671
139	225
139	468
140	307
140	347
140	588
140	698
140	721
141	585
142	222
142	243
142	792
142	939
143	456
143	575
144	419
144	445
144	600
144	761
145	408
145	890
146	339
146	501
146	589
146	805
146	845
146	908
147	289
147	348
147	594
148	182
148	347
148	435
148	614
149	156
149	569
149	661
149	663
149	787
150	173
150	286
150	358
150	631
151	809
152	165
152	382
152	521
152	577
152	859
153	337
154	212
154	709
155	306
155	358
155	563
155	610
156	240
157	319
157	733
157	841
158	789
159	984
160	182
160	293
160	892
160	907
160	959
161	165
161	757
161	860
161	898
162	256
162	698
163	340
163	387
163	891
164	615
164	646
165	170
165	267
165	437
165	817
165	973
166	188
166	225
166	513
166	800
166	889
166	907
166	979
167	838
168	522
169	247
169	536
169	676
169	743
169	907
169	954
169	974
170	359
170	708
170	749
170	865
170	939
171	361
171	826
172	274
172	400
172	450
172	726
172	949
172	978
173	325
173	740
173	785
173	959
174	647
175	664
175	699
175	905
175	962
176	282
177	202
178	310
179	250
179	388
179	396
179	749
180	298
180	728
180	908
181	304
181	324
181	529
182	543
182	965
183	280
183	416
184	374
185	320
185	377
185	573
186	526
186	534
186	609
186	613
186	769
187	562
187	603
187	637
187	647
187	886
187	944
188	511
188	626
188	647
188	751
188	826
188	959
190	225
190	343
190	457
190	481
190	625
191	267
191	278
191	375
191	381
192	415
192	937
193	716
193	776
193	807
193	834
194	214
194	360
194	722
194	742
194	972
195	286
195	761
195	778
195	833
196	337
197	576
197	584
197	697
198	469
198	560
198	644
199	250
199	349
199	463
199	616
199	838
199	904
199	960
200	390
200	778
201	564
201	767
201	795
202	276
202	812
202	895
203	444
203	659
203	821
203	826
203	836
204	230
204	273
204	301
204	547
204	826
204	913
205	506
205	821
205	858
205	899
205	911
206	629
206	793
207	384
207	677
208	268
208	405
208	491
208	901
209	750
209	765
210	336
210	599
210	809
210	830
211	651
211	978
211	989
212	496
212	525
212	537
212	572
212	707
212	915
212	956
213	391
213	541
213	751
213	808
214	353
215	875
216	289
216	340
216	813
217	506
217	555
217	887
217	943
218	487
218	719
218	790
219	389
219	543
220	272
220	350
220	744
220	793
220	860
221	528
221	763
221	764
222	247
222	375
222	422
222	495
222	766
223	312
223	490
223	509
223	955
223	966
224	240
224	477
224	839
224	987
225	300
225	478
225	564
225	591
225	597
226	684
226	724
227	395
228	404
228	881
228	886
228	904
229	262
229	812
230	337
230	351
230	448
230	695
230	734
231	698
231	706
232	372
232	543
233	438
233	753
233	874
234	809
235	354
235	632
235	860
236	238
236	299
236	306
236	308
236	514
236	516
236	540
236	858
236	933
237	360
237	362
237	446
237	933
238	677
238	706
239	328
239	380
239	636
239	802
240	320
240	539
240	612
240	698
240	724
241	512
241	858
241	883
241	944
242	543
243	310
243	338
243	352
243	581
243	661
244	459
244	482
244	741
244	861
245	983
246	421
247	275
247	292
247	623
247	831
247	848
247	852
248	280
248	374
248	421
248	660
248	861
249	285
249	403
249	415
249	557
250	392
250	494
250	929
251	573
251	626
252	382
252	406
252	916
253	549
253	555
253	864
253	865
254	609
254	707
254	735
254	837
254	874
255	293
255	700
255	809
255	955
256	564
256	781
257	525
257	536
257	599
257	768
257	770
257	781
257	823
258	426
258	484
258	496
258	995
259	441
260	425
260	624
260	719
261	277
261	980
261	995
262	337
262	492
262	555
262	722
262	841
263	636
263	775
263	999
264	573
265	298
265	475
265	593
265	743
265	784
265	864
266	326
266	354
266	576
266	597
266	675
266	676
266	852
266	882
267	354
267	682
267	850
268	303
268	403
268	769
269	440
269	616
269	893
269	936
270	319
271	686
272	626
272	890
273	429
273	497
273	657
273	846
274	366
274	474
274	668
274	756
274	868
275	407
275	486
276	379
277	379
277	782
277	901
278	836
278	852
279	376
279	557
280	479
281	321
281	325
281	500
281	545
281	907
282	341
282	445
282	507
282	808
282	837
283	622
284	887
285	506
285	789
286	547
286	548
286	603
286	980
287	315
287	764
287	785
287	819
287	972
288	622
289	309
289	649
289	652
289	869
290	313
290	575
290	745
290	872
291	523
291	625
291	745
292	627
293	573
293	594
293	619
293	738
294	450
294	470
294	530
294	722
294	753
295	561
296	497
296	731
296	813
296	944
297	790
298	383
298	444
298	660
298	795
299	588
299	660
300	816
301	564
301	626
301	628
301	802
301	866
302	689
302	740
302	989
303	416
304	855
304	876
304	961
305	504
305	510
305	609
305	729
305	849
305	915
306	646
306	799
306	962
307	443
307	468
308	904
309	537
309	680
310	425
310	608
310	808
310	877
310	885
311	368
311	491
311	601
312	761
312	867
312	880
314	397
314	525
314	564
314	640
315	320
315	523
315	529
315	563
316	587
316	818
317	326
317	697
317	816
317	909
318	472
318	509
318	593
318	741
319	987
320	413
320	542
320	634
320	948
320	968
321	471
321	526
322	494
322	562
322	694
323	823
323	911
324	558
324	586
324	798
324	953
324	961
325	831
326	536
326	537
327	423
327	671
327	783
328	469
328	665
328	726
329	876
330	338
330	489
330	664
330	792
331	432
331	987
332	706
332	982
334	775
334	840
334	984
335	541
335	656
336	504
336	713
336	881
337	499
337	802
337	936
337	946
338	585
338	757
339	376
339	423
339	453
339	501
339	829
339	943
340	505
340	873
341	905
342	349
342	371
342	910
343	588
343	638
343	647
343	697
343	748
343	949
344	563
345	510
345	734
345	831
346	909
346	968
347	513
347	933
348	365
348	510
348	643
349	365
349	475
349	756
349	836
350	469
350	853
350	858
351	921
352	490
352	501
352	553
352	625
352	648
352	665
352	719
353	833
354	386
355	667
356	508
356	746
356	946
357	440
357	532
357	555
357	812
358	369
358	519
358	541
358	629
360	686
360	888
361	623
361	628
363	518
363	867
364	534
364	597
364	957
366	454
366	492
366	633
366	837
366	935
367	672
367	799
367	874
368	546
368	793
368	904
369	724
369	895
370	656
370	778
371	702
371	899
372	383
372	850
372	983
373	475
373	807
373	973
375	489
375	792
376	882
376	935
377	480
377	825
377	855
377	949
378	394
378	534
379	631
379	911
379	933
380	411
380	735
381	925
381	962
382	554
382	781
382	788
383	441
383	953
384	457
384	461
384	509
384	711
384	959
384	984
385	460
385	692
386	479
386	534
387	611
387	784
387	850
388	766
388	779
389	544
389	788
389	963
390	531
390	628
390	674
391	630
392	660
393	539
394	546
394	961
395	698
395	869
395	921
396	643
396	655
396	700
396	727
396	769
396	859
396	894
396	976
397	429
397	448
397	490
397	819
398	496
398	690
399	582
399	930
401	461
401	595
401	872
401	926
401	999
403	453
403	504
404	472
404	718
404	906
405	730
405	962
406	600
406	638
406	719
406	807
407	557
407	881
408	522
408	606
408	739
408	862
409	879
410	563
410	741
410	761
412	607
413	486
413	609
413	661
413	712
413	947
414	794
415	460
415	696
416	737
416	944
417	677
417	854
417	986
418	990
420	598
420	634
420	738
420	798
421	809
422	450
422	460
422	710
422	912
423	909
423	969
424	613
424	637
424	858
426	715
426	853
427	829
427	869
428	486
428	489
428	715
428	831
429	495
429	894
430	616
430	956
431	659
431	783
432	548
432	785
432	944
433	818
434	744
434	775
434	922
435	521
435	917
436	917
437	439
437	441
437	913
438	781
438	825
439	933
439	937
440	464
440	709
440	765
441	784
442	457
442	657
442	969
443	806
443	942
444	671
444	855
445	629
445	847
446	599
446	791
446	990
448	644
448	706
448	787
448	838
450	988
451	561
451	676
451	778
451	857
451	985
452	848
453	603
453	865
454	779
454	980
455	721
455	831
455	891
455	916
455	966
456	550
456	723
456	896
457	754
458	782
458	966
459	535
459	571
461	573
461	616
461	681
461	739
461	744
461	906
462	572
462	978
463	505
463	653
463	928
463	934
465	804
465	998
466	479
466	779
467	729
467	980
468	483
468	516
468	681
469	732
469	984
470	624
470	639
470	662
471	606
472	585
472	987
474	625
474	929
475	780
475	990
476	684
476	703
476	744
476	995
477	605
477	698
477	838
478	584
478	586
480	807
480	817
481	601
481	759
482	716
482	733
482	770
482	887
484	949
485	663
485	956
486	697
486	795
486	942
487	875
487	986
488	737
488	773
488	947
489	633
490	785
490	946
491	657
493	700
494	571
494	782
495	568
495	608
495	620
496	510
496	647
496	783
496	854
496	905
496	936
497	673
497	716
497	799
497	930
497	968
498	574
498	616
498	661
499	805
500	796
501	523
501	879
503	536
503	629
503	633
503	726
503	756
504	667
504	820
505	570
506	550
506	678
506	915
506	995
506	999
507	639
507	712
507	747
507	765
510	827
511	837
511	920
512	840
513	567
513	718
514	647
514	772
515	544
515	962
516	823
516	924
517	522
517	635
517	952
518	746
519	743
519	876
519	934
520	775
520	893
520	965
521	616
521	634
521	664
521	666
522	752
522	808
522	938
523	581
523	848
523	886
523	910
524	526
525	628
526	710
526	838
527	559
527	605
527	727
527	893
528	701
528	981
529	707
529	755
530	775
530	927
532	793
533	580
533	821
534	559
534	588
534	758
534	903
536	720
536	995
537	827
539	680
539	870
539	936
539	954
540	972
542	640
542	652
542	884
542	889
543	841
544	628
544	732
546	842
546	912
549	730
550	807
551	641
551	950
551	990
552	822
553	809
553	830
554	665
554	724
554	913
554	950
555	739
556	643
556	800
557	579
557	762
557	769
557	811
557	816
558	560
558	697
558	769
558	900
558	921
558	948
559	666
559	767
560	996
561	900
561	922
562	774
562	942
563	816
564	697
564	827
565	582
566	714
566	868
566	973
567	908
568	574
568	616
568	726
568	837
569	598
569	624
569	701
570	613
571	922
573	720
573	816
574	812
574	898
575	836
575	848
575	913
576	672
576	856
576	897
577	633
577	688
577	782
578	718
578	914
579	881
579	993
580	675
580	736
582	643
583	761
584	857
585	713
586	729
586	797
586	836
586	993
588	614
588	661
588	693
589	745
589	808
589	864
590	994
591	614
591	787
593	715
593	816
593	900
593	981
594	984
596	658
596	872
596	996
597	725
597	895
599	716
599	855
600	734
600	929
601	633
602	838
603	693
603	977
604	644
604	764
607	819
608	729
608	815
609	819
609	926
609	932
611	714
611	915
612	684
612	822
612	913
612	917
616	962
616	970
616	991
617	826
618	853
618	945
619	822
619	895
621	835
623	640
623	644
623	802
623	829
625	797
626	726
626	878
626	957
627	870
628	652
628	857
628	943
629	682
630	684
630	760
630	810
630	837
630	958
632	659
633	654
633	748
633	823
633	844
633	875
634	741
634	794
634	873
634	882
635	654
635	778
636	662
637	639
638	675
639	650
640	924
641	709
642	835
643	720
643	749
643	841
644	654
644	708
644	773
644	949
645	706
645	887
646	776
646	972
648	944
651	717
653	664
653	944
654	685
654	882
654	919
655	782
655	842
655	873
656	948
658	897
658	929
659	843
660	789
660	947
661	903
661	995
662	698
662	720
663	819
663	913
664	691
667	914
668	823
668	858
668	899
669	712
669	742
669	993
670	743
671	678
671	824
671	854
671	997
674	932
676	848
676	942
678	705
678	768
678	862
680	840
681	728
681	806
681	842
681	924
682	758
684	735
684	798
684	978
685	886
686	782
686	907
686	990
687	940
688	787
688	797
693	899
694	929
695	845
695	945
697	891
699	766
700	921
702	812
702	879
702	907
702	997
703	738
703	821
703	845
703	936
703	962
705	812
709	860
709	994
710	928
710	962
712	797
712	948
714	755
714	974
715	927
717	849
718	804
719	865
721	845
722	775
723	731
724	865
726	792
727	960
732	913
734	859
737	923
738	841
740	912
741	803
741	903
742	899
743	886
743	970
745	761
746	790
746	854
749	939
750	759
750	881
750	884
750	923
750	965
750	987
751	821
751	970
751	998
754	773
754	943
755	837
757	951
759	869
760	776
760	821
761	901
761	972
763	851
764	996
766	835
766	921
767	853
769	904
769	940
771	802
775	887
780	913
781	785
783	891
783	951
784	936
785	925
785	984
788	877
789	855
789	885
789	920
791	884
793	814
794	931
795	798
797	977
801	808
801	824
801	867
801	937
803	837
803	896
807	940
815	964
818	899
820	923
821	982
822	942
823	885
824	942
825	911
825	981
830	882
830	946
831	862
831	879
831	939
833	863
836	911
840	985
842	867
842	877
842	961
844	891
845	997
847	932
848	899
848	902
848	932
849	862
849	894
850	912
850	968
855	885
855	997
857	989
859	992
864	987
868	880
869	917
869	958
872	996
879	914
881	965
889	891
889	967
890	986
892	975
900	967
901	995
907	939
914	965
916	995
918	996
920	971
921	944
924	947
925	957
937	971
943	958
945	999
949	961
970	982
981	997
984	991