0	30
0	382
1	70
1	310
1	565
1	714
2	373
2	470
2	566
2	955
3	40
3	97
3	374
3	404
3	535
3	605
3	794
4	400
4	685
5	102
5	123
5	366
5	739
6	549
6	664
6	737
6	784
7	41
7	321
7	334
7	437
8	130
8	254
8	416
8	428
8	639
8	671
8	736
8	737
8	814
8	960
9	54
9	396
9	429
9	605
9	738
9	796
10	12
10	260
11	304
11	726
13	228
13	362
13	551
13	918
13	982
14	724
14	839
15	428
15	733
16	184
16	639
16	886
17	75
17	298
17	371
17	516
17	573
17	902
18	578
18	731
18	906
19	113
19	123
19	251
19	408
19	495
19	841
20	389
20	518
20	631
20	679
20	681
20	749
20	886
21	497
21	825
22	191
23	93
23	318
23	835
24	278
24	357
24	377
24	736
24	849
24	944
25	145
25	251
25	496
25	554
25	573
25	663
25	775
26	116
26	199
26	311
26	430
26	814
26	880
27	463
27	668
27	956
28	108
28	329
28	664
28	769
29	369
29	580
29	766
29	853
29	914
29	927
30	231
30	339
30	503
30	628
31	126
31	343
31	487
31	730
31	744
32	183
32	218
32	322
32	751
33	129
33	571
33	707
34	151
34	589
34	609
35	282
35	650
36	189
36	402
36	412
36	911
36	960
37	640
37	678
37	809
38	680
38	883
38	968
38	989
38	996
39	246
39	504
39	969
39	983
39	998
40	191
40	466
40	591
40	696
41	456
41	570
41	644
41	782
41	810
41	958
42	57
42	304
42	491
42	534
42	614
42	771
42	793
42	810
43	169
43	322
43	367
43	673
43	951
44	916
45	362
45	633
46	384
46	713
47	518
47	985
48	74
48	287
48	621
48	672
48	964
49	59
49	163
49	455
49	700
49	786
49	795
49	831
49	852
50	124
50	342
50	563
50	701
51	78
51	378
51	508
51	790
51	888
51	945
52	539
52	625
52	867
52	904
53	386
53	516
53	820
53	952
54	286
54	385
54	656
54	802
55	90
55	122
55	904
56	289
56	358
56	360
56	540
56	779
56	783
57	542
57	850
58	240
58	534
58	601
59	84
59	423
59	768
59	825
60	79
60	139
60	202
60	375
61	518
61	826
62	73
62	329
62	458
62	611
62	711
63	328
63	749
64	179
64	263
64	628
65	523
65	798
66	492
66	538
66	612
67	125
67	501
67	605
67	879
68	98
69	590
69	768
69	867
69	875
69	990
70	624
70	992
70	993
71	582
71	924
72	120
72	424
72	614
72	801
72	937
73	146
73	381
73	552
73	936
74	117
74	534
74	933
74	937
75	613
75	649
75	720
76	953
77	497
77	586
77	900
77	923
78	127
78	210
78	364
78	387
79	385
79	542
79	599
80	386
80	402
80	620
80	751
80	953
80	977
81	294
81	401
81	990
82	285
82	368
82	512
82	602
82	671
83	98
83	115
83	130
83	203
83	973
84	136
84	165
84	300
84	522
84	545
85	124
85	458
85	799
86	364
86	430
86	533
86	561
87	202
87	291
87	927
88	263
88	674
88	854
89	579
89	610
89	861
90	102
90	283
91	166
91	624
91	947
92	116
92	289
92	831
93	426
93	442
93	571
93	603
93	695
93	712
94	630
94	643
94	681
94	714
95	231
95	255
95	293
95	387
95	772
95	786
96	306
97	157
97	225
97	313
97	329
97	419
97	743
98	244
98	291
98	721
98	848
98	908
99	381
99	394
99	966
100	148
100	193
100	274
100	391
100	503
100	590
101	222
102	652
102	720
103	479
104	160
104	271
104	692
104	887
105	445
105	548
105	822
106	340
106	388
106	651
106	815
106	871
106	984
107	424
107	547
108	129
108	546
108	559
109	406
109	413
109	623
109	638
109	834
110	154
110	224
110	534
110	535
110	572
110	720
110	770
111	358
111	405
112	124
112	649
112	680
112	983
113	479
113	818
113	885
114	363
114	581
115	150
115	360
115	467
115	692
115	803
115	949
116	531
116	938
117	130
117	251
117	538
117	781
117	787
118	616
118	795
119	261
119	420
120	147
120	165
120	353
121	133
121	176
121	177
121	512
121	555
122	228
122	406
122	441
122	520
122	577
122	601
123	464
123	686
123	832
123	945
123	976
124	435
124	705
125	146
126	256
126	419
126	461
126	499
126	504
126	507
126	557
126	572
126	933
127	143
127	221
127	563
127	807
128	144
128	616
128	619
128	623
129	222
129	456
129	595
129	597
130	474
130	610
130	871
130	884
131	148
131	161
131	184
131	790
132	402
132	709
132	814
133	296
134	212
134	443
134	490
134	706
134	848
135	240
135	511
135	736
135	957
135	981
136	313
136	454
136	607
136	737
136	759
136	906
137	174
137	520
137	542
137	737
137	931
138	585
138	790
138	876
139	154
139	421
139	742
139	767
139	956
140	667
140	669
140	813
140	869
140	977
141	169
141	316
141	443
142	479
143	765
143	772
144	575
144	579
144	633
144	772
144	818
145	245
145	316
145	413
145	723
145	736
145	738
145	983
146	231
146	277
146	331
146	507
146	651
146	802
146	893
147	158
147	664
148	923
148	985
149	179
149	498
150	405
150	541
151	414
151	507
151	740
151	774
151	877
151	975
152	338
152	413
152	538
152	705
152	758
152	932
153	226
153	333
153	374
153	594
154	176
154	181
154	725
155	382
155	737
155	818
156	556
157	664
157	764
157	887
158	469
159	416
159	733
159	962
160	365
160	886
161	264
161	619
162	288
162	501
162	877
162	965
163	678
163	802
164	338
164	575
165	611
165	971
166	181
166	400
166	673
167	379
167	989
168	400
168	469
168	525
168	551
169	565
169	646
169	726
169	764
170	406
170	601
170	785
171	175
171	651
171	843
172	368
172	386
172	556
173	363
173	472
174	539
174	960
175	505
175	965
175	987
176	597
177	283
178	199
178	879
179	227
179	236
179	296
179	376
180	249
180	465
180	749
181	409
182	417
182	576
182	654
183	398
183	962
184	425
184	705
184	730
184	788
185	461
185	671
185	814
185	966
186	338
186	349
186	417
186	577
187	487
187	520
187	561
187	649
187	771
187	901
188	286
188	508
190	870
191	238
191	570
191	877
191	878
192	242
192	729
192	972
193	246
193	281
193	592
193	641
193	867
193	887
194	360
194	624
194	899
195	511
195	646
195	720
195	808
195	868
196	504
196	548
196	671
197	457
197	602
197	794
198	651
198	669
199	244
199	510
199	864
200	454
200	670
200	698
200	957
200	978
201	327
201	376
201	663
201	692
201	727
201	831
201	920
202	578
202	802
203	837
204	364
204	822
205	237
205	550
205	875
206	378
207	214
208	603
208	746
208	994
209	252
209	362
209	656
210	245
210	400
210	637
211	284
211	404
211	477
211	680
213	293
214	523
214	608
214	921
215	502
216	274
216	537
216	554
217	339
217	460
217	618
218	494
218	613
218	615
218	628
218	811
218	993
219	334
219	489
219	576
219	794
219	943
220	363
220	492
220	809
221	422
221	429
221	550
221	687
221	877
222	501
223	852
224	579
224	631
224	779
224	785
224	992
225	389
225	411
225	439
225	462
225	711
226	240
226	408
226	483
226	752
226	822
227	231
227	309
228	464
228	616
228	871
229	381
229	662
229	722
230	442
230	460
230	522
230	529
230	597
230	731
230	885
231	234
231	609
232	429
232	852
232	884
232	917
233	587
233	866
233	950
235	595
236	423
236	760
236	786
236	917
237	265
237	290
237	293
237	412
237	667
238	352
238	447
238	561
238	858
238	929
239	251
239	253
239	361
239	641
239	972
240	316
240	578
241	301
241	313
241	473
242	683
242	730
242	893
242	953
243	286
243	347
243	702
244	667
244	755
244	959
245	372
245	441
245	650
245	756
245	962
246	460
246	582
247	666
248	371
248	455
248	801
249	265
249	353
249	438
249	508
249	715
249	723
250	848
251	928
252	324
252	434
252	462
252	666
253	403
253	438
253	698
255	292
255	476
255	520
256	833
257	330
257	891
257	961
258	577
258	892
259	392
259	569
259	790
259	831
259	866
260	293
260	318
260	588
261	553
262	325
262	660
263	434
263	436
263	715
263	802
263	844
263	978
264	314
264	817
264	830
264	837
264	941
265	528
265	799
266	350
266	929
267	375
267	492
267	753
268	677
269	415
269	539
269	707
269	718
270	399
270	698
271	594
271	991
272	470
272	601
272	901
273	393
274	568
274	607
275	356
275	836
276	311
276	736
277	445
277	457
277	590
277	978
279	364
279	421
279	771
280	299
280	870
281	418
281	537
281	608
281	806
282	473
282	753
282	756
282	773
282	806
283	340
284	289
284	617
284	719
284	995
285	390
285	630
285	669
285	817
286	407
286	522
287	359
287	396
287	526
287	780
287	942
288	340
288	423
288	547
288	603
288	814
288	819
289	647
289	775
289	789
290	692
290	746
291	293
291	627
291	633
291	648
291	666
291	813
291	866
292	359
292	602
292	633
292	741
292	830
292	911
293	503
293	852
293	978
294	385
294	530
294	875
295	374
295	556
295	659
295	673
295	952
296	471
296	882
296	909
297	365
298	509
298	595
298	630
298	637
298	711
299	456
299	655
300	470
300	616
301	509
301	952
302	654
302	801
302	810
302	873
302	915
302	919
303	545
303	966
304	338
304	714
305	420
305	515
305	575
305	586
305	909
306	500
306	511
306	849
307	476
308	660
308	724
308	899
308	935
309	435
309	891
310	497
310	640
310	672
310	710
310	978
311	982
312	320
312	476
312	693
312	905
313	567
313	572
313	588
313	751
314	768
314	906
315	643
316	340
316	488
316	612
316	866
317	542
317	632
317	803
318	353
318	856
319	615
319	810
320	585
320	686
320	722
321	494
321	567
321	673
322	568
322	743
322	856
323	610
323	719
324	354
324	410
324	492
324	605
324	776
325	572
325	763
326	396
326	448
326	748
327	627
328	638
328	881
328	955
329	638
330	721
330	797
330	852
331	343
331	507
331	656
331	721
332	363
332	378
332	741
332	765
332	787
333	529
333	848
333	889
334	610
334	679
335	359
335	361
335	492
335	683
335	958
336	509
336	643
336	740
336	928
337	542
337	600
338	578
339	562
340	720
341	353
341	812
341	866
342	386
342	556
343	803
343	840
343	860
343	952
344	370
344	389
344	682
345	970
346	588
347	735
347	817
347	833
348	408
348	981
349	539
349	602
349	672
350	607
350	858
350	891
350	951
351	383
352	971
353	389
353	503
353	829
353	985
354	355
354	620
355	600
355	723
357	379
357	713
357	777
357	910
358	676
358	927
359	377
359	638
359	965
360	512
360	578
360	716
360	979
361	748
361	761
361	817
361	839
362	697
363	413
364	459
364	908
365	447
365	603
365	618
365	646
366	424
366	560
366	760
366	852
367	588
367	784
368	533
369	389
369	611
369	825
369	885
369	937
370	454
370	640
370	714
370	768
371	431
371	489
371	556
371	640
372	822
372	954
373	398
374	557
374	736
374	807
374	860
375	659
375	684
375	707
375	932
376	402
376	529
376	609
376	948
377	439
377	482
377	634
377	857
379	639
379	838
379	855
379	886
380	531
380	685
380	752
380	885
381	562
381	617
381	711
382	815
382	823
382	913
383	618
383	840
384	754
384	865
385	395
385	838
386	914
387	526
387	909
388	610
388	612
388	684
388	965
389	917
390	439
390	497
390	800
392	873
393	638
394	530
394	555
395	603
397	413
397	426
397	707
398	693
398	950
399	424
399	662
400	807
401	531
401	614
401	780
402	557
402	764
403	492
404	524
405	565
406	408
406	473
406	529
406	543
406	755
407	411
407	664
407	745
407	838
408	508
408	628
408	724
408	727
408	905
409	417
410	817
411	425
411	937
412	436
412	444
412	646
412	833
412	927
413	571
413	715
413	887
415	726
416	745
417	500
417	685
417	902
418	783
419	539
419	575
419	629
419	815
419	977
420	472
420	561
420	573
420	661
420	764
420	947
421	835
422	450
422	474
424	622
424	788
424	930
424	994
425	606
425	735
426	522
426	747
427	550
428	577
428	663
429	487
429	744
429	995
430	511
430	524
430	817
431	520
431	852
432	789
432	856
433	593
434	498
434	770
434	818
434	840
435	636
435	680
435	838
435	855
436	534
436	713
436	864
436	868
437	689
437	768
438	888
439	578
439	603
439	613
439	666
439	772
439	812
439	912
440	511
440	792
440	821
441	531
442	503
444	531
444	742
444	960
445	539
445	964
446	747
446	758
446	807
447	588
448	641
449	548
450	506
450	725
450	819
451	606
452	675
453	732
453	904
454	815
454	896
455	771
455	921
455	928
455	961
456	978
457	629
457	836
459	594
460	497
460	867
461	537
461	554
462	545
462	797
462	896
463	629
464	734
464	855
464	877
465	703
466	841
467	642
468	571
469	809
469	878
470	703
470	942
471	627
471	866
471	976
472	658
472	772
473	904
473	943
474	747
475	522
475	779
475	811
475	923
476	776
476	899
477	565
478	583
478	699
478	746
478	752
478	756
478	856
478	913
479	494
479	739
479	847
480	561
481	559
481	813
482	708
482	731
482	900
483	729
483	776
484	491
484	784
484	867
485	763
486	652
487	785
487	906
488	704
488	710
488	728
490	536
490	561
490	704
491	616
491	683
491	716
491	741
491	742
491	919
492	962
493	677
494	732
495	741
495	841
496	583
496	742
496	871
498	534
498	573
498	752
498	808
501	815
502	752
502	946
503	940
504	679
504	815
505	577
505	874
506	520
506	640
507	559
507	711
507	713
507	997
508	801
508	951
509	678
509	703
509	723
509	912
509	934
510	652
510	773
510	806
510	815
510	859
510	863
511	857
512	563
513	533
513	900
513	984
514	656
514	907
516	728
517	539
517	540
517	649
517	764
518	781
519	537
519	832
519	978
521	730
521	818
521	861
521	954
522	577
522	849
522	948
523	526
523	655
524	819
524	825
525	584
526	834
526	856
527	617
527	885
527	921
528	612
528	771
528	838
528	914
529	577
529	768
529	951
529	975
531	630
531	979
532	569
532	584
532	783
535	773
535	864
535	894
537	931
539	638
541	553
541	654
541	912
542	577
542	693
543	875
544	564
544	753
545	961
546	656
546	772
546	995
547	608
547	615
547	644
547	745
548	717
548	727
548	773
548	909
549	617
549	662
549	798
549	892
550	581
550	599
550	610
550	944
550	972
551	665
553	702
554	648
555	793
555	828
557	633
558	642
558	722
558	947
560	734
560	939
561	749
562	639
563	633
563	845
564	730
564	773
564	803
565	766
565	938
565	967
567	595
567	735
567	878
567	884
568	698
568	967
569	950
570	839
570	999
571	702
572	931
574	594
574	743
574	771
574	986
576	671
577	624
578	927
579	662
579	787
580	848
580	907
580	939
581	705
581	793
581	796
581	836
581	895
581	905
581	925
582	813
583	790
584	607
584	754
584	773
584	900
584	921
586	723
586	760
588	950
589	612
590	644
590	753
590	875
591	637
592	746
592	930
593	657
594	637
594	684
594	965
595	820
595	860
596	850
597	856
598	902
598	987
599	711
599	948
600	847
600	890
600	909
601	630
601	806
602	851
602	875
602	888
603	797
603	921
604	693
604	739
605	639
605	642
605	813
605	922
606	648
608	610
609	858
610	979
611	778
611	903
612	666
612	744
612	816
613	719
613	735
613	746
614	980
615	689
615	874
617	750
617	920
619	837
619	864
619	943
621	832
621	921
624	795
624	818
624	846
626	916
627	686
628	765
628	912
629	896
630	873
631	640
632	706
633	668
633	763
633	764
633	940
635	856
637	887
638	940
638	943
639	833
639	834
640	709
640	720
640	779
643	703
643	710
644	841
644	877
644	950
645	658
645	764
645	769
645	967
646	879
646	999
649	695
650	778
650	973
651	828
651	944
653	955
653	958
653	965
653	980
654	871
655	993
656	986
657	999
658	823
661	775
662	972
663	760
663	783
663	941
664	793
666	930
668	715
669	763
669	941
672	756
674	709
674	812
674	960
675	874
675	915
675	956
677	770
678	919
679	855
679	949
683	725
683	832
683	948
684	917
685	848
687	810
687	827
688	691
688	952
689	699
689	755
689	908
689	979
690	797
690	987
691	695
691	862
692	695
694	900
695	933
696	706
701	827
701	970
702	864
702	984
703	955
704	929
705	774
706	737
706	752
708	866
710	847
710	982
711	743
711	991
712	804
714	827
714	860
714	996
719	825
719	894
719	923
719	940
719	952
720	771
720	887
720	895
721	726
721	768
721	830
721	962
723	802
723	852
723	973
723	976
724	894
724	902
724	960
725	838
725	898
725	904
726	851
726	987
728	850
730	836
730	995
731	833
731	950
736	816
736	943
737	781
737	877
737	931
738	939
739	805
739	939
742	781
742	793
742	814
743	767
743	909
747	776
747	808
747	847
747	856
747	997
749	754
751	780
751	992
752	798
752	806
753	904
755	824
755	846
755	848
755	945
756	926
757	910
759	994
760	777
760	780
762	912
763	863
764	931
767	932
768	892
770	771
772	779
772	850
773	852
774	825
778	782
778	968
778	974
779	881
779	996
782	796
785	794
786	929
786	945
787	808
791	801
791	864
793	804
793	984
796	848
797	890
797	931
799	848
802	874
802	972
804	942
805	897
805	900
805	902
805	911
805	919
809	855
809	925
810	965
810	983
812	981
813	883
813	900
813	908
813	963
813	987
814	898
814	924
814	956
814	970
816	984
816	995
818	892
818	936
819	948
820	933
820	979
821	912
824	885
825	990
828	850
828	858
829	995
831	985
834	911
838	908
840	900
840	961
842	854
842	924
844	884
844	886
844	924
844	930
845	927
845	961
846	858
849	898
850	947
850	997
851	985
852	988
859	992
866	915
869	956
869	984
872	912
872	936
872	976
873	979
875	941
875	950
879	939
885	996
888	989
890	969
891	906
895	973
900	908
905	911
906	953
907	989
911	980
911	998
913	978
919	927
922	977
924	944
927	985
929	966
931	961
932	938
932	978
940	962
962	971
966	982
970	975
973	995
982	995