0	268
0	319
0	390
0	732
0	913
0	942
1	66
1	245
1	370
1	789
1	998
2	543
2	827
3	77
4	21
4	209
4	335
4	714
4	743
4	913
5	575
5	934
6	581
6	676
7	361
7	533
7	945
8	401
8	415
8	616
8	802
9	117
9	180
10	68
10	224
10	912
11	150
11	553
11	618
11	889
12	156
12	691
12	941
13	73
13	131
14	49
14	201
14	297
14	633
14	707
15	216
15	369
15	767
16	374
16	713
16	989
17	116
17	132
17	302
17	497
17	840
17	896
18	222
18	745
18	879
18	935
19	54
19	210
19	845
19	922
20	375
20	506
20	510
20	551
21	162
21	435
21	438
21	801
21	979
22	94
22	208
22	335
22	734
22	840
23	364
23	386
23	903
24	75
24	316
24	603
24	681
25	103
25	104
25	263
25	479
25	591
25	937
26	58
26	471
26	558
26	835
27	224
28	121
28	548
28	787
29	566
29	715
29	723
30	240
30	267
30	515
30	777
30	818
31	43
31	133
31	159
31	368
31	387
32	51
32	523
32	555
32	668
32	674
32	708
32	754
32	756
33	68
33	222
33	774
33	876
34	240
34	730
34	976
35	43
35	75
35	236
35	401
35	618
35	731
36	154
36	230
36	395
36	452
36	797
36	818
36	879
37	179
37	253
37	363
37	471
37	702
37	857
37	966
38	303
38	373
38	426
38	843
39	46
39	282
39	409
39	534
39	783
39	798
40	596
40	716
41	429
41	711
41	726
41	794
41	812
42	416
42	472
42	540
42	668
42	781
42	798
43	186
43	342
43	383
43	470
43	586
43	997
44	278
44	404
44	963
45	112
45	377
45	497
45	878
46	47
46	175
46	199
46	376
46	855
48	114
48	661
49	136
49	798
49	982
50	611
51	354
51	427
51	604
51	703
51	950
52	699
52	999
53	162
53	171
53	231
53	847
54	201
54	397
54	406
54	582
54	729
55	282
55	371
56	166
56	206
56	567
56	753
56	936
56	991
57	107
57	702
58	240
58	520
58	523
59	64
59	260
59	359
59	487
59	652
59	835
59	865
59	917
60	344
60	630
60	684
60	871
60	963
60	979
61	264
61	735
61	869
62	231
62	363
62	427
62	814
63	318
63	575
64	819
65	96
65	772
66	373
66	666
66	807
67	101
67	838
68	281
68	403
68	466
69	233
69	285
69	860
69	884
70	135
70	223
70	321
70	670
70	734
71	637
72	264
72	331
72	376
72	532
72	941
73	410
73	651
73	713
74	92
74	175
74	343
75	330
75	478
75	579
75	956
76	86
76	230
76	810
76	880
77	813
77	996
78	136
78	582
78	626
79	159
79	259
79	283
79	333
79	403
79	511
79	619
79	669
79	763
79	871
79	981
80	479
80	884
81	232
81	558
81	734
82	593
83	318
83	382
83	456
83	801
84	202
84	390
84	576
84	724
84	804
85	307
85	597
85	601
86	408
86	409
86	944
87	374
87	479
87	595
87	644
88	187
88	207
88	374
88	970
89	184
89	694
89	826
89	932
90	219
90	315
90	676
90	750
90	790
90	807
91	312
91	333
91	905
91	981
92	141
92	472
92	558
93	849
94	485
94	618
94	634
94	734
94	803
94	994
95	917
95	924
96	102
96	220
96	439
96	689
96	824
96	853
97	133
97	303
97	451
97	673
97	774
98	952
98	965
99	131
99	595
99	903
100	192
100	210
100	342
100	362
100	563
100	634
101	541
101	681
101	692
101	751
102	138
102	645
102	701
104	176
104	215
104	513
105	270
106	111
106	175
106	395
106	667
106	876
106	961
107	376
107	527
107	616
107	726
107	759
108	325
108	413
108	634
108	728
109	632
109	696
110	271
110	888
111	126
111	152
111	221
111	819
112	356
112	446
112	512
112	883
112	888
113	742
113	834
113	891
114	374
114	380
114	650
114	850
115	247
116	267
116	519
116	768
117	232
117	275
117	391
117	460
117	616
117	720
117	908
117	945
117	994
118	252
118	261
118	328
118	556
118	846
118	937
119	601
119	736
119	782
119	822
120	282
120	679
120	759
122	178
122	806
122	984
123	881
124	216
124	228
124	589
124	967
125	574
125	599
125	859
126	217
126	223
126	616
126	732
127	384
127	623
127	852
128	618
128	657
128	688
128	745
129	280
130	454
130	485
130	877
131	271
131	356
131	408
131	490
131	691
131	935
132	136
132	539
133	488
134	137
134	389
134	402
134	662
135	190
135	386
135	585
135	854
135	912
135	952
138	954
139	184
139	262
139	326
139	616
139	622
139	662
139	845
140	400
140	441
140	678
140	680
141	185
141	326
141	372
141	395
141	635
141	953
142	257
142	272
142	378
142	474
142	519
143	361
143	990
144	254
144	421
144	432
144	601
144	611
144	740
144	776
145	553
145	606
145	853
145	873
146	178
147	159
147	378
147	482
147	680
148	526
148	794
148	915
149	902
150	219
150	664
150	884
150	902
151	767
151	876
151	893
151	935
152	174
152	808
152	980
153	261
154	329
154	593
155	389
155	819
155	839
156	916
157	362
157	451
157	816
157	985
158	435
158	649
159	166
159	209
159	969
160	601
160	781
160	831
161	370
161	632
161	710
161	787
162	274
162	409
162	423
162	646
162	726
162	810
163	423
163	575
163	732
163	863
164	426
164	623
165	434
165	454
165	529
165	685
165	891
166	312
166	344
166	653
166	954
167	304
167	671
167	740
167	819
168	484
168	888
168	889
169	541
169	626
169	927
170	222
171	745
172	260
172	789
173	485
173	637
174	357
174	497
174	882
175	244
175	477
175	509
176	193
176	287
176	563
176	774
176	786
177	317
177	366
177	506
177	509
177	550
177	590
177	801
178	470
178	533
178	583
178	699
178	752
178	771
179	190
179	369
179	710
180	344
181	314
181	669
181	679
181	708
182	435
182	546
182	752
182	773
182	967
183	214
184	192
184	555
184	588
184	888
185	276
185	549
186	856
187	321
187	579
187	769
187	799
188	495
188	530
188	568
188	840
188	922
189	489
189	530
190	200
190	661
191	617
192	401
192	893
193	327
193	431
193	559
194	230
194	436
195	350
195	747
195	829
195	987
196	365
196	770
196	873
196	979
197	435
197	447
197	776
197	796
197	903
197	964
198	824
198	898
199	271
199	877
200	719
200	765
200	862
201	527
201	915
203	413
203	551
203	574
203	858
204	222
204	366
204	451
204	566
205	325
205	387
205	429
205	564
205	900
206	329
206	417
206	508
206	511
206	672
206	814
207	312
207	314
207	650
207	819
208	556
208	874
209	538
210	664
210	676
210	941
210	998
211	538
211	842
211	860
211	861
211	980
212	215
212	262
212	450
212	735
212	886
212	934
213	317
214	256
214	279
214	445
214	523
214	728
214	777
215	283
215	295
215	513
215	536
215	571
215	592
215	882
215	894
216	539
216	764
216	877
217	232
217	316
217	782
218	226
218	331
218	552
218	582
218	625
219	240
219	354
219	581
219	814
219	856
220	519
220	602
221	292
221	356
222	252
222	312
222	378
222	696
222	913
222	924
223	227
223	247
223	273
223	283
223	694
223	926
224	288
224	399
224	462
224	499
224	555
224	679
224	868
225	247
225	458
226	528
227	455
227	485
227	566
228	669
229	416
229	616
230	288
230	376
230	588
230	613
231	494
231	549
232	881
233	469
233	471
233	742
234	529
235	366
235	458
235	597
235	627
235	651
235	710
235	720
236	553
237	655
237	677
238	243
238	584
238	921
239	282
239	426
239	540
240	247
240	502
240	632
240	731
240	920
241	372
241	805
241	887
242	929
243	958
244	968
245	358
245	394
245	534
246	719
247	409
247	568
247	702
247	842
247	855
248	570
248	584
248	882
249	411
249	641
250	439
250	760
250	988
251	378
251	383
251	635
251	672
252	832
253	434
253	597
253	736
253	816
254	292
254	757
254	902
254	965
255	517
255	583
255	800
255	886
255	896
255	965
256	344
256	882
256	949
257	477
257	744
257	804
257	832
257	877
257	892
258	279
258	529
259	393
259	609
259	896
259	944
260	642
261	274
261	398
261	544
264	535
264	610
264	965
265	396
265	511
265	551
265	710
265	756
266	312
266	763
267	372
267	862
268	354
268	459
268	599
268	799
268	827
268	965
269	441
269	783
269	795
269	856
270	905
271	422
271	835
272	378
272	658
273	420
273	470
273	550
273	889
274	409
274	475
275	343
276	357
276	563
276	678
276	887
276	946
276	951
277	311
278	582
278	611
279	416
279	600
279	840
280	294
280	538
280	573
280	734
281	583
282	413
282	418
282	462
282	762
283	592
283	756
284	573
284	601
284	850
284	893
285	289
285	717
286	364
286	625
287	648
287	661
288	456
288	486
288	724
288	907
289	324
290	389
290	395
290	774
291	316
291	318
291	347
291	486
291	723
291	754
292	580
292	797
292	816
292	897
292	945
293	433
293	891
293	915
294	348
294	350
294	551
294	743
294	847
295	538
295	850
296	416
296	478
297	434
297	732
298	544
298	647
298	691
299	592
299	598
300	450
300	730
301	314
301	347
301	388
301	722
301	793
301	870
302	371
302	548
302	912
303	305
303	584
303	607
304	327
304	934
305	689
306	344
307	609
308	576
308	875
309	716
310	960
311	681
312	963
313	357
313	552
313	560
313	882
314	653
314	930
314	943
315	823
317	337
317	975
318	362
318	442
318	712
318	771
318	914
319	549
319	676
319	744
320	392
320	403
321	406
321	969
322	627
323	437
324	410
324	415
324	527
325	455
325	492
325	500
325	837
326	490
326	749
326	789
326	958
327	407
327	600
327	791
327	806
327	955
327	989
328	413
329	816
330	688
330	893
330	998
331	369
331	600
331	873
332	392
332	515
332	607
332	772
333	507
333	852
333	929
334	566
334	764
334	924
335	439
335	440
335	471
336	504
336	784
336	891
336	958
337	367
337	830
338	467
338	591
338	683
338	859
338	868
339	465
339	524
339	696
339	942
340	381
341	479
341	745
342	388
342	557
342	814
343	361
343	525
343	974
344	390
345	421
346	442
346	712
346	767
347	440
347	535
347	569
347	732
347	761
348	371
348	384
348	492
348	677
348	754
348	872
348	900
349	996
350	361
350	412
350	750
351	543
351	991
352	466
352	987
353	449
353	869
354	671
354	761
354	807
355	376
355	473
355	872
356	417
356	642
356	694
356	785
356	875
357	765
358	424
359	468
359	584
360	829
361	862
361	937
361	972
362	440
362	623
363	376
365	414
365	450
365	452
365	511
365	560
365	746
365	792
365	830
365	957
366	447
366	511
366	557
366	591
366	710
366	975
367	379
367	442
367	540
367	889
367	892
367	934
367	939
368	660
368	724
368	999
369	437
369	568
369	968
370	396
370	447
370	725
370	991
371	966
373	791
373	906
376	446
376	704
376	874
377	576
377	716
377	845
379	727
380	656
380	901
381	538
381	845
381	909
382	723
382	911
382	972
383	547
383	677
383	684
383	764
383	892
383	962
384	571
384	827
385	886
386	598
386	648
387	389
387	807
388	472
388	550
388	576
389	738
390	801
390	877
391	648
391	728
392	580
392	691
392	707
392	824
393	971
393	998
394	913
395	427
395	586
395	619
395	630
395	974
396	483
396	612
396	625
396	709
396	838
397	550
397	595
397	639
399	406
399	485
399	589
399	741
399	786
399	860
399	994
400	897
401	909
402	685
402	711
402	786
402	848
403	410
403	717
404	418
404	597
404	629
405	466
406	636
406	700
406	787
407	442
407	526
407	869
408	921
409	872
410	652
410	871
410	908
410	971
411	867
412	605
413	673
414	481
414	518
414	627
414	994
415	727
415	778
415	871
415	904
415	933
415	975
416	432
416	543
416	685
416	881
417	593
418	663
418	771
418	994
419	438
419	669
419	671
419	745
420	444
420	534
421	774
421	899
421	969
421	989
422	767
423	427
423	599
425	549
425	969
426	435
426	515
426	630
426	635
426	823
427	732
427	982
428	524
428	662
428	757
428	982
429	613
429	772
430	912
430	930
431	559
431	754
432	489
432	569
432	627
432	883
433	452
433	683
433	868
433	884
434	449
434	500
434	792
435	471
435	687
436	694
437	558
437	568
437	841
438	545
438	601
438	851
439	516
439	860
440	500
440	659
441	541
442	569
442	591
442	608
442	662
442	936
443	979
444	466
444	550
444	819
444	826
445	803
446	532
446	563
446	767
446	905
447	597
447	932
448	817
451	530
452	771
453	455
453	556
453	642
453	697
453	867
454	762
454	795
455	517
455	713
455	855
456	678
457	641
457	777
457	804
457	826
457	904
458	575
458	793
458	810
459	511
460	781
461	489
461	581
461	585
461	806
461	860
461	980
462	705
463	678
463	982
464	465
464	583
464	835
465	586
465	915
466	513
466	667
466	969
467	507
467	510
467	769
468	839
468	926
469	588
470	511
470	690
471	600
472	735
473	480
473	980
474	566
474	946
476	870
477	858
478	748
479	748
480	578
480	875
481	859
482	629
482	641
482	686
483	749
483	961
484	595
485	863
486	505
486	739
486	877
489	596
489	724
490	694
490	782
490	922
491	850
491	855
491	978
492	534
492	541
493	807
493	973
494	503
494	558
495	496
495	582
495	961
495	981
496	602
497	874
498	524
498	929
499	777
500	539
501	603
501	758
501	794
503	814
503	937
504	815
504	988
505	516
505	871
505	916
506	727
506	837
508	649
508	719
508	920
509	657
511	702
511	740
511	882
511	961
512	806
513	536
513	544
513	566
514	544
514	827
514	952
515	516
515	531
515	675
517	722
519	605
521	655
521	737
522	772
524	779
524	989
526	558
527	930
528	618
528	898
529	642
529	696
529	783
530	848
530	949
531	642
531	677
531	962
532	930
533	661
533	850
534	802
534	887
534	976
535	607
535	666
535	681
535	910
536	619
537	791
537	853
538	745
538	880
539	873
540	642
540	878
540	988
541	769
541	909
542	888
543	589
543	688
543	927
545	984
546	602
546	615
546	773
546	912
547	595
547	999
548	620
548	876
550	616
550	791
551	582
551	930
552	746
553	603
554	777
555	561
555	689
555	961
556	688
556	952
558	604
558	806
558	819
559	569
560	570
560	599
560	659
560	768
561	570
561	925
562	617
563	576
564	577
564	850
564	892
565	706
565	716
565	893
567	597
567	764
567	821
568	777
568	868
569	586
569	912
569	922
570	608
570	672
571	818
571	966
572	692
574	951
575	709
576	625
576	645
576	702
576	783
578	624
578	653
578	805
578	924
578	981
579	602
579	709
579	949
581	642
582	885
583	960
584	597
584	716
585	824
586	966
587	621
587	741
588	894
590	642
590	803
590	867
592	882
593	747
594	737
594	907
594	945
595	972
597	968
598	848
600	723
601	898
601	905
601	937
602	667
602	983
603	985
604	645
605	897
607	841
607	905
607	958
608	713
609	629
609	855
609	880
609	896
609	897
610	936
610	969
613	691
613	812
613	862
614	898
616	698
616	768
616	992
617	672
618	720
618	809
619	675
619	722
619	927
620	826
620	945
621	859
622	747
622	810
623	637
624	761
625	808
625	840
627	743
628	663
628	745
630	988
631	780
632	705
632	803
632	821
632	959
635	773
635	893
636	905
637	725
638	836
639	871
640	784
640	904
640	997
641	648
641	969
642	814
642	943
642	981
643	980
644	661
644	702
644	837
644	941
644	972
645	790
645	983
646	673
647	725
647	896
647	951
648	910
649	963
650	684
650	888
650	894
651	978
652	704
652	979
653	747
653	959
654	886
656	817
656	947
657	684
657	726
657	866
658	840
659	800
659	978
660	731
662	936
664	680
664	987
665	883
665	962
668	678
669	697
670	867
671	913
671	997
672	905
675	756
675	944
678	727
680	805
681	709
681	801
681	822
681	989
682	790
682	856
682	866
683	694
684	743
685	772
686	762
686	766
686	873
689	695
689	852
689	909
689	956
689	974
690	958
691	947
693	843
694	941
696	783
697	746
701	737
702	830
703	829
703	879
704	761
704	768
704	796
704	860
705	885
705	910
705	981
707	823
707	959
711	983
713	731
715	737
717	721
717	788
717	898
718	736
718	835
719	721
719	857
724	966
724	999
725	787
725	997
726	820
728	797
728	865
733	765
733	852
734	881
736	762
736	837
736	853
737	826
737	850
738	827
738	916
741	895
741	901
742	893
743	811
743	943
744	762
744	938
744	952
745	892
749	865
750	859
751	824
752	810
753	776
753	883
754	883
754	928
755	821
756	767
756	803
757	823
757	866
757	915
757	993
758	886
759	886
760	844
760	885
760	940
761	946
763	900
765	870
766	859
768	997
771	826
771	910
772	869
773	991
775	892
776	814
776	888
778	851
778	852
778	936
780	958
781	795
781	973
785	907
786	794
786	860
787	920
787	956
789	917
790	902
790	945
790	994
793	837
793	905
794	811
796	887
800	816
801	898
801	948
802	933
803	831
803	989
804	831
804	890
805	933
805	986
807	833
808	887
809	843
809	959
810	832
812	899
814	859
814	947
814	994
816	853
816	871
816	915
818	919
819	973
820	851
820	880
821	855
823	983
825	961
826	861
828	860
842	991
845	960
846	882
846	898
847	891
850	958
852	904
854	950
857	933
859	917
864	949
868	978
869	995
870	904
871	879
871	923
872	927
875	922
875	938
880	921
881	962
883	923
883	955
886	892
887	984
893	926
893	934
901	966
901	988
903	931
904	927
910	921
911	970
914	925
916	921
917	976
917	981
918	979
919	977
922	986
925	942
925	957
928	946
933	979
940	954
955	969
961	991
964	994
972	987