0	332
0	525
0	629
1	47
1	104
1	155
1	264
1	583
1	604
1	640
1	642
1	939
1	964
2	448
2	690
3	391
3	406
3	412
3	482
3	521
3	867
3	882
4	218
4	570
4	706
5	140
5	176
5	372
6	39
6	770
7	392
7	594
7	687
7	897
7	958
8	610
9	512
9	755
9	851
10	125
10	382
10	489
10	608
10	875
10	888
11	143
11	229
11	715
11	906
12	261
12	402
12	430
12	591
12	762
13	85
13	124
13	274
13	642
14	587
15	37
15	385
16	381
16	490
16	571
16	682
16	775
16	798
16	957
17	393
17	605
17	778
18	118
18	402
18	476
18	953
19	101
19	131
19	551
19	621
19	924
19	933
20	156
20	250
20	401
20	571
20	736
20	854
21	209
21	335
21	648
21	805
21	828
21	905
21	941
21	958
22	110
22	423
22	501
22	992
23	267
23	830
24	213
24	590
24	591
25	302
25	347
25	379
25	585
25	826
26	232
26	390
26	564
26	811
27	218
27	437
27	949
28	377
28	807
29	451
29	548
30	83
30	311
30	522
30	752
30	856
30	933
31	41
32	817
32	989
33	543
33	642
33	988
34	727
34	935
35	181
35	482
36	376
36	763
37	336
37	437
37	468
38	105
38	395
38	643
38	716
39	259
39	372
39	854
40	272
40	523
40	631
41	108
41	611
41	690
41	733
42	304
42	715
42	845
43	760
43	933
44	598
44	681
44	724
44	744
44	911
45	135
45	316
45	336
45	421
45	853
46	274
47	311
47	397
47	471
48	88
48	253
48	411
48	524
48	992
49	333
49	442
49	721
49	761
49	995
50	139
50	210
51	456
52	217
52	218
52	355
52	829
52	974
53	725
54	92
54	642
55	180
55	214
56	230
57	157
58	100
58	120
58	175
58	200
58	679
58	940
59	497
59	654
59	715
59	968
60	67
60	84
60	86
60	566
60	954
61	73
61	201
62	959
62	960
63	322
63	426
63	526
63	847
64	220
64	454
64	680
65	115
65	386
65	892
66	279
66	371
66	462
66	620
66	909
67	177
67	276
67	770
67	918
67	929
67	962
68	474
68	701
69	699
69	754
70	261
70	574
70	581
70	769
70	990
71	131
71	164
71	255
71	834
71	923
72	212
72	393
72	615
73	289
73	544
73	585
73	656
73	683
73	813
73	845
73	853
74	78
74	548
74	670
75	259
75	437
76	278
77	104
77	200
77	699
77	744
77	768
78	118
78	408
78	551
78	572
78	715
78	789
78	835
79	304
79	534
79	682
79	778
79	806
80	285
80	295
80	377
80	499
80	556
80	744
81	119
81	451
81	590
81	790
81	901
82	374
82	448
82	822
82	890
83	418
83	530
83	558
83	692
83	981
84	378
84	472
85	220
85	268
85	278
85	564
86	521
87	667
87	720
87	738
88	329
89	251
89	252
89	273
89	642
89	894
90	358
90	493
90	624
91	247
91	331
91	857
92	697
92	790
92	860
93	465
93	503
93	696
93	866
94	284
94	366
94	472
95	173
95	435
95	715
96	238
96	599
96	652
96	865
97	101
97	204
97	248
97	316
97	595
97	669
97	678
97	833
97	945
98	136
98	197
98	233
98	809
98	881
99	442
99	481
99	580
99	599
100	123
100	127
100	434
100	510
100	904
101	273
101	350
101	554
101	688
101	916
101	993
102	124
102	441
102	546
103	376
103	708
103	907
104	396
104	481
104	490
104	560
104	637
104	693
105	858
106	148
106	394
106	603
106	618
106	714
106	722
106	780
106	938
107	209
107	248
107	392
107	483
107	663
108	191
108	246
108	366
108	428
108	489
108	852
109	185
109	199
109	280
109	464
109	631
109	712
110	246
110	369
110	486
110	784
111	663
111	691
111	709
111	724
111	888
112	147
112	786
113	457
113	815
114	522
114	696
115	239
115	449
115	462
115	684
115	789
116	163
116	486
117	487
117	509
117	975
118	452
118	854
118	924
119	545
119	673
119	863
119	922
120	122
120	153
120	168
120	519
120	778
120	816
120	823
121	274
121	846
122	286
122	630
122	635
122	815
122	942
123	411
123	510
126	602
126	696
126	775
126	853
126	933
127	152
127	321
127	635
127	883
128	608
128	671
128	880
129	166
129	272
129	427
129	510
130	197
131	332
131	475
131	798
131	813
131	989
132	775
132	795
132	859
133	297
133	381
133	601
133	639
133	981
134	761
135	142
135	345
135	349
135	465
135	741
135	805
136	735
136	780
137	613
137	687
137	727
137	900
137	930
138	231
138	376
138	496
138	559
138	782
138	813
138	876
138	999
139	597
139	694
140	459
140	570
140	618
140	883
141	447
141	516
141	749
141	982
142	247
142	636
142	744
142	944
143	263
143	453
143	738
143	926
143	955
143	957
144	239
144	813
144	886
144	980
145	721
146	199
147	264
147	310
147	334
147	440
147	557
147	567
149	553
149	638
149	646
150	337
150	636
150	681
151	328
151	454
151	457
151	554
151	828
152	247
152	323
152	370
152	382
152	597
152	762
153	222
153	300
153	549
153	829
153	973
154	196
154	508
154	703
154	759
155	548
155	561
155	563
155	695
156	888
156	991
157	462
157	579
157	724
158	196
158	198
158	852
158	860
159	319
159	503
159	741
160	918
161	814
162	252
162	418
162	507
162	708
162	719
162	752
163	247
164	182
164	200
164	697
164	846
164	847
165	175
165	390
165	621
166	186
166	737
166	882
167	629
167	638
167	659
168	195
168	634
168	733
168	850
169	374
169	394
169	471
169	791
169	819
169	823
169	849
169	993
170	323
170	571
170	584
170	620
170	627
170	632
171	331
171	559
171	740
171	994
172	250
172	709
173	314
173	382
173	683
174	340
174	456
174	901
175	190
175	491
175	527
175	862
175	899
176	314
176	407
176	610
176	619
176	674
176	944
177	443
177	615
178	190
178	240
178	460
178	799
178	895
179	319
179	346
179	420
179	513
179	552
179	642
179	807
179	837
180	380
181	407
181	518
181	613
181	858
181	874
181	953
182	474
182	594
183	194
183	421
184	233
184	341
185	469
185	824
185	958
186	473
186	494
186	823
186	845
187	540
188	364
188	616
189	749
189	810
190	380
191	234
191	418
191	567
191	589
191	859
191	970
192	290
192	326
192	590
192	625
192	717
192	776
193	292
193	350
193	387
193	536
193	612
193	731
193	904
193	976
194	597
194	845
195	262
195	361
195	618
195	808
195	887
196	362
196	567
197	305
197	317
197	322
197	412
197	685
197	811
197	910
198	565
198	859
199	929
200	214
200	432
200	942
201	396
201	501
201	584
201	591
201	636
201	720
201	765
201	866
202	433
202	654
203	400
203	702
204	577
204	656
204	859
205	496
205	740
206	211
206	473
206	601
206	646
206	673
206	733
207	605
207	871
207	904
207	970
208	298
208	508
208	835
208	869
208	921
209	497
210	249
210	372
210	545
210	658
211	236
211	729
212	834
213	230
213	302
213	407
213	542
214	282
214	290
214	654
214	697
214	779
214	994
215	273
215	491
215	944
216	254
216	426
216	429
216	605
217	571
218	483
218	635
218	664
218	980
219	279
219	580
219	651
220	435
220	587
220	876
220	904
220	908
221	415
222	250
222	462
222	558
222	801
223	400
223	673
223	738
223	781
224	403
224	432
224	484
225	230
226	286
226	692
227	281
227	432
227	496
227	600
227	631
228	234
228	271
228	444
228	484
228	512
228	835
229	313
229	558
229	574
229	936
230	407
230	437
230	701
230	733
230	907
231	237
232	926
232	974
233	378
233	720
233	880
233	902
234	297
234	548
234	553
234	755
234	961
235	299
235	417
235	509
235	963
236	312
236	414
236	521
237	770
238	349
238	362
238	394
238	846
239	373
239	612
239	666
240	473
240	493
240	562
240	600
241	386
241	477
241	646
241	926
242	401
242	592
242	833
243	251
243	380
244	311
244	337
244	444
244	608
244	638
244	924
245	262
245	735
245	787
246	664
246	820
247	712
247	730
247	852
247	853
247	946
248	265
248	300
248	321
248	328
248	479
248	917
250	633
250	969
251	769
251	871
252	366
252	825
253	726
255	448
255	803
256	353
256	364
256	549
257	839
258	304
258	462
258	464
258	952
259	365
259	644
259	784
259	838
259	968
260	443
260	469
260	713
260	924
261	356
261	853
262	313
262	380
263	559
263	737
263	856
263	883
264	795
264	850
265	611
266	447
266	609
266	849
266	883
266	909
267	339
267	804
267	856
267	914
267	970
267	978
268	502
269	510
269	717
269	811
270	278
270	529
270	975
270	980
270	989
271	291
271	597
271	931
272	396
272	452
272	578
272	625
272	777
272	818
272	836
273	338
273	921
274	889
275	752
276	596
276	615
276	848
276	891
276	918
277	765
277	877
278	575
278	651
279	320
279	568
279	804
279	869
280	296
280	886
281	645
281	715
281	782
282	353
282	512
283	855
284	373
284	700
284	725
284	859
284	909
285	306
285	733
286	310
286	598
286	682
287	768
287	874
287	947
288	560
289	443
289	531
289	611
289	759
290	318
290	376
290	463
291	348
292	416
292	485
292	495
293	607
294	342
294	711
296	307
296	344
296	760
296	837
297	345
297	449
297	855
297	863
297	907
298	429
298	578
298	623
299	874
299	939
300	697
300	729
301	320
301	347
301	534
301	593
301	800
301	827
301	877
301	937
301	980
302	448
302	640
302	678
302	782
303	782
304	672
305	395
305	728
306	330
306	396
306	406
306	829
307	649
307	676
307	724
307	802
308	326
308	537
308	631
308	813
309	325
309	621
309	701
309	741
309	842
310	440
310	445
310	512
310	762
310	969
312	396
312	415
312	538
312	627
312	872
312	921
313	350
314	985
314	997
315	812
315	818
315	906
315	982
316	410
316	485
316	600
316	721
316	858
317	477
317	581
317	993
318	625
318	957
319	346
319	853
320	517
321	391
321	547
321	602
322	543
322	953
323	345
323	386
323	517
323	609
323	733
323	845
324	470
324	733
325	415
325	419
325	660
325	858
326	419
326	470
326	792
327	502
327	583
327	659
327	681
327	997
328	493
329	399
329	909
330	958
331	704
331	784
333	413
333	414
333	463
333	596
333	791
333	792
333	861
333	941
334	389
334	679
334	753
334	803
335	446
335	715
336	591
336	655
336	938
337	987
338	632
338	705
338	940
339	711
339	805
340	363
340	550
340	571
341	360
341	551
341	609
341	839
341	930
341	970
342	483
342	548
342	760
343	506
343	912
344	426
344	456
344	926
345	414
345	594
345	627
345	652
345	714
345	718
345	834
346	486
346	488
346	636
346	651
346	933
347	457
347	575
347	622
348	416
348	487
348	603
348	993
349	733
349	834
349	983
350	448
350	450
350	466
350	531
350	696
350	896
350	917
351	420
351	520
351	609
352	474
352	537
352	643
354	430
354	531
354	638
355	410
355	754
355	901
356	495
356	708
357	703
357	710
357	756
359	512
359	541
359	957
360	935
361	610
361	869
362	590
362	648
362	849
362	930
362	969
363	403
363	797
363	835
364	487
365	957
366	745
367	731
368	665
368	690
368	888
368	982
369	414
369	429
369	936
370	627
371	415
372	492
372	527
372	689
372	693
373	415
373	755
373	841
373	905
374	400
374	417
374	478
374	525
374	624
374	627
374	842
375	597
375	851
376	380
376	447
376	643
376	827
378	626
379	402
379	576
379	723
379	800
381	586
381	708
381	738
381	780
382	446
382	762
382	801
383	817
383	998
384	404
384	940
385	496
385	636
385	694
386	603
386	842
386	847
386	997
387	833
388	535
390	913
390	937
392	458
392	552
392	647
393	591
394	543
394	991
395	490
395	943
396	732
397	550
398	413
398	430
398	439
398	475
398	751
398	769
398	806
398	813
399	593
400	623
400	944
401	547
401	808
401	988
402	442
402	830
403	541
403	565
403	711
403	909
404	510
404	893
405	874
405	985
405	987
406	788
407	767
408	820
408	894
408	921
408	981
409	514
409	526
409	685
409	801
409	826
409	883
410	610
411	771
411	884
412	453
412	454
412	755
413	484
413	801
414	419
415	740
417	554
417	925
417	951
418	979
419	661
419	749
420	609
420	839
420	859
420	950
421	764
421	819
421	828
421	936
422	699
423	630
423	861
423	993
424	549
424	932
425	430
425	607
426	802
426	816
426	892
426	953
428	668
428	758
428	906
429	636
429	804
430	665
430	991
431	692
431	702
431	846
431	909
432	764
433	585
433	602
433	635
433	803
433	869
434	774
434	871
435	704
435	795
435	889
435	960
436	550
436	865
436	926
437	674
437	693
437	801
438	458
438	507
438	624
438	680
438	791
438	956
439	511
439	533
439	590
440	745
440	798
440	808
441	728
441	937
442	448
442	457
442	659
442	857
443	823
443	829
444	619
444	750
445	596
445	697
445	910
446	673
446	990
447	647
447	649
448	714
448	952
449	735
449	818
449	843
450	621
451	954
452	516
452	869
453	503
453	551
453	866
453	883
454	812
455	656
455	752
456	475
458	749
459	589
459	698
459	700
460	581
460	628
460	854
461	550
461	656
461	671
461	780
462	517
462	917
463	652
463	750
464	620
464	939
464	964
465	531
466	586
466	767
466	885
467	831
468	544
468	572
468	665
470	511
471	523
471	722
471	814
472	751
472	930
472	952
473	553
473	750
473	768
475	667
475	797
475	897
475	988
476	548
476	555
476	837
477	619
477	714
477	727
477	898
478	520
478	527
479	582
480	558
480	790
481	577
482	828
483	903
485	748
487	740
487	756
489	519
489	595
489	743
489	950
490	771
490	808
491	941
492	667
492	842
493	500
493	721
493	880
494	546
494	856
494	938
495	912
496	902
496	945
497	810
497	943
497	966
498	516
498	672
498	765
499	527
499	537
499	657
499	911
500	745
501	731
501	760
501	764
501	934
502	522
502	965
503	798
503	998
504	965
505	548
505	679
505	852
505	939
506	522
506	914
507	548
507	589
508	895
509	548
509	632
511	811
512	925
512	974
515	596
515	780
515	814
515	878
516	823
517	712
517	714
517	799
518	603
518	640
518	955
519	586
520	753
520	983
522	640
523	777
523	793
525	790
525	904
526	725
527	736
527	968
528	855
530	771
531	625
531	746
531	790
531	992
532	882
532	887
533	559
533	674
535	742
536	648
536	772
536	984
537	597
537	637
537	868
538	647
539	815
540	777
541	870
542	790
544	862
545	617
545	908
545	999
547	602
547	842
549	637
550	583
550	746
551	740
551	879
551	917
552	773
554	633
554	815
555	561
555	630
555	725
555	773
555	830
555	889
557	662
558	694
562	875
562	892
563	627
563	999
564	686
565	681
565	690
566	772
567	575
567	584
567	778
568	616
569	813
569	971
570	616
570	695
570	847
570	917
570	970
571	733
571	754
571	812
571	831
572	660
572	870
573	897
575	849
576	724
579	697
579	712
580	713
581	675
581	827
581	962
583	845
584	736
586	670
586	986
587	595
587	621
587	747
587	793
588	688
588	846
588	907
589	610
589	826
589	844
589	864
590	734
591	945
593	692
593	725
595	741
595	863
596	602
596	678
596	754
596	879
596	933
597	675
597	740
597	966
600	776
601	831
601	871
602	732
602	954
603	930
603	957
604	605
604	697
605	606
605	849
607	809
607	980
608	744
608	958
610	625
612	924
613	623
613	894
614	678
614	691
614	768
614	898
615	629
616	955
616	996
617	927
618	840
618	930
619	699
619	720
620	955
621	720
621	964
622	718
622	820
625	838
626	904
627	665
627	907
629	679
629	684
629	791
629	947
629	951
630	712
631	750
631	764
632	670
632	830
633	949
634	961
639	748
640	746
640	893
640	943
640	955
641	821
641	888
641	905
642	917
642	927
644	688
644	729
644	775
644	798
644	870
647	671
647	756
647	904
649	873
649	982
649	990
650	742
650	749
650	808
650	875
650	980
651	706
651	875
651	892
651	998
652	709
652	989
652	994
653	680
653	745
653	752
655	878
655	986
657	675
657	963
658	677
660	871
662	767
662	814
662	963
663	942
664	667
665	799
666	860
667	840
667	914
668	775
669	846
671	990
673	898
675	930
676	823
676	952
677	712
677	769
678	952
679	787
680	895
682	727
684	790
684	792
685	937
686	777
686	879
688	916
692	701
692	796
692	890
692	958
693	717
693	850
694	985
695	933
696	767
696	834
698	977
699	704
699	748
700	816
700	830
700	836
700	880
701	742
701	853
701	964
702	769
702	856
704	778
704	845
706	724
706	979
707	906
709	761
710	732
710	901
712	718
713	997
714	998
715	863
716	743
716	833
719	869
720	729
720	973
721	747
721	765
722	891
724	920
725	728
725	893
728	858
728	955
728	974
731	742
731	836
732	785
732	979
733	772
733	820
733	844
735	882
735	979
736	872
737	970
737	972
739	876
740	886
742	835
744	794
747	778
747	813
747	966
749	900
753	949
755	933
757	820
760	862
760	878
761	853
761	936
762	824
762	888
763	803
763	840
765	792
766	912
769	820
769	858
769	920
770	841
771	968
772	793
773	992
774	904
775	906
777	782
778	798
778	799
781	991
783	860
786	829
787	918
788	901
788	921
789	801
790	809
791	841
793	889
795	967
797	806
797	864
797	918
798	883
799	968
801	847
805	851
806	827
806	869
806	880
806	905
807	948
808	824
808	830
808	846
809	833
823	830
824	846
828	830
828	903
829	832
829	929
829	993
834	922
836	973
838	972
839	853
840	904
840	916
842	888
843	911
848	955
849	854
851	877
851	888
854	984
856	918
858	958
858	959
872	909
873	945
874	935
875	903
877	989
880	897
880	955
880	981
881	893
881	994
883	978
890	970
894	947
895	995
897	928
898	998
900	934
901	942
906	944
911	945
912	941
915	930
919	977
920	941
926	994
933	962
935	981
936	954
937	944
955	984
957	972
957	983
963	995
973	982
975	996
977	986
980	981