0	112
0	544
0	731
0	827
1	550
1	608
2	309
2	578
2	873
2	928
3	10
3	255
3	428
3	438
3	492
3	574
3	792
4	131
4	195
4	351
4	490
4	554
5	154
5	611
5	761
6	267
7	271
7	439
7	969
7	996
8	676
8	682
8	758
8	777
8	964
9	91
9	111
9	636
10	28
10	105
10	433
10	640
10	738
10	955
11	336
11	974
12	36
12	254
12	683
12	920
13	227
14	154
14	430
14	744
14	801
14	898
15	392
15	430
15	488
15	850
16	22
16	95
16	109
16	120
16	442
16	712
17	66
17	727
18	86
18	439
19	53
19	219
19	523
20	33
20	244
20	514
20	586
20	876
21	166
21	506
21	681
21	934
21	970
22	66
22	666
22	726
23	828
23	916
24	103
24	115
24	329
24	413
24	708
24	859
24	919
25	279
25	569
25	683
25	917
26	167
26	698
26	811
26	942
27	170
27	562
27	868
28	288
28	400
29	150
29	223
29	884
30	297
30	404
30	853
30	938
31	333
31	478
32	394
33	821
33	888
33	925
34	440
34	552
34	575
34	589
34	822
34	957
35	379
35	432
35	712
36	226
36	329
36	419
36	544
36	554
36	926
37	658
37	718
37	840
38	108
38	471
38	541
39	43
39	75
39	80
39	95
39	126
39	177
39	244
39	543
40	187
40	232
40	314
40	357
40	626
40	791
40	839
40	881
40	913
41	84
41	261
41	654
41	707
41	709
41	891
41	897
41	904
41	990
42	233
42	468
42	593
43	130
43	521
43	694
43	696
43	727
44	177
45	442
46	245
46	570
47	81
47	718
48	166
48	387
48	473
48	693
49	478
49	741
49	921
50	967
51	288
51	717
51	788
51	846
51	864
52	560
52	567
53	392
53	669
53	681
53	843
53	863
54	621
54	897
55	98
55	194
55	344
55	589
55	704
55	855
55	951
56	71
56	362
56	423
56	902
57	62
57	228
57	270
57	358
57	651
57	819
58	182
58	277
58	577
58	876
58	917
58	977
59	143
59	209
59	419
59	476
59	558
59	696
59	922
60	311
60	321
60	608
60	906
61	76
61	83
61	478
62	377
62	514
62	680
62	690
62	914
63	171
63	177
63	228
63	353
63	531
63	547
63	595
63	949
64	130
64	208
64	612
64	672
65	140
65	142
65	225
65	435
66	215
66	400
66	644
66	700
67	237
67	602
67	681
67	735
67	990
68	81
68	557
69	506
69	770
70	125
70	473
70	502
70	516
70	533
70	706
71	833
72	213
72	401
72	517
72	716
73	202
73	220
73	422
73	545
73	691
73	871
73	878
74	118
74	151
74	224
74	234
74	317
74	366
74	619
75	531
75	591
75	922
76	159
76	213
76	327
76	432
76	639
76	697
77	243
78	456
78	584
78	618
79	369
79	490
79	864
80	685
80	798
80	863
80	997
81	131
81	384
81	688
81	800
81	829
81	830
81	966
82	675
82	843
82	889
82	926
83	508
83	556
83	620
84	259
84	338
84	428
84	654
84	673
84	747
85	149
85	199
85	218
85	479
85	502
85	520
85	575
85	612
86	163
86	383
86	821
86	900
86	913
87	164
87	259
87	290
88	182
88	219
88	466
88	615
88	675
88	869
88	893
89	304
89	503
89	571
89	648
89	693
89	959
90	200
90	395
90	473
90	676
91	156
91	518
91	664
92	104
92	240
92	242
92	664
92	793
92	878
93	463
93	989
94	207
94	283
94	497
94	507
94	602
95	258
95	440
95	524
95	550
95	748
95	837
96	130
96	250
96	911
97	191
97	302
97	496
97	738
97	754
98	429
98	452
98	482
98	541
98	882
98	905
99	136
99	365
99	557
100	270
100	561
100	780
100	943
101	163
101	712
102	573
102	587
102	589
102	720
102	875
102	937
102	946
103	587
103	600
103	720
103	945
103	971
104	357
105	292
105	344
105	520
105	667
105	830
105	840
105	863
106	806
106	927
107	271
107	559
107	659
107	932
108	374
108	441
108	454
108	957
109	373
109	982
110	146
110	338
110	504
110	567
111	378
111	895
112	321
112	744
112	815
113	524
113	737
114	335
114	395
114	680
114	723
114	933
115	424
115	633
115	823
115	828
116	192
116	249
116	308
116	597
116	853
116	894
116	896
117	366
117	569
117	669
117	829
117	981
118	227
118	247
118	370
118	720
118	769
118	901
118	907
119	546
119	846
120	409
120	614
120	777
120	820
121	273
121	556
122	271
122	356
122	427
122	629
122	835
122	864
122	964
123	166
123	326
123	396
123	397
123	655
123	663
123	984
124	136
124	243
124	302
124	671
124	954
125	980
126	502
126	606
127	249
127	404
127	487
127	698
127	968
128	166
128	358
128	359
128	747
128	934
129	145
129	487
129	592
129	674
129	712
129	744
129	825
129	916
130	788
130	947
131	254
131	389
131	585
131	822
132	154
132	312
132	759
132	859
132	934
133	978
134	259
135	579
135	702
135	786
135	797
136	606
136	723
137	183
137	353
137	623
138	296
138	629
138	851
139	191
139	292
139	479
139	708
139	742
141	367
141	547
141	705
141	717
141	913
142	319
142	338
142	581
142	793
143	249
143	358
143	928
143	955
144	426
145	590
145	676
145	714
145	791
145	868
146	234
146	355
146	468
146	991
147	348
147	580
147	641
148	322
148	984
149	684
150	583
151	402
151	895
151	934
152	938
153	158
153	213
153	520
153	857
153	862
154	379
154	691
155	179
155	589
155	917
156	723
156	800
156	976
157	831
158	244
159	229
159	314
159	512
159	720
160	413
160	642
161	373
161	579
161	969
162	462
162	480
162	585
162	616
162	640
163	719
163	732
164	470
164	824
164	904
165	225
165	353
165	450
165	774
166	734
166	746
166	907
166	922
166	953
167	217
167	359
168	473
168	573
168	695
169	241
169	336
169	353
169	579
170	298
170	370
171	243
171	282
171	618
171	632
171	872
171	998
172	210
173	312
173	395
173	552
173	816
173	870
174	250
174	272
174	346
174	547
174	809
174	923
175	178
175	484
175	926
176	201
176	444
176	593
176	685
176	879
176	917
177	421
177	986
178	684
179	213
179	232
179	326
179	471
179	507
179	599
179	618
179	985
180	230
180	327
180	367
180	417
180	579
180	962
181	403
181	741
182	270
182	898
182	904
183	205
183	583
183	806
183	847
184	436
184	600
184	744
184	864
184	927
185	254
185	267
185	387
185	542
185	543
186	743
187	732
188	713
188	834
189	481
190	388
190	525
190	671
191	667
191	993
192	259
192	425
192	627
192	726
193	233
193	244
193	322
193	459
193	487
193	874
193	928
193	980
194	326
194	860
195	272
195	595
195	960
196	409
196	687
196	835
197	351
197	451
197	549
197	775
197	862
198	309
198	563
199	410
199	458
199	792
199	953
200	862
200	955
201	247
201	300
201	457
201	723
202	962
203	526
204	833
204	837
205	214
205	365
205	369
205	763
205	790
205	803
205	972
206	210
206	222
206	629
206	961
207	383
207	832
207	871
208	317
208	403
208	552
209	217
209	268
209	383
209	494
209	729
210	217
210	224
210	250
210	296
210	385
210	778
210	970
211	398
211	449
211	791
211	876
212	307
212	421
212	664
213	433
213	748
213	768
214	694
214	729
214	759
214	905
215	368
215	403
215	799
216	693
216	907
217	516
218	864
219	954
220	278
220	304
220	789
220	979
221	830
221	882
222	264
222	372
222	439
223	918
224	338
224	454
224	560
224	632
224	777
225	395
225	460
225	610
225	831
226	901
227	369
227	599
227	655
227	712
227	789
227	842
228	701
228	718
228	903
229	387
229	590
230	418
230	952
231	481
231	883
232	262
232	301
232	420
232	454
232	520
232	794
232	819
233	368
233	598
234	904
235	715
235	753
236	443
236	678
236	786
236	813
237	370
237	741
237	844
238	417
238	782
239	253
239	318
239	774
239	858
239	932
240	300
240	556
240	640
240	653
240	836
241	407
241	588
241	708
241	982
242	555
242	612
242	986
243	254
243	345
243	517
243	990
244	347
244	493
244	973
245	385
245	387
245	585
246	505
246	628
246	661
246	766
247	293
247	610
247	714
247	807
247	963
248	586
249	512
250	363
250	479
250	568
250	576
250	639
250	753
251	403
251	405
251	583
252	668
253	708
253	857
254	510
254	580
255	389
255	408
255	797
256	439
256	443
256	921
257	459
257	682
257	874
258	587
258	852
259	784
259	975
260	378
260	542
260	719
260	868
261	440
261	448
261	609
261	716
261	789
262	880
263	995
264	290
264	441
264	591
264	646
264	905
265	289
265	365
265	636
265	852
265	865
266	684
267	335
267	694
267	848
268	379
268	865
268	916
269	482
269	575
269	625
270	457
270	697
270	703
270	996
271	614
271	883
271	951
272	318
272	499
272	598
272	699
272	733
272	802
272	821
272	841
272	852
272	860
273	886
274	757
275	390
276	610
276	888
276	890
277	351
277	378
277	978
278	356
278	774
280	295
280	382
280	463
280	613
280	701
280	855
281	307
281	408
281	779
281	919
281	932
282	410
282	462
282	782
283	796
283	886
284	310
284	690
284	770
284	820
285	440
285	768
286	459
287	482
287	560
287	782
289	375
289	419
289	535
290	464
290	478
290	565
290	627
290	854
291	682
292	649
292	741
292	746
292	864
293	895
293	931
294	716
295	621
295	659
296	450
296	619
296	635
296	978
298	386
298	434
298	748
298	962
299	317
299	517
299	941
299	967
300	369
300	462
300	903
301	316
301	430
301	573
301	643
301	668
303	404
303	568
303	607
303	708
303	730
303	909
304	514
304	619
305	472
305	506
305	638
305	881
305	960
306	412
306	426
307	927
307	970
308	392
309	571
309	939
310	381
310	387
310	869
311	573
311	590
311	611
311	775
311	886
312	525
312	881
312	938
313	440
313	558
314	440
314	596
314	768
315	416
315	482
315	672
315	966
316	339
316	536
316	713
316	919
317	338
317	454
317	489
317	623
317	772
317	786
317	801
318	331
318	367
319	910
319	967
319	969
320	424
321	342
321	852
323	388
323	928
324	670
325	479
325	556
326	932
326	982
327	370
327	521
327	735
327	774
327	896
327	928
328	882
329	740
329	809
329	888
330	532
330	838
331	382
331	527
331	767
332	589
332	734
332	891
332	986
333	338
333	489
333	745
333	794
334	648
334	680
334	862
334	995
335	456
335	599
335	798
335	889
335	978
336	344
336	390
336	399
336	476
336	556
336	819
337	415
337	451
337	510
337	533
337	787
337	935
338	693
338	743
339	588
339	627
339	820
339	848
339	886
339	906
339	931
340	594
340	767
341	831
342	418
342	516
342	805
343	479
343	506
343	665
343	795
346	409
346	780
346	823
346	900
346	924
347	630
347	648
347	892
348	619
348	641
348	682
349	365
349	531
349	949
350	410
350	798
351	413
351	564
351	775
351	928
351	943
351	988
352	512
352	619
352	659
352	762
352	778
352	823
353	471
353	694
354	919
355	440
355	582
356	893
356	978
357	604
357	968
358	387
358	665
358	808
358	932
359	379
359	394
359	651
360	395
361	373
361	627
361	941
361	982
362	377
362	577
362	718
363	415
363	455
363	992
364	529
365	431
365	543
365	556
365	605
365	712
365	759
365	789
365	860
365	921
365	995
366	451
366	783
367	639
367	977
368	387
369	386
369	533
369	565
369	585
369	642
369	859
370	471
370	614
370	667
370	763
371	485
371	490
371	690
371	982
372	886
372	930
372	986
373	488
373	519
373	648
373	847
374	376
374	567
374	772
374	797
375	657
376	618
376	623
376	912
377	475
377	632
377	655
378	446
378	829
378	988
379	728
379	835
380	489
380	617
381	570
381	785
382	438
382	880
383	388
383	868
385	942
386	429
386	865
386	893
386	923
386	958
387	445
388	525
388	578
388	755
389	489
389	796
389	880
390	478
390	684
390	875
390	924
391	491
391	502
392	526
392	670
392	950
393	754
394	930
396	508
396	926
396	973
396	974
397	410
397	461
397	488
397	550
398	430
398	538
398	777
399	515
399	801
399	939
399	987
400	557
400	640
400	780
400	847
401	711
401	813
401	838
402	751
403	645
404	904
405	556
406	634
407	936
408	457
408	639
408	648
408	726
408	806
409	861
410	557
410	649
410	705
410	871
410	948
410	995
411	710
412	521
414	489
414	519
414	578
414	940
415	746
417	565
417	642
417	687
417	777
417	867
418	531
418	936
418	944
419	444
419	613
419	770
419	958
420	621
420	977
421	619
421	948
422	430
422	613
422	789
422	865
422	902
423	680
423	820
426	976
426	981
427	893
427	930
428	673
428	856
428	995
429	648
429	727
430	477
430	497
430	739
430	806
430	896
431	764
432	689
432	796
432	897
433	471
433	666
433	966
434	669
435	467
435	751
435	825
435	961
436	516
436	560
437	484
437	485
437	526
438	619
438	956
439	579
439	615
439	850
439	911
439	971
440	888
440	907
440	986
441	447
441	796
442	790
442	836
443	522
443	880
443	888
444	830
445	949
446	594
447	732
448	806
448	808
448	954
449	578
449	626
449	634
449	951
450	953
450	985
451	569
451	638
451	667
451	702
451	952
452	567
452	752
452	929
453	705
453	829
453	916
454	696
455	559
455	673
455	727
455	837
456	815
456	873
456	970
457	953
457	985
459	477
459	597
459	647
459	741
460	690
460	879
461	681
461	929
461	951
462	481
462	729
462	937
462	982
464	688
464	796
465	595
466	781
466	802
466	803
466	897
468	539
468	635
468	743
469	704
469	778
470	474
470	712
470	955
471	887
472	561
472	951
473	664
473	947
474	494
474	537
474	578
474	648
474	966
475	836
476	542
476	909
477	734
477	746
477	787
479	792
479	805
480	571
480	949
481	538
482	738
483	499
483	859
483	992
484	598
484	698
484	745
484	832
485	524
485	593
485	902
486	599
486	672
486	912
487	579
487	656
488	514
488	613
488	627
488	826
488	968
489	969
490	640
490	766
491	542
491	598
491	630
491	679
491	894
492	982
493	686
495	524
495	968
495	992
496	674
497	656
497	833
498	786
499	604
499	875
500	966
501	611
501	819
502	557
502	949
504	651
504	800
506	609
506	900
508	526
508	729
509	516
509	939
510	519
510	615
510	713
510	935
511	648
511	804
511	842
512	530
512	940
513	992
514	926
514	965
516	539
517	526
517	621
517	911
518	786
518	826
520	545
520	659
520	760
520	790
520	936
521	587
522	764
522	914
522	998
524	667
527	917
528	694
528	973
529	631
529	634
529	737
529	927
530	597
530	684
531	562
531	816
531	831
531	930
532	547
532	946
533	671
533	792
533	849
533	865
534	551
536	903
537	674
537	769
539	710
540	694
543	679
543	928
544	887
544	931
545	558
545	894
547	646
547	989
548	892
548	898
549	754
550	633
550	665
550	701
552	825
553	596
553	642
553	764
554	925
556	599
556	614
556	665
557	771
557	786
557	899
559	789
559	845
560	738
561	565
561	757
561	920
561	963
563	816
564	589
564	758
564	830
564	969
566	809
566	901
566	980
568	777
568	873
569	730
570	572
570	695
572	767
572	769
572	824
573	800
574	749
574	915
574	941
575	583
576	999
577	684
577	870
578	708
583	791
583	853
584	745
585	755
585	855
585	942
586	671
586	809
587	640
588	607
588	862
590	862
590	931
591	700
591	726
591	775
591	909
591	939
593	945
596	865
596	916
599	667
600	707
601	664
601	980
602	695
603	759
603	840
604	745
604	841
605	664
605	694
605	779
606	966
606	971
608	849
608	946
608	992
609	828
610	903
611	822
612	628
612	649
613	934
615	656
615	894
616	864
618	715
618	885
619	809
619	965
619	992
620	884
620	950
621	858
621	963
622	849
623	905
623	910
624	934
625	979
626	725
626	798
626	837
627	714
629	889
629	941
630	649
630	778
630	839
630	852
630	894
632	898
632	900
632	957
633	847
634	906
634	930
635	662
635	957
636	814
637	747
637	934
641	752
642	783
645	791
645	906
646	726
646	811
648	652
649	833
649	968
650	689
650	941
651	862
651	874
652	738
652	756
652	842
653	690
653	751
654	915
655	692
655	951
655	975
656	660
656	664
656	763
657	979
657	994
658	842
659	738
659	765
659	834
662	685
662	889
663	944
664	946
665	858
666	942
666	957
667	714
667	776
668	722
669	676
669	780
669	807
669	821
669	927
670	977
671	672
671	685
673	866
673	910
673	911
674	853
675	742
675	759
676	722
677	697
679	724
679	737
681	938
682	925
682	983
683	721
683	893
684	827
684	843
684	906
685	747
685	937
685	997
688	790
689	812
690	729
691	824
691	911
691	948
692	761
692	849
693	706
694	719
694	948
695	774
695	786
698	746
698	943
698	982
701	861
702	871
703	868
704	715
705	815
706	753
706	768
706	914
707	933
708	791
708	841
708	929
709	878
711	847
711	867
711	879
712	736
712	931
713	809
714	895
715	718
715	856
716	755
716	840
720	838
721	835
721	846
725	989
726	898
726	999
727	895
728	798
728	920
729	744
729	876
729	945
729	958
730	902
730	947
731	750
731	771
731	798
732	781
735	828
736	791
737	956
739	757
739	790
741	800
741	957
742	783
742	957
743	921
744	753
744	804
744	870
745	929
745	935
746	832
748	855
748	863
750	769
751	803
752	941
754	813
754	935
755	778
757	886
758	969
759	820
760	943
761	899
762	968
763	834
764	812
764	970
768	829
769	840
769	981
769	992
771	810
772	829
772	967
773	839
775	813
777	913
779	849
784	884
784	910
787	789
787	935
787	960
787	987
791	871
792	820
793	882
799	862
800	838
802	961
804	865
805	893
805	969
806	821
806	879
806	927
806	976
807	974
809	880
809	952
810	840
810	941
812	894
812	987
812	990
813	822
814	870
814	878
817	892
818	831
819	999
821	880
823	872
824	962
824	987
826	834
826	863
826	945
828	977
831	883
831	993
832	939
832	996
833	956
838	930
839	841
840	841
841	882
841	931
842	926
846	905
847	853
847	879
847	912
848	938
848	989
854	901
858	952
859	875
861	967
861	992
863	926
863	930
864	900
870	882
871	991
872	901
872	922
873	882
874	885
876	924
877	917
878	963
879	972
882	973
886	948
887	969
888	899
889	933
890	905
891	899
893	978
894	986
895	947
899	977
901	958
908	976
910	997
912	941
913	928
916	924
920	928
923	929
924	949
927	949
927	957
930	996
932	988
933	951
933	978
933	980
938	964
938	988
939	941
947	957
948	990
950	955
951	979
960	992
981	995
985	990