0	127
0	228
0	411
0	571
0	608
0	977
1	438
1	537
2	69
2	552
3	140
3	798
3	871
3	891
3	911
4	51
4	428
5	16
5	395
5	648
5	823
6	74
6	317
6	356
6	515
6	934
7	11
7	399
7	712
7	767
7	884
8	378
8	764
9	198
9	890
9	935
9	952
10	116
10	186
10	217
10	791
10	959
11	440
11	862
11	909
11	947
12	271
12	911
13	648
13	883
14	82
14	350
14	694
15	156
15	270
15	316
15	544
15	571
15	625
15	858
15	892
16	159
16	289
16	541
16	623
16	680
16	746
16	810
17	57
17	336
17	397
17	626
17	669
17	819
17	820
17	831
17	910
18	468
19	371
19	867
20	145
20	232
20	388
20	603
20	696
20	931
21	485
22	57
22	469
22	782
22	808
23	203
23	361
23	408
23	450
23	915
24	290
24	465
24	883
25	37
25	373
25	608
26	509
26	553
26	691
26	859
27	193
27	419
27	535
27	577
27	604
27	861
27	871
27	959
27	993
28	96
28	221
28	600
28	650
28	726
28	800
28	990
29	956
30	88
30	178
30	479
30	809
30	810
31	824
31	840
32	493
32	539
32	776
33	713
33	804
34	185
34	445
34	586
34	615
35	42
35	332
35	490
35	522
35	683
35	850
35	903
36	337
36	492
36	609
37	118
37	508
37	613
37	676
38	42
38	95
38	145
38	659
38	662
38	896
39	86
39	757
39	804
39	963
40	388
40	582
40	617
40	814
40	955
41	47
41	666
41	774
41	849
42	669
42	797
42	918
42	956
42	987
43	361
43	631
43	703
43	893
44	362
44	467
44	504
44	752
44	931
44	939
44	972
45	243
45	359
45	587
45	893
46	236
46	371
46	740
46	927
47	230
47	447
47	645
47	678
47	707
47	862
47	949
48	58
48	98
48	266
48	700
48	923
49	646
50	121
50	171
50	752
50	817
51	479
51	490
51	491
51	528
52	217
52	371
52	526
52	913
53	208
53	226
53	359
53	632
53	870
54	335
54	993
55	109
55	172
55	196
55	464
55	507
55	653
55	754
55	883
56	268
56	419
56	435
56	514
56	721
57	74
57	447
57	642
57	687
58	366
59	262
59	907
59	983
60	98
60	314
60	441
60	604
61	288
62	729
62	882
63	146
63	400
64	262
64	284
64	438
65	315
65	348
65	372
65	380
65	397
65	459
65	556
65	645
65	872
66	162
66	363
66	624
66	755
67	104
67	280
67	447
67	907
67	936
68	946
69	155
69	175
69	258
70	176
70	227
70	250
70	319
70	658
70	740
71	106
71	397
71	655
71	669
71	905
71	970
71	973
72	707
73	547
73	656
73	848
74	143
74	194
74	570
75	85
75	451
75	494
75	925
76	252
76	282
76	452
76	671
76	691
76	787
76	931
76	935
77	154
77	235
77	793
77	881
77	922
77	976
78	114
78	269
78	753
78	972
79	629
79	652
79	661
80	195
80	424
80	579
80	824
80	839
80	998
81	229
81	268
82	446
82	630
83	175
83	291
83	319
83	688
83	912
84	111
84	228
84	270
84	762
84	794
85	761
86	129
86	311
86	725
87	188
87	413
87	634
87	737
87	974
88	952
88	980
89	822
89	994
90	150
90	181
90	248
90	271
90	673
90	774
91	539
92	103
93	181
93	478
93	546
93	809
93	961
94	413
96	306
96	766
96	792
97	315
97	358
97	667
97	770
97	940
98	135
98	259
98	305
98	535
98	552
98	640
98	671
99	190
99	483
99	833
100	343
101	129
101	210
101	222
101	297
101	318
102	253
102	691
102	704
102	736
103	227
103	514
103	561
103	683
104	321
104	380
104	669
105	123
105	206
105	659
106	275
106	556
106	725
106	831
107	196
107	374
107	531
107	590
107	844
108	177
108	265
108	340
108	427
108	808
109	228
109	274
109	329
109	468
109	469
109	470
109	558
109	604
109	825
110	919
111	165
111	295
111	979
112	191
112	331
112	665
112	734
112	952
112	984
113	120
113	564
113	567
113	613
113	961
114	539
114	589
114	710
114	761
114	906
114	954
115	808
116	325
116	376
116	830
117	296
117	444
117	501
117	512
117	572
117	621
117	663
117	675
118	261
118	401
118	431
118	890
118	896
118	945
119	264
119	760
120	563
120	617
120	640
120	784
120	860
120	936
122	220
122	343
122	659
122	688
122	802
123	716
123	725
123	919
124	204
124	543
124	585
124	658
125	142
125	648
126	336
126	876
126	931
127	360
127	506
127	863
127	870
128	140
128	246
128	363
128	858
129	143
129	586
129	630
129	669
129	748
130	462
130	482
131	547
131	678
131	730
132	340
132	369
132	379
132	645
132	792
132	857
132	929
133	167
133	649
133	958
134	318
134	448
134	602
134	734
135	658
135	895
135	902
135	920
136	942
137	314
138	152
138	217
138	690
138	745
138	790
139	357
139	389
139	639
139	868
139	890
140	155
140	172
140	267
140	727
141	285
141	375
141	651
141	714
141	750
141	892
141	942
142	163
142	742
142	750
143	301
143	329
143	552
143	892
144	206
144	259
144	280
144	298
144	820
144	892
145	200
145	205
145	237
145	286
145	339
145	947
146	170
146	572
146	574
146	578
147	306
147	352
147	680
147	799
147	870
148	450
148	479
148	565
148	679
148	769
149	259
149	369
149	562
149	726
149	839
150	371
150	985
151	259
151	450
152	978
153	281
153	316
153	364
153	452
153	587
153	806
153	854
154	562
154	762
155	455
155	811
156	420
157	393
157	498
157	568
157	744
157	802
157	936
158	164
158	331
158	332
158	977
159	259
159	340
159	450
159	482
159	509
159	525
160	436
160	772
160	839
161	880
162	268
162	446
162	735
163	233
163	796
163	828
164	174
164	235
164	375
164	658
164	668
164	757
165	235
165	302
165	523
166	413
166	570
166	602
166	630
167	245
167	624
168	597
168	769
168	925
169	558
169	646
170	597
170	667
171	247
171	582
171	599
172	200
172	304
172	424
172	431
172	621
172	894
173	232
173	954
174	379
174	441
174	498
174	956
175	188
175	889
176	257
176	327
176	420
176	582
177	503
177	657
177	715
177	821
177	955
178	181
178	202
178	455
178	717
178	949
179	248
179	467
179	949
179	986
180	981
181	373
181	802
182	585
182	657
182	768
183	298
183	488
183	527
183	693
184	209
184	419
184	480
184	745
184	832
184	951
184	967
185	467
185	734
186	239
186	296
186	440
186	474
186	644
186	929
187	639
188	205
188	692
188	954
189	300
189	454
190	728
190	733
190	802
192	225
192	264
192	860
193	485
193	633
193	678
193	709
193	796
193	878
194	207
194	725
194	821
194	845
194	917
195	635
195	787
195	827
195	905
196	389
196	588
196	842
197	285
197	427
197	723
197	860
199	480
199	847
199	987
200	465
200	739
200	973
201	360
201	415
201	517
202	922
202	937
202	997
204	223
204	700
204	751
204	895
205	207
205	323
205	473
205	609
205	760
205	823
206	325
206	388
206	613
206	972
207	294
207	360
207	433
207	480
207	946
208	213
208	425
208	940
209	475
209	546
209	744
210	600
210	705
210	813
211	286
211	361
211	521
211	773
211	897
212	451
212	523
212	830
212	836
213	370
213	385
213	560
213	691
213	885
214	278
214	378
214	678
214	717
215	849
216	243
216	375
216	993
217	732
218	913
219	236
219	537
219	601
219	988
220	279
220	386
220	762
220	777
220	932
221	340
221	842
221	991
222	243
222	379
222	435
222	881
222	945
223	272
223	678
223	859
223	876
224	476
224	987
225	676
225	796
226	395
226	961
226	975
227	271
227	632
227	806
228	376
228	432
228	630
228	937
228	991
229	421
229	776
230	255
230	367
230	538
230	704
230	900
231	438
231	823
232	332
232	419
232	575
232	580
232	675
232	905
233	599
233	664
233	767
233	769
234	264
234	595
234	808
234	900
234	943
235	547
235	703
236	260
236	505
236	645
237	293
238	404
238	468
238	687
238	939
239	387
240	296
240	525
240	776
240	957
241	258
241	278
242	307
243	252
244	318
245	422
245	813
246	860
247	252
247	937
248	807
248	901
248	953
249	452
249	483
249	643
249	707
249	788
251	319
251	417
251	444
251	737
252	419
252	808
253	308
253	313
253	958
254	266
254	350
254	771
255	791
255	816
255	967
256	635
257	432
257	513
257	676
257	782
258	539
258	697
258	807
259	294
259	631
259	732
259	748
259	954
260	303
260	331
260	429
260	905
261	294
261	314
261	940
261	987
263	315
263	742
263	989
264	531
264	574
264	851
264	955
265	577
265	624
265	893
265	908
266	296
266	617
267	425
267	527
267	850
267	968
268	458
268	701
268	828
268	989
269	332
269	960
270	396
270	434
270	849
271	638
271	819
271	984
272	412
272	445
272	478
272	788
272	867
272	894
273	348
273	746
273	763
273	916
274	415
275	312
275	516
275	964
276	534
276	710
276	915
277	800
277	842
278	809
279	393
280	516
280	563
281	386
281	414
282	362
282	793
283	289
283	857
284	463
284	534
284	921
285	623
286	466
286	541
286	563
287	386
287	636
287	722
287	778
288	340
288	473
288	547
289	336
289	462
289	720
289	900
289	949
290	318
290	749
290	769
290	906
291	769
291	892
292	666
292	690
293	716
293	723
293	911
293	987
294	392
294	716
294	974
295	402
295	448
295	662
295	670
296	811
297	456
297	793
297	808
298	603
299	701
300	321
300	654
300	690
300	826
300	869
301	426
301	618
301	641
301	769
301	842
301	935
302	630
302	654
302	751
303	406
303	524
303	860
303	910
304	970
305	377
305	765
305	835
305	995
306	337
306	441
306	513
306	854
306	930
307	368
307	395
307	680
307	977
308	378
308	386
308	775
308	992
309	340
309	356
309	559
309	706
310	613
311	697
311	767
312	810
313	467
313	553
314	874
315	363
315	568
315	569
315	668
315	955
315	979
316	324
316	607
316	742
317	591
317	601
317	605
317	757
318	825
319	357
320	442
320	899
321	589
321	629
321	717
322	446
322	571
322	658
322	747
323	423
323	748
324	491
324	736
325	499
325	537
325	814
325	832
326	687
327	538
327	587
327	657
327	903
327	962
328	401
329	785
329	796
330	415
330	416
330	645
330	663
330	723
331	729
332	372
332	453
332	679
332	684
333	478
333	523
333	711
333	744
334	393
334	412
334	797
336	467
336	487
336	544
336	638
336	706
336	770
336	893
336	989
337	388
337	401
337	780
337	860
337	873
338	343
338	744
339	435
339	601
339	716
339	877
339	952
340	914
341	624
341	644
342	511
342	648
342	701
343	475
343	712
343	775
343	879
343	931
344	650
345	375
345	630
345	729
345	892
345	902
346	349
346	353
346	500
346	621
346	656
347	418
347	873
347	921
348	697
348	982
349	431
349	689
350	469
350	593
350	889
350	994
351	377
351	383
351	539
351	857
352	356
352	687
353	765
353	814
353	873
354	423
354	490
354	606
354	865
355	391
355	971
356	648
357	427
357	802
357	987
358	452
358	532
359	531
359	623
360	602
360	703
360	802
360	983
361	694
361	962
362	477
362	675
362	696
362	999
363	428
363	718
363	838
364	586
365	368
365	840
365	953
366	605
367	536
367	933
368	401
368	487
368	926
368	963
369	919
370	457
370	670
370	858
370	888
370	923
371	502
371	778
371	788
371	877
371	945
372	437
372	665
374	576
374	631
374	711
374	843
374	963
375	389
375	477
375	882
375	978
376	416
376	471
376	601
376	645
376	663
376	823
376	846
377	470
377	479
377	506
377	710
377	741
377	856
378	423
378	469
378	620
378	956
379	427
379	556
379	565
379	592
379	816
380	613
381	535
381	593
381	921
382	458
382	826
382	920
382	938
382	962
383	420
383	720
384	622
386	428
386	461
386	674
387	645
388	849
389	448
389	641
389	705
390	680
390	772
391	425
391	838
393	936
393	974
394	500
394	738
395	452
396	577
396	984
397	415
397	433
397	581
397	909
398	481
398	716
398	961
399	696
399	895
400	542
400	753
400	922
400	932
401	955
402	942
403	698
403	829
404	511
405	774
405	980
406	459
406	881
406	991
407	628
407	887
408	457
408	471
408	839
409	443
409	921
410	521
410	635
410	647
410	902
411	638
412	427
412	434
412	485
412	684
412	826
412	875
413	683
414	856
414	894
415	615
415	684
416	726
416	776
417	591
417	617
418	451
418	496
418	530
418	639
418	898
419	512
419	849
419	879
420	489
420	833
421	551
421	853
422	510
422	765
422	816
422	836
423	466
423	511
424	546
424	549
424	920
425	508
425	630
425	968
426	520
426	618
426	970
427	498
428	734
428	749
428	973
429	475
429	960
430	477
430	486
430	489
430	683
430	747
430	952
431	458
431	573
431	748
431	975
433	441
433	609
433	668
433	686
433	745
433	779
433	816
434	498
434	543
434	749
434	814
435	482
436	494
436	791
436	827
436	932
436	982
437	675
437	964
438	609
438	718
438	853
439	533
439	780
440	477
441	484
441	874
442	897
442	991
443	704
443	829
443	940
444	545
446	487
446	580
446	862
446	932
446	952
447	506
447	691
447	696
447	915
447	924
448	490
448	547
448	735
448	817
448	921
448	955
449	910
450	585
450	614
450	964
452	607
452	920
455	597
455	810
455	814
456	570
456	853
457	499
457	841
458	796
458	974
459	844
460	901
461	667
461	684
461	745
463	507
464	674
464	778
465	509
465	646
466	503
466	705
466	906
466	954
466	982
467	996
468	617
468	882
468	884
468	978
469	928
470	694
470	983
471	589
471	748
471	906
472	978
473	519
473	677
474	548
474	565
474	707
476	564
476	645
476	938
477	680
477	920
477	997
478	517
478	589
478	597
478	644
478	976
479	679
480	634
481	518
481	539
481	592
481	656
482	761
483	590
483	746
484	621
484	765
484	855
485	954
486	682
486	856
487	585
487	625
487	819
488	601
488	638
488	758
488	775
489	490
489	493
489	623
489	720
490	501
490	718
490	932
490	952
491	647
492	817
492	852
492	855
492	946
493	548
493	659
494	606
494	762
494	793
494	804
495	606
495	764
495	980
496	555
496	923
497	561
497	587
497	627
497	651
497	864
497	916
497	979
498	932
499	791
500	788
501	593
501	693
502	716
502	944
503	850
504	532
504	543
504	786
505	531
505	716
505	719
505	989
506	623
506	635
507	593
507	779
509	602
509	663
510	593
510	783
511	559
512	587
512	883
516	690
517	681
517	848
518	949
520	629
520	695
520	709
521	614
521	863
522	971
523	648
523	961
524	593
524	805
525	782
526	667
526	914
527	612
527	626
529	744
531	683
531	746
531	981
533	753
533	757
534	642
534	680
534	848
535	601
536	654
536	822
537	670
537	749
537	814
537	816
538	565
538	635
538	822
538	975
539	799
540	725
540	824
540	834
540	872
543	647
543	661
543	943
544	924
545	654
546	579
546	926
547	750
548	691
548	754
550	661
552	671
552	852
552	925
552	959
554	642
554	648
555	598
555	754
555	855
555	965
556	855
557	764
557	978
558	648
558	872
558	903
559	594
559	923
561	705
561	752
561	861
562	904
562	921
563	877
563	914
564	739
565	635
565	857
566	638
566	726
566	923
567	946
568	732
568	938
569	753
569	879
570	624
570	635
570	646
570	767
572	616
572	762
574	623
574	672
574	708
575	764
575	825
575	894
576	854
576	896
577	666
577	820
577	852
579	694
580	653
580	715
581	803
582	696
583	987
584	730
585	718
586	756
587	633
587	931
590	778
590	831
590	954
590	993
591	651
591	881
592	696
592	828
593	977
594	807
594	887
594	974
595	846
595	904
595	946
596	855
597	925
598	867
598	898
600	865
601	844
602	809
602	930
603	669
603	887
604	641
606	934
607	670
607	791
607	889
609	671
609	720
610	733
610	879
610	969
611	619
611	678
611	828
612	897
613	962
614	970
618	776
618	914
619	781
619	783
619	805
620	663
620	764
623	864
623	917
623	928
625	649
625	682
625	872
625	974
626	750
629	708
629	776
629	821
629	896
630	644
630	881
632	857
632	876
633	889
635	764
635	939
636	709
636	725
636	868
636	936
637	638
637	642
637	863
638	704
638	920
638	970
639	923
640	757
640	982
642	739
642	764
642	914
644	657
646	680
647	825
648	699
649	868
650	770
651	937
655	932
656	780
657	925
659	693
659	817
660	678
660	806
661	881
662	860
664	804
665	893
667	707
667	709
667	952
668	968
670	779
670	897
670	957
671	817
671	833
673	707
673	799
675	724
675	958
676	820
677	812
678	892
679	860
679	866
679	993
680	898
681	743
681	759
681	957
682	742
682	988
683	832
685	948
686	935
687	968
688	778
688	894
690	881
690	970
692	718
692	754
693	773
693	850
693	879
693	954
694	856
695	836
695	942
697	906
698	718
699	705
699	918
702	792
702	798
703	900
704	967
705	777
707	811
707	886
708	744
708	854
709	742
710	897
710	989
715	828
715	874
716	726
716	913
716	938
718	766
719	824
719	879
719	923
720	738
720	998
721	927
722	761
724	894
724	939
726	848
726	967
728	758
728	941
729	907
730	996
731	756
732	808
732	861
735	919
736	792
737	782
737	867
737	974
739	837
744	796
745	900
746	948
746	977
747	967
749	752
749	961
752	903
752	935
753	809
753	839
753	846
753	870
754	924
754	975
755	876
755	975
759	796
760	923
760	932
760	980
761	848
762	785
765	815
766	888
766	998
770	851
770	937
770	942
771	825
772	966
777	801
778	893
778	938
780	823
782	797
782	874
783	996
784	950
785	789
785	936
787	871
788	872
788	966
789	808
789	890
791	820
792	860
794	915
795	914
796	938
799	887
800	895
801	925
804	928
806	809
806	912
809	898
809	981
812	942
814	947
815	831
815	993
818	832
820	874
821	870
821	872
824	858
825	946
826	885
826	961
827	872
827	957
828	849
831	856
831	917
832	851
832	914
832	918
832	964
832	975
833	900
834	954
834	981
835	966
837	902
837	915
839	917
839	984
840	886
840	982
842	921
842	991
844	878
846	890
846	893
846	961
848	886
851	911
853	961
873	988
876	882
876	978
877	931
881	928
881	989
882	915
883	921
884	947
885	992
887	974
888	997
889	915
892	991
893	908
896	958
900	964
900	975
901	967
909	916
909	930
909	936
910	993
921	991
922	936
926	992
938	977
939	950
946	985
955	965
970	983
970	999
979	983