0	47
0	156
0	277
0	853
0	886
1	133
1	333
1	545
1	629
1	768
1	859
2	3
2	378
2	461
2	813
3	138
3	262
3	371
3	428
3	464
4	233
4	417
4	613
5	105
5	162
5	584
5	945
5	975
6	580
6	660
6	754
6	766
7	214
7	417
8	122
8	341
8	410
8	467
8	469
8	811
9	22
9	96
9	801
9	849
10	109
10	165
10	229
10	745
10	916
10	959
11	107
11	525
11	771
12	704
12	764
12	834
12	855
13	57
13	62
13	576
13	823
13	993
14	157
14	248
14	461
15	356
15	420
15	457
15	471
15	506
15	983
16	79
16	583
16	918
17	92
17	169
17	246
17	248
17	539
17	619
17	633
17	650
17	759
18	75
18	213
19	153
19	450
19	615
20	779
20	803
20	868
21	22
21	76
21	113
21	631
21	740
21	767
21	808
22	84
22	592
22	694
22	762
22	788
22	789
22	805
22	922
23	620
24	250
25	585
25	689
25	735
26	27
26	143
26	189
26	513
26	518
26	570
26	654
26	721
27	228
27	246
27	481
27	549
27	661
27	862
28	798
28	805
29	291
29	335
29	436
29	688
30	45
30	181
30	465
30	914
30	932
30	973
30	977
31	373
32	102
32	586
32	749
32	814
33	124
33	242
33	942
34	370
34	573
34	589
34	948
35	69
35	191
35	350
35	690
35	982
36	288
36	799
36	823
37	187
37	455
37	641
37	981
38	583
38	690
38	809
39	396
39	421
39	429
39	581
39	603
39	810
39	852
40	97
40	305
40	671
40	738
41	57
41	446
41	775
42	409
42	473
43	68
43	222
43	334
43	467
43	792
43	898
44	251
44	548
44	911
44	954
44	964
45	129
45	196
45	368
45	558
46	205
46	208
46	614
46	639
46	815
46	837
47	128
47	823
47	843
47	891
48	78
48	83
48	607
48	842
48	859
48	928
49	265
49	560
49	846
50	107
50	213
50	321
50	460
50	468
50	553
50	594
50	630
50	947
51	965
52	417
52	542
52	980
53	438
53	566
54	104
55	106
55	160
55	329
56	291
56	295
56	587
56	692
56	761
57	176
57	206
57	399
57	582
57	724
58	63
58	170
58	580
58	694
58	696
59	268
59	277
59	329
59	626
59	858
59	874
59	939
59	980
60	167
60	404
60	418
60	767
61	335
61	392
61	561
61	584
61	824
61	828
61	986
62	291
62	617
62	748
62	764
62	800
62	966
63	100
63	113
63	232
64	132
64	232
64	371
64	464
64	712
64	921
65	237
65	443
65	996
66	609
66	669
66	693
66	845
67	134
67	157
67	276
67	582
67	658
67	737
67	913
67	960
67	980
68	188
68	346
68	495
68	527
68	966
69	73
69	123
69	127
69	155
69	419
69	439
69	491
69	816
70	323
70	347
70	479
70	747
70	920
71	163
71	292
71	529
71	532
72	619
72	841
72	949
72	970
73	181
73	227
73	256
73	578
73	877
74	130
75	406
75	650
75	842
75	907
76	85
76	240
76	253
76	462
76	853
76	926
77	163
77	786
77	824
77	996
78	161
78	273
78	953
79	305
79	588
79	682
79	789
79	935
80	260
80	306
80	604
80	610
80	881
81	674
81	682
81	704
81	833
81	983
82	206
82	491
82	529
82	573
82	574
83	314
83	321
83	463
83	478
84	233
84	861
84	871
85	217
85	242
85	277
85	298
85	388
85	771
86	216
86	342
86	524
86	817
87	432
87	666
87	984
88	190
88	882
89	172
89	316
89	343
89	371
89	432
89	694
90	224
90	242
90	465
90	902
91	146
92	240
92	419
92	470
92	497
92	598
92	841
93	234
93	720
93	721
94	376
94	621
94	673
95	654
95	832
96	174
96	342
96	795
97	144
97	534
98	138
98	992
99	168
99	246
99	431
99	761
100	713
100	813
101	337
101	631
101	837
102	504
102	735
103	633
103	730
103	964
104	259
104	322
104	350
104	898
104	912
105	223
105	440
105	444
105	692
105	824
105	928
106	426
106	769
107	270
107	587
107	999
108	196
108	233
108	259
108	260
108	704
109	287
109	374
109	446
110	128
110	289
110	626
110	774
110	931
111	571
111	587
112	203
112	696
112	955
112	969
113	415
113	437
113	468
113	486
113	590
113	638
113	883
113	893
114	134
114	289
114	584
114	619
114	916
114	999
115	317
115	552
115	595
116	733
116	835
117	285
117	596
117	720
117	900
118	121
118	361
118	370
118	923
119	731
120	306
120	732
121	199
121	403
121	723
121	725
121	930
122	218
122	306
122	360
122	546
122	706
122	798
122	838
122	923
122	995
123	550
123	612
123	650
123	988
124	143
125	359
125	390
125	406
126	276
126	477
126	975
127	477
127	618
127	649
128	657
128	781
129	440
129	520
129	828
129	967
130	381
130	563
130	875
131	280
131	886
131	945
132	365
132	369
132	996
133	584
133	861
134	707
135	172
135	311
135	637
135	949
136	775
136	868
137	299
138	157
138	942
139	359
139	933
140	410
140	414
140	476
140	721
140	736
140	739
140	769
141	169
141	204
141	395
141	413
141	488
141	545
141	713
142	173
142	778
143	185
143	569
145	245
145	262
145	484
145	517
145	525
145	800
145	917
145	954
146	648
146	793
147	436
147	535
148	660
149	459
149	543
149	559
149	763
149	892
150	807
150	850
151	566
151	699
151	811
151	838
152	473
152	631
153	257
153	369
153	719
153	879
153	896
153	898
154	428
154	471
154	575
154	672
154	692
154	743
154	802
154	812
154	819
155	498
155	959
155	962
156	317
156	357
156	420
156	827
156	854
157	173
157	315
157	636
157	678
157	819
158	175
158	273
158	933
159	171
159	239
159	693
159	698
159	868
160	593
160	700
160	795
161	690
162	383
162	395
162	855
162	990
163	635
163	914
163	946
163	964
164	268
164	303
164	406
164	502
164	646
164	647
164	934
164	943
165	288
165	632
166	740
167	361
167	426
167	999
168	356
168	798
168	934
169	389
169	873
170	248
170	786
171	305
171	507
171	664
172	334
172	779
173	353
173	483
173	655
173	760
173	872
174	211
174	401
174	626
174	837
174	905
175	596
177	876
178	439
178	588
178	688
179	471
179	747
180	204
180	205
180	962
181	293
181	638
181	795
181	888
182	779
183	540
184	620
184	750
184	873
185	279
185	654
185	657
186	370
186	611
186	860
187	733
187	773
188	389
188	409
188	726
189	269
189	333
189	598
189	607
189	636
189	958
190	302
190	486
191	209
191	257
191	383
191	497
191	507
191	977
192	294
192	928
192	996
193	635
194	391
194	576
194	733
194	742
195	265
196	769
196	817
197	231
198	467
198	489
198	925
199	218
199	281
199	757
199	836
200	777
201	479
201	983
202	568
202	627
202	721
202	803
203	940
204	347
204	995
205	215
205	272
205	379
205	690
205	724
207	585
208	323
208	330
208	515
208	909
208	976
209	222
209	340
209	930
210	211
210	634
210	955
211	385
211	739
211	820
211	934
212	380
212	475
212	680
212	690
214	245
214	526
214	642
215	381
215	487
215	616
215	762
215	902
216	380
216	553
217	385
217	501
217	565
217	780
218	511
218	994
219	578
219	757
220	348
220	898
220	982
221	647
221	693
221	724
222	674
222	734
222	972
223	238
223	416
224	244
224	495
224	562
224	582
225	417
225	667
225	893
226	792
226	906
227	413
227	533
227	608
228	391
228	422
228	573
229	299
229	323
229	532
229	675
230	458
230	912
230	979
231	568
231	627
231	696
232	280
232	337
232	339
232	588
233	622
233	781
234	559
234	769
235	276
235	476
235	521
235	524
235	546
235	924
235	951
235	999
236	437
236	643
236	718
236	837
236	933
236	962
237	967
239	587
239	728
239	740
239	844
240	271
240	402
240	508
240	640
240	736
240	744
241	402
241	434
241	989
242	781
243	329
243	602
243	857
244	764
244	789
245	390
245	663
245	857
246	250
246	397
246	469
246	737
247	293
247	382
247	471
247	585
247	605
247	691
247	796
247	858
248	398
248	450
248	613
248	710
249	283
249	424
249	509
249	572
249	610
249	881
249	990
250	274
250	408
250	693
250	732
251	733
252	300
252	335
252	640
252	893
252	990
252	999
253	427
253	679
253	940
254	407
254	456
254	527
254	994
255	312
255	405
255	508
255	957
256	578
256	611
256	706
256	739
256	959
257	909
257	985
258	603
259	317
259	791
259	981
260	730
260	933
261	526
261	762
262	288
262	345
263	273
263	341
263	510
264	272
264	439
264	678
264	924
265	327
265	404
265	601
265	706
265	779
266	439
266	998
267	364
267	372
267	401
267	558
267	844
268	322
268	380
268	395
269	294
269	429
269	579
269	658
269	672
269	878
270	473
270	813
271	792
271	837
272	284
273	536
273	643
274	288
274	605
275	381
275	490
276	416
276	543
277	540
277	793
277	862
277	943
277	963
278	366
278	734
278	904
279	412
279	564
279	603
279	726
279	746
279	960
280	311
280	421
281	338
281	763
281	767
281	825
282	550
282	878
283	372
284	350
284	511
284	733
285	444
285	632
285	946
285	981
286	448
286	633
286	770
286	929
286	931
287	551
287	569
287	944
288	316
288	618
288	746
288	909
289	299
289	622
289	701
289	779
289	838
290	823
290	849
290	867
291	543
291	679
292	506
292	565
292	580
293	696
294	473
295	371
295	991
296	940
297	313
297	330
297	486
297	526
297	993
298	707
298	716
298	718
298	772
298	895
299	643
299	829
300	863
301	438
301	517
301	569
301	735
301	949
302	381
302	418
302	709
303	334
303	392
303	847
303	950
304	993
305	841
305	926
306	908
307	363
307	385
307	451
307	669
307	743
308	780
308	990
309	412
310	334
310	353
310	659
310	693
310	903
311	315
311	410
311	451
311	531
312	759
312	861
312	963
312	968
313	860
313	867
314	647
314	799
314	903
314	985
315	324
315	514
315	620
315	659
316	356
316	427
316	509
316	769
317	596
317	693
317	923
318	645
319	550
319	563
319	645
319	679
319	785
319	927
319	950
320	523
320	816
321	838
322	458
322	525
322	707
322	745
323	638
323	882
324	345
324	585
324	876
324	877
325	413
325	528
326	512
326	720
326	924
327	516
327	659
327	768
328	377
328	499
328	842
329	870
330	610
330	784
331	432
331	644
332	911
333	508
333	646
333	823
334	437
335	516
335	670
335	779
336	574
336	719
336	766
336	880
337	353
337	582
337	676
337	683
337	939
340	754
341	547
342	533
343	776
343	821
343	914
343	934
344	345
344	774
344	776
344	786
344	908
345	497
345	589
346	491
348	395
348	759
348	760
349	419
349	919
350	374
350	442
350	492
350	694
350	980
351	460
351	766
351	967
352	736
353	364
353	531
353	809
354	819
354	882
354	962
355	465
355	500
355	702
355	786
356	404
356	770
356	789
356	987
357	454
357	603
357	765
357	898
358	512
358	772
359	572
359	606
360	550
360	897
360	907
361	400
361	558
361	935
362	616
362	876
363	479
363	630
363	687
363	763
363	827
364	422
364	936
365	670
365	672
365	707
366	429
366	624
367	746
368	493
368	547
368	969
369	482
369	840
369	966
369	997
370	527
370	578
370	628
370	974
371	629
371	695
371	718
372	639
372	729
372	765
372	784
372	943
373	377
373	509
373	582
373	806
373	828
374	399
374	724
374	937
375	667
375	723
375	779
375	849
375	853
376	929
379	396
379	581
379	928
380	430
380	456
380	876
381	732
381	755
382	418
382	445
382	492
382	670
382	691
382	879
383	428
383	483
384	585
384	638
385	529
385	790
386	424
386	448
386	847
386	975
387	421
387	693
387	965
388	684
388	760
388	883
389	576
389	694
389	977
390	795
390	950
391	879
392	467
392	632
392	857
393	551
393	712
393	924
393	971
393	975
394	542
394	643
394	645
394	853
395	547
395	602
396	548
396	675
396	824
397	414
397	501
397	781
397	906
398	570
399	453
400	822
401	480
401	582
402	743
403	507
403	579
403	766
404	538
404	939
405	468
405	490
405	564
405	837
406	699
406	816
406	872
407	412
408	544
408	828
408	928
409	633
409	645
409	669
409	818
410	461
411	805
412	834
413	556
413	838
413	858
414	535
415	430
415	625
415	816
416	610
418	475
418	835
419	512
419	603
419	994
420	440
420	485
420	605
420	666
420	781
420	826
420	857
421	484
421	722
421	727
422	873
423	620
423	883
424	758
424	846
425	460
425	632
426	562
426	750
426	766
426	884
426	956
427	514
427	531
427	540
427	859
428	517
428	690
428	780
429	457
429	527
429	642
429	853
431	442
431	466
431	608
431	617
432	644
432	753
432	962
433	593
433	899
433	940
434	457
434	755
435	525
435	672
436	442
436	630
436	721
437	620
437	784
437	838
437	886
438	948
438	956
439	939
440	479
441	545
441	557
441	662
441	797
441	858
441	863
441	936
442	475
442	519
442	605
442	792
442	868
443	467
443	492
443	684
443	788
444	853
445	757
446	820
446	907
447	838
448	889
449	454
449	556
449	916
450	503
450	935
451	582
451	640
452	733
452	797
452	808
452	838
453	788
453	914
453	924
453	971
454	538
454	795
454	889
455	482
455	639
455	760
456	528
456	993
457	733
457	995
458	854
458	908
459	500
459	520
459	996
460	797
460	845
461	766
461	913
463	687
463	853
464	527
464	717
464	866
465	472
465	639
465	681
465	808
466	472
466	702
467	744
468	574
468	594
470	728
471	547
472	715
472	756
473	812
473	887
474	542
475	564
475	583
475	651
475	675
475	996
476	783
476	862
476	865
477	709
477	838
479	739
480	659
481	971
482	840
483	784
483	834
483	909
483	986
484	688
484	828
485	569
485	934
486	679
486	913
487	515
487	671
487	680
487	739
488	645
488	846
489	582
489	885
489	967
491	582
491	806
491	994
492	756
493	733
493	761
493	967
493	989
494	599
494	973
495	665
495	756
495	955
496	580
496	762
497	634
498	650
498	838
499	503
499	582
499	687
500	600
500	949
501	537
501	642
501	704
501	739
502	509
502	621
502	762
502	935
502	974
503	543
503	573
505	631
505	693
505	978
506	609
506	904
506	940
508	515
508	919
509	515
509	622
509	848
509	874
510	622
510	729
510	782
511	678
511	801
511	829
512	588
512	926
513	552
513	753
513	942
513	975
514	820
514	922
515	559
515	708
517	940
518	548
518	567
518	642
518	785
519	889
519	917
520	628
520	645
520	683
520	900
521	798
522	577
522	754
522	896
522	900
523	561
523	892
524	888
525	604
526	662
527	769
527	959
528	616
529	587
529	614
530	678
531	671
532	909
532	940
534	594
534	635
534	883
535	874
535	894
536	966
537	553
537	554
538	755
538	773
540	827
541	627
541	958
542	626
544	601
544	609
544	628
545	858
546	840
546	869
547	713
547	841
547	959
548	563
548	690
548	950
548	968
548	997
549	729
550	825
550	903
550	923
550	971
551	783
551	815
551	906
552	664
552	698
552	997
553	622
554	604
554	670
555	670
557	602
557	646
558	662
558	810
559	968
560	710
560	750
560	877
561	817
561	981
563	747
563	816
564	645
565	975
566	598
566	607
566	719
566	863
566	964
567	643
568	588
568	758
568	779
569	620
569	636
570	951
571	800
572	797
573	597
573	944
574	611
575	606
575	672
575	988
576	597
576	598
576	938
577	599
577	628
577	767
577	774
578	619
578	801
579	625
579	941
580	635
580	661
580	724
580	918
581	634
581	696
581	927
582	619
582	720
583	829
583	865
584	856
584	920
585	587
585	630
585	694
586	611
586	810
586	812
586	835
586	886
586	952
586	995
588	650
588	875
589	755
591	846
592	693
592	709
592	941
592	944
594	867
594	969
594	990
595	653
595	658
595	756
597	723
598	963
599	797
599	947
600	614
601	746
601	760
603	842
603	974
606	880
607	638
607	642
608	738
608	887
608	900
610	984
611	838
613	883
616	635
616	822
616	945
616	946
617	857
618	845
618	890
619	663
619	862
620	870
623	666
623	861
623	909
624	656
625	849
626	671
626	713
626	722
626	891
627	682
627	794
627	907
630	668
631	685
631	712
631	736
631	857
631	900
631	992
633	798
633	862
633	934
634	788
635	710
636	778
636	805
636	826
637	694
638	775
638	813
638	899
639	657
639	766
639	821
640	645
640	853
640	914
641	789
643	724
644	645
647	776
648	704
648	902
648	954
649	669
649	849
649	874
652	744
653	882
655	802
655	986
656	776
657	696
657	760
657	952
658	997
659	708
660	946
661	848
662	751
663	860
664	804
666	810
666	904
667	764
668	741
668	772
670	844
673	758
673	901
675	724
676	884
676	908
676	990
677	781
677	813
679	795
681	694
684	834
685	776
685	928
686	881
686	916
687	771
688	802
688	816
691	697
691	820
691	959
692	716
692	877
693	743
693	929
694	955
696	727
696	975
698	839
698	904
699	710
699	763
699	871
699	936
700	896
701	887
701	906
701	937
702	912
703	750
703	915
704	808
705	888
706	790
706	949
706	981
707	877
708	861
708	893
708	901
709	834
709	874
710	844
711	850
711	888
714	771
715	749
716	866
717	752
718	851
719	737
719	904
720	958
721	964
721	992
722	912
722	986
723	759
724	797
725	944
726	964
726	986
727	979
728	839
728	957
728	982
729	886
730	813
730	837
730	848
731	936
732	808
732	910
733	951
735	988
737	796
737	816
739	956
740	865
741	866
743	929
744	801
746	809
746	920
748	773
748	987
750	962
752	883
753	841
755	856
758	861
758	898
759	789
759	809
759	871
763	904
763	976
764	778
765	922
769	831
769	840
770	787
773	898
773	901
774	859
774	884
779	867
779	940
781	855
781	864
781	935
782	909
783	799
785	953
785	974
790	868
790	959
791	827
793	961
795	864
796	879
797	807
797	852
797	861
799	877
800	860
803	941
804	942
805	815
806	898
808	865
809	902
809	913
810	901
811	853
812	843
814	847
814	861
814	952
814	972
814	983
815	835
817	992
818	886
818	915
820	916
821	899
823	878
824	852
824	874
825	848
825	850
825	903
826	993
828	982
829	833
829	899
830	890
831	894
834	987
837	895
838	929
840	910
840	996
841	850
841	901
846	901
846	930
850	867
853	952
854	966
856	913
857	874
858	982
861	898
862	964
865	971
865	976
866	988
869	944
870	881
872	922
872	925
872	995
876	947
879	890
882	986
886	913
890	918
891	961
891	978
895	900
897	937
899	992
900	925
900	987
904	928
904	944
906	936
907	912
911	996
913	927
915	926
915	951
918	954
928	935
935	951
938	983
948	982
951	978
951	984
953	959
955	993
959	982
961	989
963	999