0	154
0	464
1	244
2	48
2	269
2	707
2	738
3	62
3	327
4	269
4	382
4	442
4	520
4	573
4	631
4	842
4	945
5	136
5	311
5	424
5	435
6	59
6	69
6	347
6	573
7	18
7	569
7	630
7	674
8	340
8	587
8	881
8	948
9	197
9	896
10	202
10	339
10	639
10	762
10	781
11	438
11	566
11	592
11	754
11	878
12	667
12	773
13	40
13	207
13	490
13	854
14	211
14	376
14	426
14	882
14	996
15	769
15	960
15	997
16	237
16	384
16	434
16	922
17	399
17	664
17	843
18	27
18	350
18	722
18	867
19	590
19	616
19	816
20	566
20	717
21	39
21	60
21	290
21	659
21	895
22	165
22	198
23	875
23	878
23	982
24	58
24	105
24	180
24	203
24	445
24	619
24	753
24	800
25	699
25	760
25	764
25	825
25	828
25	853
26	28
26	472
27	101
27	151
27	264
27	508
27	666
27	675
27	828
27	881
27	964
28	812
28	898
28	939
29	202
29	604
29	867
30	149
30	176
30	320
30	502
30	629
30	950
30	972
31	120
31	434
31	526
31	736
31	803
31	828
32	592
32	704
32	746
32	823
32	963
32	977
33	363
33	649
33	745
33	906
33	944
34	41
34	343
34	606
34	794
35	236
35	270
35	484
35	695
35	834
35	861
35	970
36	53
36	115
36	124
36	165
36	753
37	212
37	705
37	899
38	154
38	277
38	381
38	630
38	767
38	991
39	835
39	941
40	194
40	465
40	622
40	887
41	155
41	235
41	303
41	651
41	819
41	987
42	952
43	112
43	157
43	541
43	552
43	585
43	603
43	851
43	923
44	207
44	394
44	475
44	727
44	829
44	925
45	148
45	405
45	590
46	58
46	92
46	946
47	111
47	491
47	657
47	788
48	64
48	325
48	631
48	818
49	56
49	71
49	241
49	498
50	54
50	66
50	114
50	165
50	529
51	269
51	412
51	926
51	988
52	554
52	654
52	671
52	738
53	374
53	582
53	897
54	524
54	599
54	787
54	842
55	146
55	819
55	994
56	271
56	649
56	658
57	93
57	386
57	474
57	491
57	546
57	888
58	185
58	489
58	789
60	357
60	384
60	495
60	736
61	222
61	432
61	890
62	168
62	203
62	236
62	303
62	567
62	621
62	634
63	101
63	721
63	826
64	109
65	92
65	246
65	252
66	313
66	380
66	976
67	382
67	407
67	416
67	501
67	851
68	475
68	520
68	694
69	623
69	859
70	366
70	894
71	118
71	148
71	497
71	604
71	709
71	769
71	825
71	944
72	103
72	209
72	538
72	617
73	791
73	880
74	292
74	422
74	676
74	795
74	963
75	107
75	214
75	330
75	507
75	730
75	911
76	274
76	377
76	536
76	863
77	94
77	275
77	563
77	568
78	976
79	175
79	505
79	579
79	747
79	765
79	919
80	517
80	594
80	917
81	229
81	561
81	833
82	163
82	168
82	347
82	511
82	614
82	765
82	951
82	961
83	156
83	708
83	744
84	131
84	260
85	106
85	108
85	266
85	711
85	826
86	129
86	239
86	432
87	930
88	595
88	639
88	851
89	484
89	558
89	594
89	606
89	833
90	181
90	212
90	324
90	551
90	755
90	907
91	305
91	517
92	197
92	511
92	545
92	752
92	877
93	98
94	363
94	432
94	689
94	700
95	237
95	369
95	471
95	557
96	547
97	463
97	562
98	740
98	802
98	835
98	871
98	997
99	210
99	420
99	661
99	809
100	133
100	204
100	243
101	153
101	165
101	378
101	422
102	585
103	163
103	417
103	503
103	741
103	914
104	120
104	173
104	462
104	782
104	920
105	212
106	335
106	603
106	785
107	152
107	226
107	369
107	845
107	919
108	136
108	312
108	472
108	581
109	165
109	307
109	364
109	502
110	816
110	907
111	762
112	168
112	274
112	323
112	334
112	702
112	713
112	923
112	995
113	307
113	355
113	536
113	711
114	249
114	332
114	339
114	922
115	979
116	248
116	337
116	829
117	197
117	243
117	389
118	296
118	469
118	514
118	522
118	963
119	343
119	369
119	628
119	681
119	712
119	886
119	947
120	289
120	690
120	800
121	338
121	779
122	137
122	164
122	403
122	410
122	485
122	591
123	608
123	614
123	750
124	438
124	617
124	737
125	169
125	308
125	646
125	687
125	986
126	308
126	472
126	564
127	166
127	208
127	495
127	510
128	495
128	560
128	867
128	870
129	829
129	974
130	550
130	720
131	653
132	330
132	508
132	537
132	845
132	859
133	178
133	352
133	893
133	901
134	187
134	487
134	776
134	906
135	752
135	904
135	992
136	361
136	672
136	862
136	877
136	901
136	967
137	175
137	314
137	821
137	873
138	237
138	672
138	858
139	256
139	439
139	620
139	629
139	775
139	905
140	259
140	364
140	501
140	622
140	705
140	774
140	877
140	893
141	448
141	855
141	895
141	998
142	662
142	689
142	823
142	866
143	508
143	771
144	161
144	271
144	578
145	300
145	477
145	688
145	727
145	881
146	664
146	921
147	159
147	261
147	428
147	508
147	630
147	761
147	828
148	319
148	424
148	545
149	166
149	220
149	237
149	860
149	927
150	314
150	360
151	177
151	184
151	320
151	382
151	669
151	740
151	757
152	275
152	459
152	687
152	779
152	899
153	264
153	283
153	354
153	711
154	974
155	353
155	922
155	934
156	175
156	382
156	585
156	675
156	893
157	436
157	706
157	882
158	197
158	329
158	521
160	293
160	359
160	435
161	536
161	756
161	770
162	941
162	965
163	257
163	698
164	169
164	668
164	798
165	591
166	562
166	604
166	943
167	391
167	648
167	873
168	255
168	318
168	340
168	447
168	771
169	421
169	929
170	357
170	868
171	258
171	267
171	646
171	675
171	686
171	711
171	832
171	901
172	257
172	346
172	363
172	540
172	865
173	181
173	397
173	472
173	664
173	673
173	834
173	886
174	283
174	373
174	797
175	555
176	578
176	843
177	461
177	498
177	526
177	569
177	800
177	996
178	284
178	334
179	361
179	587
180	325
180	904
181	213
181	235
181	257
181	879
182	375
182	422
182	596
182	857
183	233
183	256
183	413
183	944
183	992
184	551
184	579
184	606
184	670
185	269
186	529
186	567
186	681
186	922
187	328
187	511
187	837
187	967
187	983
188	571
189	958
189	972
190	782
191	249
191	268
191	296
191	806
192	283
192	338
193	670
194	203
194	470
194	562
195	369
195	574
195	670
196	966
197	499
197	963
198	200
198	356
198	477
198	489
199	228
199	276
199	352
199	354
199	503
199	595
199	792
199	850
199	958
200	896
201	214
201	537
202	369
202	379
202	620
202	751
202	937
204	411
204	446
204	702
204	714
204	822
205	328
205	649
205	926
206	260
206	509
206	728
207	278
207	908
209	247
209	429
209	586
210	317
210	600
211	464
211	481
211	678
212	408
212	484
212	514
212	609
212	682
212	936
213	478
214	491
215	604
215	834
215	988
216	243
216	277
217	234
217	470
217	538
217	560
217	737
218	648
218	903
219	226
219	632
219	721
219	785
220	614
220	626
221	233
221	453
221	462
221	480
221	843
221	897
221	978
222	437
222	744
222	762
222	846
223	317
223	357
223	480
223	498
223	499
223	671
223	672
223	779
224	344
224	572
225	345
225	392
225	490
225	813
225	848
226	657
226	794
226	814
227	273
227	914
229	232
229	396
229	762
230	248
230	353
230	616
231	446
231	719
232	755
233	318
233	457
233	999
234	800
234	806
235	528
235	791
236	887
236	976
237	849
237	927
237	971
238	522
238	862
238	962
239	325
240	361
240	430
240	449
240	750
240	844
240	863
240	889
241	322
242	345
242	423
242	698
242	865
243	388
243	858
244	599
245	295
245	309
245	453
245	569
245	644
246	321
246	451
246	613
247	287
247	458
248	446
248	473
248	495
248	785
248	841
249	768
250	509
250	731
250	928
251	436
252	347
252	653
252	802
253	261
253	408
253	666
254	400
254	507
254	708
254	730
255	359
255	496
255	687
255	780
256	785
257	262
257	326
257	490
257	594
257	932
258	856
259	933
260	343
260	404
260	439
260	604
260	765
260	980
261	454
261	921
262	395
262	662
262	881
262	986
263	354
263	540
263	581
264	290
264	360
264	494
264	520
264	542
265	744
266	272
266	352
266	857
267	305
267	323
267	534
267	706
267	861
268	479
268	666
268	967
268	984
269	642
269	651
270	576
270	653
270	684
271	424
271	658
272	313
272	339
272	341
272	393
272	435
272	517
272	855
272	943
273	302
273	323
273	369
273	742
273	750
274	468
274	676
274	688
274	961
275	629
276	592
276	991
277	361
277	751
278	354
278	541
278	751
279	515
280	827
281	376
281	383
281	446
281	882
281	952
282	294
282	751
283	795
283	839
283	917
284	498
284	740
285	434
285	652
286	570
287	414
287	694
287	870
288	662
289	462
289	648
289	890
290	401
290	484
290	712
290	759
291	358
291	433
291	882
292	634
292	751
292	926
293	873
293	901
294	640
294	866
295	843
296	427
296	900
297	359
297	657
298	723
298	747
298	753
298	776
298	847
298	936
299	394
299	622
299	644
299	758
299	830
300	418
300	828
300	961
301	443
301	520
301	922
301	972
301	996
302	698
302	866
302	977
303	871
304	428
304	764
304	967
305	495
305	575
305	666
305	822
306	384
308	585
308	825
308	962
309	338
309	567
310	370
310	480
310	490
310	534
310	865
311	473
311	634
311	942
312	726
312	779
312	810
312	912
313	558
314	462
314	521
314	565
314	736
314	873
315	423
315	426
315	788
316	858
316	976
316	980
317	914
317	918
318	764
318	932
318	942
319	593
320	504
320	575
320	608
321	601
321	776
321	813
321	909
321	989
322	538
322	652
322	734
322	896
322	952
322	986
323	611
323	814
324	353
324	763
324	821
325	483
325	723
326	438
326	497
328	624
328	706
328	713
328	736
328	874
329	429
329	600
329	783
330	749
330	872
331	620
331	954
331	991
332	336
332	428
332	574
332	638
333	448
333	637
333	721
333	871
334	642
334	888
334	899
335	370
335	524
335	915
335	978
336	850
337	624
337	902
337	943
338	665
338	987
339	414
339	433
339	882
339	953
340	582
340	875
341	490
341	745
341	835
341	874
342	345
342	439
342	560
342	604
342	959
343	765
344	955
344	957
345	361
345	433
345	868
345	895
346	888
346	912
348	446
348	731
349	377
349	645
349	658
349	670
349	949
350	737
350	742
350	831
350	964
351	498
351	527
351	859
351	882
351	907
353	477
353	520
353	944
354	385
354	707
354	759
355	509
355	732
355	843
356	454
356	675
356	785
356	891
357	568
357	720
359	726
359	769
359	903
360	770
360	905
361	753
361	954
362	379
362	540
362	885
363	441
363	604
363	907
364	668
364	676
364	979
365	777
366	590
366	843
367	378
367	444
367	466
367	759
367	928
368	431
368	574
368	622
368	708
368	937
369	501
369	620
369	954
370	521
370	808
371	536
371	643
371	729
372	405
372	464
372	734
372	822
372	891
372	987
373	501
373	617
373	946
373	966
374	597
374	696
374	814
374	886
375	740
375	752
375	788
375	841
376	612
376	682
376	953
376	967
377	468
377	574
377	597
377	920
378	516
378	778
378	805
378	830
380	696
381	601
381	794
381	833
382	408
382	984
383	513
383	528
383	804
384	385
384	532
384	767
384	821
385	820
385	835
386	401
386	501
386	567
386	681
387	428
387	635
387	663
388	557
389	422
389	581
389	833
389	952
390	732
390	834
390	940
391	752
392	510
392	674
392	915
394	516
394	976
395	571
396	631
396	639
398	573
398	655
398	718
399	545
399	651
399	683
400	486
400	574
400	854
401	769
401	803
402	603
403	431
403	881
403	940
404	526
404	845
404	928
405	629
405	737
405	847
406	464
407	467
407	663
408	803
409	738
409	960
410	467
410	615
411	704
412	423
412	788
412	964
413	456
413	532
413	618
413	711
414	884
415	513
415	745
415	867
416	711
417	977
418	700
418	859
418	987
419	880
420	462
420	485
420	882
421	628
421	657
422	432
422	647
422	753
424	471
424	508
424	562
424	605
424	723
425	661
425	720
425	775
425	792
425	832
425	875
426	442
426	443
426	490
428	849
429	855
430	602
430	800
430	828
430	862
431	555
431	574
432	447
432	579
432	677
432	898
433	523
433	560
433	636
433	672
433	674
434	548
434	709
435	585
435	760
435	767
435	867
437	753
437	885
437	901
438	485
438	630
438	677
438	846
438	879
439	563
439	593
439	707
439	802
440	458
440	498
440	710
441	670
441	809
441	975
442	608
442	725
442	754
442	781
444	803
444	863
446	597
446	930
446	970
446	976
447	614
447	920
448	535
448	801
448	890
449	939
450	648
450	725
450	998
451	542
451	861
451	900
452	467
452	805
455	553
456	514
456	597
456	971
458	725
458	802
459	470
459	784
460	494
461	541
461	824
461	964
462	476
462	619
462	756
462	849
463	647
463	662
463	993
464	581
465	490
465	763
465	922
467	903
467	965
467	981
468	869
469	721
470	474
470	628
470	843
471	688
471	732
471	867
471	986
472	654
472	777
473	614
473	668
473	728
473	809
474	500
475	847
476	910
477	595
477	832
478	537
478	558
478	654
478	724
479	575
479	644
479	985
480	733
480	945
481	772
481	835
481	897
482	609
482	882
482	938
483	931
484	785
484	963
485	573
485	836
485	911
486	518
486	529
486	599
486	652
486	764
486	979
487	518
487	549
487	800
488	664
488	945
488	964
489	497
489	630
490	513
490	655
490	742
491	862
491	870
492	652
492	739
492	918
493	535
494	820
494	896
495	509
495	787
496	874
497	780
497	855
497	862
497	990
498	511
498	593
498	696
498	936
500	561
500	565
500	590
500	895
500	916
500	923
501	634
502	543
502	653
502	709
502	753
503	757
503	770
504	738
504	939
505	787
506	790
507	796
508	736
509	523
509	567
509	660
509	713
509	793
509	816
510	606
510	618
510	851
511	567
511	731
512	644
512	912
513	950
514	632
514	643
514	796
514	800
515	848
516	747
516	797
518	905
519	828
519	891
519	955
520	575
520	936
522	810
522	860
523	922
523	923
523	988
524	595
524	991
525	530
525	713
526	890
527	666
527	695
527	913
527	999
528	756
529	878
530	534
530	653
530	775
531	546
531	589
532	734
532	864
533	597
533	623
533	893
534	666
534	920
535	605
535	669
535	697
535	716
535	779
537	587
537	796
537	805
538	673
538	736
538	917
538	983
539	733
540	754
540	821
542	721
542	818
542	949
543	583
544	829
544	841
545	870
545	871
545	983
546	581
546	684
547	598
549	560
549	584
550	610
552	626
552	837
552	908
553	741
554	567
555	621
555	736
555	880
556	561
556	705
556	892
557	896
558	720
558	725
559	784
561	644
561	696
562	726
562	780
562	815
563	614
564	811
564	920
565	700
565	950
566	884
566	935
566	947
567	810
567	879
568	713
569	977
570	850
571	921
572	707
573	661
573	799
573	860
573	900
574	710
575	712
575	881
577	732
580	644
580	678
581	597
581	618
581	956
582	821
583	632
583	853
588	750
589	733
590	639
590	641
590	787
591	718
591	755
592	778
592	781
594	738
595	727
595	900
596	900
597	787
598	679
598	886
598	928
599	656
599	794
599	877
600	604
601	690
602	750
602	762
603	697
603	707
603	816
604	685
604	726
605	645
605	692
605	940
606	933
607	792
607	804
607	835
608	826
608	948
609	738
609	871
609	942
609	960
609	965
611	914
613	662
613	663
613	736
614	716
615	625
615	643
615	698
619	765
620	644
620	902
620	935
621	766
624	696
627	727
628	804
628	917
631	717
631	981
632	971
633	731
633	893
633	985
634	857
634	877
635	708
635	742
639	944
640	680
640	724
640	846
640	975
642	898
642	953
644	652
645	691
648	678
649	862
650	782
651	663
651	668
652	762
652	788
653	671
653	761
654	718
655	716
656	933
658	914
659	889
660	901
661	719
661	881
661	896
663	704
664	678
665	693
665	717
665	768
665	951
666	716
666	839
667	671
667	819
667	990
668	694
668	814
668	932
669	785
669	907
670	712
671	753
671	790
671	837
671	888
673	782
674	720
675	788
675	837
675	882
675	892
676	729
676	733
676	832
676	996
677	847
678	940
679	688
679	852
680	765
680	994
681	913
682	726
682	868
683	684
683	767
685	797
687	861
688	936
689	979
691	819
691	850
692	961
694	711
695	925
698	950
699	771
699	854
701	945
702	706
703	984
704	738
705	719
707	952
708	904
710	786
710	802
711	781
714	826
714	971
715	743
715	867
716	805
717	975
719	776
720	742
721	913
722	744
722	863
722	913
723	815
724	990
726	744
726	897
727	865
728	921
729	936
730	908
731	847
732	740
732	880
733	805
734	990
735	898
735	923
736	891
737	851
737	892
738	832
740	750
740	870
740	886
742	922
743	918
743	958
743	967
744	789
744	846
744	863
745	821
745	886
745	953
748	816
748	914
750	815
755	838
756	811
757	823
759	794
759	808
760	815
760	953
761	790
761	817
762	908
763	765
764	787
764	810
764	892
764	946
766	828
766	874
767	790
767	820
767	949
768	879
768	969
771	844
772	973
773	902
776	950
778	849
778	924
779	960
785	928
786	800
789	880
791	850
791	862
791	885
792	918
793	803
793	906
798	885
799	810
803	945
807	824
807	830
807	890
809	846
809	858
811	813
811	826
811	968
811	986
813	947
813	980
815	883
816	836
816	971
819	974
820	916
822	943
824	951
826	869
827	906
827	912
827	939
828	963
829	832
830	930
831	856
831	891
833	898
834	960
835	975
836	912
837	900
837	989
840	974
841	864
843	989
844	934
845	879
849	986
852	874
852	897
853	876
859	971
869	989
872	998
879	999
882	961
884	893
885	899
885	916
887	907
888	985
889	994
890	960
891	908
892	989
893	922
896	912
899	944
900	904
902	933
903	986
904	913
904	914
906	909
910	989
912	927
917	954
918	926
919	970
920	947
926	932
929	970
930	944
933	978
937	942
937	947
946	999
947	962
958	992
973	981
974	983