0	186
0	673
0	896
1	93
1	345
1	583
1	880
1	945
1	978
2	839
3	105
4	53
4	148
5	126
5	876
6	298
6	535
6	736
7	331
7	684
8	493
8	743
8	971
9	785
10	275
10	517
10	843
11	142
11	194
11	434
11	668
11	687
12	56
12	63
12	165
12	240
12	477
12	664
13	221
13	224
13	286
13	509
13	985
14	212
14	744
14	757
14	935
14	984
15	444
16	491
16	578
16	591
16	751
17	118
17	351
17	404
17	524
17	755
18	119
18	379
18	435
18	578
19	113
19	423
19	617
19	702
19	923
20	379
20	392
20	419
21	166
21	295
21	384
21	563
22	75
22	690
22	746
23	129
23	144
23	202
23	309
23	478
23	523
23	633
23	657
23	946
24	644
24	747
24	981
25	50
25	113
25	167
25	199
25	263
25	402
25	473
25	869
26	153
26	580
27	412
27	768
27	907
28	157
28	321
28	534
28	553
28	794
28	940
29	83
29	252
29	276
29	377
29	436
30	140
30	490
30	856
31	74
31	225
31	311
31	632
32	275
32	315
32	626
32	670
32	684
33	616
33	738
33	784
33	957
34	223
34	277
34	733
34	737
35	237
35	586
35	602
35	772
36	441
36	630
36	982
37	278
37	548
37	552
37	989
38	463
38	628
38	841
38	877
39	656
39	964
40	484
40	489
40	988
41	496
41	567
41	641
41	846
41	983
42	202
42	471
42	797
43	56
43	264
43	632
43	640
43	866
44	151
44	242
44	449
44	584
45	367
45	748
45	962
46	106
46	432
46	788
47	318
47	690
47	743
47	890
48	222
48	455
48	470
48	503
48	555
48	590
48	825
48	877
49	409
49	473
49	716
49	728
49	810
49	928
50	162
50	270
50	348
50	560
50	590
50	659
50	877
50	963
51	678
52	241
53	211
53	876
54	128
54	794
54	863
54	875
55	519
55	598
56	141
56	476
57	139
57	314
57	602
57	781
58	231
58	758
58	830
59	138
59	166
59	321
59	353
59	842
59	971
59	972
60	98
60	121
60	260
60	441
60	522
60	596
61	533
61	612
61	887
62	378
62	385
62	402
62	472
62	510
62	568
62	994
63	274
63	316
63	947
64	466
64	675
64	714
65	156
65	501
65	656
66	156
66	182
66	613
66	802
67	124
67	467
67	477
68	444
68	624
68	671
68	950
69	217
69	389
69	839
69	870
70	226
70	413
70	486
70	726
71	329
71	412
71	609
71	690
71	765
72	877
73	237
73	510
73	521
73	606
73	765
73	819
73	940
73	959
74	585
74	808
74	837
74	980
74	989
75	136
75	534
75	717
75	772
75	852
75	887
75	944
76	219
76	599
76	628
76	723
76	951
76	976
77	84
77	441
77	611
77	640
77	847
78	98
78	156
78	184
78	350
78	412
78	545
78	617
78	781
78	868
78	951
79	141
80	685
80	696
80	816
80	954
80	961
81	668
82	166
82	639
82	843
82	855
83	208
83	574
83	613
84	189
84	350
85	569
85	665
85	852
86	412
87	256
87	714
88	479
88	653
88	815
88	820
88	821
88	869
89	185
89	197
89	253
89	430
89	434
89	520
89	754
89	760
89	830
90	334
90	458
90	941
91	307
91	406
91	633
91	965
92	379
92	706
92	716
92	801
92	815
93	126
93	159
93	517
93	942
94	276
94	352
94	434
94	585
94	940
95	588
95	760
96	123
96	433
96	446
96	689
96	801
97	125
97	151
97	174
97	200
97	551
97	697
97	699
97	706
97	714
97	918
98	118
98	690
98	959
99	250
99	341
99	392
99	436
99	488
99	575
99	821
100	365
100	391
100	450
101	201
101	326
101	520
101	526
102	874
102	907
102	931
102	982
103	629
103	698
103	800
103	873
104	302
104	347
104	902
105	354
105	732
105	802
105	807
105	864
106	542
106	887
106	944
107	113
107	174
107	514
107	519
107	634
107	660
108	414
108	451
108	460
108	589
108	807
108	849
108	937
109	766
110	726
111	213
111	462
112	225
112	246
112	517
113	247
113	358
113	840
114	615
114	736
114	853
115	559
115	592
116	277
116	516
116	611
116	655
116	856
117	295
117	628
118	566
118	692
118	855
119	453
119	548
119	563
119	588
119	901
120	496
120	835
120	866
121	306
121	424
121	518
121	775
121	805
121	976
122	437
122	688
122	689
122	793
122	801
123	521
123	922
124	309
124	551
124	924
125	427
125	704
126	212
126	507
126	587
127	409
127	524
128	162
128	440
129	244
129	253
129	699
129	790
129	836
130	783
131	167
131	297
131	858
131	938
132	280
132	702
132	931
133	145
133	348
134	566
134	664
134	862
135	648
136	372
136	624
136	722
137	374
137	808
138	263
138	281
138	939
139	468
139	682
139	791
139	807
140	149
140	268
140	385
141	486
141	641
141	893
142	242
142	275
142	409
142	414
142	530
142	734
142	812
143	447
143	634
143	636
144	662
145	304
145	914
146	421
146	644
147	606
147	711
147	794
147	800
147	886
147	925
148	209
148	424
148	565
148	658
149	477
149	763
150	501
151	161
151	214
151	420
151	836
151	901
152	222
152	337
152	646
152	797
152	862
153	444
153	470
153	622
154	426
154	555
154	928
155	331
155	485
155	550
155	923
156	344
156	424
156	614
156	953
157	205
157	508
157	963
157	973
158	258
158	306
158	342
158	431
159	627
159	770
160	202
160	412
160	580
160	732
160	932
161	844
161	900
161	958
162	737
162	762
162	868
163	432
163	756
164	312
164	324
164	604
165	591
165	689
166	492
166	616
167	430
167	605
168	215
168	728
168	771
169	250
169	576
169	679
169	768
170	464
170	565
171	299
171	338
171	498
171	630
171	772
171	839
171	883
172	245
172	401
172	611
172	656
173	277
174	584
174	788
175	497
175	646
176	673
177	344
177	521
177	690
177	995
178	182
178	818
178	978
179	520
179	539
179	858
180	617
181	388
182	426
182	606
182	680
182	762
183	302
183	578
183	983
184	363
184	417
184	519
184	620
184	630
184	842
185	235
185	331
185	529
185	642
186	235
186	423
186	499
186	535
186	695
186	735
186	832
186	945
187	620
187	853
188	211
188	215
188	526
188	864
189	309
189	897
190	392
190	612
190	665
191	453
191	480
191	555
191	558
191	563
191	676
192	344
192	499
192	902
193	271
193	325
193	512
193	760
193	808
194	240
194	352
195	323
196	383
197	241
197	825
198	302
198	334
198	425
198	791
199	287
199	599
199	721
199	936
199	984
200	830
200	972
201	665
202	513
202	593
202	749
203	579
203	909
204	266
204	898
205	551
205	685
206	490
206	502
206	707
206	890
206	911
207	380
208	455
208	547
208	595
208	753
209	264
209	335
209	726
209	933
210	345
210	414
211	309
211	932
212	377
212	753
212	826
213	418
213	729
213	836
214	276
214	410
214	454
215	359
215	589
215	594
215	864
215	916
216	571
216	731
216	896
217	339
217	500
217	595
217	965
218	226
218	913
218	984
219	273
219	456
220	314
220	693
221	256
221	273
221	474
221	680
221	723
221	813
222	321
222	420
222	665
222	870
222	877
222	897
223	662
223	906
223	941
224	455
224	857
224	914
225	228
225	471
225	800
225	872
225	974
226	336
226	543
226	565
226	868
226	895
227	467
227	840
227	898
228	451
228	952
228	978
229	402
229	732
229	907
230	279
230	315
230	354
230	421
230	510
231	704
231	782
231	990
232	335
232	888
232	939
232	991
233	355
233	590
234	520
234	647
235	357
235	539
236	292
236	475
236	796
237	451
237	530
237	615
237	690
237	972
238	422
239	334
239	802
239	886
240	367
240	463
241	267
241	298
241	494
241	647
241	675
241	986
242	400
243	485
243	576
244	519
244	908
245	321
245	617
246	255
246	460
246	589
246	742
247	305
247	335
247	481
247	769
247	882
248	415
248	971
249	512
249	565
250	474
250	869
250	882
251	327
251	501
251	637
251	682
251	899
252	521
252	863
253	888
253	906
254	961
254	971
255	894
256	658
256	920
257	372
258	363
258	423
258	429
258	875
258	956
259	403
260	706
260	837
260	909
260	970
260	979
261	352
261	611
261	654
261	992
262	622
262	628
262	985
263	725
264	860
264	871
265	301
265	513
265	586
265	759
265	917
265	944
266	874
266	974
267	973
268	382
268	422
268	581
269	420
269	430
270	909
271	377
271	547
271	588
271	638
271	833
271	926
272	491
273	408
273	900
274	532
274	824
274	915
275	290
275	447
275	493
275	538
275	638
276	578
276	611
276	776
277	761
277	814
277	817
277	932
278	649
278	672
279	474
279	696
279	956
280	998
282	305
282	355
282	480
282	637
282	694
282	701
283	546
283	779
283	902
283	940
283	963
284	439
284	619
284	652
284	856
285	451
285	636
285	916
285	997
287	317
287	355
287	426
287	437
287	505
287	556
287	631
287	748
288	324
289	419
289	551
289	802
289	959
290	345
290	631
291	401
291	402
291	604
291	915
292	295
292	324
292	408
292	963
293	831
293	971
294	336
294	485
294	680
295	763
296	382
296	499
296	551
296	905
297	760
297	937
298	316
298	366
298	675
298	719
299	510
299	565
299	732
299	904
299	907
300	590
301	333
301	591
302	368
302	546
302	564
302	692
302	959
303	388
303	590
304	338
304	610
304	632
304	957
305	330
305	428
305	739
305	775
305	834
305	908
306	385
306	598
306	744
306	877
307	396
307	432
307	447
307	771
308	658
308	682
308	754
308	772
308	785
309	505
310	344
310	435
310	713
310	751
310	927
311	336
311	894
312	488
312	733
313	410
314	485
314	557
314	643
314	691
314	823
314	911
315	650
315	685
315	907
316	357
316	559
316	758
317	583
317	848
318	459
318	502
318	641
318	692
318	880
319	327
319	492
319	524
320	992
321	451
321	845
321	994
322	475
322	611
322	769
322	971
323	530
323	780
324	397
324	555
324	567
324	578
324	928
324	930
325	817
326	365
326	373
326	492
326	765
327	358
327	374
327	498
327	724
327	743
328	631
329	336
329	716
329	741
329	790
329	842
330	720
330	876
331	358
331	434
331	467
331	565
331	926
332	587
332	784
333	471
333	484
333	566
333	622
333	729
333	803
333	916
334	337
334	491
334	534
334	825
334	880
335	695
335	867
336	386
336	620
336	730
337	689
338	503
338	511
339	389
340	366
340	396
340	803
341	425
341	657
341	682
342	385
342	528
342	642
342	687
342	693
342	732
342	909
342	919
342	942
343	495
343	845
344	389
344	425
344	509
344	767
344	998
345	944
346	459
347	364
347	366
347	514
347	948
348	896
349	400
349	626
349	863
350	505
350	668
351	518
351	715
351	907
352	405
352	889
353	700
354	956
355	511
355	639
355	911
356	427
356	891
357	461
357	584
358	501
358	695
359	485
359	618
359	775
359	810
360	371
360	390
360	483
360	672
361	431
361	613
361	669
361	912
361	946
362	371
362	488
362	545
362	575
362	726
362	941
363	370
363	647
363	810
363	988
364	726
364	850
365	682
365	706
365	760
366	526
367	376
368	604
368	650
368	972
369	547
370	670
370	880
371	587
371	591
371	815
371	872
372	459
372	521
372	651
372	788
374	533
374	598
375	480
375	844
376	498
376	856
377	589
377	804
377	857
378	418
378	435
378	457
378	517
378	708
378	822
378	985
379	440
379	794
379	926
380	449
380	545
380	787
381	655
381	705
381	741
381	765
382	468
382	915
383	584
384	563
384	963
385	642
385	687
385	835
385	935
387	841
388	704
389	427
389	702
390	763
392	420
392	445
392	682
392	691
392	952
393	497
393	668
394	408
394	484
395	630
396	500
396	716
396	892
397	856
398	645
398	715
398	723
399	657
399	775
400	620
400	721
400	945
400	955
401	477
401	723
401	746
402	535
402	600
403	576
403	745
403	946
404	680
405	914
405	976
406	530
406	603
406	669
406	824
406	996
407	824
407	920
408	894
409	527
409	654
409	724
409	760
409	797
410	892
411	650
412	467
412	590
412	670
412	921
413	719
413	769
414	607
414	975
415	419
415	632
415	765
415	777
416	739
417	491
417	858
417	990
418	489
418	519
418	638
418	974
419	466
419	567
419	667
419	668
420	776
420	855
421	751
421	810
421	834
421	883
422	433
422	504
422	832
422	921
422	944
422	994
423	436
423	801
423	990
424	615
424	671
424	858
424	956
425	929
426	523
426	577
426	750
426	770
426	903
426	924
427	640
427	667
427	857
428	621
428	689
430	544
431	771
431	855
431	951
432	441
432	816
434	962
434	978
436	537
436	844
436	949
436	987
437	698
437	791
437	837
437	898
438	503
438	540
438	688
438	841
438	863
438	982
439	667
439	915
440	481
440	852
440	908
441	918
441	974
441	986
442	616
443	520
443	537
443	886
444	559
444	618
444	715
444	769
444	820
445	471
446	632
446	672
447	516
448	618
448	917
449	608
449	984
450	519
450	753
451	524
451	888
451	990
452	481
452	523
453	665
453	688
453	741
454	685
454	958
455	598
456	560
456	735
456	920
457	476
457	769
457	781
457	795
458	670
458	724
458	988
459	554
459	620
459	974
461	802
461	895
462	533
462	702
462	761
462	873
462	940
463	471
463	542
463	557
463	922
464	656
464	675
465	717
465	758
465	864
465	937
466	972
467	818
468	502
468	689
469	506
469	754
469	907
470	840
471	572
471	654
471	961
472	505
472	530
472	553
472	877
472	954
473	512
473	524
473	666
473	823
474	681
474	698
474	794
475	767
475	909
476	807
477	547
477	593
477	796
477	940
478	730
478	977
479	583
480	917
480	956
481	560
481	575
482	526
482	966
484	670
484	863
485	587
485	941
486	789
486	808
486	903
486	912
487	956
487	970
488	549
488	703
488	883
489	596
489	925
490	492
490	537
490	735
490	766
490	838
491	765
491	968
492	807
493	975
494	589
494	683
494	834
495	762
496	856
497	519
497	901
498	760
498	898
499	546
499	797
499	903
503	923
503	984
504	591
504	674
504	839
505	518
505	549
505	600
505	870
506	563
506	830
507	537
507	650
508	854
508	972
509	682
509	790
510	531
510	708
510	989
511	538
511	547
511	917
512	953
513	546
513	889
513	906
514	599
514	966
515	605
516	767
516	972
517	633
517	637
518	896
518	921
518	934
519	568
519	667
520	573
521	536
521	633
522	859
522	861
523	601
525	790
526	687
527	697
527	959
528	572
528	616
528	644
528	790
528	866
528	896
528	977
530	543
530	586
530	801
530	827
530	929
533	737
535	597
535	808
535	938
535	983
536	659
536	841
536	881
537	571
537	820
537	965
537	980
538	613
538	753
538	770
538	862
541	757
542	758
542	916
543	708
543	839
543	864
543	929
545	640
545	712
545	784
546	573
546	582
546	899
546	993
547	650
547	791
547	900
548	888
548	954
549	979
552	890
553	573
553	606
558	566
558	581
558	758
558	882
559	576
559	830
561	616
561	734
562	654
562	743
562	828
562	856
563	963
564	642
564	852
565	666
567	585
567	645
567	976
570	755
570	798
571	721
571	862
573	629
573	761
573	966
575	864
576	684
576	847
576	928
576	955
577	638
577	897
578	763
578	806
578	993
579	718
579	919
580	661
580	950
581	629
581	780
582	750
582	813
582	922
583	999
584	849
585	840
586	666
586	671
587	734
588	911
589	744
589	885
590	911
591	994
592	653
592	936
593	603
595	830
595	953
596	598
597	906
598	627
598	824
599	629
600	703
600	745
600	787
600	809
601	643
601	707
601	987
602	746
602	867
602	892
603	784
604	800
604	838
605	700
606	925
608	720
608	849
608	906
608	913
609	662
609	776
609	839
611	680
611	809
611	896
611	907
615	652
615	914
616	706
616	748
617	788
617	888
617	939
620	675
620	922
621	948
622	687
622	867
623	677
623	700
623	767
623	873
624	658
624	975
625	721
626	833
626	982
627	672
627	768
627	923
629	660
629	779
630	709
630	831
631	727
631	773
631	801
632	810
632	826
635	771
635	774
636	748
636	871
637	792
639	676
639	989
640	752
640	802
641	764
642	819
643	700
643	926
645	842
648	752
648	876
648	904
649	718
649	773
649	844
649	963
650	772
650	820
650	992
652	674
652	675
653	738
655	763
656	945
656	968
657	704
657	856
657	985
659	865
659	897
660	931
661	835
663	739
663	969
664	757
665	811
665	940
665	988
666	707
666	967
667	883
668	884
669	855
671	781
672	923
673	858
674	952
680	715
684	777
684	787
685	756
685	980
686	730
687	769
687	815
688	780
688	874
688	963
689	924
691	901
693	718
693	920
694	931
694	991
696	762
696	879
696	990
697	785
698	798
699	915
700	851
700	948
700	985
701	873
702	716
702	995
704	752
704	953
705	808
706	752
707	910
709	787
710	761
710	794
710	974
714	863
714	920
715	794
715	796
716	853
716	917
718	862
719	841
720	800
720	886
723	921
725	972
726	936
727	784
727	994
728	951
729	730
729	768
729	870
731	856
731	926
731	963
732	870
737	833
739	799
740	971
741	823
741	899
741	935
742	968
744	856
744	971
749	752
749	965
754	767
754	967
755	939
759	800
760	810
760	829
760	901
761	991
763	817
763	870
763	959
766	857
768	966
770	959
771	867
771	877
773	885
774	776
774	825
774	948
775	909
775	927
775	941
777	974
777	988
777	993
778	811
778	828
782	880
784	908
786	888
787	807
787	957
789	968
790	797
790	984
791	979
793	821
793	871
794	845
796	880
797	800
798	835
799	942
799	968
801	849
801	882
801	915
803	924
804	824
804	995
805	861
806	861
807	822
809	854
809	902
811	956
813	863
814	893
814	987
816	864
816	866
819	859
819	945
823	873
824	872
825	924
826	871
828	936
828	955
832	909
832	921
837	923
838	867
839	947
839	964
842	991
843	910
846	952
846	973
847	934
850	989
851	900
851	909
852	913
852	928
852	983
858	942
858	975
864	966
865	881
865	897
872	995
875	986
877	878
878	967
878	995
879	989
880	994
886	914
886	920
888	918
895	980
896	902
898	910
898	977
901	951
902	903
905	943
908	949
912	952
915	949
916	933
921	988
924	940
924	948
931	986
932	984
937	986
938	960
939	986
953	954
954	984
973	982