0	229
0	233
0	262
0	272
0	529
0	555
0	860
1	49
1	84
1	364
2	739
2	772
2	945
3	6
3	479
3	563
3	669
3	819
4	17
4	326
4	497
4	505
4	690
4	741
4	858
5	565
5	587
5	625
5	880
6	83
6	126
7	41
7	474
7	651
7	659
7	736
8	298
8	620
9	445
9	552
9	743
9	755
10	134
10	623
10	707
10	807
11	340
11	458
11	466
12	216
12	471
13	127
13	226
13	277
13	608
13	731
14	92
14	946
14	996
15	343
15	590
15	691
16	18
16	117
16	479
16	861
17	26
17	127
17	139
17	397
17	848
18	134
18	140
18	574
18	789
19	238
19	306
19	314
19	562
19	564
19	885
20	411
20	823
21	803
21	900
22	59
22	84
22	955
23	123
23	194
23	482
24	350
25	124
25	200
25	579
25	830
25	963
26	37
26	40
26	157
26	164
26	220
26	360
26	454
26	829
26	914
27	327
27	360
27	797
28	82
28	155
28	594
28	643
28	805
29	502
29	592
29	910
30	74
30	623
30	756
31	163
31	281
31	629
32	121
32	408
33	57
33	520
33	843
33	846
33	915
33	979
34	186
34	216
34	229
34	381
34	561
34	851
34	893
35	73
35	145
35	179
35	260
35	326
35	450
35	734
36	58
36	390
36	456
36	502
36	626
36	702
36	734
36	885
37	65
37	80
37	85
37	241
37	374
37	688
38	71
38	128
38	393
38	858
39	837
40	74
40	166
40	217
40	361
40	389
40	442
40	717
41	233
41	370
42	445
42	792
42	946
42	961
43	99
43	747
44	224
44	514
44	989
45	308
45	346
45	542
46	129
46	183
46	316
47	134
47	289
47	759
47	835
48	169
49	298
49	341
49	750
50	91
50	319
50	357
50	384
50	393
50	494
51	474
51	618
51	706
51	818
51	832
51	963
52	320
52	360
52	507
53	163
53	629
54	239
54	244
54	303
54	504
54	648
55	543
55	768
55	769
55	967
56	156
56	301
56	427
56	464
57	662
57	683
58	493
59	802
59	892
59	952
60	263
60	308
60	383
60	448
61	227
61	393
61	558
61	801
61	827
62	152
62	822
63	198
63	201
63	302
63	560
63	711
64	114
64	176
65	208
65	445
65	753
65	764
65	994
66	187
66	300
66	558
66	582
66	673
67	171
67	197
67	202
67	432
67	876
68	248
68	421
68	428
68	446
68	492
68	643
68	769
69	265
69	773
70	390
70	391
70	396
70	938
71	438
71	820
71	825
71	864
72	698
72	771
72	843
72	923
73	169
73	276
73	295
73	317
73	967
74	144
74	272
74	295
74	402
74	663
75	260
75	284
75	763
76	598
77	277
77	715
77	919
78	597
78	628
78	929
79	163
79	647
80	85
80	505
80	663
80	935
81	857
82	555
82	713
84	108
84	192
84	234
84	548
84	754
84	842
85	253
85	499
85	783
86	572
86	578
87	818
88	365
88	648
88	912
89	194
89	622
89	707
89	961
90	406
90	442
90	526
90	960
90	964
91	431
91	745
91	822
91	894
92	97
92	294
92	657
93	266
93	322
93	376
93	461
93	982
94	458
94	506
94	549
94	554
94	605
94	920
95	339
96	776
96	857
96	923
97	203
97	330
97	431
97	596
97	622
97	744
98	291
98	427
99	289
99	724
99	944
100	236
100	622
100	779
101	440
101	464
101	782
102	455
102	635
102	919
103	270
103	451
103	494
103	652
104	176
104	504
104	562
104	573
104	914
105	511
105	700
105	752
105	973
106	125
106	998
107	204
107	467
107	675
108	114
108	323
108	698
109	244
109	373
109	880
109	979
110	221
110	248
110	677
110	705
110	913
111	526
111	653
111	771
111	890
112	142
112	203
112	773
112	782
113	132
113	208
113	733
113	901
114	386
114	679
114	686
114	964
115	145
115	216
115	337
115	641
116	337
116	471
116	485
116	669
117	309
117	437
117	775
117	961
118	257
118	558
118	560
119	121
119	352
119	670
119	950
120	185
120	211
121	135
121	266
121	437
121	545
122	521
122	761
122	928
123	334
123	551
123	644
124	382
124	404
124	444
124	513
124	907
125	290
125	339
125	821
126	156
126	621
126	666
127	284
127	361
127	473
127	699
127	908
128	583
128	591
128	878
129	137
129	331
129	388
129	597
129	865
130	611
130	747
130	792
130	800
130	870
131	483
131	573
131	850
131	968
133	163
133	586
133	792
133	875
134	434
134	712
136	259
136	306
136	700
136	719
137	176
137	783
137	817
138	165
138	368
138	654
139	503
139	834
140	602
140	632
141	540
141	729
141	740
141	857
142	235
142	394
142	483
142	602
142	765
143	168
143	375
143	572
143	758
144	474
144	835
144	948
145	152
145	359
145	599
145	777
146	193
146	321
146	997
147	407
147	478
147	496
148	189
148	217
148	339
148	491
148	513
148	519
148	605
149	185
149	316
149	327
149	403
149	418
150	190
150	592
150	614
150	640
151	362
151	722
151	820
151	826
152	276
152	364
152	455
152	886
153	369
153	415
153	585
153	862
154	158
154	701
155	234
155	444
155	635
156	180
156	196
157	213
157	300
157	717
158	249
158	608
158	616
158	722
159	560
159	939
160	449
160	539
160	801
161	941
162	208
162	388
162	711
163	275
163	637
164	319
164	623
164	883
165	293
165	623
165	864
165	987
166	266
167	182
167	234
167	294
168	819
168	902
168	950
168	964
169	293
169	305
169	422
169	480
169	500
169	614
169	638
169	861
170	438
170	914
171	202
171	263
171	491
172	461
172	703
172	874
173	239
173	516
173	645
173	896
173	983
174	243
174	601
174	994
175	312
175	365
175	696
175	777
176	608
176	616
177	278
177	415
177	779
178	431
178	547
178	645
178	719
178	916
179	553
179	562
179	627
179	706
179	797
179	917
179	976
181	593
181	920
182	427
182	461
182	811
182	997
183	501
183	690
183	712
183	966
184	786
184	911
185	720
185	883
185	944
186	327
186	781
187	226
187	394
187	524
187	794
188	772
188	953
189	192
189	459
189	813
189	902
189	905
190	649
190	772
191	217
191	648
191	713
191	877
192	413
192	803
192	822
192	974
193	225
193	260
193	534
193	684
194	858
194	982
195	297
195	388
195	445
195	643
195	654
196	735
196	908
196	970
197	266
197	373
197	934
198	349
198	354
198	555
198	682
199	211
199	501
199	842
199	950
200	275
200	398
201	409
201	946
201	975
202	232
202	404
202	466
202	590
202	593
202	708
202	867
203	904
203	967
204	250
204	342
204	365
204	654
204	731
204	865
205	360
205	862
206	640
206	783
206	919
207	303
207	429
207	434
207	549
207	945
207	948
208	302
208	456
209	428
209	631
209	734
209	941
210	225
210	439
210	751
211	482
211	620
211	625
211	653
211	771
212	536
212	571
212	594
212	766
212	910
212	912
213	245
213	346
213	370
213	658
213	798
213	924
214	512
215	239
215	270
215	356
215	402
215	450
215	553
215	646
215	729
215	973
216	829
216	841
216	936
216	978
217	816
217	965
218	633
218	872
219	442
219	785
219	989
220	252
220	347
220	582
220	711
221	376
221	509
222	223
222	493
222	822
222	836
222	909
223	376
223	526
223	570
223	618
223	791
223	868
223	893
223	972
225	800
226	810
226	949
228	314
228	393
228	418
228	665
229	339
229	847
229	981
229	985
230	316
230	539
230	793
230	823
231	529
231	532
231	730
232	602
232	892
232	913
232	928
233	285
233	376
233	694
233	778
233	843
233	918
233	975
234	365
235	370
235	495
235	549
236	334
236	826
236	905
237	391
237	778
237	902
238	472
238	697
238	749
238	950
239	514
239	794
239	836
240	537
241	785
242	489
242	597
243	354
244	387
245	343
245	895
246	259
246	404
246	743
246	974
247	968
248	720
248	874
249	479
249	502
249	531
250	993
251	826
251	908
252	992
253	287
253	315
253	537
253	725
254	514
254	895
254	997
255	912
256	525
256	570
257	334
257	595
257	621
257	965
258	411
259	438
259	471
259	543
259	550
259	580
259	610
259	717
259	918
260	377
260	379
260	996
261	441
261	795
262	418
262	727
263	510
263	550
263	868
264	520
264	581
264	586
264	626
264	927
264	978
264	985
265	396
266	271
266	280
266	333
266	337
266	574
266	595
266	605
266	879
267	409
267	626
267	631
267	650
267	894
268	851
269	517
269	562
269	680
269	833
270	444
270	513
270	726
270	743
271	340
271	355
271	734
271	768
272	359
272	436
272	510
272	572
273	410
273	646
273	903
273	928
274	393
274	564
274	689
275	330
275	702
275	873
275	892
276	409
276	919
276	924
276	990
278	434
278	689
279	871
280	352
280	707
281	439
281	526
281	866
281	963
282	376
282	452
282	777
282	781
282	901
283	313
283	349
283	538
283	581
283	682
283	890
283	948
284	310
284	616
285	300
285	590
285	773
285	989
286	513
286	652
286	777
286	822
287	743
287	935
288	453
288	662
288	672
288	749
288	808
288	885
288	905
289	533
289	754
290	675
290	717
290	951
291	694
291	761
291	986
292	568
292	593
292	657
293	483
293	897
293	936
295	816
296	371
296	533
296	714
296	934
297	368
297	525
297	550
297	700
298	505
298	515
298	697
298	843
299	624
300	444
300	561
300	610
301	357
301	913
301	971
302	449
302	982
303	428
303	435
303	455
303	629
303	671
303	752
303	893
304	766
304	857
305	900
306	361
306	665
307	482
307	567
307	610
307	783
308	407
308	505
308	536
308	578
308	836
308	904
309	686
309	761
309	774
309	826
310	413
310	454
310	521
310	526
310	880
311	597
311	726
311	774
312	419
312	467
312	967
312	974
312	986
313	542
313	758
313	859
314	402
314	570
314	584
314	767
314	775
315	356
316	420
316	425
316	584
316	615
316	810
316	951
316	972
316	986
317	429
317	538
317	612
317	729
317	784
317	795
317	898
318	582
319	516
319	584
319	878
320	435
320	472
320	482
320	971
321	526
321	569
321	582
322	371
322	402
322	437
322	496
322	631
323	481
323	870
324	555
324	692
324	764
325	380
325	768
325	835
325	902
326	357
326	375
326	999
327	493
327	664
327	767
328	351
329	478
329	508
329	961
330	426
331	680
331	781
331	801
332	895
333	339
333	368
333	723
333	766
333	772
334	348
334	378
334	578
334	659
334	702
334	727
334	766
334	887
334	954
335	454
335	758
335	859
335	954
336	488
337	418
337	760
337	826
337	864
338	544
338	624
338	769
339	353
339	490
339	790
340	454
340	668
341	390
341	869
342	525
342	582
342	611
343	483
343	561
343	862
343	953
344	995
345	525
345	623
346	440
346	582
347	453
347	577
348	430
348	679
348	742
348	856
349	511
349	781
350	666
350	707
351	501
351	852
353	448
353	586
353	600
353	844
354	810
354	851
354	869
355	538
355	595
355	684
355	957
356	729
356	861
356	880
357	605
357	744
357	849
357	919
358	748
359	837
360	407
360	818
361	650
361	940
362	413
362	615
362	975
363	366
363	383
365	432
365	464
365	570
365	612
365	831
365	890
366	756
367	442
367	690
367	875
368	513
368	628
368	998
369	406
369	975
370	574
371	477
371	695
372	660
372	797
372	883
372	985
372	987
373	441
373	520
373	664
373	773
374	478
374	669
374	695
375	854
376	468
376	617
376	664
376	795
376	809
377	523
377	589
377	654
377	788
378	532
378	780
378	900
380	926
380	966
381	697
381	730
382	479
383	980
384	530
384	585
384	597
384	937
384	969
384	987
385	564
386	719
387	573
387	775
388	396
388	803
389	758
389	807
389	838
390	638
390	770
390	887
391	564
392	468
392	807
393	505
393	650
394	427
394	507
394	974
395	489
395	745
396	960
399	475
399	490
399	571
399	875
399	898
400	437
400	589
400	699
400	737
401	651
401	653
401	742
401	845
402	538
402	788
402	845
402	949
403	424
404	578
405	562
405	661
405	816
406	599
406	800
407	470
407	594
407	880
407	927
407	990
409	465
409	557
409	681
409	842
409	844
409	860
410	415
410	902
411	424
411	604
411	633
411	891
412	573
412	674
412	893
414	485
414	535
414	758
415	433
415	439
415	472
415	668
415	909
416	628
417	826
418	837
418	929
418	956
419	808
419	962
420	437
421	456
423	840
423	985
424	439
424	516
424	655
424	718
424	956
425	460
425	660
425	702
425	715
426	726
426	991
427	437
428	988
429	440
429	446
429	866
430	521
430	636
430	729
430	759
430	834
430	919
431	582
431	753
431	782
431	864
432	461
433	603
433	751
434	610
434	654
434	797
435	551
435	599
435	789
435	939
436	952
437	481
437	561
439	599
439	621
439	739
439	943
440	479
440	590
441	482
441	599
441	778
441	818
442	756
443	505
443	633
443	759
443	765
443	929
443	964
444	687
445	636
445	711
446	871
447	641
447	976
448	502
448	710
448	773
449	479
451	518
451	863
451	995
452	985
453	714
453	805
453	984
454	463
454	502
454	546
454	652
455	773
456	592
456	715
457	933
458	513
458	586
458	886
458	941
459	714
459	875
460	845
460	887
461	593
461	878
462	769
462	824
462	909
463	481
463	590
464	479
464	782
465	598
465	782
465	992
466	574
466	682
467	484
467	927
469	613
469	634
469	754
470	522
471	736
472	621
472	707
473	675
474	617
474	893
476	673
476	862
477	499
477	630
477	860
478	805
479	577
479	693
479	731
479	877
479	917
481	572
481	677
481	827
482	877
482	990
483	881
485	513
485	765
486	605
487	636
488	542
488	798
488	860
489	551
489	947
490	765
491	839
491	853
491	881
492	894
492	973
492	987
493	550
493	682
493	696
493	754
493	761
493	790
493	943
494	968
495	631
495	667
495	875
496	506
496	581
496	692
496	706
497	714
497	912
498	542
498	721
498	776
498	979
499	773
499	847
499	854
500	586
500	714
501	936
502	871
502	950
503	506
503	576
505	689
505	866
506	551
506	930
507	530
507	631
508	682
508	754
508	782
508	923
509	860
509	941
510	619
510	809
510	810
510	817
511	637
511	736
511	806
511	907
512	517
512	834
514	827
515	968
516	559
516	731
516	781
517	697
517	840
518	569
518	680
518	865
519	715
520	980
522	683
522	728
522	896
523	788
523	977
524	636
524	718
524	792
524	909
524	942
525	670
525	827
525	963
526	612
526	696
526	781
526	964
527	608
527	855
528	589
528	651
529	637
529	892
530	574
530	587
531	622
531	629
531	814
532	546
532	729
532	746
532	903
534	931
536	605
536	997
537	546
538	648
538	792
538	921
541	544
541	945
542	693
542	930
543	634
543	657
544	671
544	951
545	868
546	956
549	822
549	884
550	893
551	689
552	710
552	929
553	659
554	663
554	783
554	853
554	875
554	894
556	774
556	826
556	859
557	570
557	700
557	960
558	823
560	570
560	656
561	748
561	772
561	994
562	849
562	987
563	773
563	814
564	858
565	942
566	757
566	958
567	970
569	607
569	609
569	900
570	945
571	578
571	973
572	700
572	716
572	769
573	635
573	762
573	858
573	921
574	799
575	627
575	653
575	743
576	611
576	902
577	936
578	646
578	927
579	720
580	999
581	841
582	800
583	678
584	597
585	671
585	816
586	638
587	636
587	715
588	623
590	853
590	974
591	790
592	822
592	966
593	619
593	716
593	969
596	604
596	652
596	830
596	849
596	876
597	808
597	815
597	922
598	647
598	685
598	933
598	953
599	832
600	798
601	804
602	755
604	718
605	625
605	752
605	996
606	654
606	733
606	758
607	790
608	782
608	920
609	798
609	835
610	840
610	881
610	916
611	642
611	934
611	986
612	717
612	998
615	823
615	849
615	921
615	992
617	715
617	951
618	651
618	995
619	912
619	967
620	979
621	784
622	685
623	675
623	740
624	848
624	961
624	998
626	936
627	648
627	679
627	748
630	892
631	657
631	772
631	877
633	710
633	732
634	759
635	715
635	750
635	847
638	767
639	734
639	756
639	869
641	765
641	817
643	820
645	779
645	921
646	863
647	757
647	881
648	692
649	896
649	969
650	796
650	806
650	823
650	890
650	921
651	793
651	877
652	707
653	931
654	936
655	684
655	711
656	738
657	782
657	990
658	771
658	834
658	836
659	818
659	867
662	712
662	720
662	977
662	997
663	740
663	762
664	788
665	720
666	977
667	779
667	813
668	687
668	795
668	865
669	933
670	761
670	943
671	685
671	832
671	976
672	795
674	754
674	812
675	833
676	805
677	875
678	694
678	890
679	809
679	897
680	747
680	834
682	704
682	811
683	846
683	856
683	941
684	990
687	694
688	702
688	763
688	925
688	947
690	730
690	781
691	925
693	804
694	802
695	883
695	961
696	709
696	758
697	907
700	890
700	932
700	958
700	995
701	723
701	909
702	956
705	766
706	812
706	830
706	844
707	915
707	968
711	748
714	736
715	804
715	909
716	771
716	803
716	952
718	882
720	856
723	794
723	917
723	932
724	763
724	802
724	910
725	859
727	762
729	844
730	824
731	746
732	827
732	853
733	877
734	998
739	914
741	820
741	970
741	998
742	932
743	883
743	907
745	783
745	872
745	882
745	972
748	782
748	882
749	875
750	796
753	981
755	824
756	988
757	969
758	996
759	821
760	988
761	810
761	850
761	857
761	980
762	955
762	992
763	774
765	768
766	889
766	992
767	942
768	962
769	770
769	896
770	785
770	869
770	947
772	910
776	892
776	907
776	946
778	808
780	991
781	820
781	897
783	795
783	893
784	987
785	906
786	822
787	952
788	930
789	794
789	966
801	893
801	962
802	997
803	886
803	939
804	812
805	828
805	846
805	943
805	968
806	890
807	922
808	865
809	969
813	841
814	849
814	879
815	938
816	977
817	959
818	879
821	910
823	849
823	888
824	907
824	958
825	829
825	886
827	835
828	859
829	838
831	876
831	964
832	883
832	934
839	871
839	878
847	898
852	919
853	884
855	908
856	891
859	969
860	955
861	892
862	897
863	966
864	882
864	967
869	964
870	882
870	903
870	972
872	924
873	875
876	950
876	965
877	903
877	979
878	943
878	983
880	905
880	926
881	939
884	907
885	891
891	912
891	924
891	992
893	994
894	906
895	921
896	936
897	909
899	900
899	953
908	972
909	974
918	975
919	970
921	995
924	998
932	990
937	982
944	956
948	994
951	958
959	979