0	434
0	581
1	248
1	413
1	678
1	839
1	878
2	305
2	732
2	907
3	109
3	197
3	409
4	69
4	122
4	131
4	157
4	424
4	597
5	189
5	378
5	406
5	559
5	762
6	290
6	355
6	934
7	63
7	85
7	532
7	586
7	604
7	761
7	797
8	188
8	475
8	734
9	238
9	363
9	405
9	544
9	905
10	35
10	545
11	235
11	254
11	352
11	390
11	538
11	613
11	656
11	706
11	740
11	965
12	203
12	647
12	847
13	138
13	249
13	497
13	519
13	580
13	773
13	968
14	150
14	162
14	345
14	778
14	808
15	45
15	78
15	973
16	335
16	459
16	590
16	642
16	777
17	114
17	354
18	114
18	401
18	453
18	491
18	585
18	793
18	830
19	60
19	259
19	363
19	429
19	698
19	747
19	900
19	962
20	175
20	398
20	572
20	657
20	946
20	969
21	420
21	443
22	799
22	946
23	571
23	997
24	31
24	258
24	268
24	986
25	831
25	942
26	440
26	905
27	143
28	254
29	57
29	303
29	330
29	397
29	858
30	139
30	449
30	729
30	910
31	159
31	235
31	307
31	677
31	908
31	945
31	964
32	508
32	781
33	300
33	330
33	435
34	443
34	730
34	944
35	39
35	254
35	434
35	618
35	648
35	683
36	88
36	98
36	448
36	466
36	523
36	613
36	622
36	798
37	54
37	292
38	146
38	433
38	532
38	991
39	237
39	334
39	352
39	362
39	455
39	781
40	330
40	394
40	416
40	462
40	733
41	96
41	348
41	406
41	501
41	874
42	278
42	393
42	424
42	503
42	686
42	963
43	894
44	86
44	396
44	602
45	233
45	365
45	552
46	177
46	191
46	441
46	941
47	161
47	376
47	516
47	802
48	506
48	835
49	202
49	571
49	803
49	932
49	935
49	958
50	441
50	445
50	637
50	746
50	849
51	273
51	474
51	698
52	215
52	299
52	685
52	918
53	449
53	937
54	796
55	285
55	507
55	547
56	84
56	728
57	943
58	91
58	95
58	132
58	286
58	699
58	857
58	886
58	959
59	528
59	628
59	874
59	897
59	923
60	265
60	286
60	802
61	550
61	694
62	153
62	359
62	563
62	838
62	921
62	958
63	356
63	358
63	450
63	582
64	206
64	208
64	264
64	576
65	507
65	906
65	974
66	339
66	597
67	187
67	502
67	569
67	917
68	252
68	299
68	306
68	328
68	544
68	850
68	868
68	995
69	170
69	228
69	256
69	632
70	526
70	867
70	934
71	283
71	443
71	444
71	715
71	883
72	87
72	463
72	720
72	925
73	288
73	814
74	259
74	279
74	437
74	556
74	615
74	701
74	710
74	799
74	829
74	910
74	976
74	982
75	411
75	426
75	574
75	993
76	402
76	544
76	575
76	633
76	705
76	847
76	872
77	106
77	427
77	452
78	627
79	128
79	132
79	177
79	398
79	562
79	733
79	972
80	89
80	259
80	280
80	339
80	395
81	726
81	767
82	639
82	677
82	937
83	136
83	444
83	459
83	890
83	994
84	268
84	693
84	775
84	971
85	274
85	813
85	927
86	184
86	217
86	413
87	176
87	189
87	364
87	638
89	241
89	288
89	601
89	952
90	163
90	228
90	303
90	598
91	251
91	841
92	467
92	634
92	771
93	526
93	543
93	693
93	803
93	911
94	462
94	677
94	838
95	254
95	321
95	573
95	629
95	898
96	127
96	155
96	864
96	932
96	982
97	232
97	346
97	478
97	985
98	181
98	226
98	431
98	441
98	618
98	749
99	228
99	336
99	680
99	815
100	195
100	452
100	722
101	117
101	124
101	157
101	203
101	825
101	919
102	328
102	380
102	431
102	520
102	601
102	729
102	864
103	169
103	538
103	808
104	295
104	340
104	588
104	817
104	931
104	988
105	481
105	560
105	569
105	571
105	643
105	746
105	932
105	961
106	453
106	583
106	918
107	322
107	560
107	566
107	716
108	185
108	614
109	272
109	593
109	982
110	842
111	415
111	483
111	749
111	952
112	197
112	597
112	677
112	782
112	928
113	231
113	672
114	442
114	687
114	885
115	155
115	295
116	145
116	315
116	348
116	428
116	440
117	816
118	333
118	380
118	686
118	800
119	191
119	332
119	421
119	511
119	604
119	688
120	166
120	347
120	355
120	459
120	845
120	862
121	276
121	319
121	340
121	380
121	460
121	680
122	215
122	264
123	144
123	820
123	870
124	212
124	395
124	776
124	862
125	651
125	718
126	329
126	680
127	187
127	531
127	545
127	711
127	962
128	357
128	514
128	551
128	932
128	969
129	316
129	396
129	471
129	792
129	800
130	577
131	256
131	777
132	178
132	282
132	666
132	939
133	204
133	779
133	900
134	945
135	822
135	895
136	686
136	748
136	811
137	571
137	776
138	219
138	239
138	267
138	471
138	602
139	708
140	170
140	481
140	865
141	939
142	389
142	429
142	900
143	446
143	877
143	878
143	940
144	321
145	353
145	461
145	920
145	979
146	754
147	355
147	357
147	465
147	518
147	816
148	269
148	374
148	657
148	752
148	766
148	869
149	270
149	687
150	383
150	505
150	697
151	199
151	484
151	858
151	866
152	172
152	314
152	615
152	690
152	694
154	352
154	464
154	488
154	930
155	444
155	473
155	477
156	529
156	750
156	794
156	864
157	432
157	881
157	967
158	269
158	489
158	531
158	779
158	785
159	458
159	496
160	491
160	495
160	573
160	654
160	704
160	803
161	448
161	686
161	877
162	221
162	529
163	430
163	491
163	785
163	793
163	819
164	187
164	227
164	782
164	817
165	205
165	245
165	291
165	420
165	546
165	744
165	864
166	192
166	270
166	454
166	795
166	823
167	226
167	434
167	543
167	619
167	934
167	960
168	192
169	175
169	467
169	745
170	364
170	892
171	325
171	639
171	656
171	700
171	716
171	841
172	382
172	565
172	567
173	205
173	215
173	780
174	550
174	598
174	744
174	845
175	379
175	774
175	877
176	191
176	273
177	947
178	509
178	618
178	643
179	459
179	943
180	434
180	445
180	522
180	988
182	198
183	612
183	930
183	934
183	952
184	342
184	871
185	375
185	582
185	648
185	680
186	554
187	272
187	372
187	773
188	244
188	625
189	384
189	569
189	598
189	604
189	667
189	874
189	932
190	314
190	462
190	799
191	447
191	463
191	826
191	967
192	342
192	638
192	653
192	908
192	995
193	255
193	283
193	696
194	278
194	623
194	707
194	749
194	774
194	775
195	432
195	503
195	623
196	301
196	600
196	681
196	814
197	215
197	281
197	316
197	510
198	343
198	397
198	980
198	992
199	228
199	383
199	407
199	781
200	247
200	305
200	697
200	741
200	791
200	837
200	919
201	220
201	453
201	505
201	568
201	617
202	216
202	429
202	700
203	483
203	536
204	488
204	493
204	571
204	736
204	779
204	983
205	400
205	454
205	774
206	655
207	485
207	775
207	953
208	275
208	316
208	369
208	523
208	576
208	968
209	456
209	469
209	649
209	765
210	308
210	485
210	547
210	644
210	732
210	791
211	240
211	299
211	730
211	846
211	856
211	998
212	840
212	953
213	997
214	554
214	636
214	734
214	787
214	942
215	248
215	443
215	794
216	258
216	596
216	727
216	907
217	378
217	776
218	244
218	556
218	709
218	835
219	289
219	591
219	649
220	435
220	528
220	684
220	972
221	489
221	524
221	533
221	693
222	487
223	843
223	914
224	440
224	460
225	832
227	246
227	888
228	873
229	240
230	335
231	290
231	408
231	568
232	518
232	935
233	461
234	291
234	498
234	701
235	961
236	628
236	696
236	720
236	756
236	773
236	851
237	248
237	753
237	792
237	849
238	864
238	907
239	439
239	786
239	876
239	899
240	738
241	379
242	755
242	760
242	832
242	895
243	693
243	851
244	276
244	982
245	271
245	498
246	383
246	873
248	353
248	596
248	658
248	678
248	883
248	959
249	254
249	418
249	763
249	773
249	885
250	260
250	313
250	496
250	714
250	933
250	936
250	991
251	459
251	651
252	400
252	828
252	841
253	300
253	977
254	330
254	394
254	415
254	451
254	502
254	669
254	948
254	992
255	371
255	518
255	629
255	642
255	647
256	290
256	372
256	387
256	408
256	452
256	627
256	781
256	846
256	950
257	275
257	798
257	842
257	870
258	323
258	382
258	513
258	591
259	653
259	967
259	978
260	398
260	599
261	389
261	463
261	476
261	583
261	639
261	887
262	380
262	419
262	442
262	486
262	760
262	966
263	322
263	361
263	662
263	689
263	889
264	492
264	741
264	980
265	464
265	894
266	542
266	602
266	722
266	738
266	988
267	302
267	433
267	678
268	279
268	425
268	628
268	699
269	316
269	962
270	453
270	693
270	914
270	972
271	376
271	878
271	936
272	468
272	628
273	682
273	694
273	779
273	835
274	667
274	807
275	734
275	786
275	835
276	300
276	581
277	310
277	392
277	468
277	768
278	437
279	284
279	422
281	497
281	602
281	913
282	395
282	666
282	822
283	364
283	415
285	482
285	832
285	865
285	870
285	883
285	985
286	531
286	549
286	568
287	293
287	565
287	886
289	552
289	684
289	755
289	855
290	294
290	626
290	645
290	790
290	977
291	616
291	626
291	707
291	725
291	815
291	899
291	984
292	485
292	679
293	813
293	816
294	315
294	562
294	953
295	338
295	388
295	437
296	332
296	495
297	313
297	362
297	527
298	355
298	447
298	647
298	729
299	769
299	979
300	586
300	639
300	671
301	453
301	965
302	305
302	350
302	709
302	812
303	422
304	308
304	552
305	536
305	546
305	731
305	928
305	995
307	454
307	703
307	897
307	927
308	591
309	783
309	845
309	928
310	341
310	400
310	637
310	744
310	906
311	368
311	387
311	436
311	535
311	572
311	910
312	323
312	360
312	723
313	422
314	476
314	603
314	625
315	860
316	744
317	973
318	500
318	681
318	875
318	953
319	333
319	823
319	879
320	341
320	618
320	972
321	559
321	570
321	674
322	401
322	624
322	829
322	895
322	906
323	338
323	466
323	920
324	432
324	512
324	548
324	809
324	868
325	360
325	529
325	561
325	627
325	690
326	416
326	433
326	733
326	861
327	343
327	489
327	528
327	691
327	740
327	864
327	999
328	671
329	518
329	626
329	736
329	804
329	812
330	544
330	728
330	803
330	938
331	753
331	810
332	343
332	383
332	420
332	519
332	620
332	779
333	512
333	695
333	767
333	829
335	600
335	601
335	618
335	716
335	746
335	855
336	530
336	712
336	870
336	929
337	788
337	790
337	916
337	986
338	411
338	647
338	793
338	812
338	856
340	633
340	784
341	369
341	957
341	994
342	581
342	971
343	641
343	889
344	464
344	546
344	605
344	732
344	947
344	959
345	837
345	903
345	939
346	426
346	632
347	359
347	795
348	751
349	923
349	962
349	997
350	386
350	399
350	677
351	637
351	656
351	701
352	383
352	460
352	527
352	645
352	978
353	883
353	957
354	644
354	909
355	512
355	609
355	690
355	793
355	802
356	561
356	853
357	438
357	455
357	465
357	835
358	360
358	399
359	412
359	650
359	809
360	560
360	616
360	665
360	974
362	422
362	465
362	835
362	919
363	668
363	675
364	392
364	651
364	758
364	804
366	669
367	376
367	421
367	736
368	536
369	386
369	565
369	649
369	696
369	827
370	442
370	457
370	472
370	621
370	672
370	761
370	910
371	377
371	897
372	700
373	493
373	882
373	963
374	468
375	391
375	768
375	926
375	997
376	395
377	841
377	894
377	961
378	539
378	964
379	488
379	977
381	905
381	967
382	496
383	420
383	925
384	416
385	629
385	907
385	958
385	977
386	657
386	718
386	977
387	428
387	792
387	849
388	607
389	610
389	676
389	718
389	757
390	886
391	544
391	902
392	545
392	811
392	980
393	402
393	501
393	665
393	821
394	717
395	688
395	725
395	786
396	566
397	469
397	859
398	731
398	735
400	441
400	451
400	518
400	959
401	405
401	556
401	615
401	800
401	808
402	535
402	625
402	897
402	933
403	585
403	703
404	521
404	815
404	899
405	664
405	833
406	944
406	990
407	486
407	841
408	686
408	692
408	823
409	586
410	516
410	992
411	604
411	679
411	690
411	863
412	546
412	861
413	561
413	690
413	979
414	484
414	801
415	534
415	638
416	427
416	691
417	682
417	745
418	730
418	867
418	931
419	638
420	453
420	544
420	820
422	691
422	883
422	946
423	425
423	780
423	811
423	834
424	619
424	816
425	427
425	486
425	537
425	849
426	473
426	663
427	512
427	571
427	611
427	733
428	839
428	858
428	941
429	588
429	589
430	591
430	638
430	884
430	956
430	972
431	614
431	713
431	719
432	434
432	444
432	552
433	515
434	789
434	961
435	531
436	596
436	748
436	794
436	796
437	558
437	623
439	464
439	530
439	701
439	987
440	731
440	950
440	993
441	541
442	525
442	563
442	776
443	809
443	813
444	680
444	727
444	972
445	451
445	456
445	609
445	680
445	926
447	656
448	547
448	579
448	607
448	704
449	464
449	505
449	587
449	752
449	795
450	651
450	670
450	854
451	678
451	765
451	999
452	592
452	702
453	811
455	598
455	709
455	943
456	825
457	718
457	827
458	526
458	900
459	630
459	654
459	691
459	837
460	552
460	555
460	598
460	640
461	551
461	928
462	774
463	473
463	547
463	708
464	470
464	511
464	554
464	716
464	765
465	646
465	708
465	716
466	738
466	940
467	630
468	674
468	785
469	814
470	583
470	825
471	586
473	686
474	478
475	698
476	804
477	570
477	588
477	727
478	634
478	992
479	639
479	693
479	883
480	519
480	627
480	655
480	723
481	741
481	899
482	844
482	931
482	989
483	680
483	944
484	534
484	797
485	552
485	991
486	513
487	767
487	825
487	922
488	941
489	521
489	577
490	823
491	811
491	865
492	536
492	568
493	559
493	681
493	812
493	819
494	863
494	877
495	593
496	653
496	811
496	835
497	641
499	541
499	946
500	885
500	978
501	817
501	931
501	937
502	677
502	937
502	953
503	663
503	735
504	654
504	765
504	875
505	544
507	655
507	687
508	940
509	528
509	801
510	998
511	670
511	818
511	936
511	991
512	802
513	765
513	856
513	870
513	955
513	982
515	750
515	878
515	989
516	778
517	758
518	682
521	686
522	859
522	900
524	666
524	873
524	960
525	800
526	629
526	795
526	959
527	847
527	897
529	609
529	701
529	775
529	956
530	563
530	795
531	789
531	876
532	959
532	989
533	638
533	692
533	702
533	802
533	830
533	924
536	845
536	927
537	543
537	713
537	718
537	781
537	891
537	940
538	602
539	588
539	721
539	792
539	848
539	856
540	728
540	884
541	925
541	927
544	792
544	894
545	657
545	866
546	563
546	600
547	829
547	928
547	954
547	967
548	727
548	819
549	581
549	748
550	962
551	680
551	749
552	610
552	650
553	782
554	556
554	595
554	832
554	915
555	606
555	643
556	796
556	848
557	773
560	823
561	592
562	700
562	824
562	893
563	571
564	582
564	616
564	660
564	673
564	890
564	925
565	736
567	650
572	688
572	886
573	755
573	795
573	897
573	917
574	658
574	713
574	750
574	774
574	926
574	990
575	834
576	826
578	815
579	615
579	640
581	733
581	995
582	891
583	858
583	859
584	852
584	991
585	762
585	825
585	948
587	730
589	729
590	848
590	979
591	728
591	824
592	773
592	908
593	727
593	735
594	673
594	779
594	854
596	764
596	780
596	787
597	630
597	944
598	654
598	983
600	705
600	805
601	774
601	871
602	864
603	946
605	703
605	721
605	899
605	932
606	723
607	737
607	866
607	995
607	997
608	860
611	791
611	858
611	978
612	638
612	801
612	858
614	965
616	896
618	960
619	666
619	935
620	667
620	827
622	720
622	825
622	885
622	951
623	940
624	764
624	982
625	695
625	912
627	849
629	644
630	706
630	744
631	664
631	780
631	842
631	915
631	970
632	822
633	785
633	884
633	917
633	926
634	978
635	813
635	845
635	887
636	845
638	988
639	742
639	775
639	861
641	961
641	984
642	650
642	725
645	721
645	773
646	704
646	726
647	871
648	772
648	859
648	877
648	915
649	982
650	710
650	870
651	663
651	909
652	658
653	721
653	805
653	852
654	836
655	783
655	832
655	999
657	755
657	773
657	787
657	922
657	939
658	943
659	899
659	960
660	876
660	951
661	793
661	797
661	882
663	706
663	808
664	713
666	750
666	814
670	692
671	732
672	991
674	893
675	977
677	709
677	931
677	941
678	838
678	881
679	775
679	834
680	786
681	722
681	897
681	961
682	758
682	787
682	788
682	994
685	935
686	733
686	972
687	995
688	797
688	981
691	728
692	711
692	805
692	847
694	940
695	903
696	718
697	754
699	975
701	841
701	880
702	830
703	938
703	988
704	829
704	868
704	940
706	732
706	862
708	728
710	885
710	928
710	930
711	957
712	715
712	912
713	917
716	942
717	918
718	885
719	898
721	782
722	741
722	907
724	757
725	776
726	752
726	897
726	906
726	918
727	785
729	788
731	772
731	787
733	753
734	762
735	946
736	874
738	763
738	775
739	861
739	952
739	969
741	791
743	928
744	852
744	906
745	871
746	852
746	984
747	988
748	865
750	832
751	846
751	909
751	929
758	834
758	918
758	955
759	812
759	865
760	906
760	929
761	858
762	886
763	847
763	892
764	775
764	786
765	904
766	827
768	896
770	881
770	907
775	804
775	863
777	987
780	785
780	844
782	888
782	918
783	870
784	826
784	988
786	893
790	919
791	938
792	848
794	815
794	954
795	954
795	987
797	809
797	818
797	939
800	895
801	802
801	866
802	853
802	967
805	838
806	879
808	816
808	911
809	943
810	855
811	916
812	825
814	919
815	931
816	914
816	958
817	911
817	917
819	885
819	974
820	838
820	871
820	886
820	934
821	883
821	887
822	900
823	941
824	949
826	842
827	866
829	965
831	997
832	949
833	847
833	909
834	847
836	975
837	931
837	997
844	896
848	986
850	974
852	984
857	879
857	938
859	884
859	989
861	873
862	904
866	971
867	893
867	929
867	967
868	958
869	889
869	983
870	958
871	958
872	935
873	939
875	911
878	950
879	986
883	919
885	984
888	933
889	908
894	901
901	943
902	953
904	907
904	942
906	960
909	945
914	997
916	934
916	960
919	986
922	971
922	977
926	943
927	979
929	965
931	941
938	979
941	978
944	968
947	955
947	975
949	996
958	983
965	996
976	987
979	999
984	989