0	232
0	255
0	522
0	529
0	619
0	690
0	863
1	2
1	100
1	355
1	706
1	860
2	592
2	662
2	984
3	377
3	611
3	787
4	145
4	285
4	698
4	713
5	163
6	168
6	242
6	773
6	799
6	816
7	318
7	447
7	719
7	906
8	359
8	546
8	787
9	258
9	314
9	490
9	785
9	966
10	884
10	928
11	562
11	616
11	670
11	856
12	147
12	265
12	686
12	698
12	870
13	177
13	912
13	964
14	275
14	487
14	585
14	893
15	152
15	184
15	228
15	400
15	615
15	701
15	756
15	993
16	553
16	687
16	706
16	794
17	506
17	789
17	859
18	59
18	262
18	743
19	67
19	366
19	791
19	913
20	420
20	627
20	745
20	798
20	821
21	303
21	566
21	780
21	861
21	880
21	902
22	136
22	232
22	292
22	318
22	349
22	456
23	148
23	320
23	444
23	477
24	204
24	484
24	763
24	770
24	787
24	840
25	31
25	180
25	220
25	248
25	515
25	667
25	948
26	103
26	149
26	525
26	594
26	772
27	393
27	850
28	255
29	182
29	803
30	421
30	470
30	615
30	958
31	355
31	525
31	902
32	61
32	534
32	911
33	176
33	439
33	551
34	105
34	217
34	318
34	541
35	420
36	334
36	620
37	199
37	898
38	104
38	492
38	818
38	893
38	976
38	989
39	161
39	397
39	630
39	825
39	973
40	182
40	222
40	527
40	595
40	752
41	626
41	703
41	706
41	786
42	165
42	707
42	750
42	984
43	435
43	552
43	753
44	424
44	659
44	935
45	114
45	186
45	225
45	716
45	765
46	197
47	648
48	182
48	545
48	675
49	83
49	241
49	493
49	608
49	714
49	917
50	106
50	286
50	518
51	123
51	518
51	541
51	595
51	930
51	976
52	230
52	601
52	757
52	820
52	827
52	853
52	949
52	960
53	224
53	325
53	523
53	824
54	149
54	174
54	307
54	422
54	837
55	114
55	598
55	708
55	889
56	981
56	987
57	110
57	238
57	299
57	405
57	501
57	786
57	871
58	73
58	104
58	105
58	740
59	444
59	642
59	702
60	571
60	669
61	126
61	186
61	274
61	565
61	611
61	887
61	928
61	992
62	242
62	342
62	695
63	559
63	736
64	511
64	548
64	599
65	123
65	222
65	233
65	470
65	557
65	805
65	957
66	632
66	708
66	779
67	145
67	325
67	722
67	746
67	825
68	147
68	236
68	430
68	536
68	779
68	851
68	908
69	438
69	671
69	689
70	226
70	703
70	752
71	83
71	623
71	914
72	653
73	303
73	538
73	898
74	484
74	929
74	996
75	434
75	803
75	861
76	253
77	729
77	841
77	846
78	414
78	510
78	541
78	636
78	737
78	780
78	892
79	307
79	491
79	493
79	944
80	123
80	228
80	234
80	617
80	719
81	107
81	533
81	554
81	594
82	305
82	641
82	985
83	345
83	589
83	643
83	670
84	253
84	706
84	802
84	994
85	95
85	326
85	764
85	802
85	886
86	373
86	489
86	497
86	685
86	692
87	114
87	285
87	290
87	726
87	831
88	373
88	531
88	872
89	475
90	175
90	458
90	530
90	661
90	719
91	193
92	349
92	471
92	538
92	706
92	888
93	620
93	925
93	939
94	192
94	960
95	370
95	511
95	672
96	143
96	536
96	934
97	105
98	117
98	134
98	459
98	523
98	879
98	884
98	917
99	111
99	125
99	210
99	401
99	572
100	112
100	210
100	545
100	770
101	295
101	297
101	427
101	625
101	912
102	148
102	170
102	383
102	538
102	962
103	617
103	654
103	680
103	738
104	479
105	237
105	631
105	897
106	130
106	429
106	557
107	312
107	490
107	827
108	451
108	482
108	536
108	888
108	951
109	219
109	264
109	398
110	687
111	577
112	161
112	277
112	340
113	534
113	717
113	913
114	238
114	293
114	364
114	792
115	314
116	839
117	148
117	223
117	247
117	744
117	944
117	998
118	148
118	165
118	692
118	800
119	380
119	462
119	784
119	796
120	461
120	486
120	780
121	226
121	233
121	274
121	322
121	868
122	452
122	712
122	823
122	941
123	141
123	176
123	445
123	552
123	620
123	797
124	162
125	272
125	623
125	798
126	322
126	479
126	601
126	878
127	232
127	553
127	820
127	996
128	199
128	908
129	496
130	884
131	362
131	435
131	682
131	731
132	263
132	284
132	374
133	162
133	165
133	443
133	621
133	954
134	375
134	882
135	362
135	444
135	486
135	715
135	891
135	966
136	268
136	492
137	180
137	834
137	892
138	336
138	497
139	166
139	182
139	228
139	464
139	510
139	869
140	424
140	486
140	667
140	723
140	866
140	978
140	988
141	185
142	412
142	580
142	583
142	608
142	657
142	966
143	264
143	615
143	683
144	194
145	365
145	941
146	444
146	708
146	898
147	217
147	226
147	304
147	397
147	628
147	748
147	773
147	959
148	327
148	440
148	492
148	610
148	872
149	432
149	437
149	446
149	612
149	761
149	913
150	335
150	640
150	673
151	349
151	366
151	373
151	980
152	418
152	427
152	686
152	892
153	866
154	348
154	691
154	706
155	509
155	549
155	667
155	706
156	336
156	399
156	818
156	915
157	457
157	530
157	607
157	794
157	845
158	648
158	653
159	475
159	999
160	632
160	699
161	399
161	887
162	576
162	876
162	980
163	572
163	788
164	235
164	345
164	490
164	610
164	867
164	907
165	199
165	422
165	943
166	670
167	782
167	879
167	965
169	319
169	333
169	365
169	380
169	399
169	550
169	665
169	684
169	784
170	244
170	394
170	709
170	796
170	882
171	524
171	547
171	597
171	974
171	994
172	445
172	592
172	630
172	880
173	261
173	352
173	373
174	534
174	653
174	719
174	897
175	504
175	596
176	206
176	335
176	381
176	554
176	973
177	366
177	420
177	429
177	583
177	911
178	826
179	186
179	554
179	586
179	709
179	948
180	222
180	550
180	562
180	713
180	865
181	271
181	401
181	475
181	489
181	578
181	999
182	346
182	482
182	733
182	932
183	237
183	471
183	906
184	200
184	225
184	226
184	663
185	685
186	362
186	460
186	679
186	960
187	418
187	654
188	199
188	368
188	620
188	682
189	318
189	508
189	539
189	665
189	795
190	476
190	564
190	601
190	616
191	467
191	851
191	973
192	282
193	280
193	695
194	196
194	201
194	449
194	561
194	663
195	370
195	598
195	626
195	714
196	295
196	519
196	613
196	839
197	257
197	315
197	418
197	721
197	972
198	220
199	331
199	384
199	446
199	541
199	568
199	705
199	965
200	361
200	415
200	806
201	680
201	905
202	687
202	950
202	981
202	998
203	288
203	297
203	724
203	890
203	908
204	733
204	761
205	302
205	771
206	445
206	836
207	521
208	349
208	399
208	460
209	618
209	824
210	247
210	621
211	274
211	330
211	355
211	384
211	628
211	696
211	753
211	824
211	845
212	265
212	760
212	777
212	832
213	308
213	596
213	686
213	770
214	680
214	810
214	962
215	231
215	511
215	590
215	741
216	409
216	970
217	254
217	257
217	540
218	714
218	883
218	891
218	951
218	981
219	231
219	306
219	309
219	850
220	319
220	422
220	638
220	683
220	808
220	874
220	962
220	990
221	256
221	449
221	471
222	545
222	722
222	880
223	270
223	398
223	662
224	344
224	476
224	509
224	867
225	398
225	590
225	862
225	933
226	841
226	871
227	718
227	938
227	970
227	977
228	426
228	447
228	481
228	668
228	740
229	633
229	734
229	960
230	384
230	660
230	952
231	279
231	457
231	827
232	339
232	399
232	653
232	717
232	891
233	277
233	408
233	557
233	676
234	339
234	356
234	616
234	913
235	439
235	464
236	605
237	351
237	439
237	462
238	585
239	244
239	281
239	876
240	263
240	353
240	459
240	463
241	400
241	422
241	985
242	303
242	304
242	357
242	594
242	748
243	311
243	453
243	670
243	685
243	711
243	745
243	860
244	340
244	698
245	301
245	622
245	727
246	474
246	652
246	677
246	885
247	261
247	464
247	532
248	650
248	727
248	790
248	980
249	543
249	698
249	786
249	863
250	286
250	442
251	683
252	275
252	464
252	645
252	805
252	815
253	478
253	604
254	512
255	542
255	743
256	327
256	635
256	897
257	467
257	602
257	940
258	275
258	448
258	516
258	534
258	624
259	446
259	448
259	644
259	908
260	287
260	466
260	654
260	723
261	397
261	508
261	698
261	889
262	309
262	528
262	583
262	711
262	956
263	372
263	492
263	717
263	745
264	328
264	642
265	479
265	540
265	821
265	963
266	611
266	815
267	614
267	648
267	660
267	724
268	276
268	313
268	533
268	575
268	648
269	760
269	826
270	387
270	581
272	375
272	415
272	455
272	716
272	926
273	713
273	750
273	803
273	951
273	973
274	339
274	578
274	587
274	667
274	726
274	746
274	906
275	592
275	874
275	941
276	598
277	364
277	586
277	756
277	891
277	952
278	348
278	477
278	848
279	313
279	368
279	819
279	862
279	984
280	406
281	425
281	769
282	700
283	414
283	562
283	777
284	689
284	745
286	382
286	830
286	939
287	528
288	381
288	387
288	813
288	895
288	928
289	340
289	492
289	523
289	688
289	820
289	847
289	848
290	540
291	647
291	825
291	832
291	855
291	900
292	674
292	714
292	895
293	307
293	333
293	768
294	780
295	329
295	807
295	954
296	617
296	620
296	811
297	417
297	629
297	820
298	422
298	687
298	705
299	487
299	684
300	345
300	538
300	742
300	775
300	826
300	999
301	765
301	843
301	955
301	962
302	466
303	507
304	424
304	710
304	941
305	490
305	534
305	721
305	728
305	737
305	802
305	984
305	991
306	328
306	686
306	740
307	937
307	998
309	493
309	659
310	476
310	790
311	314
311	385
311	443
311	784
312	332
312	349
313	324
313	551
313	556
313	755
313	818
313	874
314	368
314	439
314	639
314	776
314	941
315	601
315	774
315	892
315	965
316	399
316	422
316	568
316	661
316	796
316	810
317	522
317	778
317	878
318	432
318	631
318	733
318	859
320	606
320	678
320	796
320	891
321	393
321	692
321	719
321	848
321	909
321	915
322	772
323	329
323	501
323	943
325	748
326	349
328	344
328	792
328	833
329	549
329	693
329	709
329	861
329	922
330	433
330	667
330	977
331	547
332	501
333	537
333	732
334	384
334	561
334	638
334	859
335	369
335	395
335	592
336	464
336	596
336	980
337	474
337	520
337	558
337	808
338	999
339	402
339	540
339	751
339	897
339	944
340	516
340	819
340	888
341	523
341	590
341	608
342	467
342	609
342	632
342	824
342	906
343	348
343	930
344	379
344	645
344	712
344	755
345	924
346	463
346	516
346	852
347	381
347	445
347	475
347	682
347	997
348	456
348	881
348	910
350	625
351	358
351	841
352	433
352	628
352	674
352	784
352	889
353	671
353	946
354	428
354	737
354	838
355	506
355	538
355	622
355	777
356	457
356	490
356	538
357	406
357	569
357	700
357	950
357	969
357	977
358	846
359	429
359	874
360	487
360	631
360	648
360	699
360	763
360	930
361	380
361	627
361	667
361	739
361	773
361	804
361	900
363	434
363	567
363	767
363	865
363	926
364	459
364	464
364	512
364	705
364	918
364	979
365	431
366	471
366	538
366	597
366	836
367	446
368	437
368	939
369	461
369	626
369	645
369	741
370	720
370	929
371	721
372	976
373	518
374	913
374	933
375	637
375	662
375	855
375	894
376	414
376	833
377	389
377	976
378	401
378	714
378	740
378	907
378	997
379	431
379	608
380	486
380	641
380	947
381	425
382	497
383	630
383	838
384	694
384	970
386	455
386	458
386	477
388	538
388	608
388	727
389	585
389	737
389	738
389	969
390	479
390	599
390	701
390	904
390	948
391	712
391	818
392	477
392	702
392	707
392	924
393	669
393	964
394	722
394	829
394	928
395	556
395	631
395	685
396	699
396	955
396	997
397	814
397	984
398	680
399	460
399	689
399	778
400	641
400	672
400	736
400	783
401	446
401	695
401	773
401	776
402	679
402	733
402	892
403	549
403	561
403	739
403	772
403	964
404	512
404	553
404	878
406	614
406	977
407	549
407	734
407	840
408	945
410	573
410	942
410	979
411	451
411	519
411	702
411	809
413	754
415	519
415	671
416	509
416	711
416	883
417	689
417	706
417	904
419	480
419	563
419	700
419	707
420	841
420	861
421	677
422	438
422	735
422	895
423	510
423	530
423	590
424	506
424	706
424	964
425	519
429	466
429	650
430	561
430	891
431	589
431	593
431	859
432	437
432	593
432	830
433	775
433	927
434	488
434	563
434	692
435	692
435	775
435	805
435	847
435	886
436	746
436	848
436	857
436	858
436	892
437	709
438	637
438	643
438	713
439	991
440	825
441	877
441	889
441	992
442	705
442	796
442	800
442	958
442	995
443	491
443	602
444	534
444	551
444	591
444	659
444	898
445	781
445	888
446	545
446	624
447	526
447	760
447	855
447	940
448	970
449	526
449	906
450	977
452	498
452	555
452	867
452	951
453	568
454	475
455	491
455	552
455	811
455	834
455	867
456	836
456	962
457	513
457	517
457	718
458	472
458	540
458	828
459	692
459	849
459	857
460	757
460	839
460	921
462	610
462	657
462	926
463	964
464	710
464	729
464	936
465	603
465	820
466	768
466	903
466	928
467	614
467	819
467	945
468	508
468	742
468	927
468	949
469	596
469	786
470	626
470	630
470	865
472	499
472	823
473	556
473	557
474	932
475	576
476	700
476	846
477	698
477	847
479	704
481	621
481	778
483	518
483	640
483	795
484	518
484	577
484	580
485	495
485	852
485	910
485	974
486	639
486	680
486	704
486	714
486	925
486	998
487	614
487	900
488	749
488	772
488	910
488	968
489	546
489	591
489	611
489	627
489	690
489	949
491	684
491	879
493	560
493	984
494	842
496	730
496	928
497	812
497	991
498	814
498	959
499	660
499	987
500	661
500	703
500	991
502	795
502	961
503	558
504	523
504	554
504	699
505	642
505	982
506	538
506	676
507	925
507	934
508	542
509	532
509	810
510	537
510	606
511	589
511	949
512	741
513	708
513	904
514	849
515	605
515	634
516	877
516	972
517	528
517	934
518	603
518	666
518	871
519	537
519	659
519	736
520	633
520	858
520	882
521	866
522	682
523	544
523	743
523	846
523	914
524	757
524	941
525	692
525	809
525	974
526	612
526	811
526	980
528	671
528	854
528	857
528	991
529	677
529	855
530	816
530	987
531	543
532	664
532	847
532	852
532	947
533	540
533	719
533	739
534	898
534	953
535	557
535	834
535	928
536	698
537	888
538	837
539	554
539	774
539	836
539	917
540	589
540	717
540	831
541	576
541	667
541	830
542	979
543	704
544	708
544	769
544	841
546	920
549	579
549	670
549	758
549	803
549	954
549	973
550	682
550	857
551	566
552	895
552	982
554	800
554	902
555	625
555	699
555	906
556	756
556	887
557	914
558	685
558	687
559	848
559	880
560	898
560	933
561	638
561	673
561	813
561	957
563	796
564	981
565	586
565	743
565	752
566	701
566	942
569	811
570	709
570	956
571	608
571	651
571	856
574	603
574	785
574	862
577	996
578	641
578	682
578	756
579	760
579	951
580	844
582	706
582	811
583	610
583	804
583	939
583	969
583	981
584	825
585	956
585	961
585	963
586	664
586	802
587	816
587	920
588	635
588	683
588	909
588	944
588	959
589	705
589	915
591	711
591	942
592	649
593	604
593	939
595	676
595	705
596	710
596	822
596	959
597	688
597	704
598	683
599	688
599	944
600	634
600	799
601	850
602	655
603	953
603	999
605	669
607	792
607	845
607	849
609	696
609	759
610	845
610	908
611	768
612	753
612	754
612	769
613	898
614	678
616	726
616	848
616	954
617	648
617	758
617	893
617	966
619	796
619	961
620	949
622	697
624	956
625	945
626	912
626	950
627	975
628	974
630	771
630	854
631	758
631	838
632	667
632	733
632	905
633	733
636	770
636	784
636	942
637	743
637	755
637	966
638	776
638	834
639	966
640	676
640	796
644	755
644	795
644	868
645	901
646	695
646	703
646	742
646	743
647	700
648	848
649	894
649	924
652	914
653	676
653	697
654	683
654	795
654	960
655	964
656	744
656	841
658	830
659	800
659	842
659	873
659	916
659	937
659	973
660	677
660	749
660	794
660	893
664	860
664	861
665	903
668	815
668	917
669	697
669	737
670	974
671	797
672	899
674	867
676	690
676	900
678	742
679	767
680	850
681	890
681	937
682	802
682	887
682	912
683	797
684	710
684	806
684	928
685	872
685	880
686	689
686	826
688	897
689	788
689	950
690	742
690	971
691	954
692	948
693	786
693	863
696	758
697	926
698	760
699	776
699	965
700	712
700	833
700	855
700	914
700	925
701	827
703	750
704	737
705	743
706	883
708	765
708	779
709	974
709	986
710	943
712	865
712	885
713	831
713	915
714	886
714	891
715	756
715	923
715	938
716	915
716	939
717	744
718	826
719	727
719	794
719	884
720	734
720	758
721	816
721	896
723	819
723	949
724	938
725	760
725	871
725	880
725	946
726	848
727	830
728	758
728	763
730	965
731	869
733	945
733	951
733	969
734	799
735	746
735	788
736	866
737	741
737	895
738	829
739	932
741	783
742	753
742	943
745	781
747	806
747	869
747	898
747	931
747	980
748	876
748	882
748	952
748	963
749	800
750	964
756	829
756	954
757	981
758	947
759	827
759	921
760	949
761	791
761	972
762	871
762	923
766	797
767	811
767	968
768	806
769	966
770	810
771	934
774	916
774	994
776	977
777	981
778	817
779	782
784	922
785	953
787	933
788	840
790	874
791	980
792	980
793	806
794	835
796	845
796	975
796	998
798	880
799	816
799	917
800	950
801	836
803	968
803	991
804	812
805	972
806	994
808	921
812	976
813	824
815	830
815	937
817	963
820	858
821	846
823	840
825	832
825	865
835	908
838	890
844	879
845	948
845	964
846	939
846	979
847	892
848	899
848	915
849	994
851	874
851	998
854	880
854	935
856	953
857	906
858	923
859	869
862	906
862	937
863	996
864	884
864	982
866	981
867	921
868	998
870	995
873	892
873	996
875	975
876	991
877	900
877	948
879	949
879	963
882	976
888	900
889	922
890	909
890	948
890	981
893	905
894	952
895	915
897	994
898	999
900	966
901	983
905	920
907	991
910	911
911	939
914	934
914	974
916	997
917	973
919	955
920	924
923	946
923	948
925	937
926	940
928	931
933	964
933	979
934	967
938	951
941	990
969	991
972	980
978	980
978	996
988	994
994	997