0	132
0	152
0	762
0	771
0	921
1	171
1	321
1	413
1	618
2	376
2	505
2	582
2	697
2	740
2	880
2	983
3	183
3	458
3	751
3	968
4	45
4	123
4	308
4	478
4	558
4	566
4	847
5	708
6	615
6	843
6	970
6	972
6	975
7	366
7	739
7	877
8	265
8	319
8	352
8	814
9	115
9	479
9	539
9	635
10	35
10	98
10	842
10	988
11	333
11	508
12	138
12	236
12	511
12	824
12	872
12	934
13	160
13	285
13	401
13	564
13	922
14	141
14	458
14	509
14	770
14	844
14	888
14	956
15	93
15	286
15	520
16	251
16	658
16	865
17	821
18	64
18	76
18	443
18	985
18	987
19	698
19	903
20	226
21	444
22	598
22	698
22	792
22	839
22	991
23	384
23	520
23	948
24	148
24	242
24	260
24	754
24	890
24	917
25	95
25	109
25	271
25	555
26	108
26	384
26	599
26	634
26	692
26	713
26	931
26	937
27	354
28	372
28	928
29	138
29	600
29	942
30	363
31	58
31	70
31	185
31	566
31	629
31	922
32	103
32	160
32	320
32	398
32	472
32	974
33	118
33	700
33	896
34	45
34	80
34	175
34	350
35	723
35	850
36	299
36	601
36	754
37	260
37	507
37	587
37	658
37	803
37	990
38	478
38	495
38	704
38	720
39	84
39	230
39	258
39	365
39	852
40	59
40	340
40	610
40	617
40	624
41	655
41	932
42	71
42	107
42	267
42	620
42	955
43	398
43	839
44	729
44	733
45	88
45	289
45	787
45	834
45	877
45	984
46	319
46	350
46	660
46	749
46	795
46	955
46	976
47	183
47	680
47	772
48	85
48	353
48	605
48	680
48	881
49	691
49	734
50	274
50	417
50	695
50	813
51	676
52	256
52	916
53	227
53	294
53	489
53	651
53	665
53	830
54	108
54	159
54	221
55	311
55	562
55	658
56	928
56	935
57	388
58	74
58	329
58	369
58	894
59	894
60	302
60	362
60	895
61	144
61	208
61	283
61	324
61	664
62	166
62	512
63	258
63	281
63	300
63	629
64	228
64	239
64	717
64	944
65	307
65	878
66	255
66	615
66	875
66	992
67	179
67	472
67	806
67	854
67	985
68	89
68	315
68	464
68	551
68	560
68	607
68	615
68	671
69	259
69	290
70	112
70	522
70	781
70	807
70	897
71	315
71	334
71	380
71	931
72	262
72	286
72	377
72	510
72	744
73	375
73	511
73	560
73	582
73	600
73	631
74	583
75	163
75	187
75	206
75	247
75	700
75	768
76	809
76	857
77	247
77	828
77	880
77	907
78	110
78	167
78	253
78	533
78	675
79	720
79	981
80	236
80	554
81	279
81	307
82	635
82	788
82	834
82	890
83	222
83	252
83	350
83	887
83	935
84	292
84	293
84	433
84	601
84	679
85	469
85	675
85	749
85	942
86	360
86	375
86	487
86	991
87	203
87	374
87	675
87	897
88	107
88	878
88	985
89	105
89	218
89	237
89	573
89	672
89	891
90	217
90	316
90	323
90	563
90	621
90	635
90	773
90	833
90	887
90	929
91	179
91	314
91	326
91	479
91	515
91	636
91	791
91	933
92	108
92	200
92	821
93	156
93	158
93	235
93	608
93	709
93	870
93	921
94	129
94	613
94	619
94	885
95	319
95	998
96	306
97	162
97	175
97	206
97	595
98	132
98	187
98	300
98	315
98	322
98	324
98	438
98	971
99	193
99	278
99	504
99	920
100	299
100	337
100	340
100	403
100	770
100	918
100	957
101	108
101	466
101	543
101	650
101	703
101	755
101	761
101	863
102	289
102	342
102	612
103	197
103	458
103	516
103	964
104	743
105	298
105	366
105	468
105	903
106	500
106	643
107	603
108	485
109	275
109	346
109	542
110	194
110	373
110	920
110	923
111	406
111	533
111	724
112	259
112	526
112	894
113	165
113	480
113	598
114	500
115	900
115	960
116	157
116	401
116	443
116	455
117	580
117	750
117	891
118	319
118	358
118	405
118	419
118	754
118	774
118	960
119	737
119	899
120	442
121	160
121	405
121	724
122	838
123	318
124	240
124	614
124	796
125	262
126	422
126	681
126	968
127	435
127	668
128	370
128	857
128	904
128	960
129	307
129	553
129	721
129	817
130	660
131	165
131	275
131	318
131	382
131	536
132	556
132	780
133	151
133	265
133	278
133	326
133	461
133	686
133	947
133	966
134	671
134	699
135	366
135	619
136	403
136	466
136	725
136	833
137	284
137	407
137	639
137	702
137	729
138	392
138	402
138	458
139	356
139	891
140	142
140	824
140	973
141	185
141	194
141	753
141	773
142	239
142	379
142	809
143	230
143	975
144	208
144	461
144	648
144	853
145	217
145	383
145	401
145	448
145	556
146	281
146	424
146	642
146	693
146	967
147	982
148	407
148	631
148	892
149	640
149	994
150	436
150	586
150	777
151	313
151	851
151	892
151	967
151	982
152	317
152	842
153	484
153	734
153	910
154	262
154	349
154	494
154	513
154	817
155	315
155	443
155	541
155	698
155	737
155	776
155	792
155	911
156	415
156	543
156	728
157	226
157	310
157	566
157	567
157	674
158	344
158	650
159	241
159	395
159	718
160	388
160	549
160	595
160	884
160	930
161	456
162	184
162	559
162	851
163	370
163	381
163	449
163	577
164	336
164	415
164	459
164	515
166	218
166	313
166	623
166	745
166	864
167	990
168	335
168	747
169	664
169	722
169	992
170	457
170	719
170	960
171	377
171	390
171	467
171	673
171	923
172	233
172	412
172	454
172	529
172	724
173	569
174	334
174	583
174	619
174	725
174	743
174	750
174	823
174	842
175	205
175	464
175	601
176	299
176	328
176	653
176	940
176	955
177	274
177	524
177	655
177	677
178	229
178	790
179	358
179	537
179	637
180	257
180	598
180	955
181	340
181	900
182	778
183	491
183	788
184	256
184	550
184	650
184	918
185	601
185	700
185	819
186	230
187	441
187	477
187	502
187	596
187	630
187	681
187	912
188	367
188	678
188	961
189	244
189	445
189	670
189	760
189	804
190	319
190	454
190	805
191	612
191	875
192	212
192	340
192	412
192	512
192	795
192	832
192	852
193	479
193	976
194	333
194	694
194	771
195	546
196	445
196	469
197	352
198	203
198	207
198	212
198	479
198	613
198	692
198	753
199	364
199	372
199	582
199	685
199	822
200	336
200	431
201	243
201	763
201	928
201	984
202	413
202	909
202	953
203	459
203	635
204	344
204	418
204	421
204	562
204	741
204	755
204	771
204	937
205	232
205	283
205	981
206	295
206	416
207	388
207	417
207	471
207	549
207	646
207	827
207	983
208	405
208	482
208	543
208	699
209	212
209	410
209	518
209	556
209	750
209	918
209	987
210	492
210	670
210	685
210	702
210	746
211	220
211	236
211	401
211	521
211	795
211	854
211	896
212	276
212	345
213	711
213	892
214	381
214	399
214	627
214	851
214	852
214	897
215	289
215	373
215	853
216	287
217	361
217	448
218	509
218	932
219	394
219	583
219	640
219	658
219	909
220	221
220	433
220	526
220	622
220	680
220	776
221	511
221	813
222	362
222	711
222	714
223	263
223	437
223	682
223	818
224	364
224	635
224	707
224	772
224	853
224	913
224	961
225	247
225	785
225	971
226	449
226	916
227	436
227	620
227	657
228	427
228	687
228	765
228	776
229	339
229	363
229	387
229	489
229	782
230	480
230	971
231	312
231	492
232	519
232	537
232	686
233	391
234	295
234	336
234	689
234	697
234	925
234	943
236	495
237	468
237	762
237	954
238	470
238	619
238	682
238	810
239	275
239	302
239	640
239	793
239	857
239	923
239	968
240	427
240	622
240	660
240	715
240	779
240	865
241	261
241	810
241	832
241	930
242	873
242	902
243	393
243	674
243	749
244	470
245	668
245	878
245	953
245	954
246	288
246	311
246	528
246	556
246	574
246	598
247	250
247	304
247	561
247	567
247	861
247	910
248	340
248	404
248	603
249	271
249	580
250	950
250	984
251	451
251	646
251	784
251	890
252	296
252	603
252	930
253	292
253	550
253	581
253	952
254	513
254	821
255	272
255	466
255	576
255	660
257	473
257	562
257	682
257	708
257	749
258	382
258	589
258	607
258	915
259	469
259	855
260	475
260	576
260	919
261	389
261	707
262	315
262	500
262	906
262	918
263	473
263	474
263	560
263	752
264	273
264	546
264	831
264	936
265	275
265	467
265	657
265	764
265	798
266	465
266	730
266	922
267	769
267	774
268	928
269	693
269	922
270	697
270	725
270	773
270	813
270	955
271	942
272	303
272	381
272	702
272	765
273	294
273	804
273	859
274	839
274	936
275	422
275	580
276	329
276	447
276	736
277	356
277	542
278	363
278	574
278	833
279	473
280	585
280	712
280	968
281	293
281	350
281	851
282	335
282	971
283	576
283	832
283	890
283	948
283	990
284	404
285	464
285	680
286	514
286	629
287	783
287	938
287	985
288	357
288	614
288	639
288	889
288	927
288	964
289	354
290	624
290	729
290	755
290	983
291	606
291	757
292	541
293	383
293	501
293	796
293	843
294	443
294	482
294	875
295	633
295	681
295	703
296	382
296	562
296	661
296	911
297	523
297	641
297	807
299	400
299	747
300	659
300	789
300	862
301	468
302	397
302	528
303	931
304	412
305	541
305	619
305	659
305	788
305	819
306	361
306	781
306	910
306	916
307	575
307	692
308	616
308	911
308	996
309	411
309	714
309	960
310	562
310	635
310	711
310	812
311	338
312	477
312	595
312	975
312	990
313	675
313	728
314	331
314	334
314	386
314	416
315	329
316	376
316	711
317	366
317	637
317	718
317	796
318	598
318	777
318	782
318	986
319	409
319	836
320	508
321	447
321	559
321	832
322	577
323	369
323	460
323	830
323	904
324	521
325	433
325	452
325	689
325	728
326	465
327	410
327	848
328	488
328	590
328	664
328	927
330	707
330	722
330	886
331	392
331	694
331	910
332	520
332	694
332	737
332	750
333	969
333	996
334	454
335	609
337	533
338	455
338	909
339	532
339	659
339	727
340	678
340	708
341	434
341	866
342	544
342	840
342	871
342	878
343	477
343	549
343	750
344	743
344	968
346	959
346	984
347	747
347	829
348	597
348	971
349	616
349	702
351	970
352	603
353	908
354	482
355	589
355	768
357	413
357	644
358	925
358	932
359	807
359	948
360	602
361	482
361	837
362	718
362	800
363	412
363	602
363	895
364	556
364	631
364	924
364	952
365	528
365	563
365	753
366	665
366	666
366	905
367	447
367	902
367	999
368	801
368	933
368	958
369	846
370	567
370	760
371	666
371	703
371	763
371	824
371	937
372	658
372	710
373	471
373	868
373	875
373	972
374	459
374	791
374	930
375	595
375	625
375	721
376	585
376	987
377	498
377	615
377	731
377	894
377	906
378	448
378	831
378	989
379	413
379	628
380	501
380	510
380	899
381	909
381	946
381	960
382	673
385	924
386	404
386	774
387	759
387	838
388	637
388	659
388	779
388	896
390	585
390	620
391	397
391	428
391	619
391	624
392	496
392	755
392	823
393	926
394	543
394	615
394	820
395	441
395	481
395	586
395	592
395	775
395	780
396	823
397	676
397	990
398	689
398	838
398	958
398	968
399	495
399	532
399	986
400	943
401	427
401	656
402	780
402	846
403	796
404	490
406	579
406	969
407	423
407	604
408	512
409	473
409	508
409	575
409	663
410	566
410	887
411	720
411	884
412	590
412	628
412	742
413	497
413	524
413	717
414	499
415	610
415	682
415	716
415	766
415	866
415	943
416	420
416	644
416	726
417	571
417	774
417	911
418	902
419	513
419	598
419	639
419	850
419	904
420	853
421	477
421	612
422	479
422	753
423	568
423	816
423	899
424	660
425	666
425	944
426	825
426	975
427	919
428	770
429	801
430	793
430	942
431	487
431	609
431	638
431	698
431	913
431	935
431	980
432	693
433	725
433	890
435	618
435	669
435	731
436	457
436	487
436	681
436	983
437	652
438	470
438	538
438	735
438	875
438	884
438	940
439	718
439	824
440	944
441	486
441	554
441	607
442	780
443	544
443	704
444	568
444	873
445	761
445	849
445	975
446	784
446	930
447	539
447	770
447	960
448	537
448	569
449	659
449	725
449	766
449	806
450	465
450	680
450	912
451	584
451	664
451	821
453	546
453	739
453	767
453	970
453	979
454	732
454	787
455	496
455	513
455	780
456	711
457	545
457	676
459	551
460	676
461	988
462	569
462	937
462	938
463	829
463	836
463	853
465	941
466	636
466	757
467	482
467	707
467	727
468	662
468	945
469	755
469	812
469	937
470	595
470	772
470	902
470	979
471	761
471	841
471	880
471	959
472	565
472	669
472	700
473	675
473	783
474	655
474	739
474	838
475	798
475	867
475	999
476	484
477	688
478	576
478	647
478	780
478	812
478	845
478	855
478	940
479	575
479	795
480	684
480	851
480	987
483	575
483	940
484	689
486	688
486	697
486	755
486	787
486	984
488	852
489	504
489	642
490	597
490	626
490	805
490	855
491	496
491	579
491	656
492	589
492	629
492	724
493	730
493	781
493	832
493	938
494	886
494	917
495	874
495	994
496	982
497	651
498	554
499	690
499	694
499	780
499	818
499	892
500	812
502	655
502	965
503	612
503	945
504	712
505	568
505	713
505	964
506	719
506	856
508	904
509	624
510	610
511	961
512	828
512	900
512	926
513	559
513	787
513	815
513	985
514	598
514	992
515	825
517	947
518	667
518	802
519	818
519	825
519	848
520	763
520	833
521	825
522	851
523	542
523	564
523	686
523	737
523	764
523	935
524	930
525	537
525	887
525	945
526	932
526	996
527	716
527	981
528	559
529	627
529	632
529	653
529	797
529	908
529	949
530	820
531	669
531	940
531	959
532	549
532	847
532	962
533	822
533	833
534	780
534	820
535	910
537	703
537	748
537	941
537	977
538	675
538	727
538	764
539	684
540	776
540	799
541	799
541	977
541	993
543	680
543	766
543	915
544	706
544	839
546	686
546	937
547	831
547	877
548	613
548	857
548	907
548	933
549	667
549	712
549	749
550	793
551	949
552	914
552	952
553	917
553	973
554	627
554	680
554	997
556	804
556	900
557	728
557	750
557	801
558	629
558	915
559	611
559	727
559	879
560	613
560	756
560	757
561	607
561	623
561	926
562	886
563	593
563	773
565	750
565	758
566	660
567	703
567	782
567	835
568	988
569	723
570	657
570	664
570	713
570	751
570	822
572	766
572	891
573	885
574	597
574	664
574	710
574	971
575	608
576	940
577	712
577	780
578	620
578	720
578	811
579	744
579	866
580	640
580	809
581	720
582	676
583	700
584	627
584	631
585	800
585	818
587	677
588	596
588	695
588	910
589	603
591	745
591	796
592	947
594	636
594	715
594	779
594	884
594	928
596	769
597	926
598	825
598	838
600	871
602	753
602	765
604	881
604	942
605	645
605	944
606	726
606	827
607	744
608	615
608	642
608	828
608	900
609	774
611	689
611	702
611	999
612	755
612	788
613	744
613	809
614	643
614	683
615	616
615	719
617	799
617	853
618	880
619	674
619	720
619	784
619	802
623	974
624	781
625	676
626	719
627	954
628	808
628	825
629	770
630	681
630	878
630	920
631	718
631	748
633	838
633	849
633	983
634	635
636	901
637	836
637	911
638	879
638	945
639	979
640	822
641	705
641	866
642	701
643	942
644	778
645	735
645	882
645	930
646	777
646	928
648	791
648	795
648	900
648	946
648	998
649	894
654	786
654	818
654	848
654	949
655	942
656	872
656	991
658	732
658	735
660	700
660	947
661	906
661	946
663	751
663	902
663	934
664	741
664	930
665	699
665	861
665	883
665	960
666	706
667	755
667	765
668	978
670	981
671	726
671	843
671	942
672	863
673	732
673	896
674	707
674	757
676	682
676	922
677	710
678	886
681	982
682	855
683	965
684	883
684	988
685	885
685	900
685	915
685	975
687	874
688	693
688	739
688	954
689	916
690	799
690	821
690	873
691	926
692	772
692	882
692	888
693	753
694	975
695	801
695	960
696	821
696	888
696	950
697	811
697	924
698	966
699	798
699	815
700	912
702	988
704	851
704	968
706	976
706	978
707	712
707	874
708	725
710	892
712	820
713	809
713	899
715	762
715	877
716	873
716	884
718	874
719	807
719	955
721	911
721	920
722	769
723	784
723	848
724	914
724	916
728	735
728	738
729	742
729	808
729	974
729	990
730	989
731	767
732	879
732	897
734	861
735	839
735	940
735	987
737	809
737	844
737	906
739	819
739	893
740	802
740	891
742	949
743	852
744	794
744	901
747	908
750	895
752	917
755	858
756	833
756	900
756	918
756	927
758	872
760	930
762	834
764	806
764	956
765	772
766	769
766	931
767	906
767	964
767	965
767	969
768	961
770	833
770	953
773	813
773	864
774	989
776	989
778	965
780	913
782	823
782	877
782	917
784	883
788	854
788	985
788	994
789	914
789	946
790	830
790	959
792	838
793	803
795	837
796	910
797	801
797	812
797	933
798	989
800	972
801	952
803	919
804	882
804	888
805	834
806	822
806	852
806	865
806	895
806	923
807	887
807	928
809	954
810	907
814	956
815	865
815	967
817	933
818	891
819	975
821	907
823	855
824	825
824	832
824	846
824	933
826	968
829	844
829	995
830	869
831	960
831	967
831	987
833	883
833	962
835	864
836	895
837	912
839	938
841	990
845	956
846	849
846	898
846	945
846	998
847	861
847	899
848	926
849	887
850	904
851	879
851	966
852	982
853	960
853	991
855	884
857	879
860	965
865	913
865	934
865	948
869	891
870	875
872	877
876	892
876	922
877	952
878	973
884	900
884	958
885	909
885	913
885	930
887	928
889	945
898	992
902	911
910	937
914	967
917	941
919	947
923	928
923	993
925	932
927	941
931	954
931	987
933	991
933	998
936	958
937	968
938	939
940	983
941	963
942	989
948	977
951	953
953	977
956	973
965	990
973	982
981	989
984	997