0	770
0	800
0	882
0	958
0	996
1	370
1	396
1	562
1	669
2	18
2	89
2	657
2	883
3	4
3	15
3	139
3	374
3	559
4	141
4	144
4	265
4	383
4	406
4	513
4	627
4	767
4	785
5	115
5	191
5	274
5	384
5	754
6	9
6	451
6	734
6	859
6	948
6	980
7	15
7	23
7	618
7	658
7	932
7	985
8	293
8	402
8	476
8	527
9	298
9	327
9	685
10	169
10	540
10	601
10	909
11	454
11	787
11	834
12	133
12	593
12	733
12	913
13	365
13	525
14	49
14	256
14	448
14	617
14	738
14	899
14	986
15	67
15	352
15	551
15	553
15	554
15	901
16	169
16	732
17	79
17	236
18	229
19	51
19	202
19	242
19	472
19	545
19	628
19	663
19	774
19	922
20	55
20	119
20	318
20	322
20	981
21	107
21	620
21	750
21	755
21	963
22	443
23	123
23	326
23	434
23	477
23	818
24	67
24	960
25	65
25	148
25	222
25	647
25	771
26	967
27	72
27	88
28	113
28	260
28	269
28	406
28	487
28	811
28	983
29	67
29	249
29	355
29	432
29	471
29	666
29	961
29	984
29	987
30	513
30	854
30	983
31	178
31	967
32	205
32	251
32	257
32	265
32	814
32	864
33	248
33	250
33	401
33	520
34	57
34	318
34	353
34	718
35	677
36	116
36	245
36	990
37	145
37	380
38	262
38	643
38	904
38	942
39	40
39	175
39	216
39	587
39	805
40	255
40	514
40	712
41	295
41	321
41	335
41	493
41	527
41	571
41	701
42	915
42	996
43	69
43	75
43	298
44	54
44	334
44	412
44	495
44	554
45	54
45	172
45	989
46	115
46	143
46	173
46	311
46	510
46	616
46	712
46	897
47	358
47	784
48	161
48	683
48	940
49	167
49	743
49	903
50	216
50	786
50	954
51	382
51	538
51	575
51	656
51	892
52	488
52	538
52	767
53	205
53	536
53	833
53	862
54	586
54	761
54	910
55	63
55	109
55	218
55	265
55	438
55	755
55	785
55	966
56	224
56	621
56	659
56	732
56	758
56	851
56	868
56	873
57	222
57	978
58	222
58	354
58	401
58	675
58	735
58	761
58	883
58	988
59	260
59	431
59	733
60	103
60	739
61	114
61	439
61	783
61	923
62	277
62	613
62	837
63	720
63	782
64	110
64	121
64	147
64	286
64	399
64	530
64	983
65	190
65	349
65	577
65	667
65	706
65	834
66	181
66	286
66	730
67	176
67	224
67	284
67	579
67	624
68	887
69	198
69	512
69	910
70	71
70	552
70	994
71	213
71	232
71	493
71	530
71	723
72	272
72	432
73	165
74	303
74	643
75	314
75	362
75	960
76	120
76	216
76	281
77	644
78	326
78	440
79	142
79	271
79	575
79	704
79	896
79	928
80	955
81	102
81	347
81	437
82	158
82	222
82	265
82	665
82	770
83	147
83	375
83	413
83	734
83	869
83	953
84	214
84	649
84	768
84	870
85	141
85	188
85	297
86	179
86	437
86	501
86	855
86	955
87	135
87	151
87	221
87	395
87	514
88	178
88	540
89	263
89	273
89	472
89	479
89	490
89	747
89	856
89	860
90	575
90	657
91	248
91	464
91	477
91	486
91	493
91	539
91	814
92	168
92	442
92	913
93	125
93	502
93	939
93	955
93	993
94	172
94	410
94	630
95	214
95	390
95	579
95	613
95	760
95	856
96	843
96	859
96	892
97	717
97	767
97	820
98	723
98	861
98	983
99	127
99	252
99	607
99	636
99	643
99	677
100	137
100	348
101	124
101	377
101	617
102	148
102	296
102	521
102	571
102	661
102	817
102	851
102	976
103	209
103	271
103	582
103	756
104	105
104	375
104	568
104	626
104	787
104	850
104	972
105	195
105	235
105	324
105	507
105	609
105	953
106	163
106	646
106	708
106	947
107	193
107	281
107	386
107	564
108	183
108	726
108	821
108	914
108	965
109	641
109	835
110	316
110	485
110	636
111	162
111	577
111	730
111	842
111	971
112	177
112	357
112	740
112	763
112	901
112	909
112	943
113	118
113	122
113	207
113	238
113	363
113	621
113	671
113	948
113	974
114	511
114	635
114	877
115	713
116	367
116	536
116	954
116	984
117	194
117	334
117	337
117	563
117	584
118	612
118	781
118	808
119	363
119	621
119	673
120	182
120	188
120	637
121	619
121	656
122	146
122	274
122	298
122	360
123	144
123	565
123	599
123	785
123	813
123	956
124	636
124	669
124	898
124	906
125	319
125	970
126	129
126	171
126	850
127	153
127	191
127	643
128	199
128	472
128	546
128	585
129	318
129	595
129	755
129	853
129	931
129	997
130	573
130	772
130	893
131	355
131	559
131	619
131	939
131	975
132	376
132	389
132	729
132	735
132	945
133	536
133	869
134	175
134	238
134	414
134	839
135	289
135	650
135	983
136	222
136	742
136	791
136	815
137	246
137	420
137	624
137	642
137	649
137	970
138	322
138	870
139	143
139	339
139	567
139	654
139	710
139	965
140	143
140	286
140	619
140	886
140	935
141	193
141	326
141	581
141	584
141	928
142	184
142	212
142	313
142	431
142	533
142	679
143	162
143	790
143	864
143	949
144	170
144	363
144	750
145	698
145	715
145	719
145	727
145	823
146	252
146	312
146	605
147	213
147	726
148	199
148	202
148	366
148	397
148	521
148	600
149	773
150	895
150	900
151	248
151	310
151	328
151	362
151	600
152	712
152	722
152	896
153	261
153	734
153	809
154	630
154	665
154	828
154	838
154	972
155	290
155	530
155	609
155	769
156	256
156	465
156	505
156	715
157	828
157	895
158	355
158	371
158	495
159	441
159	619
159	902
159	903
159	939
160	180
160	246
160	626
160	709
160	925
160	940
161	423
161	436
161	695
161	869
162	449
162	524
162	799
162	903
163	197
163	208
163	519
163	828
163	839
164	355
165	189
165	232
165	284
165	691
165	701
165	703
165	740
166	173
166	806
166	898
167	173
167	929
167	950
167	952
168	542
168	761
168	889
169	662
169	975
171	285
171	558
171	570
171	717
171	791
171	871
172	278
172	289
172	584
172	688
172	944
172	949
172	952
173	786
174	326
174	433
174	567
175	267
175	332
175	599
175	680
176	724
178	268
178	479
178	746
178	808
179	334
179	876
180	302
180	498
180	522
180	822
180	935
180	942
180	991
181	216
181	548
181	563
181	604
181	906
182	197
182	781
182	787
183	200
183	213
183	324
183	660
183	797
184	376
185	323
185	787
186	349
186	677
186	719
186	834
187	833
187	912
187	917
188	527
189	240
189	257
189	383
189	497
189	691
189	787
190	507
190	591
190	806
191	508
192	256
193	286
193	590
193	753
194	278
194	444
194	690
194	719
195	920
195	963
196	447
196	585
196	653
196	766
196	934
197	277
197	325
197	684
197	974
197	997
198	776
199	478
199	761
199	829
200	408
201	269
201	467
202	692
203	277
203	298
204	289
204	481
204	647
206	252
206	369
206	414
206	532
206	786
206	810
206	961
207	237
207	305
207	479
207	497
207	504
207	661
207	741
207	932
208	286
208	458
208	725
208	775
209	408
209	753
210	640
210	641
211	255
211	669
212	302
212	484
212	650
213	277
213	298
213	744
213	912
213	972
214	661
214	977
215	305
215	323
215	415
215	501
215	544
216	347
216	498
216	606
216	752
217	693
218	414
218	748
219	820
219	902
220	404
220	674
220	825
220	906
222	304
222	413
222	415
222	717
222	942
223	633
224	411
224	513
224	522
225	546
225	568
225	831
225	878
226	296
226	321
226	521
226	611
226	822
226	851
226	864
227	579
227	658
227	776
228	474
229	846
230	623
230	726
230	831
231	291
232	292
232	630
232	689
232	810
232	834
233	571
233	656
233	820
233	842
233	887
233	953
233	973
234	637
234	958
235	559
235	742
235	763
235	768
235	929
236	319
236	541
236	644
237	468
238	839
239	905
239	936
239	952
240	266
240	282
240	315
240	493
240	620
241	365
241	616
241	739
242	248
242	294
242	636
242	814
242	836
243	285
243	551
243	581
243	898
244	489
244	609
244	651
244	786
245	285
245	870
246	849
247	373
247	923
248	463
248	472
248	496
248	574
249	264
249	377
250	512
250	606
250	956
251	366
251	781
251	854
251	880
252	522
252	525
252	618
252	722
252	837
252	907
252	971
253	752
253	832
253	942
254	437
254	708
254	772
254	814
254	967
255	290
255	579
256	449
257	491
258	358
258	427
258	556
259	295
259	644
259	835
261	497
261	820
261	860
261	957
262	552
262	589
262	926
262	969
263	279
263	683
263	923
264	584
265	597
265	997
266	341
266	605
267	294
267	567
267	598
267	624
267	880
268	530
268	823
269	617
269	934
270	432
270	478
270	584
270	614
270	858
271	430
271	690
272	430
272	574
273	569
273	671
273	745
274	430
274	554
274	902
275	882
276	457
276	648
276	740
277	330
278	339
278	612
278	678
278	994
279	304
279	328
279	678
280	393
280	467
280	834
280	928
281	508
281	520
281	874
281	883
281	953
281	995
283	754
283	880
284	287
284	727
285	381
285	552
285	709
285	765
286	349
286	968
287	288
287	569
287	572
287	646
287	826
288	434
288	651
288	745
288	947
289	398
289	880
290	357
290	374
290	543
291	344
291	605
291	713
291	804
292	366
292	495
292	817
292	892
293	912
294	419
294	466
294	542
294	604
294	932
295	766
295	807
295	927
295	956
296	723
296	858
296	894
298	379
298	416
298	636
299	538
300	403
300	539
300	604
300	716
300	755
300	895
300	934
300	982
301	572
301	782
301	838
302	394
302	453
302	986
303	694
303	820
303	885
304	817
305	805
306	824
307	861
308	417
308	475
308	566
308	769
308	935
309	840
310	594
311	706
311	772
311	773
311	983
312	860
313	771
314	804
315	574
317	948
317	961
318	454
319	557
319	849
319	953
320	495
320	609
320	726
320	911
320	994
321	440
322	510
322	538
322	544
322	653
322	884
322	944
323	377
323	708
324	390
324	518
324	676
324	884
324	979
325	529
326	606
326	658
326	686
326	762
327	391
327	814
328	393
328	395
328	724
328	939
328	941
329	449
329	795
330	430
330	544
331	455
331	554
332	381
332	583
332	823
333	907
333	941
334	411
334	464
334	637
334	718
334	919
335	377
335	380
335	495
335	732
335	739
335	840
336	383
336	394
336	480
336	588
336	618
336	857
336	949
337	812
337	829
337	914
338	371
338	609
338	822
338	919
339	957
339	987
340	478
340	901
341	687
341	839
342	730
343	415
343	690
344	506
345	439
345	553
345	737
345	854
345	966
346	402
346	428
346	528
346	715
346	843
347	525
347	801
348	700
348	715
348	851
350	392
350	449
350	547
351	497
351	510
351	711
351	731
351	865
351	949
352	589
352	830
353	508
353	663
354	849
355	942
356	568
356	623
357	395
357	611
357	858
357	890
357	916
358	650
358	688
358	848
359	412
359	586
359	587
359	633
359	815
360	755
360	760
360	904
361	597
361	664
361	985
362	455
362	953
363	626
364	580
365	470
365	512
365	940
366	533
366	719
367	442
367	510
367	572
367	758
367	890
367	924
368	473
368	484
368	544
368	971
369	503
370	663
370	957
371	502
371	528
372	853
373	431
373	588
373	664
374	395
374	638
374	660
375	725
376	569
376	769
376	896
377	419
378	634
378	759
378	981
379	429
379	437
379	621
379	636
379	704
379	725
379	983
379	999
380	633
381	475
381	527
381	739
381	807
381	833
381	868
382	676
382	945
383	912
384	537
384	975
385	414
385	626
387	665
388	391
388	681
388	811
389	537
389	839
390	460
390	540
390	580
391	709
391	931
392	414
392	514
392	594
393	534
393	784
394	440
394	904
394	905
394	906
395	814
395	875
396	466
396	855
396	954
397	550
397	895
398	451
398	853
399	506
400	696
400	955
400	990
401	724
401	783
401	911
401	914
402	809
402	860
404	887
404	986
405	536
405	585
405	982
406	468
406	551
406	565
406	662
406	827
407	495
407	771
408	442
408	491
408	586
408	747
408	977
409	612
409	897
410	932
411	632
411	783
412	461
412	806
412	985
413	749
414	988
415	826
416	849
416	996
418	861
419	656
419	814
420	559
421	490
421	700
422	526
422	560
422	661
422	838
423	629
423	870
424	613
425	665
426	715
426	986
427	875
427	921
427	945
428	656
429	793
430	846
431	505
431	720
431	726
431	991
432	521
432	589
433	528
433	628
433	708
433	965
434	537
434	565
435	641
435	701
436	837
436	852
437	514
437	776
437	995
438	559
439	996
440	604
440	607
440	850
441	449
441	528
441	574
441	623
441	813
441	843
442	649
442	744
442	756
443	774
444	469
444	541
444	681
445	802
445	879
446	479
446	675
446	765
446	833
447	516
447	650
448	475
448	897
449	866
450	655
450	815
450	829
450	988
451	671
451	672
452	905
452	968
453	802
453	820
455	538
455	905
456	607
456	646
456	811
457	478
457	850
458	467
458	629
458	993
459	489
459	517
459	624
459	941
460	604
461	523
461	576
461	694
461	761
461	996
462	983
464	822
465	495
465	591
465	666
465	734
465	854
466	812
467	604
468	480
468	780
469	604
469	923
470	691
471	611
471	864
471	876
471	934
472	514
472	739
472	795
473	670
474	549
474	922
475	702
475	758
475	882
475	923
477	789
477	939
478	588
479	863
479	926
479	946
479	970
480	489
480	643
480	660
480	779
481	824
482	704
482	869
483	998
484	841
484	950
485	707
485	768
486	583
486	632
486	894
486	909
486	928
487	704
487	905
488	644
490	616
490	622
490	898
490	978
491	542
492	615
492	707
493	497
493	657
493	723
494	496
494	877
495	870
495	970
496	876
497	587
497	787
497	942
498	724
498	789
498	848
498	877
498	985
498	986
499	680
500	735
501	874
501	906
501	907
502	732
505	709
505	784
505	945
506	832
507	515
507	524
507	625
507	659
507	805
508	684
508	830
508	957
509	554
509	621
509	646
510	531
510	629
510	712
510	792
511	797
512	928
512	957
514	628
515	520
515	967
516	870
517	889
517	933
518	748
518	840
518	903
518	961
519	573
519	612
519	626
519	642
519	723
519	739
519	763
521	760
521	883
522	813
522	854
523	770
525	526
525	805
525	808
525	811
528	793
528	847
529	536
529	685
529	901
530	891
530	997
531	750
531	860
532	769
533	994
534	594
534	690
534	758
534	888
534	920
535	620
535	803
536	749
536	873
536	992
537	851
538	860
538	900
539	727
540	928
541	871
542	771
542	884
543	616
544	577
545	701
545	740
545	862
545	868
545	966
547	576
547	650
547	738
547	811
547	959
548	739
548	938
549	941
550	715
550	931
550	939
552	706
552	840
554	910
555	674
555	728
556	654
556	719
556	753
556	821
558	627
558	761
560	682
561	569
561	735
562	904
563	571
563	703
563	785
564	645
564	646
564	756
564	757
565	876
565	933
566	764
567	826
567	947
568	835
568	845
569	759
569	782
569	784
570	592
570	709
570	889
571	759
571	869
571	957
572	602
572	620
572	714
573	716
573	832
573	865
573	966
575	899
576	678
576	927
577	984
578	818
580	645
580	723
580	792
581	777
581	835
582	846
583	859
584	841
585	638
585	641
587	644
587	874
588	702
588	786
589	889
589	988
590	765
590	808
592	823
592	979
593	734
594	631
594	736
594	773
594	865
595	607
596	615
596	748
596	934
597	852
598	725
598	874
599	974
600	884
600	921
600	959
601	992
602	896
603	921
604	605
604	845
605	725
605	790
605	968
606	743
606	930
607	621
607	813
607	920
608	965
608	992
609	801
610	773
610	809
610	931
610	981
611	707
611	776
612	763
613	683
615	808
615	812
615	850
616	908
617	856
618	632
618	860
618	967
620	929
621	689
621	763
621	885
622	892
623	798
623	803
623	819
623	867
623	994
624	711
624	822
624	847
626	957
626	997
627	796
628	818
629	666
629	958
631	914
633	690
634	847
635	787
638	689
638	912
639	857
640	827
640	951
641	850
641	966
642	872
642	957
643	764
643	949
644	662
646	900
649	699
649	902
650	729
650	827
651	676
651	769
652	682
652	882
653	659
653	744
654	722
654	826
658	738
658	742
658	870
660	777
663	721
665	838
665	951
666	679
666	795
666	844
668	779
668	793
668	837
669	921
669	972
670	884
671	913
671	928
672	942
673	759
674	927
676	844
676	913
676	946
677	706
677	755
678	750
679	741
679	977
681	758
684	917
685	757
685	852
689	761
689	884
691	855
694	765
696	712
697	794
697	877
697	897
698	940
699	759
699	760
699	880
699	945
701	891
705	949
708	803
709	787
710	948
710	997
711	844
711	984
712	773
712	792
716	908
717	756
719	742
719	792
719	831
719	925
720	987
723	730
723	989
724	819
726	778
727	938
727	973
729	950
731	897
732	866
733	995
735	855
735	907
736	768
739	749
741	855
741	952
743	798
743	856
743	951
744	774
744	825
745	942
746	765
746	769
746	793
747	869
747	928
749	884
750	996
751	922
752	863
752	923
753	866
754	887
755	871
756	872
757	778
758	973
759	931
761	932
761	961
762	832
762	962
766	855
767	908
768	862
768	969
768	980
772	987
775	921
776	798
777	804
781	896
783	963
784	989
785	908
786	790
786	985
788	975
788	985
789	792
789	958
792	840
792	967
793	927
793	933
797	823
798	816
798	881
798	972
801	812
804	836
805	885
807	940
808	843
808	876
808	949
811	826
812	825
813	942
814	891
814	939
815	890
816	861
820	853
820	949
823	858
823	862
831	985
831	990
832	951
833	858
838	945
838	964
839	949
840	910
841	934
841	997
842	902
843	960
846	907
848	935
850	876
851	852
854	908
854	923
854	999
855	917
855	956
856	964
868	921
869	880
870	878
875	912
878	951
882	929
882	983
890	937
891	909
893	978
896	929
896	939
897	898
897	934
898	918
899	980
904	910
904	967
906	969
912	913
912	972
913	920
913	993
917	994
920	965
926	949
929	983
932	960
941	948
951	973
952	983
959	989