0	316
0	900
0	972
1	421
1	725
2	99
2	466
2	762
2	831
3	66
3	226
3	320
3	362
3	425
3	459
3	516
3	530
3	903
4	49
4	220
4	391
4	431
4	492
4	875
4	909
5	969
6	48
6	356
6	805
6	839
6	847
6	897
7	94
7	199
7	426
7	457
7	774
7	807
8	83
9	289
9	379
9	912
10	769
11	82
11	626
11	644
11	827
11	946
11	976
12	326
12	616
12	756
12	904
13	133
13	146
13	203
13	226
13	267
13	698
13	871
14	87
14	340
14	489
14	671
14	909
15	40
15	75
15	90
15	454
15	858
15	921
16	222
16	296
17	78
17	138
17	605
17	993
18	26
18	286
18	291
18	306
18	313
18	399
18	709
19	532
20	233
20	497
20	587
20	854
21	32
21	63
21	260
21	283
21	663
22	58
22	165
22	342
22	634
23	255
23	653
23	708
23	747
23	783
24	243
24	720
25	156
25	508
25	605
26	148
26	412
26	458
26	627
26	947
27	238
27	267
27	710
27	868
28	498
28	641
28	658
28	879
28	908
29	420
29	477
29	555
29	647
29	673
29	710
29	772
29	864
29	951
29	985
29	993
30	92
30	115
30	296
30	327
30	963
31	241
31	423
31	818
31	869
32	94
32	161
32	286
33	976
34	197
34	230
34	569
34	589
34	780
35	123
35	164
35	281
35	429
35	456
35	559
36	162
36	353
36	419
36	658
37	59
37	91
37	723
37	889
37	972
38	427
39	865
41	69
41	454
41	875
42	166
42	586
43	442
43	631
44	312
44	627
44	786
45	447
46	659
46	678
46	867
46	916
47	716
47	750
47	860
48	90
48	242
48	408
48	506
48	530
48	919
49	659
49	776
50	247
50	380
50	840
51	552
51	662
51	712
51	965
52	550
52	603
52	702
52	874
53	487
54	406
54	687
54	741
54	878
54	905
55	310
55	429
55	578
55	602
55	610
55	856
56	158
56	319
56	780
57	147
57	715
58	67
58	130
58	211
59	216
59	429
59	484
59	661
59	938
60	453
60	464
60	538
60	849
60	981
60	993
61	89
61	512
61	832
61	951
62	108
62	309
62	454
62	852
63	249
63	817
64	395
64	503
64	605
64	614
64	693
64	881
65	225
65	400
65	470
66	93
66	162
66	453
66	566
66	909
67	241
68	724
69	174
69	450
69	769
69	776
69	971
70	618
70	733
71	251
71	892
71	970
72	509
72	957
73	282
73	515
73	521
73	546
73	886
74	84
74	306
74	579
74	612
75	687
75	766
75	919
76	283
76	493
76	521
76	787
76	988
77	730
77	963
77	985
78	160
78	414
78	928
79	270
79	296
79	514
79	649
79	675
79	863
80	242
80	535
80	705
80	715
80	921
81	105
81	427
81	704
81	769
81	780
82	774
83	315
83	402
83	612
83	985
84	198
84	608
84	675
84	703
85	846
86	908
87	247
87	294
87	326
88	233
88	238
88	255
88	722
88	788
88	950
88	964
89	488
89	865
89	980
90	352
90	360
90	381
90	695
90	872
91	319
92	156
92	219
92	618
92	686
92	895
93	400
93	700
94	194
94	617
94	718
95	108
95	456
95	545
95	566
95	569
95	747
95	949
96	343
97	140
97	219
97	605
97	817
98	754
99	263
99	296
99	299
100	225
100	399
100	433
100	848
101	938
102	372
102	386
102	403
102	781
103	271
103	526
103	630
104	864
105	122
105	140
105	489
105	899
106	127
106	139
106	907
107	556
107	825
107	909
108	262
108	702
108	886
108	992
109	399
109	460
109	853
109	875
109	958
109	987
110	169
110	430
110	561
110	997
111	248
111	422
111	976
112	431
112	545
112	916
113	380
114	449
114	450
114	467
114	566
115	174
115	932
116	597
116	869
117	760
118	281
118	791
119	186
119	374
119	628
119	727
120	251
120	346
120	353
120	384
120	444
120	760
121	684
122	123
122	188
122	491
122	803
122	851
122	941
123	343
123	515
123	519
124	329
124	374
124	518
124	640
125	307
125	446
125	622
125	624
125	760
126	249
126	562
127	174
127	206
127	553
127	905
128	163
128	678
129	540
129	701
129	898
129	947
130	406
130	534
130	573
130	647
130	796
130	879
131	255
131	278
131	399
132	426
132	797
132	813
132	919
133	229
133	873
134	137
134	255
134	419
134	634
135	176
135	569
135	935
136	363
136	775
136	994
137	656
137	820
138	157
138	549
140	221
140	310
140	387
140	437
140	526
140	752
140	925
140	968
141	289
141	455
141	524
141	571
142	168
142	710
143	211
143	372
143	409
143	816
143	830
144	185
144	698
144	802
144	946
145	247
145	276
145	760
146	483
146	636
146	978
147	224
147	288
147	515
148	238
148	431
148	470
148	903
149	448
149	544
149	702
149	835
150	614
151	156
151	223
151	349
151	925
151	942
152	627
152	806
153	154
153	410
153	416
153	657
154	163
154	681
154	690
155	372
155	454
155	512
155	597
156	367
156	831
157	221
157	575
157	661
157	823
158	322
158	457
158	749
159	333
159	589
159	604
159	614
159	951
160	313
161	232
162	203
162	390
162	675
162	755
162	759
162	855
163	267
163	655
163	782
164	228
164	529
164	538
165	311
165	581
165	597
165	717
165	780
165	846
165	954
166	420
166	516
166	958
166	962
167	270
167	312
167	708
167	717
167	774
167	906
168	360
168	479
168	499
168	812
169	471
169	596
169	628
169	678
169	794
170	178
170	258
170	325
170	482
171	340
171	382
171	523
171	698
172	497
172	569
172	589
172	835
173	189
173	350
173	360
173	373
174	252
174	448
174	682
174	727
174	807
174	964
175	214
175	309
175	640
175	708
175	811
176	193
176	335
176	721
176	845
177	296
177	390
177	405
177	741
178	253
178	310
178	522
178	537
178	668
178	966
179	357
180	645
180	710
180	813
180	872
181	216
181	616
181	760
182	740
182	806
182	862
183	419
183	476
183	769
183	782
183	841
184	781
185	299
185	820
186	525
186	689
187	494
187	525
187	609
188	263
188	539
188	574
188	580
188	748
188	827
189	194
189	403
189	605
189	751
189	753
190	512
190	657
190	887
190	961
191	329
191	538
191	664
191	746
191	922
191	984
192	228
192	339
192	705
192	870
193	520
193	703
193	821
194	538
194	669
194	760
194	800
194	895
195	428
196	556
196	744
196	800
196	814
197	499
197	926
198	360
198	563
198	806
198	994
199	663
199	906
200	858
200	897
201	346
201	493
201	513
201	960
202	239
202	426
202	511
202	778
203	358
203	839
203	891
204	236
204	391
205	254
205	379
205	434
205	537
205	691
205	876
205	918
206	795
206	881
207	329
207	373
207	857
208	612
209	496
210	325
210	457
211	908
212	362
212	563
212	909
213	566
214	260
214	295
214	636
214	787
215	910
216	429
217	321
217	338
217	370
217	629
217	707
217	838
218	377
218	912
219	339
219	678
220	776
221	357
221	811
222	252
222	365
222	820
222	971
222	993
223	228
223	384
223	386
223	729
223	783
224	420
224	663
224	705
224	723
224	939
225	469
225	548
225	674
225	706
226	618
226	747
226	819
226	856
226	911
227	607
227	743
227	763
227	830
227	933
228	478
228	652
228	764
229	494
229	592
229	604
230	930
230	989
231	250
231	277
231	650
232	258
232	722
232	794
232	866
233	308
233	441
233	832
233	972
234	262
234	613
234	717
234	823
234	871
235	627
236	269
236	831
237	831
238	800
239	377
239	475
239	539
239	601
239	701
239	963
240	351
240	355
240	853
240	894
241	252
241	291
241	308
241	526
241	665
241	910
241	944
242	296
242	488
242	943
243	486
243	661
243	769
244	399
244	555
244	645
244	808
244	857
244	989
245	539
246	569
246	686
247	813
247	904
248	274
248	762
248	878
249	355
249	732
249	949
250	462
250	555
250	602
250	761
251	434
251	477
251	742
251	875
252	348
252	726
252	731
253	301
253	307
253	351
253	658
253	793
253	944
253	978
254	711
254	795
254	796
254	856
254	914
255	371
255	869
255	877
255	879
255	899
255	948
256	754
257	414
257	482
257	483
257	525
257	647
257	825
257	896
258	380
258	506
258	509
258	586
259	700
260	684
260	796
260	915
261	587
261	851
261	956
261	975
262	386
262	414
262	456
262	621
262	906
262	971
263	675
263	813
263	853
263	902
264	489
264	679
265	599
265	698
265	728
265	921
266	473
266	530
266	668
266	707
266	933
268	343
268	374
268	963
269	400
269	566
269	978
271	455
271	954
272	345
272	465
273	332
273	621
273	629
273	657
273	668
273	921
274	886
275	587
276	930
277	367
277	381
277	432
277	454
277	525
277	774
277	916
278	418
278	431
278	609
278	739
278	820
278	939
278	985
279	523
279	577
279	622
279	925
280	758
280	982
280	988
281	486
281	714
282	441
282	965
283	319
284	904
285	774
286	529
286	580
286	586
286	898
287	353
288	338
288	519
288	546
288	648
288	668
288	905
289	957
289	970
290	938
291	303
291	836
292	649
292	845
293	725
294	418
294	746
294	885
294	953
295	304
295	571
295	798
296	881
297	421
298	993
299	320
299	350
299	471
299	497
299	589
299	826
299	961
300	337
300	362
300	785
300	983
301	925
302	486
302	651
302	844
302	997
303	689
303	883
304	551
304	954
304	978
305	308
305	530
305	684
305	744
306	509
306	642
306	942
306	953
307	347
307	540
307	770
307	939
308	340
308	430
308	543
308	709
309	496
309	573
309	799
311	358
312	598
312	718
312	821
312	829
313	734
313	990
314	635
315	486
315	662
315	672
315	875
315	906
316	342
316	466
316	511
316	677
317	491
317	772
317	927
318	325
318	420
318	490
318	534
319	367
319	439
319	913
320	423
320	524
320	686
320	845
321	334
321	767
321	779
322	815
323	673
323	847
323	948
324	684
324	761
324	864
325	419
325	433
326	367
326	792
327	336
327	634
328	946
328	947
329	423
329	508
330	754
331	604
331	696
331	730
331	904
334	433
334	535
335	636
336	404
336	489
336	561
336	741
336	840
337	642
337	809
337	955
338	349
338	585
338	826
339	670
339	711
340	381
340	607
340	779
341	749
343	473
343	664
343	730
343	991
344	499
344	576
344	595
344	649
344	663
344	774
344	963
344	995
345	375
345	392
345	553
345	717
345	764
346	516
346	714
346	852
347	420
347	791
348	794
348	854
348	976
349	385
349	444
349	764
349	948
350	422
350	498
350	600
350	743
350	876
351	569
351	621
351	656
352	482
352	834
353	696
354	486
354	591
354	598
354	695
354	853
355	664
355	792
355	967
356	437
357	555
358	406
358	952
359	381
359	647
359	882
360	670
360	947
361	608
361	725
361	898
361	981
362	585
362	970
363	730
363	752
363	880
363	994
364	423
364	511
364	525
365	527
365	607
365	907
365	960
366	562
367	429
368	559
368	634
369	797
370	462
371	383
372	559
372	746
372	952
372	980
373	527
373	539
373	643
374	464
374	482
375	439
375	483
375	621
375	722
376	416
376	703
376	727
376	755
376	951
378	615
378	685
378	939
380	774
380	950
381	584
382	383
382	433
383	437
383	533
383	546
383	796
383	931
384	628
384	791
385	460
385	745
385	829
386	869
386	923
386	971
387	476
387	919
388	504
388	613
389	418
389	788
389	972
390	884
390	894
390	945
390	990
391	424
391	472
391	654
391	709
391	746
391	986
392	504
392	603
392	725
392	856
393	395
393	888
394	655
394	682
394	958
394	960
394	981
395	866
396	430
396	609
396	642
397	900
398	955
399	466
399	828
400	551
400	608
400	706
401	526
402	687
402	733
402	886
404	449
404	902
405	790
406	964
407	508
407	669
408	974
409	645
409	798
409	865
410	475
410	571
410	796
411	592
411	732
412	646
412	724
413	596
414	543
414	925
415	430
415	752
415	879
415	889
415	921
415	960
416	504
416	550
417	707
418	749
418	903
420	665
420	838
421	600
421	681
421	695
421	764
421	969
422	910
423	429
424	707
424	787
424	980
425	507
425	864
425	959
426	432
426	622
426	830
426	968
427	542
427	555
427	583
427	986
429	678
430	573
430	708
430	882
431	470
431	536
432	446
432	702
432	703
432	740
433	498
433	522
433	627
433	655
433	738
433	777
433	820
434	540
434	807
435	810
435	936
436	490
436	993
438	497
438	579
440	446
441	581
442	902
443	563
445	548
445	577
445	624
445	640
445	880
445	905
446	598
446	818
448	605
448	735
448	782
448	790
449	548
449	652
449	932
450	454
450	635
450	748
450	777
450	872
451	948
452	810
452	875
453	585
453	812
453	859
454	850
454	923
455	471
455	558
455	618
455	626
455	734
456	580
456	597
456	599
456	834
457	708
457	742
457	826
458	717
459	492
459	831
460	625
460	704
460	875
461	592
462	864
463	686
463	718
464	714
464	820
464	823
464	977
465	536
465	903
465	912
466	606
466	671
466	766
467	860
468	672
468	719
468	906
469	777
469	784
470	678
470	687
470	818
470	840
471	887
471	956
472	541
472	572
472	675
472	965
473	576
473	763
473	788
474	479
474	588
475	782
476	498
476	788
476	803
476	839
476	909
478	738
478	821
479	678
479	695
479	769
480	699
480	719
481	500
481	592
481	721
481	873
482	934
483	732
483	875
483	891
484	772
484	928
485	503
485	598
486	511
486	707
486	712
487	581
487	794
487	852
487	917
488	559
488	944
488	985
489	655
489	834
491	824
491	940
492	617
492	856
493	545
495	922
496	499
496	508
496	952
497	695
499	676
499	773
499	903
499	934
499	950
500	501
500	526
500	575
501	647
501	688
502	621
502	641
502	669
503	794
503	892
504	514
504	576
504	736
505	776
505	898
505	921
506	565
506	993
507	513
507	705
507	752
507	918
508	790
508	865
508	993
509	935
510	787
510	979
511	540
512	525
512	684
512	772
514	764
515	598
515	654
515	729
516	662
516	829
517	536
517	586
519	635
519	832
520	580
520	842
520	921
521	604
521	934
522	659
524	536
524	566
524	760
524	865
524	884
524	924
524	942
525	804
525	960
526	594
526	967
528	958
529	557
530	757
530	937
531	796
532	719
533	571
533	633
533	724
534	655
534	930
536	646
536	737
537	746
538	610
538	669
538	764
538	768
538	838
539	602
540	559
540	648
540	788
540	929
541	591
541	675
541	797
542	605
542	730
542	747
543	890
545	706
545	858
546	602
546	739
546	856
546	989
547	988
548	954
549	583
551	583
551	648
551	815
551	887
551	896
551	900
552	661
553	602
553	772
553	957
554	880
555	630
555	977
556	746
557	922
558	851
558	893
559	944
560	702
561	678
561	825
561	859
562	697
562	951
563	675
563	700
564	579
564	702
565	811
566	630
566	778
567	705
567	854
567	931
567	938
567	945
568	895
569	727
570	766
570	783
571	751
571	979
572	599
572	874
573	601
573	888
574	874
575	630
575	639
575	693
576	828
576	845
576	953
579	670
579	760
580	645
581	802
582	858
584	728
584	989
584	993
585	815
585	829
585	860
586	892
587	614
588	631
588	811
589	818
589	888
589	967
590	625
590	901
590	957
593	910
594	966
595	982
596	954
597	733
597	739
597	752
597	817
598	605
598	925
599	811
599	892
600	610
600	763
600	921
602	837
602	878
602	949
603	646
603	798
603	891
604	852
605	850
606	768
606	954
607	823
607	980
609	750
609	799
610	777
610	980
611	651
611	946
612	728
612	846
613	796
613	885
614	737
615	804
615	908
616	922
617	809
617	910
618	686
618	757
618	996
619	659
620	686
620	714
620	951
621	630
622	635
623	710
624	719
624	778
625	704
626	813
626	855
628	710
628	746
628	973
629	819
630	960
631	721
632	837
633	683
633	981
634	678
634	870
635	751
635	812
636	722
636	756
637	903
638	644
638	820
640	720
640	787
642	845
642	863
642	897
643	646
643	808
643	945
644	960
645	962
646	686
646	701
646	789
646	902
647	658
647	780
647	809
650	838
652	977
654	891
655	898
656	865
657	808
659	718
660	745
661	830
662	738
663	873
665	765
666	852
666	954
667	731
667	770
668	949
669	719
669	811
669	821
669	822
669	919
674	740
675	838
675	918
676	997
677	688
677	814
678	760
678	796
680	901
681	691
681	702
682	714
682	836
683	840
685	927
685	951
686	744
687	752
687	805
688	752
688	959
691	743
691	820
691	974
692	790
693	958
693	986
694	727
696	748
697	939
697	954
698	743
698	810
700	904
702	851
702	880
703	963
704	783
705	996
706	909
707	956
708	737
710	759
710	784
710	812
712	964
713	762
714	963
715	884
716	750
718	748
719	757
719	831
720	721
720	965
721	888
722	785
723	743
723	947
724	781
724	793
725	945
727	813
729	863
729	975
730	842
731	829
732	894
732	934
733	973
735	922
736	811
737	838
737	892
738	805
738	808
738	810
740	811
741	822
741	924
741	947
745	921
746	763
746	788
746	858
747	760
747	808
747	848
747	865
748	796
748	882
749	825
749	872
750	891
750	924
752	883
752	906
752	989
753	850
755	835
755	988
756	886
757	802
757	851
758	918
760	833
761	861
762	766
762	929
762	939
764	801
764	994
765	972
767	908
767	944
771	810
771	857
772	992
773	967
774	899
775	784
777	905
779	941
782	937
783	986
784	845
785	840
785	875
787	816
787	910
788	857
790	826
792	888
792	995
793	813
793	919
795	930
797	900
797	964
798	840
798	949
799	934
799	958
799	964
800	867
802	905
804	952
807	890
811	881
816	941
817	826
817	974
818	912
819	873
821	927
825	965
827	900
828	832
830	975
834	840
835	896
837	956
838	869
839	926
840	980
841	866
843	960
844	941
845	882
845	996
847	865
847	882
852	998
860	954
862	945
865	941
867	949
868	981
870	872
874	983
875	889
879	983
881	942
882	899
883	905
884	965
885	919
889	916
889	944
889	989
892	944
895	920
895	951
901	922
903	996
905	981
906	972
906	997
906	998
909	959
914	916
914	933
918	939
930	951
932	942
935	945
937	981
937	999
939	986
955	967
956	992
957	981
958	960
959	961
972	992
976	980
979	981