0	167
0	347
0	751
1	410
1	450
1	516
1	756
1	927
1	968
2	213
2	341
2	453
2	901
3	251
3	437
3	550
3	580
4	8
4	440
4	731
4	806
5	335
5	607
5	626
5	640
5	696
6	161
6	256
6	424
6	574
6	853
7	284
7	313
7	381
7	498
7	712
7	818
8	83
8	114
8	142
8	171
8	404
9	48
9	670
10	290
10	549
10	814
10	999
11	90
11	204
11	754
11	922
11	999
12	83
12	369
12	378
12	527
12	877
13	178
13	411
13	572
14	243
14	920
15	254
15	305
15	898
15	899
16	479
16	642
16	726
17	608
17	649
17	655
18	310
18	389
18	528
18	808
19	502
19	576
19	766
20	149
20	572
20	689
21	293
22	36
22	114
22	676
22	688
23	117
23	122
23	528
24	318
24	847
24	903
25	338
25	421
25	472
25	797
26	79
26	237
26	500
26	582
26	767
27	60
27	75
27	407
27	738
27	767
28	244
28	289
28	506
28	746
28	849
28	879
29	204
29	719
29	778
29	900
30	214
30	273
30	354
31	262
31	393
31	458
31	459
31	475
31	526
31	804
31	904
32	391
32	537
32	588
32	595
32	718
32	722
32	742
33	47
33	306
33	442
33	961
34	283
34	787
35	277
35	949
36	78
36	165
36	311
36	588
36	754
37	137
37	298
37	366
37	754
37	832
38	701
39	475
39	690
39	732
40	197
40	851
41	163
41	926
42	279
42	315
43	397
43	515
43	702
43	782
43	792
43	855
43	997
44	312
44	566
44	611
44	768
44	769
45	386
45	856
46	413
46	778
46	915
47	239
47	367
47	485
47	618
47	622
47	723
48	181
48	206
48	398
48	406
48	556
48	607
48	642
49	279
49	484
49	511
49	646
49	763
50	166
50	554
50	632
50	935
51	276
51	310
51	415
52	658
52	877
53	511
53	644
53	789
53	844
54	297
54	661
55	909
56	887
57	283
57	609
57	840
58	78
58	124
58	330
58	347
58	502
58	652
58	843
58	937
58	995
59	447
59	793
60	305
60	575
60	623
60	633
61	88
61	198
61	216
62	205
62	278
62	883
63	429
63	451
63	493
63	526
63	760
63	904
64	212
64	418
64	593
64	670
64	865
65	153
65	157
65	396
66	807
67	643
68	135
68	207
68	282
68	347
68	511
68	523
68	754
68	755
69	91
69	94
69	156
69	807
70	491
70	922
71	110
71	133
71	278
71	476
71	645
71	682
71	732
71	781
71	876
72	83
72	135
72	139
72	327
72	705
72	758
72	976
73	116
73	326
73	352
73	396
73	596
73	820
74	169
74	277
74	756
75	882
76	292
76	391
77	291
78	612
79	319
79	320
80	304
80	310
80	459
80	636
80	701
80	739
80	843
81	126
81	134
81	162
81	337
81	599
81	969
82	98
82	228
82	314
82	845
83	139
83	520
83	626
83	644
84	183
84	250
85	101
85	378
85	923
86	676
87	254
87	261
87	293
87	669
87	709
87	727
87	942
88	89
88	272
88	417
88	535
88	863
88	962
88	988
89	94
89	271
89	582
90	194
90	593
91	93
91	413
91	547
91	571
91	720
91	769
91	982
92	144
92	159
92	193
92	238
92	361
92	400
92	457
92	464
92	474
92	719
92	919
93	314
93	336
93	627
93	864
93	985
94	151
94	372
94	454
94	787
94	979
95	116
95	273
95	359
96	474
96	647
96	664
97	353
97	420
97	700
97	750
97	946
98	818
99	140
99	930
100	793
100	912
101	420
101	972
101	984
102	457
103	226
103	263
103	797
103	989
104	153
104	292
104	496
104	529
105	346
105	366
105	464
105	574
105	603
105	690
105	736
106	317
106	584
106	689
106	744
107	602
107	652
107	898
108	631
108	678
109	144
109	320
109	536
109	649
109	897
110	118
110	210
110	877
111	120
111	570
112	200
112	395
112	465
112	542
112	969
113	193
113	217
113	221
113	276
114	141
114	506
114	754
114	874
115	177
115	380
116	428
116	604
117	148
117	239
117	268
117	361
117	523
117	807
118	293
118	526
118	531
119	266
119	561
120	651
120	711
120	749
121	156
121	187
121	247
121	382
121	459
121	722
121	860
122	206
122	395
122	707
122	808
122	814
122	879
122	941
123	672
124	405
124	415
124	552
124	766
124	770
125	668
126	259
126	659
126	917
127	266
127	465
127	468
127	733
127	776
128	262
128	539
128	746
129	500
130	181
130	506
130	598
130	623
130	749
131	215
131	377
131	587
131	854
132	215
132	233
132	306
132	706
133	512
133	726
133	909
134	138
134	207
134	312
134	361
134	921
134	931
135	208
135	780
135	874
135	956
136	244
136	290
136	563
136	645
136	746
136	758
137	203
137	385
137	458
137	702
137	768
138	196
138	201
138	314
138	623
138	628
138	996
139	551
139	762
140	167
140	187
140	300
140	353
140	380
140	561
140	663
141	239
141	569
141	592
142	216
142	306
142	585
142	588
142	592
143	402
143	665
143	713
143	857
143	881
144	961
145	336
146	446
146	518
146	585
147	262
147	536
147	740
147	843
147	858
148	159
148	389
148	538
149	260
149	541
150	456
150	548
150	916
151	298
151	463
151	623
152	367
152	399
152	579
152	636
152	649
152	819
153	361
153	405
153	480
154	271
154	728
154	973
155	249
155	275
155	409
155	741
156	291
156	572
156	631
156	925
157	698
157	784
157	867
157	885
157	962
158	964
159	316
159	551
159	595
160	446
160	613
160	908
161	692
161	761
162	328
162	389
162	504
162	563
163	337
163	491
163	497
163	838
163	989
164	232
164	399
164	654
164	688
165	233
165	451
165	899
165	915
166	388
166	582
166	880
167	189
167	704
167	766
167	954
168	429
169	404
169	567
169	618
169	868
169	960
169	975
170	204
170	276
170	314
170	537
170	609
170	741
170	752
170	972
171	499
171	553
171	810
172	374
172	528
172	570
172	863
173	488
174	412
175	178
175	212
175	522
175	643
175	844
175	930
176	269
176	395
176	677
177	674
177	790
178	214
178	383
178	640
178	641
178	799
179	220
179	586
179	739
180	218
180	233
180	390
180	694
181	607
181	613
181	625
181	915
181	955
182	222
182	806
182	811
182	923
183	280
183	450
183	756
183	945
184	263
184	495
184	666
184	680
184	930
185	496
185	542
185	608
185	746
185	984
186	317
186	384
186	489
186	685
186	721
186	791
187	380
187	773
188	241
188	271
188	311
189	226
189	622
189	809
189	974
190	591
190	731
191	798
192	276
192	342
192	393
192	419
192	597
193	443
193	523
193	553
193	561
193	842
193	897
193	945
194	862
194	867
195	231
195	688
195	890
197	748
197	793
198	373
199	792
199	794
199	820
199	984
200	227
200	436
200	517
200	684
200	707
200	890
201	678
201	698
201	761
202	223
202	320
202	361
202	421
202	445
202	705
203	368
204	354
206	250
206	828
206	964
207	245
207	438
207	447
207	628
207	668
207	700
207	824
208	369
208	533
209	412
209	967
210	228
210	296
210	345
210	422
210	781
211	382
211	386
211	486
211	735
211	980
212	319
212	621
212	692
212	915
212	987
213	961
214	277
214	578
214	579
214	884
214	980
215	536
215	734
215	875
217	525
217	673
217	716
217	833
218	488
218	627
218	661
218	826
219	235
219	869
220	928
221	655
221	945
222	437
222	440
223	429
224	271
224	743
224	930
224	944
225	759
225	790
226	296
226	355
226	441
226	453
226	975
227	766
227	859
228	283
228	392
228	432
228	478
228	603
228	724
228	795
229	479
230	766
230	816
230	848
230	937
231	511
231	880
232	532
232	747
232	808
233	272
234	248
234	771
234	959
235	359
235	526
235	640
235	946
236	388
237	347
237	532
237	536
237	599
237	762
238	360
238	370
238	865
238	896
239	339
239	461
239	467
240	524
240	566
240	711
240	744
240	852
240	996
241	507
241	708
241	883
242	285
242	439
242	650
242	817
242	901
243	317
243	327
243	591
243	676
244	382
244	496
244	695
244	768
244	851
245	314
245	386
246	309
246	341
246	712
247	317
247	489
248	317
248	318
248	469
248	673
249	652
249	769
250	732
250	841
251	804
252	800
253	516
253	600
253	788
254	257
254	428
254	557
254	822
255	263
255	377
255	556
255	689
256	385
256	597
256	599
256	799
257	320
257	607
257	650
258	722
258	937
259	610
259	694
259	701
260	749
261	422
261	503
261	758
261	913
261	931
262	401
262	927
263	397
264	311
264	389
264	475
264	596
264	787
264	996
265	642
265	780
266	332
266	586
267	570
267	815
267	905
268	556
268	803
269	863
270	567
270	848
270	938
270	967
271	294
271	652
271	817
272	323
272	579
272	616
272	897
273	784
274	378
274	583
274	960
274	991
275	332
275	543
275	545
275	854
275	994
276	865
277	521
277	805
278	301
278	325
278	819
279	335
279	853
280	333
280	520
281	321
281	366
281	393
281	454
282	416
282	583
282	754
282	869
282	976
283	684
283	817
283	836
284	500
284	779
285	516
285	743
285	748
285	750
285	793
285	895
286	347
286	402
286	550
286	603
286	689
286	702
287	929
288	370
288	484
288	836
288	942
289	644
289	950
289	996
290	506
290	608
290	666
290	937
291	295
291	971
292	300
292	639
292	882
293	832
293	989
294	368
294	389
294	986
295	544
295	634
295	792
296	311
296	332
296	401
296	546
296	578
297	631
298	408
298	713
298	731
298	817
299	618
299	669
301	346
301	584
301	776
302	757
303	706
303	881
304	450
304	882
304	891
305	320
305	391
305	663
306	532
306	840
307	659
307	902
307	926
308	315
308	443
308	484
308	621
308	807
309	413
309	512
309	883
310	376
310	591
311	572
311	684
312	711
313	334
313	359
313	664
313	835
313	960
315	411
315	503
315	572
315	681
316	519
316	657
317	621
318	993
319	339
319	370
319	446
319	451
319	516
319	527
319	683
319	833
320	334
320	373
320	453
320	511
320	648
321	323
321	343
322	701
322	806
324	517
324	669
324	680
324	835
324	958
325	682
325	808
326	329
326	413
326	827
326	924
326	998
327	551
327	608
327	689
327	980
327	998
329	376
329	498
329	674
329	917
330	553
330	713
330	797
330	971
331	335
331	650
331	795
331	797
331	976
333	947
334	555
335	542
335	588
335	637
335	796
335	853
335	863
336	464
336	512
336	957
337	538
337	738
337	810
338	759
339	449
339	544
339	911
340	349
340	467
340	603
340	922
341	383
341	728
341	753
342	781
343	968
343	982
343	993
344	439
344	607
344	820
344	924
345	462
345	767
346	572
346	609
347	367
347	410
347	559
347	585
347	634
348	510
348	682
348	787
349	503
349	544
349	906
349	952
350	369
351	414
351	653
351	804
353	577
353	826
354	444
354	867
354	958
354	992
356	434
356	764
356	789
356	926
357	626
357	937
358	493
358	694
359	496
359	600
359	897
360	478
360	491
361	581
361	585
361	642
361	943
362	536
362	584
362	963
363	492
363	678
363	893
363	937
364	386
364	850
365	992
366	444
366	701
367	733
368	551
369	436
369	793
370	805
370	855
370	926
371	470
371	623
371	672
373	454
373	608
373	627
373	686
373	916
374	832
374	891
375	608
375	639
375	647
375	813
375	984
376	543
376	689
376	902
377	523
378	383
378	655
378	776
378	872
379	455
379	618
379	706
380	567
380	988
381	603
382	772
382	958
383	421
383	954
384	640
384	750
384	857
385	580
385	606
385	712
385	723
387	576
387	636
387	827
389	920
389	930
390	573
390	969
391	569
392	427
392	777
393	522
393	763
393	961
394	403
395	653
395	789
395	868
396	596
396	623
396	655
396	695
397	661
397	694
397	828
398	455
398	571
398	787
398	948
400	441
400	509
400	518
400	734
401	815
401	943
402	618
403	751
403	921
403	948
404	561
404	715
405	662
405	756
405	903
405	980
406	539
406	616
406	719
406	832
407	860
407	888
407	911
407	937
408	551
409	602
409	723
410	487
410	548
410	567
411	499
412	459
412	534
412	701
412	883
413	459
413	620
413	741
414	455
414	704
414	721
414	833
414	894
415	425
417	767
418	874
418	881
418	945
419	786
419	833
421	874
422	544
422	937
423	850
424	531
424	548
424	617
424	765
425	598
425	713
425	911
426	610
427	790
427	906
428	462
428	590
428	601
428	841
428	940
429	455
429	717
429	894
430	652
431	601
431	760
431	932
431	965
431	995
432	451
432	611
432	892
433	645
433	818
434	714
435	528
435	887
436	468
436	758
437	729
437	819
437	832
438	455
438	850
439	716
440	662
440	736
441	743
442	616
442	705
442	830
443	712
444	583
444	736
445	505
445	522
445	918
446	449
446	624
446	746
446	765
446	862
447	863
448	546
448	854
450	467
450	589
450	699
450	753
450	952
451	523
451	919
451	989
452	490
452	665
452	901
453	463
453	484
453	564
453	668
453	690
453	909
454	552
454	665
454	675
454	678
455	512
455	605
455	655
455	955
456	516
456	684
456	850
456	871
457	479
457	496
457	509
457	553
457	627
458	745
458	865
459	778
459	829
460	578
461	713
461	992
462	595
464	507
465	608
466	573
467	491
469	542
470	782
470	847
470	931
470	991
471	641
471	679
471	858
471	952
472	815
472	869
473	756
473	870
474	529
474	685
475	620
476	835
476	913
477	610
477	627
477	680
477	740
477	866
478	491
478	719
478	734
479	591
479	664
479	845
479	850
480	560
480	743
480	924
481	713
481	798
481	832
482	913
483	495
483	520
483	873
484	527
484	603
484	643
484	662
484	766
485	586
485	648
486	526
486	764
486	866
486	900
487	906
487	919
488	593
488	637
488	781
488	785
488	788
488	909
489	599
489	656
490	702
491	755
491	958
492	844
492	847
492	992
493	627
493	665
493	963
494	710
494	806
494	861
495	876
497	798
498	732
498	844
498	855
498	950
499	553
499	792
500	662
500	733
501	956
502	533
502	556
502	939
503	704
503	897
503	914
504	666
504	970
505	644
505	682
507	635
507	652
508	621
508	733
509	549
509	596
509	633
509	797
509	976
510	955
511	661
512	564
512	577
513	519
513	580
514	577
514	607
514	851
515	672
515	740
515	865
516	609
516	697
516	711
516	888
517	544
517	718
518	528
518	576
518	934
519	921
520	727
520	841
521	741
522	526
523	667
524	546
524	630
524	653
524	685
526	969
527	647
528	591
528	696
528	815
528	831
528	862
528	877
528	951
529	673
529	813
530	869
531	940
532	615
532	832
533	715
533	821
533	994
534	535
534	766
535	642
536	742
537	567
537	604
537	806
538	929
538	941
539	728
539	761
539	787
540	585
540	699
540	920
540	937
541	656
541	699
541	712
543	707
544	709
545	620
545	770
545	883
546	637
546	996
547	639
548	758
549	650
550	803
551	565
551	906
552	858
554	649
554	742
554	794
556	715
557	670
557	774
558	921
560	762
560	957
561	691
561	870
561	921
562	965
564	781
564	803
564	822
564	925
565	809
566	604
567	663
567	845
568	994
570	633
571	762
571	851
573	770
576	643
576	736
577	897
578	645
578	738
578	881
578	951
579	916
580	705
581	601
581	676
581	897
582	736
582	785
582	968
585	686
585	942
585	953
588	694
588	732
588	948
591	818
591	995
593	786
593	830
593	898
593	919
594	634
595	678
595	713
596	670
596	804
596	904
597	602
598	668
600	679
600	821
601	640
601	693
601	801
601	958
602	965
603	917
605	754
605	760
606	878
607	888
607	951
607	993
607	996
610	871
610	915
611	809
611	973
611	979
612	694
613	847
614	700
615	636
615	686
615	791
615	823
615	845
615	946
615	996
616	702
618	848
618	899
619	745
620	664
620	684
620	904
621	809
622	797
622	908
624	683
625	956
626	825
628	747
628	921
628	931
629	681
629	974
630	648
630	759
630	823
631	767
634	716
634	753
634	826
634	882
635	655
635	732
637	726
637	944
638	658
638	798
638	941
640	878
640	949
641	655
641	665
641	803
641	880
642	704
642	719
642	764
642	768
643	761
643	968
643	971
645	707
645	810
645	880
646	789
646	920
647	967
648	731
648	974
649	658
650	720
650	733
650	788
650	833
651	766
651	913
652	684
652	756
652	901
653	755
653	920
654	781
656	668
656	693
657	726
658	689
658	800
658	997
660	866
660	892
661	718
661	814
661	967
662	687
662	794
662	871
662	905
663	697
664	778
665	918
665	923
666	890
667	853
667	862
669	679
670	746
670	805
671	921
671	969
672	780
672	926
673	732
674	849
675	793
675	884
676	998
678	794
679	842
680	837
680	876
680	878
682	849
683	835
684	873
685	864
686	953
687	717
688	876
688	974
689	992
692	813
692	955
693	717
693	992
694	911
695	969
696	827
696	963
697	947
697	990
698	715
699	851
699	943
700	875
702	944
703	748
703	887
705	846
706	833
706	847
706	878
709	901
710	935
711	849
712	952
712	976
713	897
714	720
714	740
714	888
714	927
715	914
716	822
716	831
719	757
719	782
719	813
719	915
722	730
722	775
722	807
723	746
723	766
723	804
724	750
724	993
725	830
726	942
726	956
726	970
727	744
728	746
730	742
730	769
730	797
732	767
734	808
735	779
735	920
737	765
738	962
739	781
739	888
739	939
741	886
742	765
743	763
743	889
743	972
744	818
746	831
746	922
749	822
751	771
751	879
751	905
752	974
754	986
755	958
757	928
758	825
760	818
764	787
764	996
765	975
766	920
766	975
767	953
768	827
769	930
771	939
771	993
774	798
774	912
775	899
776	938
780	851
780	960
781	949
782	989
783	871
784	875
786	895
787	957
788	864
789	884
790	887
792	905
792	946
793	902
793	993
794	946
796	859
798	837
799	817
801	907
801	930
802	837
802	853
802	978
804	828
806	950
807	894
807	977
808	974
808	987
809	885
809	905
810	887
810	906
811	936
812	917
813	817
813	922
820	866
822	830
822	857
823	937
826	838
827	876
829	981
831	843
832	874
834	883
834	992
839	845
842	999
844	859
848	966
849	980
850	881
850	911
854	932
857	887
857	954
859	871
859	941
859	971
860	952
864	961
865	977
868	900
868	939
870	918
871	914
874	995
879	933
881	990
882	885
882	959
891	940
892	940
893	979
896	930
899	970
902	932
903	945
907	977
907	996
909	969
910	955
916	983
917	980
919	976
920	939
922	948
922	952
922	961
924	936
926	980
938	954
939	999
944	996
946	979
951	979
953	972
955	976
957	963
959	989
965	983
966	997
971	975