0	138
0	356
0	442
1	86
1	117
1	480
1	662
2	497
2	635
3	245
3	407
4	208
4	364
4	879
5	166
5	463
5	512
5	671
6	766
6	871
7	42
7	238
7	282
7	368
7	973
8	260
8	298
8	690
8	758
8	881
9	72
9	196
9	463
9	478
9	520
9	975
10	87
10	168
10	787
10	789
10	843
11	434
11	638
11	917
12	232
12	418
12	438
12	667
12	996
13	71
13	332
13	364
13	530
13	535
13	929
14	103
14	343
14	648
15	129
15	474
15	589
15	737
16	107
16	258
16	606
17	817
17	990
18	675
19	287
19	395
19	626
19	856
20	802
21	140
21	909
22	109
22	228
22	457
22	596
23	122
23	396
23	461
23	600
23	714
23	715
24	331
24	749
25	151
25	613
25	654
25	669
25	697
26	779
26	845
26	869
27	562
28	30
28	272
28	650
28	786
28	907
29	144
29	224
29	335
29	539
30	113
31	128
31	437
31	806
31	878
32	140
32	618
32	677
32	767
33	199
33	277
33	825
34	183
34	193
34	200
35	176
35	215
35	238
35	564
35	656
35	992
36	440
36	536
36	798
36	910
36	985
37	179
37	865
38	162
38	627
39	90
39	243
39	271
39	878
40	543
40	738
40	767
40	796
40	804
41	342
42	580
42	820
42	998
43	78
43	369
43	431
43	775
44	47
44	287
44	624
44	848
44	930
44	996
45	286
45	351
46	149
46	253
46	271
46	768
47	712
48	159
48	226
48	509
48	703
48	810
49	176
49	400
49	808
50	619
51	189
51	327
51	440
51	561
51	866
52	988
53	941
54	268
54	457
54	685
54	737
54	844
55	140
55	759
55	844
55	848
55	887
55	889
56	133
56	199
56	993
57	75
57	263
57	392
57	393
57	495
58	90
58	498
58	648
58	677
58	812
59	224
59	522
59	620
59	732
59	734
59	883
60	161
60	225
60	343
60	389
60	620
60	707
61	394
61	555
61	590
62	136
62	410
62	448
62	600
62	601
62	757
62	872
63	465
63	789
63	799
63	811
64	186
64	953
65	293
65	444
65	520
65	721
65	830
66	338
66	366
66	589
66	702
66	757
66	784
66	923
67	128
67	707
67	813
67	842
67	938
68	271
68	572
68	670
68	855
69	103
69	187
69	903
70	340
70	792
71	443
71	561
72	337
72	354
72	610
72	802
72	842
72	909
72	980
73	224
73	226
73	447
73	573
73	971
74	413
74	805
74	836
74	878
75	93
75	147
75	210
75	756
75	854
76	241
76	569
76	776
77	172
77	199
78	310
78	777
78	885
79	839
79	894
80	674
80	747
81	405
81	510
81	804
82	341
82	641
82	841
83	244
83	533
83	607
83	989
84	325
84	410
84	947
85	756
86	113
86	288
86	651
87	357
87	769
88	507
88	719
88	824
89	295
89	433
89	573
89	936
89	976
90	191
90	401
90	914
91	347
91	372
91	663
91	883
92	337
92	381
92	425
92	665
93	216
93	310
93	392
93	730
94	147
94	841
94	945
95	357
95	368
95	478
95	869
95	924
96	108
96	294
96	499
96	735
97	241
97	469
97	488
97	826
97	971
98	761
99	275
99	345
99	400
99	554
99	977
100	962
101	102
101	519
101	536
102	132
102	393
102	605
103	365
103	463
103	640
103	851
104	163
104	255
104	636
104	675
104	758
104	921
105	185
105	283
105	405
106	133
106	412
107	368
107	864
108	234
108	343
109	366
109	423
109	425
109	596
109	650
109	790
110	280
110	475
110	715
110	769
111	538
111	631
111	665
111	675
111	941
112	345
112	586
112	937
114	461
114	798
115	120
115	417
115	792
116	890
117	190
117	260
117	820
117	875
117	886
117	924
118	243
118	254
118	431
118	544
118	741
119	220
119	729
119	800
119	900
120	714
120	831
120	968
121	129
122	138
122	454
123	364
123	604
123	605
123	663
123	668
123	764
124	460
124	468
124	691
124	877
124	976
125	302
126	248
126	572
126	783
126	812
126	837
127	372
127	399
127	420
128	616
129	179
130	287
131	285
131	311
131	366
131	392
131	422
132	292
132	501
132	763
132	826
134	380
134	475
134	881
135	170
135	334
135	776
136	389
136	432
136	460
136	480
136	654
136	809
137	576
138	312
138	908
139	366
139	712
139	725
139	747
139	757
139	936
140	170
140	174
140	356
140	367
140	783
140	890
141	201
142	653
142	927
143	240
143	313
143	443
143	654
143	797
144	347
144	767
144	839
145	543
146	303
146	330
146	604
146	883
146	977
147	361
147	456
147	872
148	419
148	581
148	674
149	165
149	196
149	298
149	724
149	985
150	305
150	306
150	392
150	406
150	543
150	958
150	982
152	727
152	979
153	187
153	279
153	733
153	761
154	196
154	265
154	360
154	368
154	800
154	911
155	272
155	409
155	597
155	614
156	528
156	883
157	335
157	431
157	521
157	717
157	818
157	882
158	350
158	361
158	643
158	700
158	914
159	796
160	222
160	543
160	758
160	760
160	768
160	960
161	226
161	788
161	853
162	376
162	425
162	592
162	718
162	849
162	960
163	997
164	509
164	573
164	666
164	747
165	229
165	271
165	305
165	456
166	238
166	294
166	519
167	358
167	469
168	501
168	666
168	731
169	192
169	858
170	462
170	607
170	626
170	696
170	759
170	951
171	223
171	236
171	298
171	695
171	774
171	836
171	940
172	180
172	632
173	314
173	383
173	896
174	585
174	641
174	676
174	844
174	981
174	987
175	323
175	831
175	865
175	898
176	749
176	759
177	215
177	301
177	552
178	240
178	263
178	393
178	831
178	856
179	407
179	674
180	182
180	959
181	418
181	476
181	489
181	674
181	724
182	452
182	492
182	535
182	828
182	973
183	275
183	288
183	904
184	233
184	419
184	512
184	633
185	633
185	737
185	834
186	365
186	522
186	825
187	392
187	641
187	888
187	981
188	310
189	257
189	485
190	452
190	603
190	786
191	417
191	499
192	197
192	710
192	884
192	947
193	235
193	427
193	657
193	896
194	206
194	212
194	244
194	497
194	509
194	785
194	959
195	199
195	214
195	257
195	887
196	203
196	256
196	342
196	458
196	659
196	735
196	775
197	321
197	357
197	465
197	994
198	763
199	727
200	387
200	918
201	213
201	522
201	776
201	850
202	206
202	328
202	439
202	689
202	941
202	953
203	215
203	918
204	698
204	918
205	332
205	337
205	344
205	740
205	848
206	473
206	527
206	842
207	214
207	488
207	758
207	791
208	377
208	479
208	624
208	669
208	729
209	262
209	321
209	518
209	734
209	745
209	793
209	922
210	290
210	310
210	458
210	550
210	763
211	272
211	542
211	642
211	704
212	227
212	299
212	444
212	819
212	877
212	884
212	955
212	961
213	547
213	842
214	551
214	565
214	703
214	815
214	829
215	607
215	711
215	855
216	495
217	591
217	837
217	932
218	445
219	297
219	424
219	513
219	819
219	953
220	276
220	679
220	861
221	370
221	522
221	628
221	670
221	739
221	932
222	258
222	313
223	572
224	384
224	486
224	747
224	925
225	595
225	699
225	935
226	375
226	921
227	624
227	841
228	320
228	416
228	817
228	859
229	415
229	476
229	791
230	706
230	797
230	908
231	762
232	436
232	529
233	441
234	567
234	581
234	597
234	693
234	762
235	415
236	280
236	476
236	829
236	858
237	560
237	825
237	908
238	321
238	459
238	676
239	446
240	480
240	602
240	680
241	533
241	715
241	911
242	408
242	562
242	640
242	965
243	269
243	581
243	795
244	381
244	551
244	876
245	620
245	679
245	853
245	973
246	591
247	435
247	570
247	616
247	652
247	818
248	353
248	722
248	776
249	514
249	857
249	924
249	939
250	274
250	280
250	456
250	560
250	958
251	346
251	369
251	455
251	758
251	890
252	347
252	667
252	981
254	311
254	345
254	736
255	292
255	406
255	889
257	466
257	483
257	586
257	852
257	968
258	625
258	782
259	328
259	336
259	689
259	708
260	301
260	320
260	345
260	427
260	541
260	720
260	849
261	324
261	362
261	751
261	781
262	570
262	907
263	277
263	735
264	345
264	593
264	674
264	774
265	368
265	565
265	845
266	923
267	285
267	367
267	494
267	525
267	941
268	531
269	333
269	567
269	973
269	989
270	300
270	407
270	565
270	905
270	911
271	353
271	439
271	792
271	928
271	991
272	687
272	711
273	375
273	794
274	694
274	722
274	850
275	276
275	565
275	604
275	991
276	479
276	729
276	778
277	293
277	466
278	638
279	454
279	838
280	300
281	297
281	335
281	407
281	564
281	944
283	285
283	300
283	657
284	444
284	798
285	656
285	753
286	357
286	391
286	447
286	454
286	627
286	890
286	891
286	894
287	508
287	525
288	899
288	987
289	573
289	987
290	821
291	343
291	373
291	428
291	583
291	923
292	702
292	781
292	782
293	307
293	317
293	595
293	799
293	979
294	312
294	340
294	353
294	516
294	628
294	749
295	510
295	879
295	984
296	614
298	513
298	617
298	730
298	774
298	933
299	423
299	636
299	727
299	830
300	621
300	715
300	809
301	341
301	368
301	408
301	905
302	514
302	526
302	773
303	440
303	729
304	713
304	749
305	795
306	314
306	399
307	522
307	862
307	887
308	365
309	773
310	410
310	468
310	692
310	898
311	564
311	566
311	719
313	771
314	399
314	400
314	453
314	549
314	821
314	950
315	390
315	428
316	458
317	383
317	470
317	951
318	425
318	646
318	659
318	766
318	791
319	334
319	478
319	605
319	660
319	862
320	400
320	548
321	554
322	529
322	787
322	843
322	942
324	635
324	694
324	716
325	371
325	996
326	973
327	535
327	824
327	938
328	508
328	576
328	855
329	361
329	375
329	639
329	713
329	775
329	891
330	900
330	921
331	441
331	483
331	600
331	776
332	807
332	978
333	356
333	406
333	567
333	712
333	983
334	446
335	776
335	839
335	908
336	488
336	644
337	347
337	444
337	996
338	350
338	582
338	631
339	341
339	720
339	909
340	364
340	522
340	742
340	841
340	856
341	355
341	426
341	963
341	975
342	384
342	680
342	686
342	900
344	607
344	765
344	950
344	987
345	472
345	594
345	663
345	732
345	809
346	549
347	730
347	731
348	386
348	683
348	759
348	848
348	970
349	759
350	377
350	498
350	601
351	518
351	657
351	730
351	938
352	756
353	464
353	538
353	713
354	428
354	767
355	474
355	864
356	696
357	616
357	666
357	937
358	370
358	636
358	972
359	482
359	719
359	948
359	993
360	458
360	716
361	590
362	401
362	496
362	976
363	400
363	429
363	543
363	641
364	442
364	993
365	824
366	392
366	429
366	454
366	636
366	982
367	533
367	826
367	875
368	583
368	755
368	976
369	691
369	797
369	842
370	403
370	436
370	766
370	844
371	798
371	843
371	969
372	540
372	572
372	669
372	710
372	803
373	472
373	742
374	923
375	566
375	603
375	879
376	406
376	746
376	814
376	953
377	695
377	819
377	974
378	402
378	494
378	787
379	635
380	534
380	595
380	832
380	901
380	973
381	947
382	767
383	786
383	856
384	579
385	649
385	828
386	414
386	633
386	863
387	879
388	668
388	681
388	736
388	782
389	540
390	769
390	810
390	927
390	998
391	492
393	436
393	814
393	815
393	816
394	693
394	744
395	398
395	715
395	814
396	418
396	423
396	479
396	812
397	629
397	697
397	929
398	413
398	611
400	500
400	729
400	874
400	972
402	702
404	554
404	820
404	972
405	567
405	847
406	922
407	616
407	640
407	920
408	478
408	647
408	723
409	531
409	748
409	768
409	881
410	464
410	764
410	855
410	897
411	574
412	513
412	819
412	902
412	911
412	915
413	579
413	636
413	695
413	731
413	754
413	927
414	507
414	567
414	615
414	616
415	438
415	465
416	771
416	786
416	919
417	703
417	757
418	709
419	595
419	677
420	617
420	968
421	655
421	795
422	713
423	556
424	455
424	558
424	774
424	826
424	839
426	689
426	752
427	975
427	994
428	561
428	728
429	609
430	498
431	500
431	596
431	723
432	987
433	467
433	768
433	871
433	903
434	636
434	892
434	978
435	678
435	723
436	473
436	826
436	980
438	603
438	682
439	659
439	926
440	508
440	631
440	657
441	449
441	553
441	819
441	967
442	889
442	955
443	735
444	458
444	603
444	713
444	736
444	861
444	889
444	907
444	938
445	504
445	903
446	466
446	608
446	714
446	822
446	949
447	796
447	899
448	891
448	961
449	617
449	630
450	591
450	875
450	891
451	924
452	585
452	669
453	715
454	457
454	579
455	528
455	584
455	724
455	883
455	960
455	965
456	820
456	958
457	624
457	979
458	538
458	634
458	646
458	822
458	938
459	967
460	816
460	968
461	816
463	610
464	556
464	659
464	678
464	745
464	781
464	820
464	828
464	977
465	720
465	849
465	887
465	954
467	510
467	782
468	598
468	677
468	887
468	904
468	969
469	601
470	922
471	844
472	509
472	582
472	655
472	727
472	931
472	958
473	920
474	639
474	684
474	689
474	753
475	983
476	922
476	965
477	721
478	535
478	651
479	646
479	707
480	631
480	848
481	528
481	646
482	542
482	640
482	949
483	493
483	520
484	553
484	556
484	660
484	892
484	931
485	542
486	630
487	687
487	715
487	955
488	832
488	873
488	937
489	620
489	793
490	512
490	594
491	626
491	635
491	973
492	519
492	758
493	730
493	874
494	550
495	513
495	932
496	658
497	830
498	557
499	553
499	660
500	514
500	578
501	748
501	876
501	932
501	975
502	504
502	870
503	572
503	915
503	943
504	881
505	651
505	691
505	697
505	815
505	861
506	545
506	649
506	705
506	733
506	831
506	929
506	998
507	563
507	871
508	726
509	535
509	673
511	560
511	564
511	590
511	817
511	857
511	982
512	864
513	842
514	686
514	824
515	789
515	846
517	567
517	604
517	652
518	581
518	712
519	666
519	989
520	663
520	855
520	890
521	546
521	806
521	865
521	915
521	963
522	880
523	585
523	650
524	705
525	966
526	651
526	669
526	703
526	755
526	926
528	762
529	632
529	715
529	745
529	867
529	971
530	618
530	841
530	909
531	537
531	793
532	820
533	891
534	588
534	846
535	639
536	917
536	965
537	668
538	841
539	679
540	638
540	704
540	997
541	543
541	938
543	707
543	929
546	971
547	569
547	654
548	934
548	966
549	822
549	878
550	689
551	574
552	925
553	563
553	800
553	809
554	745
554	780
554	961
556	828
556	890
558	841
558	870
559	691
559	753
559	871
560	578
560	779
561	618
561	733
562	779
563	768
563	897
564	601
564	748
564	886
566	700
566	830
567	603
567	734
567	962
568	726
569	579
569	828
569	888
570	664
570	725
570	938
571	707
571	887
572	915
572	996
573	823
573	952
574	824
574	946
574	968
575	666
575	791
575	963
576	724
576	743
576	912
577	784
578	857
578	905
579	720
579	794
579	813
579	850
580	959
581	669
581	700
583	823
584	616
584	639
584	893
585	825
586	606
587	800
588	945
590	797
590	975
591	653
591	982
592	720
592	883
594	847
595	880
596	638
598	890
599	702
599	842
599	849
599	985
600	843
600	979
600	991
601	861
602	859
603	609
603	670
603	931
603	980
605	814
606	739
606	801
606	842
606	855
607	725
607	846
608	896
609	615
609	958
609	979
610	985
611	616
612	633
612	645
612	790
614	895
615	711
615	812
616	630
616	887
617	620
617	982
619	624
620	804
622	881
622	937
622	997
623	711
623	773
623	969
624	985
626	968
627	638
627	745
628	702
629	650
630	868
630	972
631	972
632	929
632	950
633	804
633	844
634	776
634	849
635	749
635	972
636	758
636	935
637	681
639	667
639	755
641	884
641	987
642	712
642	836
642	938
643	774
643	820
643	838
644	736
644	784
644	872
645	761
645	820
646	742
647	801
647	928
648	650
649	689
649	879
650	954
650	964
652	761
653	789
653	818
653	895
654	670
656	971
657	752
657	779
657	966
658	949
658	971
659	666
659	987
660	756
660	765
660	816
661	792
662	833
662	878
663	771
665	853
668	844
668	923
669	864
671	815
671	868
671	991
672	732
672	735
673	714
673	961
674	872
674	878
675	699
675	803
675	885
677	802
677	892
679	731
680	918
680	922
680	956
681	758
682	707
683	705
683	723
683	745
683	764
683	871
686	916
686	988
688	862
689	802
689	894
690	811
690	829
691	732
691	753
691	856
691	869
692	741
693	801
695	997
697	954
698	786
698	858
699	941
700	943
701	779
701	881
702	834
703	807
705	928
706	879
707	905
707	917
708	715
710	806
710	877
710	981
710	994
711	851
712	861
713	874
714	725
716	812
717	727
722	869
723	843
724	797
724	992
724	994
727	756
727	902
727	951
727	969
728	813
728	922
729	781
730	885
730	978
731	761
731	796
731	909
732	829
732	833
733	947
734	977
734	985
735	774
735	919
735	963
736	767
736	881
737	825
737	945
740	765
742	860
743	905
743	957
744	758
745	963
747	787
748	922
750	773
752	765
752	875
752	891
752	901
752	917
752	921
753	804
754	920
755	778
756	848
757	763
757	765
760	923
763	871
764	866
765	823
765	929
766	901
768	876
769	776
769	936
770	994
771	835
771	911
772	875
773	836
774	861
775	813
775	954
776	785
776	961
778	934
779	884
779	906
785	794
785	972
787	828
787	970
787	980
789	997
794	942
796	844
799	986
801	826
801	834
802	934
802	991
803	827
804	964
806	812
808	888
809	880
811	958
813	827
816	913
817	840
819	847
819	867
819	936
820	895
821	974
821	998
823	992
827	874
831	901
832	850
832	885
833	881
834	960
835	930
836	920
837	879
839	957
840	857
842	924
842	974
845	990
846	999
848	944
848	973
850	995
856	932
862	918
862	975
866	878
868	915
870	887
870	973
877	993
879	920
881	944
881	987
883	996
884	922
885	950
886	993
889	942
891	971
892	900
892	997
896	983
897	933
900	980
903	973
908	941
913	932
917	940
917	972
926	988
928	995
930	973
934	947
937	962
947	996
948	971
963	990
965	991
969	991
980	984
982	992
996	997