0	66
0	154
0	569
0	700
1	968
2	90
2	863
2	882
3	106
3	756
4	607
4	667
5	113
5	148
5	764
5	884
5	985
6	245
6	466
6	647
6	786
6	906
7	277
7	852
7	975
7	992
8	20
8	132
8	165
8	286
8	475
8	614
8	652
8	664
8	718
9	28
9	218
9	428
9	987
10	106
10	294
10	514
10	602
10	796
11	212
11	320
11	425
11	437
12	52
12	231
12	595
12	742
12	891
13	54
13	404
13	444
13	516
14	176
14	252
14	276
14	282
14	404
14	414
14	509
14	664
14	879
15	28
15	166
15	543
15	632
16	216
16	292
16	931
17	609
18	309
18	323
18	398
18	464
19	233
20	302
20	391
20	753
20	813
20	975
21	63
21	77
21	219
21	356
21	550
21	667
21	671
21	749
21	810
22	259
23	191
23	545
23	652
23	657
24	310
24	412
24	935
24	973
25	203
25	313
25	359
25	368
25	398
25	436
25	686
26	86
26	263
26	264
26	888
26	915
27	99
27	103
27	247
27	340
27	396
27	440
27	553
27	628
27	675
28	69
28	82
28	126
28	127
28	144
28	227
28	840
29	139
29	700
29	758
30	697
30	779
30	982
31	131
31	463
31	539
31	661
31	718
31	971
32	284
32	327
32	643
32	776
33	423
33	460
33	659
33	856
34	153
34	517
34	705
34	830
35	185
35	359
35	420
35	513
35	714
36	97
36	405
36	777
36	954
37	167
37	385
37	513
38	383
38	671
39	443
39	597
39	664
39	992
40	132
40	241
40	338
40	698
41	57
41	400
41	517
41	540
41	836
41	962
42	162
42	201
42	416
42	423
42	473
43	112
43	385
43	403
43	467
44	67
44	240
44	372
44	718
44	956
45	148
45	233
45	263
45	572
45	573
45	669
45	713
45	777
45	964
46	466
46	477
46	711
47	255
47	335
47	357
48	157
48	825
48	943
49	69
49	349
49	485
49	602
49	806
50	284
50	543
50	554
50	580
50	687
50	725
50	789
51	52
51	407
51	608
52	163
52	434
52	896
53	325
53	399
53	611
53	780
53	915
54	128
54	219
54	225
54	334
54	492
54	855
55	258
55	422
55	842
55	973
56	163
56	428
56	498
56	843
56	939
57	881
58	126
58	220
58	341
58	399
58	780
58	982
59	213
59	992
60	223
60	613
60	755
61	153
61	325
61	446
61	460
62	546
62	876
63	99
63	230
63	582
64	698
65	161
65	354
65	359
65	859
65	934
66	413
66	420
66	464
66	494
66	547
66	591
66	645
66	723
66	862
67	170
67	185
67	216
67	450
67	776
67	905
68	160
68	322
68	348
68	950
70	105
70	284
70	709
71	117
71	176
71	252
71	878
71	925
72	136
73	501
73	567
73	696
73	789
73	871
74	90
74	92
74	196
74	457
74	605
74	645
74	862
75	150
75	232
75	339
75	455
75	819
75	914
76	150
76	170
76	228
76	245
76	755
76	853
77	100
78	194
78	312
79	582
79	747
79	798
80	480
80	488
80	869
81	141
81	189
81	191
81	316
81	412
81	563
81	594
81	941
83	330
83	343
83	867
84	113
84	604
84	830
85	103
85	596
86	172
86	265
86	449
86	687
87	119
87	714
87	793
88	212
88	224
88	243
88	749
88	928
89	772
90	557
90	562
90	570
90	822
91	967
92	238
92	342
92	404
92	842
92	982
93	297
93	565
93	643
93	826
93	858
94	250
94	282
94	444
94	670
94	676
95	201
95	309
95	491
95	542
95	658
96	176
96	285
96	699
96	762
97	801
97	985
98	285
98	355
98	674
98	832
99	156
99	220
99	520
99	813
99	857
100	160
100	427
100	733
101	483
102	214
102	229
102	457
102	651
102	819
103	277
103	894
104	178
104	606
104	699
105	281
105	471
105	967
106	451
106	469
106	917
106	981
107	135
107	279
107	359
107	811
107	853
108	602
108	811
108	952
109	433
109	964
110	134
110	585
110	593
111	131
111	932
111	985
112	305
112	528
112	658
112	766
112	901
113	512
113	609
113	653
113	843
114	134
114	206
114	211
114	245
114	529
115	288
115	523
115	547
115	805
115	945
115	995
116	157
116	810
116	811
117	176
117	639
117	931
118	619
118	699
118	911
119	375
119	533
119	840
120	492
121	232
121	540
121	996
122	846
123	145
123	188
123	727
123	811
124	263
124	533
125	197
125	695
125	945
126	156
126	162
126	208
126	260
126	330
126	552
126	641
126	899
127	275
127	476
127	497
127	527
127	628
127	702
127	748
128	149
128	483
128	506
128	517
128	612
128	817
128	861
129	304
129	728
129	776
129	836
130	787
130	844
130	848
130	880
130	886
130	972
131	190
131	436
131	957
132	371
132	514
132	971
133	806
135	239
135	445
135	531
135	627
135	784
136	321
136	377
136	615
136	682
136	817
136	897
136	945
136	957
137	304
137	705
138	922
139	320
139	661
139	967
140	319
140	362
140	604
141	145
141	812
142	382
143	213
143	755
143	964
144	305
144	725
145	174
145	284
146	156
146	225
146	290
146	595
146	948
147	486
147	788
148	340
148	494
148	610
148	683
148	871
149	247
149	500
149	872
149	961
150	296
151	292
151	391
151	659
151	762
151	793
152	335
152	489
153	211
153	214
153	230
153	265
153	964
154	221
154	229
154	585
154	697
155	247
155	424
155	483
155	499
155	555
155	627
155	839
155	881
156	348
156	481
156	703
156	798
157	476
158	395
158	614
158	623
158	979
159	456
159	677
160	470
160	527
160	583
161	739
161	852
161	915
162	344
162	352
162	473
162	532
162	749
163	291
163	568
164	578
164	970
165	182
165	491
165	822
165	906
166	659
166	745
166	880
167	805
168	231
169	177
169	320
169	504
169	984
170	393
170	516
170	672
170	882
170	986
171	249
171	475
171	816
172	206
172	247
172	681
172	809
172	810
173	795
174	426
174	471
175	453
175	514
175	720
175	727
176	362
176	643
176	801
176	865
177	356
177	794
177	846
177	892
178	407
178	851
179	230
179	861
179	878
180	282
180	334
180	484
180	695
180	810
180	919
180	941
181	274
181	541
181	719
181	752
182	229
182	233
182	592
182	603
182	622
182	789
182	943
183	660
183	667
183	700
183	869
183	876
183	983
184	384
184	540
184	634
184	685
185	397
185	445
186	576
187	197
187	313
187	418
187	421
187	653
188	592
188	667
188	806
189	599
189	819
189	941
190	281
190	478
190	918
190	987
191	683
192	201
192	340
192	585
193	759
195	758
196	353
196	455
196	502
196	794
196	798
196	973
196	996
197	456
197	673
197	861
197	939
198	281
198	451
198	904
199	249
199	380
199	433
199	548
199	557
200	281
200	381
200	542
200	693
200	765
200	828
200	876
200	877
201	228
201	272
201	873
202	281
202	649
202	775
202	920
203	629
203	679
204	381
205	371
206	296
206	562
206	574
206	743
206	760
206	929
207	747
208	221
209	482
209	582
209	610
210	246
210	392
210	719
210	787
211	603
211	717
212	299
212	908
213	394
213	416
213	510
213	680
213	760
214	296
214	312
214	510
214	956
215	263
215	368
215	473
216	373
216	474
216	661
216	945
216	947
217	508
217	778
217	834
218	547
218	632
218	894
218	912
219	242
219	365
219	599
219	866
219	994
220	334
220	474
220	551
221	250
221	754
221	900
222	496
223	401
223	436
223	891
223	897
224	417
224	554
224	582
224	777
224	904
225	631
226	347
226	442
226	528
226	678
226	708
227	536
227	856
228	505
228	641
229	818
230	251
230	796
230	857
231	487
231	546
231	675
231	828
232	262
232	267
232	511
232	725
233	308
233	378
233	503
233	658
234	302
234	341
234	456
234	475
234	489
234	563
234	677
234	716
234	726
234	912
235	370
235	465
235	731
236	258
236	281
236	553
237	473
238	243
238	295
238	308
238	320
238	548
238	852
238	953
239	405
240	266
240	494
240	502
240	504
240	819
240	883
241	389
241	413
242	376
242	401
242	505
242	596
242	766
242	836
242	870
243	297
243	813
244	726
244	825
244	828
244	846
244	898
244	985
245	293
245	480
245	570
245	656
245	910
246	303
246	435
246	757
246	845
246	897
247	619
247	645
247	768
247	971
248	296
248	931
249	288
250	380
250	531
250	645
250	821
250	842
251	266
251	933
252	428
252	433
252	962
252	998
253	641
253	651
253	790
253	963
254	860
255	283
255	348
255	524
256	329
256	694
256	782
257	290
257	711
258	587
258	732
259	300
259	482
259	558
259	758
259	777
260	367
260	520
260	557
261	579
261	727
261	867
261	903
262	307
262	920
262	987
263	265
263	505
263	978
264	316
265	627
265	918
265	966
266	530
266	632
266	706
266	804
267	881
268	326
268	475
268	647
268	792
268	866
268	948
269	411
269	672
269	827
270	288
271	298
271	396
271	505
271	597
271	925
272	621
272	921
272	935
273	787
273	903
275	872
276	743
276	789
276	817
277	359
277	529
278	456
278	530
278	637
278	903
279	372
279	528
279	642
279	954
280	649
280	654
280	673
280	824
281	283
281	336
281	554
281	610
281	887
282	394
282	518
282	722
282	878
283	695
283	752
284	359
284	512
284	595
284	656
284	874
284	892
285	642
285	734
285	837
286	289
286	335
286	646
287	793
287	864
287	931
288	526
288	887
289	704
289	712
289	879
290	303
290	510
290	512
290	860
291	716
292	467
292	670
292	819
292	984
292	993
293	572
293	585
294	610
294	827
295	432
295	617
295	624
295	627
295	638
295	777
296	603
296	809
296	873
297	508
298	568
298	962
299	438
299	624
300	332
300	631
300	915
301	506
301	772
301	856
302	337
302	338
302	539
302	560
302	711
302	971
303	550
303	857
303	973
304	459
305	554
305	743
306	789
307	696
307	768
308	327
308	529
308	695
308	825
308	833
309	408
309	640
309	654
309	907
310	607
310	683
310	918
311	326
311	521
311	722
311	799
312	685
312	839
312	906
313	440
313	516
313	947
314	483
314	838
314	927
315	968
316	755
316	849
317	675
317	708
317	725
318	698
318	813
318	930
319	450
319	780
319	802
319	879
319	959
320	869
322	635
322	709
322	862
322	964
323	347
323	859
323	881
324	582
324	716
324	832
324	944
325	384
325	564
325	614
325	656
326	955
327	560
327	655
328	627
328	729
329	605
329	681
329	683
330	839
331	480
332	395
332	547
332	553
332	800
333	689
334	462
334	672
334	797
334	830
335	337
335	456
335	471
335	539
335	633
335	796
337	381
337	424
337	521
338	443
338	459
338	835
338	859
339	598
339	614
340	342
341	689
341	918
341	940
342	732
342	796
342	808
342	968
342	969
343	594
343	614
343	631
343	847
343	991
344	651
344	893
345	894
346	388
346	463
346	708
346	905
346	968
347	826
348	691
348	709
349	520
350	448
350	573
351	827
352	367
352	607
352	727
353	356
353	407
354	383
354	532
354	630
355	595
355	800
355	971
356	557
356	694
357	655
358	459
358	562
358	699
358	771
358	947
359	520
359	573
359	609
359	738
359	964
360	771
361	373
361	434
361	522
361	678
361	724
361	862
361	883
361	892
361	957
362	425
362	546
363	751
364	465
364	620
365	399
366	524
367	393
367	526
367	950
368	385
368	402
368	550
368	555
368	908
368	969
369	704
369	964
369	969
369	998
370	559
372	404
373	659
373	748
373	873
374	466
374	822
374	892
374	967
374	990
375	896
375	921
375	984
376	407
376	442
376	495
376	913
377	419
377	606
378	561
378	713
379	540
379	640
379	933
379	979
380	609
381	494
381	705
381	838
382	409
383	390
384	915
385	447
385	807
385	993
386	659
386	759
387	481
387	596
387	685
387	884
388	723
390	750
390	932
391	487
391	509
391	622
391	688
391	914
392	677
392	692
392	707
392	710
392	903
393	421
393	851
394	519
394	844
395	435
395	456
395	984
396	402
396	468
397	564
398	749
398	850
398	943
398	961
399	585
399	649
399	658
399	919
399	937
400	430
400	794
400	827
400	922
401	627
401	942
401	951
402	652
402	771
402	909
402	945
403	857
404	682
404	971
405	566
405	706
406	738
408	504
408	708
408	767
409	414
409	429
409	556
409	832
410	500
410	722
410	940
411	560
412	445
412	682
414	528
414	579
414	791
415	744
415	879
416	436
416	443
416	857
417	591
417	880
418	708
419	533
419	618
419	624
419	636
420	607
421	451
422	659
422	964
423	426
423	778
424	429
424	480
424	816
425	516
425	718
425	776
425	788
425	919
427	507
427	535
427	703
427	705
427	922
428	844
429	572
431	746
431	817
431	857
431	895
432	445
432	633
432	653
432	849
433	445
433	457
435	486
435	782
435	823
435	928
436	450
436	855
437	466
437	614
437	619
437	647
437	753
437	953
438	520
438	526
438	587
438	778
438	845
438	942
439	467
439	879
440	593
440	605
441	506
441	576
441	614
441	660
442	503
442	781
444	965
445	522
445	546
445	741
446	494
446	600
446	615
447	503
447	733
448	955
449	563
449	567
449	947
449	963
450	670
450	842
450	902
450	941
451	901
451	976
452	511
453	489
453	813
453	838
454	565
455	520
456	521
457	752
457	843
458	754
458	875
458	963
459	933
460	778
460	963
461	759
462	651
462	911
463	493
463	937
464	531
464	917
465	490
465	544
466	518
466	534
466	799
467	489
467	614
467	626
467	828
467	868
468	524
468	552
470	701
470	725
471	810
471	875
472	749
472	783
473	895
474	532
474	685
475	703
475	716
475	823
475	872
475	919
476	552
476	671
476	696
477	595
477	803
477	871
477	916
477	946
478	596
479	489
480	718
480	854
481	591
481	604
481	820
481	908
482	494
482	525
482	532
482	633
483	977
484	848
484	952
484	978
485	643
485	829
485	848
486	676
486	708
486	806
486	831
487	734
487	893
487	992
489	605
489	964
490	563
490	698
490	982
491	797
491	883
492	532
492	672
492	721
492	766
493	520
493	870
494	647
494	683
494	807
494	958
495	773
496	949
497	644
497	665
497	796
497	912
498	927
499	709
502	760
503	992
504	688
504	743
505	718
505	731
506	686
506	748
507	508
507	770
507	881
507	926
508	766
508	885
508	975
509	654
509	736
511	641
511	646
512	529
512	625
512	904
513	549
514	576
515	900
516	873
517	579
517	742
517	879
518	587
518	595
518	628
518	630
520	634
520	958
521	611
521	686
521	740
522	604
522	768
523	594
523	738
524	651
525	702
526	552
526	792
527	607
527	659
527	829
528	752
528	871
530	732
530	755
530	821
530	850
530	906
530	970
531	716
531	758
531	844
532	778
534	588
534	708
534	964
535	790
536	577
536	578
536	623
536	653
537	702
537	771
537	839
537	985
538	550
538	556
538	562
539	882
540	698
542	793
542	922
543	586
544	563
546	616
548	651
548	912
549	790
549	950
551	660
551	889
552	613
552	685
552	696
552	803
552	964
553	748
553	774
554	869
554	998
555	904
556	672
556	734
556	795
556	834
557	809
559	569
559	602
559	800
562	587
563	720
563	721
564	826
564	847
564	927
565	707
565	782
565	850
565	897
566	625
566	855
566	894
567	604
567	697
568	584
569	646
570	608
570	625
570	732
571	871
571	898
571	956
572	917
573	770
573	851
574	615
575	671
575	715
575	782
575	808
576	602
576	642
576	857
577	802
577	904
580	814
580	907
581	750
582	619
583	758
583	773
583	823
583	854
584	726
584	752
585	597
585	891
585	995
586	615
586	720
586	906
586	917
587	986
588	716
589	593
590	617
590	999
591	593
591	659
592	660
592	722
593	894
595	610
595	825
596	718
597	737
597	841
598	850
599	914
600	994
601	850
602	827
602	877
602	939
602	986
602	988
603	618
603	819
605	673
606	655
606	877
606	887
606	893
607	690
607	965
608	931
609	741
610	887
610	909
610	938
610	945
611	671
611	760
611	850
614	626
614	912
614	998
615	644
615	691
615	745
615	800
616	623
616	626
617	668
618	972
621	718
621	881
623	651
623	834
624	629
624	747
624	792
624	928
624	991
625	635
625	815
625	915
627	689
627	690
628	752
628	913
629	864
630	959
630	982
631	672
631	755
632	814
633	708
634	923
634	952
635	981
636	643
636	915
638	725
640	668
640	773
641	835
642	892
646	700
646	889
646	931
646	947
647	876
648	786
648	854
648	893
650	827
650	863
650	945
651	835
652	761
652	926
656	713
656	790
656	883
657	947
659	718
660	988
662	670
663	868
664	790
665	692
665	789
666	870
667	934
668	784
668	827
668	828
668	997
669	842
669	999
671	699
671	943
674	993
675	784
676	725
677	881
678	718
678	735
678	802
679	699
679	703
679	925
680	752
681	889
682	764
682	777
683	715
683	752
684	776
684	978
686	715
686	824
686	911
687	962
688	693
688	762
690	763
691	948
691	958
692	982
694	699
694	729
694	757
694	770
694	873
695	922
696	792
696	809
697	930
702	871
702	974
703	798
703	946
705	708
708	820
709	944
709	987
710	789
710	868
711	772
711	863
712	828
713	958
716	782
717	765
717	776
717	843
718	893
718	983
720	984
722	772
722	920
724	770
725	763
726	776
727	837
727	894
729	762
729	822
730	774
730	928
732	900
733	777
733	791
733	909
733	918
736	930
737	854
737	966
739	745
740	793
740	891
742	824
743	867
744	830
744	884
745	803
745	891
745	992
747	851
748	943
748	966
749	904
750	937
751	757
753	954
756	842
757	775
759	876
760	936
761	767
761	827
761	979
765	937
767	942
769	943
771	872
773	857
773	973
775	827
775	849
776	814
776	915
777	807
778	906
780	976
785	922
786	907
789	811
789	872
789	980
790	908
792	915
793	842
794	888
794	898
795	876
798	863
798	948
801	963
802	900
802	944
802	954
803	975
806	985
807	872
809	876
809	931
812	835
812	985
815	841
815	997
822	952
822	956
823	850
823	852
824	855
826	949
830	945
831	977
832	864
832	960
836	862
837	848
841	873
842	977
844	876
844	921
847	927
848	960
849	885
853	934
854	971
855	867
856	940
856	943
858	909
859	944
862	959
863	907
866	905
867	907
868	898
871	878
871	882
872	929
873	875
873	967
874	952
877	972
878	920
878	940
879	880
879	883
879	981
879	993
880	934
880	952
880	993
881	909
881	943
882	972
886	981
887	956
890	935
891	982
891	997
893	930
893	973
894	903
899	963
902	988
904	905
905	944
908	913
909	984
912	941
914	975
917	925
917	968
920	936
922	929
924	932
925	985
926	957
927	949
937	965
942	999
945	989
948	978
950	989
955	989
957	989
957	993