0	212
0	303
0	359
0	392
0	496
0	798
0	828
0	888
1	60
1	284
1	403
1	628
1	852
2	108
2	504
3	115
3	156
3	282
3	929
4	922
5	77
5	88
5	96
5	567
5	941
6	30
6	96
6	262
6	437
6	681
6	687
6	827
6	949
7	435
7	671
7	838
8	38
8	53
8	447
8	472
9	36
9	333
9	572
9	578
9	581
9	946
10	94
10	197
10	298
10	446
10	839
11	162
11	561
11	691
11	716
12	111
12	377
12	763
13	108
13	228
13	293
13	399
13	572
13	701
14	396
14	412
14	746
15	165
15	189
15	546
16	222
16	299
16	962
17	390
18	96
18	287
18	449
18	538
18	672
18	937
18	962
19	75
19	224
19	443
19	859
20	152
20	384
20	389
20	649
20	669
20	675
20	779
20	782
21	185
21	237
21	447
21	629
21	666
21	719
21	785
21	819
22	470
22	498
22	774
22	913
22	929
22	967
23	206
23	307
23	540
23	802
24	221
24	477
24	701
24	953
25	790
25	905
26	696
26	888
27	62
27	389
27	471
27	860
28	33
28	322
28	935
29	778
29	800
29	888
30	470
30	613
30	767
30	942
30	969
31	569
31	773
31	853
32	77
32	276
32	301
32	391
32	439
33	66
33	257
33	266
33	300
33	373
34	35
35	236
35	440
35	927
36	340
37	165
37	514
37	943
38	262
38	587
39	267
39	582
39	657
39	771
39	804
40	60
40	76
40	830
41	155
41	177
41	568
41	733
42	307
42	454
42	766
42	997
43	64
43	121
43	259
43	542
43	729
43	758
44	253
44	281
44	320
44	649
44	753
45	409
45	876
46	218
47	571
47	585
47	611
48	121
48	386
48	483
48	809
49	592
49	631
49	670
49	920
49	963
50	279
50	310
50	901
50	943
50	979
51	697
51	768
51	894
51	912
52	150
52	441
52	563
52	641
53	273
53	301
54	344
54	710
54	730
54	775
55	175
55	247
55	338
55	603
55	867
55	992
55	999
56	359
56	613
56	655
57	341
57	377
57	507
57	716
57	797
57	865
58	78
58	380
58	464
58	483
58	712
59	95
59	151
59	494
60	532
60	804
61	267
61	774
62	753
62	934
63	157
63	638
63	910
63	933
64	130
64	279
64	433
65	258
65	560
65	832
66	76
66	164
66	511
66	650
66	746
67	580
68	244
68	340
68	354
68	544
68	809
68	984
69	109
69	226
69	509
70	114
71	433
71	565
71	802
71	813
71	857
71	905
71	973
72	257
72	569
72	754
73	141
73	264
73	552
73	715
74	173
75	228
75	256
75	592
75	858
76	238
76	339
76	382
76	489
77	347
77	399
77	605
78	418
78	629
79	147
79	338
79	394
79	556
79	981
80	149
80	286
80	606
80	866
80	879
80	972
81	399
81	411
81	554
81	557
82	184
82	505
82	976
82	997
83	388
83	512
83	527
83	931
84	117
84	228
84	533
84	559
85	130
85	432
85	525
85	547
85	626
85	952
86	184
86	406
86	415
86	561
86	595
86	643
86	844
87	370
87	523
87	623
87	979
88	101
88	138
88	266
88	543
88	666
89	96
89	361
89	513
89	594
89	921
89	999
90	250
90	596
90	743
90	997
91	177
91	367
91	562
92	564
93	102
93	116
93	361
93	466
93	646
93	886
94	116
94	124
94	496
94	767
94	861
95	420
95	543
95	620
96	673
96	749
97	855
97	925
98	229
98	275
98	776
99	495
99	599
99	759
100	210
100	220
101	209
101	239
101	450
101	570
101	736
102	321
102	323
102	589
102	987
103	262
103	435
103	657
103	885
104	439
104	446
105	197
105	356
105	846
105	944
105	971
106	168
106	788
106	954
107	546
107	760
107	793
107	916
109	135
109	765
109	893
109	923
110	395
110	802
111	360
111	869
111	958
111	994
112	161
112	190
112	726
112	898
113	416
113	475
114	371
114	397
114	528
114	737
114	820
115	469
115	806
116	521
116	757
116	776
116	918
117	210
117	287
117	421
117	441
117	720
117	737
118	235
118	275
118	478
118	508
118	846
119	187
119	595
119	693
119	987
120	275
120	464
120	578
120	654
120	704
121	321
121	743
122	356
122	487
123	757
123	805
123	846
123	946
124	159
124	209
124	800
124	909
124	970
125	189
125	537
126	165
126	225
126	227
126	246
126	334
126	644
126	990
127	565
127	604
127	617
127	984
128	832
129	573
129	851
130	155
130	553
131	154
131	272
131	945
132	317
132	498
132	822
133	505
133	836
133	994
134	378
134	801
135	210
135	213
135	255
135	452
136	196
136	488
137	340
137	567
137	697
138	198
138	739
138	909
138	917
138	977
139	207
139	318
140	675
140	807
141	169
141	475
141	601
141	731
141	865
141	881
141	909
142	252
143	161
143	428
144	254
144	287
144	291
144	530
144	619
145	267
145	307
145	504
145	677
146	828
146	900
147	327
147	598
147	732
148	373
148	407
148	868
149	202
150	590
150	708
150	740
151	497
151	530
151	717
151	999
152	502
152	555
152	565
153	417
153	529
153	721
153	874
153	936
153	944
154	560
154	590
154	610
154	995
155	746
155	958
156	459
156	586
158	289
158	376
158	647
158	807
159	379
159	601
159	960
160	165
160	264
160	331
160	668
161	222
161	833
161	925
162	402
162	727
162	785
162	913
163	491
163	577
163	700
163	822
163	857
163	864
164	554
165	191
165	332
165	829
165	956
166	261
166	337
166	457
167	693
168	464
168	547
169	553
169	785
170	723
170	962
171	236
171	776
171	844
172	290
172	386
172	473
172	551
173	271
173	392
173	568
173	807
173	808
174	220
174	392
174	515
174	711
174	864
175	237
175	446
176	263
176	294
176	911
177	596
177	760
177	784
177	906
178	709
179	195
179	363
179	580
180	247
180	437
180	863
181	407
181	813
181	831
182	232
182	491
182	786
182	907
183	308
183	327
183	365
183	533
183	670
184	194
184	680
185	939
186	274
186	750
187	225
187	276
187	521
187	707
187	945
188	206
188	319
188	358
188	643
188	835
189	305
189	408
189	848
190	292
190	344
190	569
190	770
191	364
191	472
191	940
192	824
193	376
193	509
193	525
194	208
194	211
194	237
194	380
194	476
195	467
195	635
195	904
195	961
196	274
196	320
196	361
196	524
196	809
197	262
197	772
197	852
198	746
198	790
198	814
198	917
199	253
199	311
199	434
199	636
199	653
199	699
200	250
200	392
201	391
201	582
201	759
201	798
202	254
202	264
202	296
202	603
202	916
203	676
203	854
204	534
204	594
204	838
204	971
205	665
205	938
206	417
206	640
206	813
206	924
207	916
207	939
208	633
208	745
209	274
209	540
209	678
210	534
211	265
211	277
211	537
211	710
211	860
212	893
213	380
213	572
213	585
213	808
213	845
213	956
213	959
214	396
214	460
214	493
215	408
215	516
215	912
216	251
216	385
216	476
216	529
216	835
217	246
217	272
217	713
218	241
218	502
218	739
218	918
219	616
219	724
219	742
219	992
220	221
221	282
222	485
222	785
223	250
223	473
223	769
224	344
224	444
225	299
225	815
225	912
225	951
226	309
226	876
226	960
226	963
227	631
227	733
227	761
227	992
228	811
229	302
229	550
229	950
230	565
231	651
232	798
232	804
233	244
233	357
233	802
234	529
235	313
235	423
235	686
235	797
235	809
235	931
236	479
236	656
236	996
237	490
238	298
238	519
238	689
239	644
239	950
240	338
240	641
240	666
240	779
241	593
241	654
241	746
241	929
241	944
241	962
242	379
242	419
242	466
242	468
242	512
242	607
242	784
242	937
243	514
243	971
244	264
245	945
246	638
246	939
247	623
248	285
248	381
248	954
249	260
249	332
249	441
249	522
249	598
249	637
250	493
250	682
250	957
252	485
252	505
252	784
252	869
253	367
253	615
253	766
255	440
255	794
255	877
255	929
256	587
256	602
256	793
256	894
257	533
257	595
257	785
257	877
258	597
259	745
259	879
260	691
260	716
261	407
261	420
262	269
262	318
262	843
264	342
264	367
264	678
264	782
265	413
265	745
265	896
266	503
266	694
267	438
267	486
267	550
268	573
268	680
268	750
269	613
269	864
269	900
270	703
270	908
270	951
271	301
271	815
271	997
272	297
273	310
273	471
273	753
274	658
275	342
275	774
275	856
275	896
276	616
277	700
277	727
277	841
278	426
278	513
278	558
278	738
278	754
278	858
278	889
279	545
279	603
279	791
280	308
280	320
280	496
280	508
280	933
281	524
281	616
281	795
282	884
283	571
283	902
284	370
284	447
284	457
285	848
285	951
286	318
286	370
286	457
286	656
286	840
287	370
287	452
287	622
288	469
288	580
288	649
288	688
288	705
288	730
288	925
288	968
288	988
289	359
289	448
289	714
289	742
289	808
289	880
290	484
290	544
290	810
291	368
291	425
291	478
291	529
291	556
292	459
292	878
293	318
294	974
295	800
297	340
297	349
297	412
297	472
297	501
297	733
297	831
297	971
298	335
298	390
298	428
298	446
298	649
298	675
299	389
299	516
299	519
299	924
300	345
300	467
300	690
300	715
300	876
300	905
301	385
301	650
301	848
301	953
302	764
302	792
303	539
303	578
303	891
304	583
304	592
304	752
305	394
305	400
305	506
305	527
305	870
306	853
308	389
308	514
308	550
308	940
309	601
309	788
309	801
309	822
310	489
310	957
311	350
311	596
311	904
311	986
312	530
313	785
313	935
314	458
315	411
315	799
316	926
317	343
317	431
318	426
318	482
320	405
320	749
320	924
320	986
321	417
321	460
322	341
322	492
322	800
322	818
322	911
323	887
324	580
324	722
325	547
325	763
326	689
327	420
328	533
328	549
328	775
328	977
329	602
329	714
329	896
330	340
330	461
330	890
331	564
331	817
331	862
331	902
332	700
332	994
333	609
334	367
334	460
334	491
334	724
334	870
335	357
335	523
335	614
335	765
335	973
336	383
336	640
336	751
336	898
338	404
338	520
338	537
338	605
338	670
338	850
339	414
339	790
339	896
340	537
340	757
341	670
342	416
342	613
342	829
342	904
343	708
344	682
344	733
344	794
345	366
345	861
345	955
346	404
346	747
346	952
347	450
347	480
347	805
347	966
348	349
348	452
348	474
348	949
349	569
349	674
349	721
349	754
350	365
351	702
351	863
351	895
352	616
352	699
352	865
353	377
353	595
353	728
353	827
354	692
354	765
355	356
355	370
355	373
355	435
355	855
355	924
357	658
357	806
357	811
357	864
358	717
358	962
359	696
359	811
359	933
359	971
360	386
360	592
361	616
361	630
362	930
362	968
362	996
363	567
363	623
363	653
363	684
363	941
364	700
364	773
364	977
365	401
365	594
366	543
366	582
366	763
366	808
366	843
366	932
367	663
368	391
368	598
368	799
368	831
369	373
369	471
370	811
371	931
372	540
372	571
372	637
372	925
373	631
374	784
374	789
374	921
375	565
375	659
375	702
376	459
376	534
376	885
377	434
377	617
377	982
378	580
378	631
379	998
380	407
380	559
380	779
381	532
381	637
382	705
384	646
384	856
384	937
385	553
385	770
385	871
386	994
387	924
388	730
389	503
389	514
389	741
389	881
391	515
391	716
391	829
391	884
391	921
392	520
392	927
393	423
394	534
394	713
395	968
396	528
396	590
396	628
396	875
396	921
397	409
397	888
397	988
398	572
398	814
398	844
398	919
399	470
400	464
400	797
400	852
401	626
401	656
401	822
401	870
402	677
402	976
404	590
405	459
406	516
406	664
406	901
407	705
407	768
408	716
408	792
408	947
409	739
410	472
410	557
410	715
410	895
410	950
411	605
411	891
412	536
412	764
413	527
414	555
415	509
415	682
415	837
416	762
417	637
417	789
417	801
418	787
418	956
419	814
419	877
420	800
420	858
421	805
422	430
422	837
423	482
424	854
425	442
425	727
426	433
426	459
426	509
426	582
427	492
427	505
427	745
427	813
427	899
427	939
427	950
428	620
428	663
428	701
429	843
430	910
430	984
431	450
431	559
431	684
431	842
431	930
432	796
432	849
432	851
432	878
433	738
433	847
435	465
436	591
436	606
436	744
436	922
437	747
437	908
437	946
438	684
438	775
439	480
439	501
439	616
439	677
439	742
440	556
440	664
440	831
441	520
442	658
443	530
443	631
443	638
443	650
443	867
444	779
445	696
447	706
447	822
448	901
448	916
450	651
450	726
450	807
451	492
451	504
451	735
452	584
452	888
453	682
454	591
455	666
455	792
455	948
456	509
456	522
456	995
457	638
457	741
458	720
458	909
460	714
460	859
460	972
462	948
463	720
466	550
466	821
467	825
467	886
468	901
469	836
469	959
470	501
470	959
472	478
472	532
472	583
472	825
473	614
474	524
474	787
474	844
475	768
475	807
475	811
476	506
476	647
476	771
477	885
477	990
478	647
479	606
479	619
479	890
480	660
481	525
481	550
481	698
481	834
481	926
482	582
482	844
482	926
483	721
483	769
483	884
483	894
484	664
484	714
484	870
485	596
485	703
485	750
485	824
485	852
486	507
487	664
488	529
488	677
488	797
488	925
488	969
489	845
489	999
491	765
491	878
492	493
492	525
493	715
494	538
495	951
496	576
496	712
496	823
497	782
497	848
497	911
498	625
498	715
499	613
500	624
500	642
500	790
501	704
502	508
502	873
502	892
503	790
504	702
505	723
505	732
506	678
506	855
507	860
507	869
507	886
508	528
508	551
508	555
508	695
509	610
510	599
511	663
511	683
511	960
512	560
512	927
512	977
513	748
514	594
514	697
514	811
514	890
515	997
516	596
516	740
517	721
517	844
517	945
518	608
518	641
520	889
521	709
521	827
521	949
522	565
522	623
522	628
522	681
523	663
523	808
523	875
524	736
525	651
525	748
525	829
526	626
526	644
526	668
526	811
526	864
526	929
527	554
528	531
528	556
528	609
528	690
528	764
528	909
529	715
530	643
530	884
532	554
532	833
532	931
532	969
533	750
533	814
534	620
534	626
534	631
534	990
535	564
535	948
536	649
536	712
536	753
537	538
537	547
537	910
538	593
538	758
539	646
540	660
540	685
540	734
541	785
542	631
542	997
543	788
543	791
543	804
544	728
544	863
544	992
545	640
545	653
545	679
545	978
546	812
548	627
548	914
548	963
548	975
549	824
550	596
550	662
551	587
551	588
551	668
552	676
553	578
553	582
554	854
555	636
555	816
556	666
557	703
558	768
558	819
559	765
559	917
559	960
560	735
561	769
562	712
562	747
562	863
563	711
563	871
563	936
563	981
564	755
564	818
564	853
565	647
565	894
566	585
566	587
566	736
566	773
566	968
567	613
567	847
567	930
569	600
574	649
574	819
575	954
577	861
578	971
579	849
579	877
579	991
580	589
580	727
581	753
582	740
582	756
582	970
583	601
583	689
584	740
585	730
585	774
585	832
586	634
586	793
587	711
587	805
587	966
588	753
589	779
589	887
590	830
591	895
591	997
592	860
593	630
593	798
593	838
593	944
593	961
594	753
595	875
595	929
596	742
597	782
598	831
599	910
601	794
602	610
602	735
602	822
603	922
603	986
604	613
604	816
605	643
606	661
606	864
606	963
607	857
607	932
608	841
608	906
608	932
609	666
609	876
609	886
610	718
610	825
610	988
612	677
612	994
613	695
613	792
613	875
613	998
614	793
616	621
616	861
616	948
617	803
617	975
618	646
618	698
618	714
618	956
619	801
619	900
619	950
622	699
622	899
624	789
625	712
625	799
625	910
627	756
627	811
627	855
627	957
628	764
628	814
628	873
629	864
630	740
632	735
632	799
632	845
632	867
632	911
632	949
633	682
635	846
635	916
636	750
637	679
637	830
637	869
638	707
638	772
639	823
640	756
640	801
640	915
640	984
641	647
641	666
642	652
642	661
642	688
643	740
643	879
644	929
645	887
646	859
647	805
647	902
647	961
648	966
648	969
649	763
649	910
650	791
651	661
651	979
651	992
652	904
653	888
655	782
655	953
656	694
658	659
662	875
662	883
664	829
666	884
667	715
669	987
670	759
670	818
670	935
671	742
672	955
673	700
674	823
675	826
675	930
677	679
680	748
682	780
682	797
682	886
683	758
683	869
684	720
684	975
686	828
686	927
687	791
688	780
688	913
688	971
689	965
692	708
692	967
696	722
696	998
697	990
698	791
698	941
699	838
699	859
703	716
703	773
707	733
708	797
709	752
709	956
710	877
711	851
711	856
711	994
713	783
715	754
719	776
719	777
719	855
722	902
723	806
724	796
724	999
725	726
726	780
726	825
726	899
728	817
731	759
733	793
733	822
733	873
733	887
733	969
734	894
736	844
740	788
741	829
743	929
743	950
743	994
745	829
748	956
751	873
751	946
752	906
752	970
754	996
758	796
759	909
760	796
762	795
762	974
764	942
764	971
765	969
767	893
767	900
768	936
769	909
770	894
771	801
771	830
772	798
772	885
772	970
773	849
773	863
773	908
774	815
774	968
779	786
780	962
781	804
782	916
784	819
784	838
784	927
786	934
787	867
787	903
787	917
787	944
789	793
789	878
789	989
793	882
794	979
796	967
797	993
800	866
800	925
801	928
804	823
806	884
807	865
807	937
812	856
812	964
814	980
816	864
816	962
817	997
820	850
821	957
823	929
826	980
827	845
828	883
829	886
830	982
831	969
835	921
837	990
839	932
840	920
843	863
843	877
845	931
846	894
849	961
852	930
852	956
852	988
853	876
856	870
857	891
859	988
860	975
868	982
869	904
872	893
872	988
873	906
873	945
874	929
874	970
877	966
878	972
879	995
883	933
884	957
886	938
887	896
888	930
891	976
891	988
893	915
894	899
895	902
897	935
899	938
899	995
900	989
901	926
903	924
908	955
909	968
911	955
912	981
914	985
916	944
921	945
929	960
938	981
938	987
941	972
947	982
951	983
955	977
960	982
964	971
974	987
987	988