0	212
0	433
1	58
1	242
1	247
1	437
1	956
1	964
2	40
2	82
2	393
2	502
2	516
3	187
3	253
3	329
3	471
3	507
3	545
3	611
3	626
4	65
4	242
4	404
4	561
4	774
5	176
5	303
5	691
5	730
6	29
6	348
6	390
6	428
6	558
6	923
7	131
7	236
7	290
7	324
7	448
7	558
7	828
8	59
8	207
8	593
8	629
8	647
8	824
9	541
9	782
10	49
10	241
10	277
10	345
10	370
11	474
11	531
11	700
11	770
12	468
12	593
12	605
12	843
13	195
13	273
13	584
13	878
14	130
14	464
14	667
15	229
16	431
17	539
17	685
17	737
17	754
17	810
18	223
18	511
18	704
19	553
19	874
20	28
20	253
20	335
20	337
20	587
20	750
21	310
21	396
21	453
21	458
21	586
21	651
21	672
21	820
21	918
22	35
22	96
22	215
22	410
22	576
23	448
23	736
23	783
24	255
24	701
24	725
24	931
25	192
25	776
26	471
26	678
26	982
27	85
27	204
27	630
27	959
28	49
28	264
28	301
28	503
28	601
28	809
28	971
29	97
29	340
29	731
29	749
30	280
30	296
30	380
30	624
30	628
30	737
30	800
30	893
30	963
30	988
31	256
32	138
32	468
32	779
32	785
32	844
33	372
33	401
33	597
34	193
34	259
34	336
34	669
34	977
35	615
35	674
36	484
36	961
37	258
37	788
38	398
38	399
38	551
39	65
39	142
40	133
40	325
40	329
41	151
41	256
41	345
41	395
41	763
41	848
42	135
42	169
42	660
43	321
43	562
44	472
44	598
45	351
45	466
45	511
45	688
45	765
45	787
45	793
45	901
46	64
46	119
46	243
46	426
46	521
46	572
46	828
47	422
47	538
48	157
48	199
48	233
48	422
48	688
49	119
49	291
49	365
49	959
50	803
51	242
51	361
51	844
52	240
52	302
52	406
52	437
52	620
52	689
52	904
53	244
53	279
53	356
54	70
54	93
54	494
55	102
55	200
55	385
55	435
55	754
55	858
55	996
55	999
56	245
56	281
56	360
56	372
56	594
56	602
56	674
56	786
56	918
57	107
57	254
57	293
57	314
57	352
57	426
57	460
57	952
58	329
59	138
59	374
59	580
59	643
59	686
59	718
59	800
60	248
60	378
61	209
62	104
62	349
62	391
62	512
63	146
63	192
63	399
63	584
63	630
63	863
64	479
64	543
64	692
64	726
64	916
65	136
65	499
65	580
65	735
66	214
66	246
66	651
66	652
67	259
67	332
67	420
67	464
67	706
67	884
68	201
68	336
68	368
69	612
69	768
70	93
70	215
70	296
71	305
71	431
71	534
71	556
71	589
72	111
72	208
72	305
72	445
72	491
72	542
72	907
72	933
72	990
73	293
74	83
74	342
74	926
75	110
75	325
75	422
75	511
76	89
76	304
76	364
76	627
77	211
77	472
77	539
77	702
78	583
78	654
78	675
79	398
79	921
80	117
80	210
80	467
80	697
80	720
80	740
81	679
82	239
82	485
82	505
82	877
82	914
83	149
83	433
83	658
84	633
85	240
85	304
85	310
85	456
85	863
86	280
86	351
86	533
86	597
86	750
87	275
87	570
87	694
87	958
88	515
88	593
88	630
88	715
89	532
89	551
89	603
89	607
90	570
90	584
90	617
90	695
90	809
90	841
90	899
91	229
91	760
91	886
92	597
92	602
92	744
92	818
92	831
93	307
94	500
94	924
95	191
95	330
95	402
95	445
95	807
95	845
95	885
96	232
96	316
96	433
96	529
96	591
96	607
96	776
96	978
97	860
98	453
98	460
98	621
99	154
99	283
99	373
100	141
100	656
101	257
101	424
101	966
102	188
102	778
103	122
103	151
103	181
103	192
104	248
104	332
104	349
104	405
104	645
104	841
105	120
105	130
105	382
105	569
106	308
106	324
106	423
106	447
106	848
106	905
107	348
107	369
107	498
107	628
107	810
108	581
108	630
108	973
109	206
109	387
109	622
109	731
109	974
110	137
110	175
110	284
110	341
110	371
110	555
110	569
110	815
111	254
111	412
111	562
112	352
112	669
112	696
112	977
113	159
113	177
113	320
113	483
113	587
113	730
114	231
114	393
114	533
114	569
114	902
114	966
115	293
116	200
116	230
116	640
117	420
117	710
117	712
117	897
118	662
119	343
119	809
120	592
120	678
120	936
121	347
121	474
121	630
122	188
122	322
122	591
122	995
123	156
123	442
123	604
123	687
123	748
124	870
125	154
125	787
126	205
126	359
126	540
126	719
126	851
126	863
127	166
127	216
128	176
128	240
128	595
128	951
129	304
129	351
129	400
129	659
130	276
130	889
131	262
131	687
132	150
132	181
132	215
132	225
132	534
132	830
133	161
133	211
133	844
133	884
134	354
135	148
135	237
135	307
135	461
135	591
135	801
135	895
136	137
136	222
136	548
136	840
136	882
136	896
137	683
137	981
138	193
138	346
139	648
139	702
139	877
140	577
141	179
141	315
141	400
141	524
141	622
141	646
141	751
141	840
142	200
142	258
142	290
142	526
142	740
143	240
143	786
144	269
144	486
144	496
145	195
145	475
145	658
145	662
145	914
146	687
146	966
146	985
147	384
147	872
148	812
150	232
150	606
151	165
151	489
151	498
151	537
151	577
151	592
151	665
151	890
152	163
152	370
152	864
152	970
152	998
153	273
154	155
154	191
154	494
154	843
155	245
155	646
155	814
155	824
157	189
157	402
157	607
157	981
158	577
158	976
159	505
159	536
159	603
159	796
159	957
160	234
160	603
160	668
161	338
161	590
161	664
161	823
162	416
162	635
163	271
163	328
163	337
163	574
163	637
164	432
164	604
164	785
164	972
164	975
165	202
165	241
165	374
165	609
165	972
166	174
166	639
166	955
167	423
167	460
167	763
168	500
169	335
169	721
170	244
170	259
170	431
170	592
170	639
170	946
171	259
171	464
171	677
171	795
171	824
172	192
172	238
172	709
172	712
172	896
173	351
173	829
174	665
174	714
174	904
174	933
174	944
175	595
176	496
176	623
176	675
176	807
176	844
177	766
178	489
178	784
178	787
179	199
179	277
179	924
180	210
180	479
180	535
180	610
181	206
181	682
182	383
182	998
183	216
183	302
183	412
183	615
183	621
183	669
184	199
184	503
184	650
184	968
185	755
185	990
186	283
186	358
186	605
187	238
187	381
187	405
187	511
187	619
188	218
188	444
188	454
188	993
189	235
189	625
189	752
189	767
190	437
190	578
191	347
191	458
191	463
191	776
191	835
191	994
192	207
192	457
192	607
192	835
192	921
192	977
193	838
193	919
193	960
194	415
194	772
194	887
194	985
195	616
195	639
195	940
196	998
197	278
197	741
197	768
197	803
198	590
199	237
200	250
200	339
200	444
200	748
200	987
201	363
201	666
201	689
201	873
201	928
201	965
202	675
203	639
204	652
204	821
205	896
206	219
206	968
207	761
208	608
209	315
209	954
210	558
211	689
211	859
211	892
212	224
212	791
212	919
213	323
213	403
213	428
214	250
214	421
214	608
214	906
214	937
215	244
215	339
215	399
215	548
216	300
217	397
217	486
218	431
218	495
218	578
218	869
218	896
218	963
218	989
219	491
219	986
220	720
220	816
220	854
220	896
221	573
221	691
221	850
222	321
222	461
222	651
223	330
223	437
223	592
223	876
224	392
224	553
224	666
224	726
224	992
225	481
225	651
226	769
226	898
226	999
227	375
227	460
227	501
227	508
227	600
227	639
227	649
227	758
228	233
228	313
229	805
229	845
229	892
230	376
230	755
230	811
230	979
232	257
232	551
232	855
232	998
233	266
233	658
234	708
234	968
235	458
235	675
235	731
235	946
236	240
236	914
236	992
237	280
237	786
237	874
237	930
238	336
238	827
238	964
239	395
240	615
240	674
241	395
241	447
241	818
243	322
243	380
243	688
244	326
244	888
245	334
245	487
245	679
246	647
247	355
247	863
247	946
247	960
248	438
248	534
249	601
249	605
249	982
250	349
250	626
250	724
250	865
251	423
251	543
251	636
252	278
252	428
252	512
252	630
252	650
252	777
253	431
253	748
253	899
253	987
254	569
254	889
255	426
255	846
255	940
256	538
256	725
257	315
257	466
257	468
257	621
258	421
258	603
258	737
258	869
259	365
260	473
260	535
260	868
261	270
261	386
261	654
261	899
261	911
262	612
262	633
262	658
262	768
263	289
263	529
263	573
263	657
263	985
264	354
264	656
264	695
264	857
265	360
265	681
266	279
266	286
266	605
266	820
267	346
267	922
268	290
268	328
268	750
268	772
268	826
269	440
269	559
269	562
269	865
270	353
270	441
270	490
270	540
270	722
271	526
272	399
272	440
272	660
273	414
273	551
273	771
273	791
273	944
273	954
274	379
274	913
275	333
275	527
275	801
275	960
276	439
279	576
280	734
280	817
281	282
281	478
281	678
281	701
281	713
281	832
283	287
283	334
283	534
283	545
283	705
283	734
284	443
284	465
285	367
285	380
285	447
285	782
285	950
286	487
286	555
286	875
286	990
287	342
287	549
288	431
289	307
289	444
289	535
289	876
290	292
292	630
292	748
292	975
293	478
293	763
294	321
294	576
294	634
294	636
294	718
295	794
295	918
295	996
296	774
297	386
297	404
297	425
297	603
297	699
298	948
299	507
300	305
300	380
300	573
300	816
300	823
300	824
301	454
301	844
302	655
302	744
302	878
303	329
303	629
303	702
303	704
303	885
304	341
304	503
304	530
304	673
304	806
304	820
304	850
305	681
306	510
306	749
306	822
307	624
307	843
308	472
308	876
308	892
308	973
309	381
309	438
309	804
310	433
310	616
310	903
311	582
312	646
312	670
312	962
313	326
313	406
313	587
314	333
314	505
314	546
314	697
314	925
315	480
315	555
315	802
316	672
316	680
316	750
317	588
318	426
318	712
318	821
318	996
319	572
319	660
319	670
319	673
319	739
321	356
322	440
322	811
322	891
323	363
323	915
324	484
324	504
324	507
324	609
324	782
324	796
326	476
326	755
327	675
328	864
328	992
329	349
329	439
329	483
329	904
331	342
331	978
332	883
333	471
333	741
334	539
334	609
335	434
335	529
335	597
335	714
335	748
335	910
336	581
336	751
336	926
337	526
337	675
338	847
339	503
339	687
339	800
340	687
340	695
340	712
340	885
341	548
341	674
341	936
342	646
344	765
344	948
344	964
345	590
345	836
346	653
346	666
346	925
347	348
347	616
348	426
348	667
348	773
349	553
349	577
349	585
350	463
350	851
350	919
350	952
351	504
351	520
351	638
351	822
352	716
354	541
354	738
354	748
355	361
355	640
355	670
355	734
356	607
356	797
356	849
357	499
357	739
358	365
358	450
358	847
359	476
359	956
360	836
361	378
361	905
361	937
362	484
362	907
364	410
364	438
364	487
364	686
364	794
365	613
365	614
365	687
365	754
365	950
366	582
366	799
367	467
367	505
367	690
367	905
369	525
369	534
369	655
369	723
369	939
370	666
370	928
371	804
371	810
371	934
371	998
373	561
373	705
374	532
375	485
375	974
376	509
377	567
377	592
378	618
378	760
378	945
378	955
379	383
379	437
379	717
380	784
380	895
381	774
381	811
384	406
384	936
385	734
385	753
386	637
387	528
388	407
388	876
388	914
389	506
390	840
391	421
391	493
391	808
391	821
391	994
392	494
392	917
392	920
393	640
393	772
393	943
393	956
394	722
395	518
395	687
395	976
395	994
396	479
396	670
396	989
400	561
400	837
400	885
401	813
401	858
402	647
402	784
402	854
403	600
404	435
404	451
404	715
405	688
405	894
406	793
407	567
407	892
408	447
408	702
408	971
409	559
409	842
409	989
410	527
410	934
411	730
411	839
413	668
413	770
414	752
415	526
415	531
417	575
418	954
419	512
419	554
419	665
419	729
419	766
419	942
420	630
420	674
420	685
421	472
421	499
421	858
422	513
422	819
423	681
423	836
424	507
424	592
425	976
426	687
426	762
426	796
426	871
427	966
428	458
428	460
428	544
428	665
429	522
429	801
429	904
430	933
431	461
431	616
431	689
431	835
432	700
432	822
433	732
433	776
434	450
434	650
434	759
435	740
435	772
435	824
435	858
436	688
436	908
437	748
437	783
437	956
438	519
438	632
439	563
440	644
440	682
441	453
441	551
441	924
442	739
443	582
443	620
443	647
443	732
443	751
443	839
443	858
444	778
444	787
445	655
445	854
445	903
445	914
446	806
446	823
447	609
447	792
447	861
447	885
448	571
448	671
448	759
448	935
449	676
450	492
450	838
450	882
450	908
450	910
451	835
452	465
452	946
454	911
454	956
455	478
455	664
455	670
455	845
455	880
456	896
457	621
457	622
458	747
459	471
460	516
460	538
460	800
461	689
461	950
462	937
463	789
464	783
464	867
464	916
465	660
465	671
465	707
466	769
466	941
467	625
468	627
469	511
469	739
469	787
469	970
470	728
470	930
472	566
473	674
474	728
476	565
476	787
476	914
476	968
477	587
477	860
478	601
478	930
479	621
479	684
479	884
479	943
480	650
482	944
483	487
483	668
483	914
484	769
485	494
485	555
486	511
486	590
486	700
487	851
488	497
488	648
489	722
489	942
490	852
490	938
491	578
492	535
492	556
492	641
493	560
494	575
495	583
496	581
496	806
497	610
497	764
497	819
498	601
498	819
498	843
498	898
499	589
500	646
500	770
500	778
500	805
501	675
501	755
502	761
504	771
504	906
504	998
505	627
505	869
506	589
506	881
506	973
507	527
507	609
507	716
508	641
508	775
511	585
511	830
511	939
513	729
513	955
514	876
514	918
516	597
516	621
516	637
516	681
516	881
517	755
518	599
518	651
518	861
518	923
518	999
519	793
519	915
520	573
520	581
520	700
522	737
522	889
523	774
523	777
523	793
525	982
526	581
527	613
528	589
528	707
528	965
529	745
529	930
532	597
533	698
533	811
534	544
534	545
534	587
534	756
534	764
534	770
536	855
536	976
538	685
538	918
538	990
539	612
539	622
539	678
539	820
539	920
541	542
541	643
541	897
542	920
543	622
543	848
544	765
544	834
544	994
545	558
545	836
547	615
547	714
547	859
549	814
549	997
550	989
551	889
552	726
552	925
552	991
552	994
553	554
553	676
553	730
553	982
554	596
554	688
554	812
554	929
555	604
556	649
556	835
557	775
558	673
558	751
559	584
559	787
559	874
560	651
560	799
560	859
561	759
562	786
563	856
564	734
565	674
565	966
566	868
568	583
568	734
568	769
569	730
569	816
570	668
570	692
570	990
571	782
571	986
572	852
573	621
573	641
576	831
576	912
576	989
577	697
577	749
577	969
578	785
578	853
578	914
578	965
579	825
580	708
581	608
581	878
582	700
582	762
583	923
584	633
584	900
585	895
587	780
588	807
589	693
590	601
590	640
590	715
590	819
591	751
592	717
593	637
593	904
595	996
597	762
597	994
598	775
599	665
600	798
601	625
602	796
602	802
603	669
604	785
604	878
604	927
605	706
605	732
605	774
605	921
606	947
607	707
607	792
609	610
609	901
610	653
610	797
610	802
610	939
613	867
614	739
614	993
615	655
615	750
615	902
617	738
617	849
618	699
618	842
618	958
619	815
619	866
620	808
620	972
620	998
621	628
621	789
621	828
621	854
623	790
623	804
626	666
626	675
626	793
627	916
629	762
629	920
630	930
631	730
632	776
632	901
632	969
634	701
635	899
636	896
638	666
638	757
638	798
639	741
640	943
641	660
641	728
641	878
642	663
642	747
642	778
642	861
642	897
645	712
645	828
646	676
646	811
647	847
647	870
648	823
648	907
649	687
649	777
650	711
650	717
650	787
650	818
650	879
651	956
653	725
654	757
654	881
658	859
658	988
659	796
659	922
659	950
660	683
660	734
660	864
661	729
661	980
663	743
663	776
663	914
663	972
663	985
664	734
665	723
666	855
668	792
669	783
669	854
671	704
673	977
673	992
675	796
675	923
676	805
678	908
682	771
684	813
685	750
685	760
685	839
685	884
686	746
686	762
686	844
686	935
688	886
689	705
691	818
691	946
695	985
696	958
697	704
699	747
703	726
703	814
704	822
704	854
704	901
704	954
707	818
707	889
708	860
708	946
709	932
709	994
710	793
713	967
713	971
714	856
715	850
716	916
717	768
719	821
719	827
719	967
720	725
720	959
720	967
721	755
724	728
724	974
725	868
725	990
726	811
727	817
728	848
730	984
731	772
731	960
731	988
733	902
735	812
735	852
735	938
736	973
737	744
738	787
740	910
740	971
742	929
744	897
745	824
745	998
747	865
748	769
748	886
749	933
751	833
751	946
751	991
752	952
753	763
753	816
757	888
757	968
759	962
760	762
761	842
762	967
766	815
766	873
767	991
768	935
769	941
771	968
775	866
776	896
776	934
777	806
777	833
778	834
778	981
781	933
781	949
781	971
782	838
784	957
785	822
785	878
786	833
787	813
793	880
794	911
797	986
800	854
800	880
800	952
801	888
803	836
805	873
805	939
807	818
807	855
807	882
808	857
808	979
810	827
811	985
812	821
812	920
813	819
813	859
813	871
813	948
816	878
817	907
817	943
818	986
819	838
819	952
820	947
824	847
824	920
827	972
828	901
828	946
830	844
831	891
834	885
835	868
838	878
838	972
843	974
844	909
846	860
846	989
847	995
849	954
853	938
853	994
854	921
858	935
859	867
862	871
863	864
863	977
864	947
866	868
869	895
870	960
873	952
874	878
877	891
879	983
880	918
882	904
882	912
884	922
884	976
885	910
886	924
886	993
888	905
893	915
893	954
895	944
898	962
899	974
901	977
902	903
902	990
905	983
924	925
935	946
936	941
949	978
953	985
955	973
959	978
968	981
969	992
970	972