0	116
0	200
0	527
0	951
1	54
1	67
1	152
1	535
1	828
1	911
1	999
2	245
2	414
2	425
2	512
2	610
2	630
3	73
3	161
3	197
3	610
3	982
4	149
4	251
4	474
5	250
5	290
5	807
5	876
6	31
6	994
7	419
7	458
7	564
7	831
8	82
8	331
8	371
8	648
8	782
9	452
9	528
9	551
9	892
10	55
10	153
10	163
10	826
11	197
11	251
11	253
11	260
11	404
11	894
12	480
12	587
12	722
13	622
14	455
14	466
14	637
15	269
15	282
15	569
15	602
15	903
15	996
16	338
16	461
16	591
16	987
17	148
17	449
17	808
17	973
18	167
18	245
18	465
18	723
19	46
19	93
19	368
19	641
19	741
20	379
21	204
21	459
21	547
21	878
22	97
22	271
22	370
22	500
22	503
22	799
23	38
23	224
23	288
23	477
23	844
23	925
24	357
24	389
24	778
24	807
24	954
25	641
25	909
26	135
26	254
26	575
26	925
26	954
27	418
27	757
27	927
28	199
28	251
28	772
28	773
28	786
28	807
29	461
29	702
29	831
30	820
31	193
31	508
31	574
31	671
31	717
31	768
31	787
31	883
32	41
32	71
32	169
32	434
32	515
32	663
33	350
33	742
33	803
33	913
33	959
34	231
34	233
34	323
34	349
34	528
34	664
34	799
34	829
34	831
34	893
35	353
35	395
35	470
35	941
35	968
35	980
36	143
36	267
36	463
37	82
37	138
37	261
37	348
37	402
37	453
38	211
38	361
38	370
39	853
39	888
39	976
40	400
41	127
41	488
42	126
42	133
42	302
43	416
43	426
44	611
44	665
44	721
44	743
44	938
45	580
45	927
45	964
46	337
46	558
46	774
47	301
48	71
48	214
48	310
48	767
48	799
48	827
49	293
49	489
49	557
49	927
50	866
51	68
51	300
51	529
51	544
52	73
53	883
54	215
54	319
54	921
54	961
55	473
56	138
56	212
56	438
56	672
57	90
57	350
57	476
57	648
57	876
58	183
58	302
58	379
58	606
58	772
58	799
58	944
59	562
59	706
59	780
60	122
60	224
61	184
61	247
61	272
61	413
61	754
62	484
62	633
62	793
62	799
62	836
63	117
63	449
63	495
63	760
63	912
63	986
64	97
64	392
64	604
64	656
64	690
64	852
64	949
65	156
65	584
65	957
66	664
66	716
67	145
67	524
67	968
68	172
68	353
68	361
68	417
68	514
68	920
69	138
69	462
69	539
69	807
69	833
70	587
70	739
71	174
71	175
71	206
71	225
71	533
71	836
71	897
72	112
72	239
72	348
72	383
72	391
72	577
72	926
73	305
74	204
74	540
74	585
74	694
74	701
75	76
75	374
75	537
76	375
76	716
76	892
76	960
77	277
78	91
78	92
78	730
78	762
78	854
79	129
79	174
79	307
79	333
79	903
80	163
80	313
80	914
81	178
81	342
81	686
82	165
82	204
82	242
82	454
82	527
82	781
82	794
82	818
82	967
83	215
84	131
84	171
84	221
84	474
84	476
84	594
85	167
85	339
85	370
85	405
85	654
85	739
85	806
86	200
86	707
86	770
87	137
87	834
87	961
87	966
88	283
88	801
88	804
89	409
89	411
89	446
89	671
89	739
89	743
89	864
89	989
90	264
90	609
90	779
91	657
92	110
92	220
92	543
92	979
93	147
93	170
93	580
93	648
93	902
94	232
94	387
94	593
94	666
94	700
95	588
95	736
96	777
97	301
97	326
97	446
97	767
98	123
98	142
98	476
98	804
98	820
98	956
98	975
99	429
99	477
99	705
99	754
99	842
99	952
100	182
100	701
101	216
101	450
101	625
101	679
101	701
101	757
101	900
102	234
102	627
102	832
103	194
104	431
104	498
104	689
105	241
105	281
105	306
105	648
105	698
105	732
105	827
105	874
106	214
106	221
106	460
106	525
106	939
106	990
107	288
107	842
108	384
108	430
108	838
109	510
109	892
110	916
110	943
111	151
111	224
111	426
111	509
111	518
111	669
111	782
111	858
112	399
112	569
112	733
113	136
113	638
113	969
114	418
114	424
114	467
114	551
115	266
115	392
115	595
115	780
116	172
116	721
116	954
116	965
117	188
117	301
117	418
117	493
117	890
118	351
118	515
118	956
119	245
119	527
120	281
120	314
120	667
120	836
121	282
121	388
121	554
122	294
122	480
122	627
122	701
122	742
123	621
124	177
124	315
124	460
124	824
124	850
125	547
125	555
126	416
126	493
127	690
128	185
128	194
128	901
129	818
130	134
130	325
131	436
131	557
131	933
132	485
132	730
132	875
133	289
133	316
133	589
133	958
134	532
134	662
134	718
135	697
135	786
136	161
136	202
136	513
136	961
137	406
139	504
139	703
139	968
140	253
140	384
140	556
140	727
141	644
142	260
142	554
142	802
143	378
143	416
143	912
144	903
145	268
145	930
146	321
146	469
147	426
148	252
148	901
149	365
149	416
149	458
149	496
150	282
150	308
150	395
150	462
150	579
151	193
151	309
151	398
151	723
152	938
153	385
153	710
153	749
153	964
154	450
154	659
154	685
154	781
154	887
155	177
155	349
155	362
156	496
157	616
158	868
158	976
159	293
159	692
159	714
160	506
160	524
160	730
161	458
162	808
162	825
162	942
163	264
163	554
163	835
163	910
164	244
164	666
164	710
164	816
164	952
165	232
165	835
166	268
166	760
166	767
166	936
167	213
167	233
167	358
167	448
168	512
168	754
168	974
169	930
170	261
170	430
170	585
170	820
170	871
170	909
170	961
171	282
171	443
171	498
171	527
171	597
171	789
172	183
172	257
172	598
172	686
173	322
173	509
173	881
174	366
174	650
174	717
175	707
176	487
176	551
176	946
177	578
177	930
178	197
178	218
178	281
178	448
178	768
179	631
180	333
180	764
181	577
181	637
182	241
182	255
182	290
182	328
182	624
182	710
183	613
183	628
183	986
185	254
185	382
185	686
185	744
185	946
186	467
186	993
187	766
187	786
187	805
187	836
188	244
188	317
188	733
188	762
188	821
188	904
188	945
188	949
188	964
189	389
189	423
189	895
189	911
189	990
190	799
190	947
191	757
191	831
191	889
192	212
192	405
192	742
193	248
193	298
193	498
193	601
193	606
193	683
193	827
193	991
194	303
194	469
194	546
194	579
194	665
194	992
194	994
195	227
195	271
195	531
195	675
196	202
196	522
196	908
197	204
197	372
197	617
197	686
197	940
197	947
198	873
199	252
199	332
199	443
199	565
199	710
199	725
200	309
200	369
201	382
201	427
201	503
201	833
201	999
202	751
203	319
204	821
205	570
205	697
205	750
206	850
206	926
207	248
207	388
207	848
207	995
208	489
208	741
208	814
209	413
209	417
209	753
209	950
210	437
211	256
211	846
211	916
212	235
212	240
212	275
212	572
212	573
212	681
212	944
213	485
213	663
213	705
213	938
214	216
214	867
214	874
215	388
215	805
216	273
216	627
216	961
217	554
217	613
217	945
217	975
218	248
218	732
218	754
219	465
219	491
219	647
219	751
219	946
220	505
220	532
220	884
221	275
222	311
223	428
223	751
224	262
224	268
224	557
224	636
224	731
224	805
224	845
225	311
225	442
225	485
225	530
225	959
226	635
226	827
227	643
227	997
228	233
228	245
228	340
228	379
228	392
228	502
228	535
229	572
230	258
230	395
230	446
230	466
230	623
230	633
230	656
231	359
231	506
231	968
232	279
232	358
233	276
233	716
233	761
233	799
233	832
234	877
234	935
235	295
235	490
235	739
235	974
236	549
236	932
237	485
237	502
237	948
238	484
238	607
238	785
239	284
239	472
239	876
241	243
241	468
241	554
242	299
243	326
243	889
243	944
244	805
244	983
244	995
245	555
245	791
245	832
245	919
245	972
246	256
246	602
246	947
247	401
247	701
247	826
247	925
247	997
248	578
248	949
249	640
249	992
250	255
250	291
250	294
250	443
250	833
251	277
251	802
252	484
252	518
252	522
252	783
253	261
253	581
253	671
253	963
254	638
254	688
254	766
254	953
255	378
256	521
256	986
257	632
257	954
258	278
258	387
259	575
259	640
260	824
261	420
261	499
261	732
262	514
263	683
263	971
264	792
264	871
264	917
265	617
265	880
266	441
266	730
266	761
267	557
268	801
268	893
269	292
269	326
269	708
269	711
269	722
269	780
269	847
270	998
271	370
271	403
271	512
271	729
271	861
272	392
272	557
272	789
273	344
273	545
273	586
274	554
274	672
274	768
275	365
275	622
275	742
275	815
275	895
275	975
276	591
276	695
276	701
276	865
277	374
277	522
277	981
278	592
279	429
279	560
279	766
279	863
280	427
280	442
280	611
280	697
280	800
280	819
282	650
282	680
283	653
284	288
284	718
284	884
285	841
286	533
286	594
287	820
288	415
288	504
288	713
288	739
288	783
289	524
289	691
289	927
291	719
292	363
292	559
293	616
293	903
293	969
294	326
294	475
294	559
294	650
294	753
294	817
296	441
297	352
297	957
298	727
299	432
299	456
299	796
299	828
299	871
299	877
299	897
300	561
301	539
302	561
303	605
303	850
304	320
304	329
304	595
304	610
304	623
304	636
304	956
304	958
305	374
305	434
305	702
306	340
306	371
306	488
306	665
306	850
306	851
307	407
307	504
308	881
309	838
310	500
310	551
310	677
310	811
311	646
311	778
312	396
312	480
312	536
312	747
312	813
313	805
314	330
315	337
315	408
315	641
315	718
315	847
316	438
316	838
316	851
317	318
317	353
317	475
317	477
317	585
318	628
319	560
319	648
319	755
320	445
321	552
322	396
322	614
322	871
323	433
323	445
323	771
324	588
324	731
324	849
324	891
324	980
324	990
325	690
327	609
327	705
327	765
327	974
328	657
328	662
328	732
328	829
328	887
328	924
329	330
329	403
329	458
329	615
329	623
329	739
329	764
329	950
330	351
330	390
331	393
331	633
331	763
332	894
333	645
333	952
334	386
335	588
336	385
336	764
336	896
337	423
337	747
338	460
338	528
338	589
339	951
340	499
340	923
341	385
341	547
341	767
342	564
342	820
342	989
343	360
343	438
343	641
343	795
344	511
345	963
346	641
347	427
347	904
347	965
348	646
348	759
349	751
350	425
350	501
350	624
350	712
352	469
352	503
353	361
353	377
353	402
353	600
353	997
354	501
354	534
355	359
355	394
355	420
355	427
355	533
355	590
355	783
355	859
356	572
356	620
356	635
356	643
356	696
357	554
358	370
358	485
358	774
358	799
358	930
359	899
361	706
362	561
362	578
362	763
362	834
363	754
364	452
364	541
364	692
365	573
365	788
366	544
366	567
366	865
366	892
367	612
367	887
368	530
368	644
369	547
369	802
369	998
370	846
371	406
371	438
371	897
372	691
372	756
372	809
372	984
373	417
373	608
373	869
373	925
373	990
374	607
375	412
375	513
375	521
376	381
376	548
376	827
376	922
377	452
377	523
377	596
377	813
377	890
378	483
378	502
378	733
379	412
379	425
379	450
380	557
380	802
380	975
381	428
381	780
382	824
383	678
383	732
383	852
384	462
384	612
384	890
385	457
385	621
385	836
386	412
386	422
386	750
386	818
387	622
387	645
387	837
388	435
388	791
388	873
388	916
389	459
389	520
389	624
389	806
389	956
390	406
390	528
390	865
391	435
391	470
391	588
391	614
392	397
392	477
392	525
392	683
392	776
392	899
393	400
393	611
394	650
394	660
394	826
397	514
397	553
397	631
397	675
397	935
398	458
398	487
398	527
398	845
399	999
400	508
402	627
402	856
403	444
403	747
403	852
404	460
404	512
404	675
404	812
404	912
405	423
405	500
405	591
405	630
405	921
406	429
406	674
406	752
407	731
408	724
408	728
408	986
409	649
409	749
409	830
409	919
409	993
410	511
411	427
412	844
415	526
415	549
415	811
416	436
416	509
416	547
416	589
416	698
417	628
417	740
418	758
418	769
419	879
420	535
420	855
421	534
421	587
421	815
421	938
421	942
421	993
422	849
422	860
423	444
423	448
423	546
423	656
423	788
424	590
424	761
424	851
425	716
426	574
426	787
426	975
428	682
428	983
429	518
429	978
430	523
430	541
430	666
432	847
432	979
433	649
434	737
434	792
435	934
435	988
435	989
436	796
436	945
437	640
438	985
439	492
439	495
439	660
439	952
440	626
440	857
441	878
442	854
442	864
442	983
443	854
444	449
444	612
444	614
444	624
444	964
445	719
445	823
445	857
446	470
446	489
447	514
447	785
447	923
447	941
448	550
448	555
448	561
448	586
448	780
448	782
449	688
449	775
449	966
451	527
451	774
451	828
451	921
452	787
452	906
453	726
454	510
454	930
455	581
455	650
455	715
455	912
456	551
457	527
457	763
458	462
458	609
458	751
458	943
460	612
460	708
460	725
461	652
461	971
463	611
463	630
463	693
463	782
463	938
464	560
464	773
464	869
464	969
466	524
466	539
466	631
466	679
467	569
468	658
468	938
469	759
470	724
470	902
471	612
472	745
472	903
473	751
473	914
473	946
473	997
474	602
476	490
476	663
476	916
477	685
478	537
478	698
478	726
478	918
479	518
481	899
482	568
482	807
482	913
483	890
484	551
484	710
486	803
488	517
488	776
488	811
489	589
490	510
490	690
490	744
490	892
491	513
491	573
491	905
491	980
493	546
494	529
494	862
495	795
495	843
496	975
497	811
497	997
499	685
500	741
500	796
500	838
501	699
501	956
503	567
505	547
505	551
505	772
505	902
506	645
506	780
506	841
507	748
507	865
508	880
508	900
509	528
509	795
510	734
510	955
511	652
511	903
511	955
512	525
512	668
512	718
512	753
513	767
513	772
514	564
514	740
516	772
516	963
517	807
518	551
519	564
519	612
519	852
519	887
520	806
520	909
520	938
520	948
520	952
520	971
520	999
521	572
521	690
521	833
521	863
522	529
522	952
523	640
523	842
524	582
524	625
524	671
524	944
524	958
524	982
525	772
525	878
525	883
526	827
526	883
527	706
527	946
528	563
528	910
530	875
530	892
531	564
531	595
531	681
531	706
531	789
531	821
531	830
532	711
532	971
533	639
533	796
534	858
534	897
536	582
536	817
537	542
537	717
538	689
539	567
539	703
539	931
539	949
540	696
541	830
543	707
543	936
544	831
544	845
545	647
545	986
546	917
548	993
550	581
550	603
550	939
551	578
551	652
552	665
552	780
553	711
553	972
554	749
554	917
555	776
556	575
556	874
556	906
557	571
557	657
557	676
558	838
559	565
559	641
559	733
560	628
561	665
561	983
562	850
563	664
563	677
563	738
564	852
564	877
564	919
566	712
566	779
566	968
566	991
567	856
567	955
568	688
568	809
569	618
569	651
569	826
569	869
569	955
572	721
572	735
572	852
573	717
574	623
574	650
574	742
574	806
574	934
575	619
575	633
575	832
576	984
578	696
578	762
579	594
579	655
579	683
580	693
580	785
580	953
581	592
581	867
582	603
582	655
582	963
583	770
583	778
584	699
584	930
584	932
585	711
586	648
587	892
587	936
588	758
588	874
589	811
589	851
590	875
590	880
591	753
592	743
592	853
592	855
593	813
594	604
595	649
595	770
596	655
596	930
597	914
599	631
599	748
599	968
600	626
600	639
600	836
601	637
601	702
601	837
602	718
602	855
603	783
603	985
604	635
604	890
606	651
606	664
606	798
606	856
606	882
606	975
607	790
608	675
608	823
609	928
609	937
610	731
610	750
610	813
610	851
611	949
611	951
612	644
613	940
614	836
614	923
616	656
617	619
617	971
618	679
618	718
619	738
619	948
620	648
620	961
620	998
621	659
621	697
622	665
623	649
624	635
624	767
624	902
624	905
625	746
625	799
626	687
626	963
627	779
627	928
627	929
628	999
629	731
629	977
629	995
630	769
630	861
631	671
631	878
632	916
633	848
633	916
634	777
634	939
635	655
635	870
635	873
635	898
636	875
637	776
637	958
637	963
638	643
638	884
639	674
639	893
639	979
640	654
640	749
642	971
643	699
643	779
643	833
643	877
644	680
644	930
645	728
645	925
646	655
646	849
649	967
650	685
650	849
654	667
654	714
654	813
654	979
655	769
656	661
656	851
657	785
659	843
660	930
661	669
662	775
662	865
662	985
663	815
663	837
663	895
663	940
664	835
666	979
667	990
669	842
670	692
670	977
671	933
672	679
672	828
673	947
673	955
674	781
675	727
676	681
676	867
676	957
677	928
678	840
679	957
680	999
683	847
683	968
684	703
684	744
684	863
684	880
687	732
687	833
690	880
693	916
693	941
694	723
694	821
694	922
695	926
695	937
697	727
697	869
698	823
698	921
698	983
698	992
699	958
700	820
701	975
702	798
703	769
703	895
704	816
704	970
705	797
705	858
705	941
706	904
706	940
707	737
707	887
707	914
707	915
709	878
709	905
709	997
710	953
711	728
711	906
712	824
712	845
712	892
712	938
713	772
713	790
714	935
716	856
719	824
720	806
721	835
722	879
722	887
723	919
723	997
724	796
724	797
724	849
724	963
724	969
726	777
726	886
729	737
729	742
729	821
729	896
731	835
733	796
733	797
736	804
736	863
736	963
738	869
738	959
739	875
740	977
741	877
742	874
743	905
743	932
744	771
744	897
744	938
746	774
747	828
747	867
750	993
751	752
754	760
754	950
757	856
757	895
759	831
760	902
762	996
763	805
764	848
766	799
767	894
767	925
769	865
770	948
771	961
771	988
773	930
775	896
776	836
776	871
777	934
777	962
778	875
780	821
781	787
783	861
783	885
784	879
785	985
786	922
786	978
788	986
793	839
793	920
795	932
795	952
796	849
797	924
799	975
799	984
800	937
801	820
802	806
802	948
803	831
805	822
809	978
809	990
810	916
810	984
813	820
813	934
813	967
813	993
816	839
824	989
826	937
827	873
830	865
831	991
832	962
834	998
836	984
838	902
842	916
842	929
843	877
852	870
853	859
853	867
853	933
854	855
854	953
858	916
859	866
860	957
861	908
864	896
865	964
866	961
871	932
871	999
872	889
874	989
876	949
876	993
878	970
880	964
883	896
884	941
892	974
895	928
896	993
897	910
900	942
901	955
903	962
904	937
907	982
910	952
911	952
919	942
919	944
921	965
930	943
935	994
938	978
939	998
945	976
967	994
993	995