0	255
0	649
0	947
1	540
1	857
2	84
2	205
2	499
2	986
3	35
3	191
3	205
3	271
3	487
3	949
4	168
4	433
4	707
4	804
5	227
5	374
5	595
5	635
5	752
6	152
6	408
6	524
6	837
6	839
7	181
7	270
7	402
7	531
7	628
7	793
7	887
8	232
8	278
8	928
9	427
9	581
9	999
10	194
10	250
10	604
11	62
11	129
11	188
11	209
11	275
11	372
11	539
11	692
11	780
11	842
12	205
12	538
12	593
12	860
12	997
13	256
13	322
13	435
13	596
13	757
14	184
14	195
14	718
14	934
15	140
15	154
15	339
15	430
15	840
15	904
16	29
16	263
16	380
16	620
17	227
17	364
17	377
17	685
17	785
17	994
18	45
18	242
18	512
18	719
18	913
19	333
19	396
19	762
19	855
20	586
20	965
21	216
21	229
21	341
21	590
21	614
21	754
21	760
21	982
22	129
22	438
22	470
23	108
23	337
23	808
23	971
23	982
24	615
25	107
25	581
25	706
25	816
26	305
26	462
26	570
27	141
27	312
27	362
27	447
27	501
27	870
28	185
28	447
28	480
29	343
29	401
29	488
29	732
29	752
29	927
30	485
30	702
30	806
30	882
31	286
31	552
31	889
32	142
32	151
32	333
32	355
32	611
33	233
34	108
34	125
34	178
34	314
35	41
35	44
35	386
35	565
35	780
35	900
35	996
36	134
36	774
37	186
37	254
37	344
37	737
38	600
39	156
39	614
39	734
40	319
40	750
40	924
41	373
41	376
41	448
41	511
42	340
42	374
42	486
42	751
43	115
43	348
43	412
43	578
44	123
44	261
44	374
44	923
45	286
45	447
45	969
46	74
46	272
47	84
47	131
47	478
47	531
48	62
48	195
48	508
48	517
48	572
48	631
48	715
49	125
49	389
49	777
49	830
50	110
50	148
50	341
50	577
50	654
50	899
50	982
51	160
51	542
51	852
51	919
52	341
52	475
52	538
52	663
52	912
53	66
53	388
53	549
54	759
54	956
55	143
55	778
55	952
56	379
56	812
56	880
57	140
57	154
57	322
57	387
57	834
57	973
58	126
58	416
58	689
58	982
59	495
59	709
59	801
60	126
60	933
61	496
61	546
61	658
61	730
61	836
61	915
62	112
62	286
62	288
62	373
62	460
62	477
62	670
63	148
63	296
63	608
63	912
64	262
64	675
64	717
64	743
64	756
64	921
65	427
65	615
65	826
65	860
66	96
66	123
66	477
67	179
68	78
68	183
68	258
68	328
68	497
68	867
68	893
68	933
69	221
69	248
69	284
69	434
69	571
70	140
70	502
70	518
70	614
71	534
71	588
71	865
72	191
72	251
72	377
72	681
72	721
72	899
73	111
73	174
73	387
73	444
73	445
73	575
73	729
74	369
75	282
75	839
76	183
76	227
76	408
76	491
77	300
77	345
77	441
77	822
77	913
77	938
78	787
78	977
79	140
79	157
79	162
79	187
79	261
79	326
79	519
79	569
79	657
79	668
79	898
80	941
81	110
81	374
81	497
81	997
82	412
82	414
82	487
82	668
82	883
83	297
83	618
83	647
83	837
83	894
84	331
84	512
84	646
84	664
84	881
85	159
85	229
85	994
86	247
86	417
86	876
87	283
87	306
87	445
87	454
87	597
87	658
87	676
87	786
88	276
88	496
89	465
90	128
91	136
91	275
91	976
92	152
92	161
92	508
92	541
92	587
93	583
93	923
94	145
94	397
94	689
95	290
95	444
95	604
95	661
96	733
97	249
97	570
98	178
98	388
98	644
99	312
99	562
99	620
99	624
99	762
100	728
100	790
100	797
100	898
101	108
101	215
101	315
101	344
101	804
102	336
102	558
102	562
102	704
102	798
102	901
102	983
103	297
103	997
104	174
104	371
104	452
104	483
104	644
104	785
105	131
105	412
105	616
105	707
105	713
105	877
106	203
106	331
106	771
106	868
106	976
107	137
107	193
107	350
107	543
108	165
108	592
108	700
108	975
109	150
110	117
110	120
110	401
110	456
110	572
110	737
110	954
111	293
111	487
111	635
111	944
111	966
112	569
113	273
113	330
113	532
113	568
113	712
113	742
113	899
113	909
114	321
114	491
114	628
114	694
114	769
115	319
115	729
115	765
116	432
117	118
117	753
118	177
118	359
118	374
118	701
119	293
119	507
119	777
120	231
120	585
120	609
120	722
121	546
121	581
122	239
122	337
122	373
122	580
123	297
123	387
123	796
123	937
124	570
124	602
125	220
125	242
125	329
125	511
125	529
125	547
126	832
126	921
126	955
127	178
127	643
127	737
127	750
127	798
128	405
128	580
128	616
129	142
129	162
129	448
130	347
130	559
130	922
131	168
131	482
131	586
131	733
132	150
132	691
132	794
132	799
133	596
133	644
133	924
134	394
134	529
134	621
134	806
135	310
135	653
135	679
135	709
135	757
135	861
136	316
136	633
136	702
136	979
137	645
137	651
138	196
138	386
138	398
138	554
138	586
138	923
139	194
139	448
139	802
139	834
140	257
140	722
141	412
141	523
141	641
141	844
142	260
142	284
142	452
142	467
142	545
142	840
143	201
143	941
144	224
144	248
144	345
144	921
144	934
146	606
146	825
147	338
147	648
147	743
147	787
148	306
148	505
148	624
148	700
148	731
148	963
149	155
149	561
149	709
150	280
150	294
150	377
150	562
151	254
151	990
152	640
152	732
152	785
152	968
153	219
153	386
153	413
153	841
153	864
153	945
154	245
154	647
155	439
155	645
155	672
155	824
155	886
156	223
156	251
156	513
156	571
157	300
157	410
157	586
157	715
158	352
158	425
158	989
159	238
159	486
159	861
159	994
160	201
160	646
161	374
161	537
161	684
161	880
161	939
162	197
162	233
162	470
162	813
162	834
162	853
163	866
164	206
164	373
165	410
165	647
165	659
166	187
166	308
166	386
166	583
166	823
166	841
166	904
167	390
167	430
167	625
168	263
168	626
169	513
169	665
170	387
170	417
170	778
170	984
171	286
171	488
171	718
171	852
171	860
172	229
172	323
172	510
173	509
174	373
174	612
174	839
175	349
175	844
176	462
176	746
177	291
177	544
177	738
177	754
178	284
178	385
178	754
178	807
178	913
178	990
179	779
180	870
181	369
181	407
181	447
181	903
182	205
182	263
182	291
182	411
183	347
183	455
183	465
183	749
184	486
184	548
184	740
185	446
185	448
185	619
186	214
186	405
186	454
186	503
187	258
187	700
187	779
187	944
188	488
188	977
189	207
190	571
190	703
190	800
190	998
191	250
191	293
191	312
191	528
191	768
192	201
192	623
193	194
193	233
193	445
193	657
193	798
193	878
194	324
194	496
194	556
194	559
194	576
194	728
194	974
196	290
196	839
197	343
197	441
197	471
197	922
198	944
199	458
199	818
199	828
199	860
200	315
201	716
201	732
202	658
202	848
202	954
203	619
203	944
203	947
204	414
204	765
204	766
204	767
204	858
204	955
204	983
205	865
206	445
206	534
206	595
207	653
207	658
207	886
207	889
208	456
208	573
208	587
208	687
208	739
208	783
208	901
209	255
209	304
209	915
209	971
210	480
210	535
210	925
211	432
211	647
212	384
212	578
212	697
212	822
212	871
212	927
213	873
213	882
213	914
215	337
215	805
215	880
215	981
215	989
216	529
216	712
216	825
216	851
217	263
217	301
217	699
217	827
218	732
218	928
219	254
219	265
219	280
219	961
220	352
220	770
220	902
221	290
221	553
221	701
221	816
222	558
222	786
223	362
223	636
223	888
224	558
224	583
224	834
225	828
225	904
226	368
226	754
227	273
227	393
227	477
227	660
227	853
228	303
228	499
228	743
228	782
229	647
229	784
230	313
230	352
230	609
230	911
231	319
231	651
232	278
232	627
232	703
232	752
232	900
233	295
233	597
233	901
234	317
234	953
235	313
235	386
235	437
235	591
236	403
236	477
236	670
236	844
236	984
237	386
237	473
237	479
237	561
237	702
237	759
238	597
238	603
238	610
238	832
238	896
238	929
239	341
239	592
239	697
239	771
240	755
240	885
241	279
241	496
241	655
241	677
242	416
243	275
243	792
243	979
244	400
244	409
244	505
244	538
244	711
245	550
246	966
247	429
247	847
247	919
248	374
248	934
248	942
249	339
249	441
249	580
249	605
249	728
250	769
251	413
251	503
251	848
251	989
252	269
252	301
252	773
253	396
253	782
253	938
254	647
254	955
255	630
255	825
256	788
256	886
257	401
257	576
258	270
258	498
258	677
258	898
259	510
259	575
259	770
261	356
261	568
261	590
262	545
262	908
262	930
263	266
263	927
264	525
264	715
264	893
264	939
265	395
265	719
265	850
266	344
266	777
266	799
266	886
267	342
267	815
268	301
268	834
268	858
269	320
269	530
269	766
269	854
270	754
270	786
270	836
271	445
271	694
271	824
272	744
272	896
272	992
273	293
273	310
274	529
274	608
274	767
274	885
275	515
275	549
275	608
275	635
275	950
276	375
277	283
277	298
277	431
277	679
277	999
279	391
280	632
281	715
282	545
283	868
283	971
284	294
284	387
284	815
284	941
284	998
285	454
285	744
285	766
285	949
286	570
286	574
287	777
287	842
287	864
287	911
288	782
288	811
289	538
289	776
289	854
290	569
290	725
291	859
292	978
293	364
293	530
293	640
293	788
295	361
295	733
295	900
296	524
296	597
296	739
296	760
296	846
296	918
296	997
297	324
297	990
298	432
298	465
298	665
298	897
299	392
299	472
299	951
300	346
300	459
300	782
300	879
302	694
302	734
303	334
303	534
303	590
303	745
303	812
303	915
303	973
305	390
305	597
307	331
307	685
307	950
308	329
309	814
309	971
309	983
310	477
310	677
310	845
311	569
311	866
311	894
311	911
311	929
311	960
311	989
312	393
312	530
312	724
313	822
314	863
315	558
315	799
315	976
316	549
316	554
317	965
318	392
318	781
319	660
319	682
320	902
320	906
321	355
321	454
322	587
323	356
323	620
324	409
325	430
326	451
327	462
327	527
327	793
328	407
328	881
328	935
330	562
330	933
331	603
331	973
332	474
332	631
332	650
332	741
333	669
333	714
333	877
334	532
334	657
334	790
335	574
336	394
336	517
336	570
336	662
336	687
336	763
337	830
338	386
338	601
338	736
338	788
338	982
338	990
339	390
339	573
339	683
339	913
340	543
340	930
341	403
341	969
343	658
343	846
345	463
346	792
346	860
347	472
347	529
347	621
347	715
347	735
347	928
348	644
348	736
348	927
349	352
349	666
349	741
350	455
350	551
350	628
350	892
351	368
351	392
351	700
351	834
352	697
352	850
352	891
353	453
353	646
354	656
356	520
356	575
356	893
357	698
357	884
357	971
358	460
358	753
359	629
359	965
360	384
360	498
360	724
360	748
360	921
361	461
361	856
362	424
362	440
363	417
363	420
363	661
363	700
363	827
364	525
364	996
365	420
366	394
366	434
367	479
367	501
367	874
367	905
367	908
369	394
369	395
369	539
369	761
370	932
371	410
371	486
372	750
372	844
373	596
373	907
373	920
374	376
374	894
375	774
375	861
376	472
376	473
376	561
376	684
377	696
378	545
378	757
379	651
380	412
380	962
381	471
381	752
382	692
383	751
383	851
384	709
384	933
385	631
385	669
385	701
385	752
386	484
386	565
386	569
387	552
387	570
388	728
389	718
389	938
390	747
391	436
391	478
391	551
393	646
393	777
393	815
394	626
394	731
394	940
395	564
395	789
395	881
395	950
396	871
397	544
397	614
398	539
398	602
398	698
398	943
399	504
399	799
400	583
400	741
401	403
402	481
402	497
402	708
402	797
402	984
403	460
403	554
403	571
403	869
404	611
404	959
406	429
407	444
407	538
407	583
407	589
408	470
408	551
408	806
409	465
409	555
409	626
409	839
410	686
411	583
411	737
411	744
411	789
411	996
412	632
413	445
413	558
413	573
413	707
413	757
414	502
414	763
415	950
415	968
416	493
416	499
416	927
418	636
418	881
418	898
419	672
419	868
421	441
421	868
421	904
421	957
422	718
423	967
424	911
425	506
425	923
426	560
426	682
427	558
427	561
427	896
428	451
428	621
428	847
429	492
429	558
429	819
429	958
430	463
430	765
431	432
431	871
433	695
433	798
433	820
433	914
433	962
434	512
434	575
434	664
435	495
435	693
435	712
435	822
435	830
435	901
435	971
436	492
436	551
436	637
436	920
437	792
438	550
438	750
439	880
439	997
440	589
441	722
441	881
442	469
442	953
443	501
443	559
443	621
443	745
443	934
444	609
444	860
444	957
445	639
445	761
445	809
446	701
446	778
447	614
447	828
448	612
448	772
448	882
449	535
449	628
449	678
449	710
450	798
450	799
450	817
450	985
452	481
452	523
452	554
452	711
453	538
454	758
454	834
455	567
455	608
455	847
456	564
457	640
457	802
457	891
458	473
458	831
459	665
459	804
460	610
461	647
461	923
462	468
462	632
462	836
462	920
462	955
463	885
463	916
464	662
465	579
465	637
466	520
466	745
467	670
468	492
468	860
469	675
469	974
470	772
470	929
471	559
471	566
471	594
471	947
472	788
472	897
473	501
473	863
474	848
474	923
475	802
476	795
477	792
477	824
477	941
480	549
480	775
480	798
481	562
481	843
481	884
481	967
483	574
483	715
483	873
483	890
484	760
484	870
484	878
485	568
486	665
487	589
487	859
487	914
488	685
488	825
488	828
489	841
489	877
489	931
490	611
490	791
491	684
491	808
491	815
492	629
493	558
494	732
494	744
494	821
495	617
495	991
496	660
496	858
496	946
497	528
498	790
499	617
499	697
500	977
501	882
502	594
502	786
502	995
503	584
504	660
504	674
504	695
504	778
504	999
505	570
505	890
508	566
508	698
508	897
509	578
509	755
509	849
509	869
510	772
510	920
511	563
511	677
511	941
512	746
513	517
513	760
513	983
513	996
514	606
514	729
514	868
514	895
514	951
516	595
516	747
517	695
517	898
518	564
518	598
518	649
519	562
519	603
519	632
519	867
519	894
521	913
522	913
523	952
523	986
525	586
526	693
526	904
527	831
527	921
528	753
529	717
529	773
530	695
530	766
531	868
531	932
532	760
532	884
533	919
534	732
534	882
534	941
535	971
536	761
536	960
536	995
537	779
537	975
538	884
538	969
539	637
539	970
540	583
540	638
540	681
540	863
541	608
542	717
542	939
543	812
543	894
545	589
545	747
545	914
546	556
546	909
547	597
547	664
549	847
549	852
550	627
550	938
550	947
551	651
552	833
555	792
555	991
556	789
557	898
559	582
559	775
560	589
560	619
560	653
561	623
561	679
561	784
561	802
562	633
562	826
562	881
563	635
563	844
563	911
565	728
565	878
565	961
566	587
566	841
566	949
567	809
567	827
568	762
569	706
571	707
571	757
573	619
573	797
573	861
574	839
574	874
574	952
575	912
575	915
576	743
578	584
578	955
581	605
581	913
582	726
583	666
584	646
584	816
586	760
586	801
586	894
586	912
586	987
587	805
588	610
588	761
588	830
588	888
589	596
589	832
589	839
589	943
590	670
591	689
591	768
591	895
592	836
593	996
594	663
595	643
595	787
595	892
596	748
596	856
598	946
598	951
599	614
599	836
599	958
600	623
600	726
601	781
602	776
602	806
602	816
605	905
606	817
606	837
607	938
610	675
610	845
611	795
612	992
613	688
613	716
613	783
613	857
613	965
614	652
615	853
618	668
618	717
618	736
618	980
620	746
621	701
621	992
622	770
623	855
624	704
624	869
626	983
627	635
628	705
628	865
628	946
629	725
629	801
629	841
630	732
630	977
631	636
632	710
632	898
632	950
634	929
635	653
635	964
636	645
636	678
636	730
637	710
637	740
637	787
637	845
637	919
639	810
640	688
640	974
641	668
641	932
641	968
642	733
643	685
643	741
644	841
645	679
645	891
646	705
646	880
647	764
649	868
649	929
649	952
650	956
652	768
652	820
653	993
654	753
654	909
656	763
656	905
657	738
657	858
658	662
658	731
661	763
661	873
662	771
663	819
664	695
664	737
665	939
666	833
666	999
667	770
669	906
670	799
670	893
670	972
671	731
672	700
672	741
673	795
673	955
673	991
674	788
674	818
675	709
675	912
676	969
677	763
677	835
679	701
679	773
679	892
680	726
680	942
680	963
682	913
683	734
683	888
683	902
684	787
684	925
685	968
686	736
688	807
689	828
689	900
690	948
691	780
692	732
692	841
692	926
694	757
694	828
694	830
694	953
695	712
695	869
696	750
696	800
696	876
696	941
698	749
701	798
702	727
702	765
702	873
702	882
705	725
705	998
709	735
711	868
714	784
714	833
714	863
715	851
715	899
716	960
718	863
720	762
722	991
723	845
723	978
726	748
727	795
727	967
728	833
729	771
729	947
734	865
735	849
735	875
736	843
736	994
737	838
740	848
741	917
743	956
744	748
744	770
744	840
744	942
745	964
745	966
746	840
747	877
747	893
748	872
749	789
749	929
751	833
751	875
751	966
752	887
753	798
753	833
754	931
755	806
755	830
756	913
757	867
757	907
757	982
758	994
760	862
760	902
760	910
761	893
762	922
766	768
766	783
767	819
770	941
773	947
774	906
775	912
777	998
780	856
780	956
781	955
783	906
783	926
786	834
786	891
787	827
787	850
790	858
790	906
790	936
792	939
794	802
794	954
795	830
795	853
795	940
796	820
798	966
798	971
800	936
802	847
802	933
803	895
803	928
804	842
804	843
804	998
805	913
805	941
808	892
811	953
811	975
812	896
812	985
815	843
816	845
818	985
819	858
821	857
822	874
822	942
824	911
825	839
826	967
829	843
829	890
831	842
833	990
836	944
837	891
839	995
842	869
842	934
843	949
843	957
843	988
845	957
846	876
846	952
846	987
848	955
850	883
850	922
851	863
851	923
855	915
858	992
860	887
861	986
862	902
866	867
866	968
867	917
870	962
872	938
874	956
877	886
885	967
885	995
889	976
890	945
890	978
892	944
895	932
899	950
900	979
901	954
903	998
904	965
906	980
909	988
913	951
914	994
915	992
919	947
919	955
921	985
927	966
933	959
942	943
948	984
950	980
952	962
970	973
974	988
977	998
981	996
996	997