0	179
0	267
0	398
0	496
1	724
2	487
3	132
3	345
3	481
3	720
3	723
4	347
4	591
5	28
5	355
5	925
6	49
6	463
6	602
7	568
8	26
8	110
8	189
8	717
9	433
9	823
9	862
9	864
10	31
10	226
10	470
10	516
11	35
11	297
11	712
12	339
13	731
14	25
14	40
14	641
14	933
15	246
16	205
16	211
16	270
16	679
16	697
17	77
17	242
17	707
17	821
17	939
18	119
18	229
18	448
18	678
18	747
18	885
19	67
19	104
19	175
19	275
19	305
19	393
19	754
20	43
20	651
20	658
20	886
21	902
21	950
22	37
23	56
23	843
24	345
24	382
24	464
24	655
24	695
24	805
24	883
25	31
25	178
25	215
25	611
25	676
25	687
25	700
26	205
26	333
26	804
27	667
27	779
28	133
28	323
28	352
28	512
28	666
29	814
30	834
31	77
31	175
31	186
31	354
31	766
31	902
32	155
32	617
32	644
33	235
33	489
33	624
33	933
33	993
34	385
34	618
35	91
35	364
35	834
35	922
36	666
37	96
37	640
38	71
38	178
38	435
38	591
38	795
38	797
38	799
38	838
39	820
39	911
40	120
40	327
40	856
41	377
41	536
41	558
41	967
42	171
42	691
43	280
43	805
44	200
44	347
44	560
44	736
44	926
44	981
45	476
45	639
46	260
46	335
46	398
46	600
46	639
46	689
47	223
47	246
47	250
47	612
47	767
48	102
48	616
49	137
49	640
49	686
50	481
50	818
51	141
51	216
51	448
51	726
52	740
52	934
53	165
53	387
53	733
53	891
54	717
55	238
55	493
55	715
55	828
55	939
55	985
56	217
56	603
56	997
57	212
57	954
58	62
58	298
58	466
58	721
58	913
59	139
59	814
59	898
59	904
60	235
60	435
60	469
60	733
61	243
61	337
61	369
62	68
62	286
62	546
63	672
63	796
63	877
64	508
64	807
65	281
66	238
66	669
66	946
67	480
67	734
67	770
68	84
68	131
68	421
68	760
68	926
69	105
69	192
69	197
70	360
70	483
70	725
70	897
71	566
72	302
72	603
72	745
72	972
73	713
74	208
74	272
74	558
74	649
74	738
75	229
75	721
75	822
75	898
76	299
77	265
77	304
77	417
77	478
78	137
78	338
78	348
78	606
78	741
79	217
79	258
79	285
79	444
79	536
79	568
79	587
80	338
80	508
80	780
80	927
81	386
82	181
82	287
82	605
83	395
84	90
84	289
84	834
85	227
85	255
85	340
85	353
85	642
85	979
86	117
86	241
86	276
86	410
86	858
86	923
87	622
87	676
87	896
87	916
88	314
89	229
89	268
89	315
89	412
89	539
89	677
89	780
89	862
89	896
89	904
89	919
90	205
90	418
90	643
91	190
91	342
91	576
91	714
92	312
92	362
92	647
92	683
92	771
92	782
92	988
93	231
93	244
93	572
93	593
93	669
93	810
93	850
94	692
94	712
95	642
95	982
96	282
96	621
96	785
96	942
96	960
97	481
97	591
97	646
97	675
97	677
98	148
98	669
98	780
98	796
98	806
99	707
100	138
100	261
100	420
101	303
101	504
101	925
102	128
102	129
102	708
102	754
103	289
104	555
104	573
106	309
106	599
106	620
107	786
108	133
108	300
108	418
108	496
109	443
109	992
110	376
110	564
110	622
110	797
110	978
111	217
111	383
111	623
112	192
112	894
113	694
114	410
114	674
114	996
115	152
115	896
115	949
116	381
116	948
117	220
117	501
117	633
117	985
118	629
118	969
119	576
119	939
120	229
120	516
120	733
121	346
121	558
121	619
121	793
122	720
122	738
123	292
123	376
123	435
123	643
124	225
124	610
124	695
125	130
125	135
125	243
125	448
126	137
126	248
126	491
126	537
126	747
126	971
127	422
127	546
127	669
127	829
127	978
128	129
128	219
129	558
129	582
129	983
130	310
130	587
130	698
131	235
131	247
132	287
132	333
132	490
132	712
132	731
133	163
133	289
133	574
133	935
134	198
134	282
134	462
134	712
135	240
135	531
135	668
135	895
135	964
136	194
136	254
136	744
137	551
137	653
137	702
137	821
137	940
138	486
138	650
138	942
140	170
140	216
140	250
140	431
140	608
140	878
141	468
141	482
141	865
142	151
142	204
142	220
142	227
142	633
142	653
143	440
143	563
144	254
144	446
145	172
145	255
145	527
145	639
145	817
145	835
146	313
146	832
147	181
147	234
147	250
147	409
147	422
147	503
147	845
147	948
148	159
148	307
148	907
148	937
148	958
149	163
149	336
149	517
149	592
149	826
149	929
150	493
150	751
150	773
151	312
151	499
151	639
151	647
152	454
153	359
153	426
153	522
153	857
154	223
154	268
155	240
155	242
155	443
155	738
155	774
155	882
155	959
155	984
156	169
156	390
156	467
156	494
156	509
156	606
156	825
157	158
157	814
158	265
158	616
158	961
159	265
159	453
159	601
160	337
160	500
160	504
160	773
160	785
161	346
161	486
161	633
161	854
162	226
162	291
162	364
162	477
162	876
162	883
163	855
163	884
163	896
164	211
164	942
165	413
165	519
165	815
166	192
166	529
166	588
166	657
166	671
166	800
166	977
167	686
168	223
168	584
168	798
168	848
168	899
168	957
168	964
169	572
169	609
169	660
170	375
170	434
170	507
170	522
170	649
170	708
170	709
171	487
171	530
171	537
172	433
172	700
173	178
173	205
173	405
173	469
173	769
173	789
174	731
174	998
175	954
175	960
176	319
176	348
176	673
177	367
177	858
177	931
178	277
178	399
178	610
178	668
179	189
179	374
179	411
179	655
180	626
181	227
181	680
181	932
181	998
182	470
182	486
182	793
182	897
182	910
183	415
183	419
184	343
184	697
184	729
184	868
185	193
185	321
185	352
185	813
185	997
186	668
186	757
187	684
187	752
187	958
188	229
188	886
189	272
189	385
189	628
189	700
189	921
190	792
191	542
192	702
192	840
193	473
193	623
194	443
194	656
194	773
194	930
195	431
195	914
196	420
196	696
196	755
196	857
197	596
198	215
198	367
198	427
198	614
199	304
199	759
200	574
200	748
200	989
201	425
201	604
201	668
201	801
201	946
202	291
202	571
202	671
202	697
202	700
202	728
202	901
203	974
204	445
204	515
204	706
204	949
205	619
205	873
205	935
205	942
206	531
206	678
207	399
207	404
207	890
208	556
209	463
209	646
209	902
210	216
210	245
210	268
210	450
210	567
210	821
211	236
211	278
211	560
211	890
211	903
211	914
211	926
212	484
212	689
212	839
213	268
213	470
214	658
214	830
214	990
215	591
215	835
215	850
216	333
216	428
216	567
216	608
216	869
216	874
217	537
217	587
217	693
217	910
218	389
218	546
218	625
218	827
219	583
220	844
220	853
220	899
220	931
221	542
221	948
222	559
222	895
222	928
223	312
223	443
223	932
224	448
225	264
225	332
225	561
225	925
225	990
226	433
226	528
226	947
227	451
227	909
228	338
228	728
228	987
229	586
229	731
229	779
229	791
229	808
230	767
230	816
231	364
231	536
231	877
232	422
233	542
233	944
234	278
234	535
234	565
234	593
234	629
234	709
234	743
235	323
235	430
235	481
236	904
237	436
237	679
237	843
238	466
238	807
238	817
238	943
239	455
239	492
239	699
239	840
240	268
240	401
240	532
240	818
240	941
241	321
241	763
241	778
241	843
242	468
242	998
243	359
243	489
243	810
243	851
244	256
244	640
245	764
246	333
246	732
247	408
247	622
247	700
247	930
248	345
249	448
249	531
249	692
249	828
250	285
250	667
251	338
251	428
251	625
251	756
252	839
252	919
252	930
253	287
253	294
253	459
253	548
253	728
254	707
255	287
255	836
256	560
256	755
257	875
258	508
258	744
259	786
260	313
260	387
260	487
260	569
260	675
260	708
260	768
260	897
261	420
261	458
261	481
261	627
261	912
262	739
263	362
263	386
263	418
263	843
263	889
264	507
264	578
265	722
265	793
265	844
265	931
266	572
266	910
267	796
267	965
268	409
268	597
269	294
269	905
270	671
270	807
271	508
271	924
273	344
273	527
273	923
274	299
274	340
274	459
274	460
274	649
274	656
274	666
274	707
274	861
274	892
274	967
275	578
275	660
275	916
275	992
276	486
276	682
277	881
277	891
277	936
278	332
278	429
278	557
278	614
278	914
279	430
279	807
279	921
280	717
280	988
281	672
282	496
282	910
283	558
283	632
284	432
284	482
284	490
284	667
284	737
284	796
286	346
286	608
286	646
286	973
286	976
287	447
287	830
287	924
288	728
288	745
289	444
290	674
291	327
291	694
292	312
292	341
292	677
292	783
293	348
293	426
293	534
293	708
293	726
293	919
294	560
294	719
295	455
295	485
295	692
295	833
296	596
296	935
297	358
297	900
298	540
298	708
298	857
299	584
299	691
300	515
300	620
300	669
300	695
300	704
300	746
300	929
300	976
301	767
303	331
303	758
304	446
304	476
304	757
304	871
304	892
305	403
305	719
305	780
305	884
305	923
306	411
306	845
307	610
307	849
308	506
308	649
308	691
308	693
308	744
308	834
308	878
309	353
309	629
309	933
309	954
310	733
310	904
311	312
311	404
311	647
312	749
312	767
312	808
312	840
313	566
314	380
314	593
314	892
315	458
316	651
316	781
316	835
316	984
317	374
317	387
317	546
318	513
318	744
318	825
319	372
319	494
319	671
319	978
320	852
321	325
321	338
321	422
321	543
321	639
322	507
322	615
322	740
322	808
323	384
323	399
323	447
323	549
323	988
324	469
325	364
325	455
325	668
325	830
325	904
326	600
326	610
326	664
326	687
327	395
327	635
327	886
328	779
328	800
329	466
329	536
329	670
329	981
330	520
331	393
331	526
331	921
332	547
332	646
332	854
332	943
333	410
333	534
334	804
334	829
334	909
335	424
335	438
335	545
335	809
336	483
337	382
337	421
337	622
337	655
337	658
337	904
337	940
339	524
339	651
340	470
340	488
341	414
341	948
342	801
343	382
343	586
343	627
343	921
344	513
344	694
344	775
344	841
344	959
345	477
345	585
345	646
345	843
345	900
346	500
346	587
346	637
346	669
347	949
348	525
348	676
348	904
349	747
349	838
350	593
350	646
350	716
350	949
351	390
351	484
353	459
353	553
353	558
353	689
353	890
354	462
354	821
355	585
355	690
355	794
356	449
356	587
356	660
356	993
357	390
357	411
357	430
357	835
357	986
358	588
359	546
359	578
359	850
359	887
361	525
361	559
361	645
361	750
361	858
363	684
364	584
364	726
364	768
364	942
364	956
365	540
366	660
366	727
366	956
367	543
368	453
368	842
368	945
369	608
369	723
370	876
370	973
371	595
371	771
372	442
372	444
372	610
372	637
372	898
373	937
374	571
374	613
374	808
375	730
375	885
376	578
377	485
377	750
377	795
377	959
378	441
378	657
378	732
378	803
379	511
379	714
380	446
380	581
380	806
381	432
381	712
381	831
381	848
383	437
383	641
383	864
384	847
386	574
387	394
387	510
387	633
387	944
387	964
388	474
388	693
388	729
388	734
389	431
389	559
389	770
390	507
391	830
392	855
393	496
393	556
393	614
393	630
393	686
393	900
394	679
394	787
395	597
395	696
395	830
396	411
396	510
396	591
397	459
397	697
397	763
397	793
397	814
398	805
398	898
399	500
399	597
399	732
400	502
400	573
400	662
400	968
401	458
401	606
401	622
402	436
402	479
402	702
402	980
403	422
403	558
403	682
403	751
404	858
404	909
405	644
405	710
405	868
406	528
406	533
406	558
407	536
407	563
407	683
407	934
408	777
408	817
409	433
409	889
409	896
410	707
410	717
410	885
411	587
412	631
412	638
412	994
413	463
413	478
413	677
413	741
413	815
413	889
414	489
415	787
416	430
416	467
416	607
416	697
416	706
416	870
417	837
417	914
417	968
419	430
419	580
419	664
420	539
420	599
420	642
420	684
420	714
421	657
421	880
423	517
423	637
423	663
423	854
424	495
425	705
425	835
426	687
426	880
427	459
427	617
427	670
427	941
428	556
428	900
428	998
429	696
431	880
433	516
433	596
433	725
434	713
434	763
435	472
435	498
435	778
435	925
435	938
436	662
436	804
437	446
437	836
438	779
439	648
439	660
439	839
440	627
440	865
441	449
441	463
441	557
441	615
441	809
443	625
443	634
443	991
445	777
445	909
446	536
446	545
446	575
446	864
447	835
447	871
448	850
449	546
449	847
449	942
450	558
450	601
450	815
450	919
450	937
451	789
451	955
451	964
451	978
452	520
452	791
453	535
453	703
453	728
454	465
454	659
454	957
455	517
455	727
455	823
456	727
457	787
457	905
459	549
459	562
459	612
459	740
459	772
460	622
460	795
460	866
461	905
462	754
463	920
463	983
464	624
465	748
466	954
467	615
467	693
467	998
469	475
469	511
469	649
469	820
470	536
470	712
470	736
471	853
472	508
473	593
473	697
473	711
473	739
473	817
474	597
474	732
474	767
474	873
474	937
475	748
475	776
475	963
475	971
476	576
476	677
476	931
476	947
478	506
478	733
479	753
479	832
480	892
481	509
481	529
481	873
482	661
483	760
483	960
484	552
484	629
484	713
484	764
484	815
485	929
486	727
487	997
488	888
489	663
489	697
490	704
491	593
491	669
491	686
492	496
492	843
492	953
493	524
494	980
494	981
495	536
495	924
497	509
497	602
497	668
497	675
497	750
497	862
497	919
497	928
498	604
498	616
499	630
499	750
499	801
499	954
499	969
500	769
500	814
500	934
501	853
503	536
503	635
503	661
503	687
503	716
503	814
504	693
504	763
504	902
505	690
506	752
506	913
507	712
508	519
508	774
508	897
509	530
509	899
510	658
510	776
511	583
511	739
511	799
511	972
512	538
512	706
512	937
513	742
514	909
514	994
515	887
515	996
516	710
517	681
518	527
518	589
518	663
518	782
518	897
519	561
519	979
520	771
520	793
520	923
521	646
522	642
522	788
522	859
523	537
523	697
523	989
524	817
525	753
525	933
526	736
527	601
527	940
528	682
528	818
528	926
529	539
529	682
529	934
530	832
531	540
531	571
531	696
531	728
531	952
533	557
533	605
533	696
533	848
533	971
534	846
534	865
535	654
535	782
535	811
536	799
537	596
537	904
538	638
539	639
539	908
540	730
540	813
541	677
542	664
542	821
542	924
543	642
544	623
544	991
547	908
547	934
549	955
549	996
550	640
550	646
551	644
551	657
551	901
552	676
553	948
554	722
554	742
555	749
555	761
555	973
556	582
556	935
557	788
560	612
560	981
561	991
562	837
562	987
564	917
564	938
565	916
566	672
567	671
567	759
567	865
567	951
567	978
568	673
568	804
569	612
570	651
570	711
570	802
571	756
571	816
571	818
571	959
572	627
572	702
572	973
573	809
573	854
573	896
573	934
574	721
574	725
575	999
576	599
576	706
577	598
578	579
578	789
579	600
579	730
579	969
580	702
580	968
581	818
582	752
582	765
582	819
583	768
584	657
585	667
585	728
585	748
585	901
585	964
586	669
587	759
587	844
589	917
589	931
589	945
589	954
590	838
592	969
593	604
594	823
595	836
596	597
596	843
597	718
597	801
598	636
598	653
598	755
599	601
599	842
599	858
599	908
600	823
601	607
601	625
602	891
603	912
603	946
603	962
604	639
605	779
606	728
606	763
606	784
606	885
607	904
608	775
608	968
609	928
610	655
611	903
613	666
613	695
613	706
613	769
613	787
613	835
614	677
614	696
614	710
614	993
615	943
615	975
616	762
616	966
617	723
617	762
617	793
619	671
619	837
619	876
622	967
623	651
625	872
626	828
626	994
627	642
627	656
629	654
629	655
629	672
630	790
630	900
630	922
630	962
632	846
633	698
635	847
636	698
637	738
637	889
637	934
639	979
642	889
642	917
643	681
643	693
643	706
643	841
643	842
644	658
644	886
645	734
645	953
646	685
646	901
647	917
652	982
653	757
653	930
654	665
654	696
654	861
655	867
655	892
656	771
656	821
657	782
658	779
658	879
659	791
660	684
660	845
660	913
660	921
661	921
662	739
662	818
664	703
664	729
664	730
665	769
665	772
665	784
666	724
666	941
667	921
668	834
668	972
669	945
669	973
671	681
671	979
672	880
673	762
673	854
673	891
675	918
676	868
676	995
677	966
678	731
678	759
678	780
678	957
680	724
680	752
681	720
683	810
683	855
685	908
685	994
686	735
686	793
687	739
688	996
688	998
689	921
691	895
691	991
692	888
693	759
694	829
694	969
695	798
695	864
696	837
697	727
697	965
701	717
701	934
702	927
704	803
705	724
708	749
710	765
710	805
710	825
711	738
712	762
712	927
713	862
713	917
714	830
715	823
715	952
717	729
717	832
718	766
718	902
722	808
722	964
722	996
723	844
724	819
725	899
726	873
728	899
729	788
730	969
736	915
738	952
738	970
739	935
741	882
745	768
745	860
746	857
748	900
748	901
752	886
753	991
754	956
756	999
758	975
759	861
760	910
761	764
761	800
762	775
763	794
763	812
764	822
765	951
765	973
766	841
766	901
767	808
767	814
768	953
769	816
770	773
771	832
771	912
772	893
774	909
776	822
776	914
776	957
776	979
778	937
779	781
782	828
782	997
785	823
785	854
785	969
786	998
790	843
790	870
792	853
792	985
795	938
795	961
797	929
798	935
799	800
799	876
799	909
803	898
804	924
805	971
806	841
806	970
807	871
807	974
808	810
809	851
809	937
812	871
814	964
817	836
821	998
823	917
824	854
824	988
825	873
825	962
825	971
829	947
831	988
833	847
833	924
834	871
840	846
842	908
845	863
848	979
848	984
850	943
854	871
855	867
855	910
855	980
857	967
858	990
864	949
873	997
874	973
877	943
883	895
883	979
885	971
890	906
892	918
893	998
898	970
899	981
901	945
903	923
906	989
909	972
910	936
915	953
917	979
920	978
924	953
934	943
939	990
941	999
942	996
947	966
954	960
957	990
966	993
984	995
986	994