0	67
0	431
0	499
0	641
0	810
0	908
0	937
1	725
1	746
2	265
2	454
2	461
2	528
2	802
3	301
3	356
4	251
4	277
4	375
4	384
4	493
4	517
4	583
5	246
5	849
6	759
6	832
7	117
7	158
7	238
7	260
7	308
7	530
8	575
9	82
9	153
9	437
9	575
9	860
9	954
10	327
10	664
10	739
10	744
11	386
11	640
11	651
12	936
13	158
13	866
14	597
15	150
15	251
15	519
15	891
16	140
16	186
17	95
17	149
17	252
17	696
17	753
17	873
17	916
17	948
17	950
18	170
18	826
19	83
19	828
19	966
20	315
20	339
20	478
21	109
21	691
22	213
22	774
23	216
23	689
23	788
23	878
24	81
24	126
24	258
24	765
24	826
24	952
25	627
26	272
26	766
27	339
27	496
27	570
27	830
27	999
28	747
29	486
29	887
30	494
30	657
30	979
31	72
31	357
31	627
31	902
32	165
32	660
32	764
32	874
32	899
32	928
33	69
33	75
33	724
33	947
34	243
34	422
34	975
35	243
35	256
35	391
35	436
35	442
35	526
35	565
35	706
36	324
36	415
36	796
37	443
37	556
38	573
39	444
40	833
41	145
41	736
42	67
42	218
42	652
43	53
43	169
43	838
44	197
44	674
44	923
44	984
44	990
45	99
45	481
45	962
46	318
46	321
46	404
46	436
47	154
47	824
47	911
47	924
47	992
48	401
48	484
48	530
48	570
48	641
48	745
48	934
49	271
49	421
49	593
49	826
49	863
50	638
50	866
50	907
51	129
51	430
51	433
51	580
51	673
51	681
51	819
52	204
52	861
52	965
53	340
54	446
54	592
55	257
55	661
55	786
55	787
56	220
56	795
56	818
57	265
57	339
57	742
58	116
58	122
58	281
58	660
58	692
59	931
60	265
60	555
60	603
60	625
60	838
60	930
61	70
61	228
61	408
61	809
61	889
62	71
62	213
62	482
63	172
63	625
63	717
63	785
63	821
63	927
63	954
64	97
64	104
64	220
64	250
64	392
64	455
64	460
64	476
64	828
65	454
65	532
65	901
66	515
66	547
66	701
66	784
67	327
68	251
68	509
69	111
69	141
69	193
69	246
69	659
69	997
70	218
70	315
70	380
70	731
70	808
71	82
71	690
71	789
71	945
72	267
72	556
72	676
72	889
73	213
73	297
73	402
73	495
74	168
74	407
74	454
74	744
74	895
75	500
75	754
76	78
76	334
76	755
76	776
77	223
77	363
77	615
77	705
78	242
78	370
78	705
78	962
79	103
79	161
79	196
79	203
79	242
79	293
80	501
81	171
81	465
82	381
82	552
82	670
82	709
82	764
82	836
83	212
83	222
83	260
83	299
83	550
83	872
84	464
84	694
84	702
84	905
85	507
86	414
86	491
86	548
86	565
86	630
86	789
86	870
87	351
87	409
87	618
87	854
87	924
88	109
88	475
89	236
89	491
89	820
90	147
90	355
90	425
90	922
91	133
91	148
91	409
91	429
92	150
92	764
92	804
92	961
93	319
93	736
93	789
94	476
95	377
95	506
96	455
96	604
96	609
96	967
97	677
97	826
97	833
97	834
97	909
97	962
98	513
98	955
98	966
98	998
99	147
99	514
99	524
99	904
100	203
100	592
100	632
101	105
101	222
101	237
101	479
101	929
101	940
102	320
102	763
104	195
104	252
104	480
104	678
104	785
104	794
105	357
105	576
105	784
105	823
105	881
106	329
106	768
106	835
106	984
107	279
107	559
107	647
108	112
108	198
108	271
108	798
109	290
110	211
110	227
110	287
110	412
110	506
110	681
110	756
110	897
111	422
111	524
111	632
111	913
112	264
112	884
113	393
113	434
113	846
114	215
114	280
114	389
115	298
115	537
115	571
115	973
116	431
117	161
117	268
117	354
117	816
118	428
118	615
118	635
118	990
119	407
119	515
119	646
119	835
120	214
120	288
120	431
120	525
120	802
120	976
121	177
121	446
121	546
121	653
122	410
122	890
123	394
123	490
123	515
123	852
124	511
124	612
124	683
124	868
125	137
125	427
125	540
125	694
125	728
125	742
125	833
126	444
126	511
126	697
126	927
126	937
127	283
127	964
128	542
128	659
128	960
129	369
129	392
129	599
129	768
130	319
130	342
130	418
130	436
130	939
131	464
131	840
132	278
132	551
132	689
132	953
133	153
133	660
133	833
133	840
133	987
133	988
134	321
134	793
134	863
135	360
135	457
136	419
136	584
136	883
136	943
137	198
137	259
137	302
137	317
137	747
137	815
138	506
138	702
139	145
139	328
139	791
140	303
140	637
141	287
141	991
142	200
142	481
142	489
142	538
143	448
144	435
144	688
145	308
146	225
146	447
146	721
147	486
149	385
149	685
149	739
150	250
150	697
150	751
151	813
152	194
152	705
152	751
152	953
153	293
153	299
153	382
153	704
153	850
153	911
154	317
154	546
155	215
155	233
155	851
156	255
156	411
156	633
156	880
157	183
157	299
157	755
157	828
158	159
158	320
159	647
159	857
160	335
160	407
160	571
160	692
160	821
161	275
161	462
161	978
162	705
162	831
162	881
163	399
163	997
164	180
164	379
164	875
165	364
165	411
165	425
165	441
165	523
166	196
166	267
166	436
166	462
166	472
166	809
166	993
167	420
167	643
167	750
168	278
168	450
168	577
168	743
169	178
169	189
169	190
170	359
170	407
170	689
170	832
170	872
171	906
171	989
172	465
172	852
173	177
173	223
173	553
173	557
174	933
175	489
175	514
175	661
175	754
175	770
175	790
175	942
176	670
176	806
176	839
176	878
177	298
177	781
177	805
178	201
178	495
178	496
178	589
179	259
179	344
179	520
179	560
179	711
179	974
180	570
180	927
180	960
181	209
181	248
182	644
182	965
182	992
183	733
183	948
184	225
185	674
185	713
185	754
185	805
186	367
186	992
187	295
187	332
187	398
187	473
187	710
187	931
187	974
188	851
188	912
189	287
189	625
189	753
189	835
191	489
191	523
191	871
192	529
192	698
192	963
194	453
194	959
194	995
195	284
195	522
195	815
195	923
196	678
196	997
197	613
197	619
198	318
198	423
198	565
198	633
199	394
199	659
199	848
200	297
200	330
200	442
200	900
201	256
201	663
201	680
201	722
201	912
202	493
202	849
203	399
203	438
203	551
203	854
204	564
204	784
205	320
205	737
205	827
206	265
206	767
207	896
208	753
209	305
209	744
209	760
209	770
209	831
210	242
210	306
210	453
210	589
210	701
210	940
211	352
211	667
213	363
213	592
213	693
213	702
213	807
213	880
213	912
214	255
214	292
214	581
215	232
217	249
217	274
217	585
217	736
218	284
218	381
218	486
218	797
218	836
218	846
219	438
219	449
219	488
219	609
219	666
219	928
219	978
220	376
220	458
221	283
221	344
221	408
221	491
221	671
221	794
221	893
221	957
222	308
222	770
222	950
223	247
223	283
223	704
223	916
224	441
224	759
225	463
225	680
225	794
226	482
226	532
226	682
226	858
226	879
226	891
228	404
228	439
228	591
228	822
229	324
229	446
229	562
229	678
230	508
230	789
231	424
231	983
232	449
232	530
232	744
233	636
233	826
234	995
235	377
235	470
235	491
235	761
235	923
236	261
236	514
236	622
237	439
237	503
237	708
237	802
237	882
237	997
238	285
238	435
238	539
238	600
238	643
238	986
239	363
239	377
239	753
240	770
240	924
240	998
241	523
241	569
242	503
242	534
242	779
243	780
243	919
244	743
244	831
245	428
245	500
245	985
246	483
246	610
247	434
248	478
248	871
249	367
249	505
249	532
250	521
250	673
251	282
251	546
251	951
252	774
252	811
253	416
253	553
253	563
253	803
254	312
254	358
254	539
254	744
254	826
255	682
256	352
256	701
257	280
257	430
257	989
258	405
258	846
259	266
259	357
259	553
259	601
260	336
260	517
261	388
262	694
262	753
263	335
263	347
263	373
263	975
264	753
264	966
265	409
265	455
265	750
266	386
267	581
268	345
268	448
268	599
268	894
269	599
270	425
270	804
270	866
270	889
271	321
271	429
271	482
271	567
273	471
273	994
274	600
275	357
275	425
276	536
276	972
277	473
277	830
277	947
278	286
278	320
278	677
279	389
279	566
279	608
279	830
280	282
280	299
280	310
280	448
280	716
280	760
281	501
281	533
281	540
281	656
281	869
282	286
282	345
282	401
282	634
283	374
283	766
283	801
283	817
283	880
284	471
284	497
284	684
284	738
284	820
284	954
285	609
285	694
286	804
286	831
286	969
287	314
287	595
288	509
289	475
289	560
289	669
290	301
290	341
290	383
290	933
291	872
293	503
293	616
293	851
294	415
294	543
294	855
294	998
295	522
295	834
296	513
296	637
296	965
297	870
297	895
298	643
298	998
300	422
300	479
300	523
300	756
300	917
300	930
301	367
301	688
301	940
302	406
302	779
303	938
303	981
304	320
304	719
304	793
305	646
305	664
305	811
307	944
307	961
308	354
308	854
308	906
308	940
309	555
310	368
310	638
311	551
311	570
311	679
311	721
311	847
313	493
313	519
313	678
314	842
314	889
315	642
315	996
316	944
317	419
317	466
317	680
317	838
317	911
318	623
318	950
319	356
319	435
319	658
320	352
320	510
320	869
321	462
321	668
322	488
322	511
322	857
323	784
323	989
324	533
324	730
325	635
325	658
325	724
325	997
326	651
327	399
327	549
327	605
327	690
327	699
328	706
328	749
329	358
329	393
329	943
330	452
330	474
330	483
330	557
330	588
330	871
331	629
331	968
332	577
332	585
332	747
332	932
333	529
333	833
333	857
333	990
334	713
335	683
336	405
336	728
336	868
337	498
337	716
337	921
338	863
339	811
339	875
340	390
340	491
340	764
341	710
342	464
342	521
342	580
343	374
343	754
343	947
344	417
344	589
344	807
345	970
346	376
346	387
346	839
347	421
347	692
347	779
347	793
348	438
348	594
349	828
350	376
350	512
350	642
350	769
350	898
351	409
351	491
351	671
351	862
352	767
352	800
353	672
354	412
354	893
355	623
355	718
355	733
355	953
356	363
356	689
356	841
356	865
357	482
357	609
358	648
359	485
359	582
359	639
360	918
361	840
362	554
362	808
362	861
363	478
363	847
363	958
363	973
363	980
364	700
364	737
364	930
365	368
365	387
365	517
365	800
365	954
365	981
366	667
367	486
367	696
368	564
368	725
368	867
368	961
369	375
370	689
370	853
370	990
371	717
372	852
373	580
373	903
373	965
374	397
374	531
374	631
374	889
374	989
375	476
375	590
375	707
375	834
375	932
376	851
377	432
377	456
377	728
378	560
378	995
379	468
379	962
380	491
380	596
380	743
380	825
380	826
381	641
381	821
381	852
382	465
382	755
383	508
383	631
383	646
383	930
384	836
385	413
385	417
385	471
385	588
385	707
385	972
386	536
386	990
386	996
388	609
388	716
388	751
388	813
388	825
390	617
390	708
390	960
391	635
392	717
393	485
393	625
393	690
394	621
394	741
394	745
395	419
395	922
395	969
396	686
396	728
397	755
397	789
397	795
398	779
398	845
398	907
399	446
399	571
400	710
401	488
401	600
401	636
402	454
402	511
402	699
402	722
402	749
402	917
402	969
403	610
403	712
404	417
404	567
404	820
404	992
407	966
408	927
409	516
409	873
410	823
411	685
411	953
412	506
412	934
413	661
414	616
414	938
416	597
416	851
417	550
417	800
417	924
418	606
418	935
419	427
419	760
419	794
419	935
419	949
420	868
421	675
421	894
421	990
422	500
422	556
422	642
422	834
422	978
423	654
423	876
424	970
425	641
426	517
426	576
426	611
427	551
427	657
427	668
429	565
429	607
430	433
430	618
431	873
431	927
432	748
432	886
432	900
434	446
436	437
436	601
436	696
436	732
437	620
438	463
439	570
439	772
439	888
440	444
440	524
440	561
440	750
441	615
442	678
442	719
442	755
444	883
444	907
445	474
445	545
445	713
445	764
446	770
447	500
447	901
449	454
449	833
449	966
450	548
450	565
451	554
452	729
452	880
452	990
453	470
453	640
453	864
454	603
454	844
455	877
455	881
457	630
457	699
457	926
458	644
459	562
459	863
460	587
460	792
461	778
461	883
461	915
462	463
462	764
462	969
463	682
463	935
465	588
465	832
466	550
466	640
467	615
467	890
468	983
469	574
469	637
469	779
470	628
470	648
470	892
471	478
471	811
472	826
472	975
473	697
473	931
474	490
474	589
474	708
474	972
475	932
477	601
477	671
477	713
477	859
478	492
478	840
479	484
479	537
479	740
479	781
479	880
479	949
480	565
480	663
480	919
481	497
481	663
481	787
483	492
483	689
483	909
484	612
484	869
485	525
485	868
486	974
487	930
488	801
489	794
489	854
489	888
489	946
490	497
490	739
490	996
492	618
492	783
493	620
493	670
495	869
495	975
498	521
498	575
498	738
498	955
499	543
499	632
501	527
501	573
502	741
502	743
503	791
504	575
504	851
506	574
506	588
506	724
507	559
507	919
508	936
509	818
512	671
512	829
512	903
512	946
513	765
513	773
514	883
516	590
516	620
516	623
516	788
516	967
517	659
517	826
518	678
518	758
519	608
519	726
519	764
519	820
520	630
520	916
520	942
521	615
521	806
521	952
522	716
522	971
523	547
523	973
525	601
525	920
526	650
526	896
527	624
529	571
529	756
529	836
530	655
530	693
530	982
531	799
531	860
531	906
532	986
533	839
534	551
534	981
535	750
536	940
537	665
537	834
540	706
540	914
541	575
541	830
542	733
542	762
542	995
544	683
544	845
544	903
545	660
545	956
546	675
546	851
548	748
548	794
548	934
551	577
551	872
552	582
553	856
555	796
556	649
556	659
556	983
557	669
557	821
558	586
558	877
558	971
559	595
559	725
559	898
560	769
560	881
561	759
561	791
562	613
563	715
563	769
563	790
563	812
563	914
564	896
567	640
568	651
568	874
569	889
569	925
570	614
570	919
571	611
571	940
571	941
572	865
572	907
572	978
573	613
574	691
574	741
575	644
575	663
575	936
577	578
577	698
577	808
577	994
578	838
578	929
579	766
580	933
582	589
583	610
583	947
584	882
585	823
587	952
590	633
590	742
591	894
596	723
596	734
598	879
598	898
600	786
600	974
601	676
602	738
603	859
603	937
606	895
607	829
607	916
607	939
608	753
609	708
612	890
613	678
613	965
614	722
614	783
615	710
615	792
616	979
617	639
617	973
618	712
619	936
619	987
620	705
622	718
622	801
622	857
622	863
622	909
623	663
626	852
628	675
628	695
628	973
629	665
631	670
631	830
632	702
632	726
632	836
633	774
634	887
635	683
635	950
635	981
636	681
636	775
636	790
636	841
637	959
638	980
639	853
639	987
640	872
641	716
641	958
643	809
643	885
644	744
645	858
645	981
647	740
649	896
649	920
650	752
650	801
650	877
650	948
651	688
651	788
651	839
652	937
653	796
653	888
654	737
655	661
656	696
656	967
657	676
658	872
658	994
661	705
661	908
662	806
663	768
664	792
664	857
665	928
666	892
667	795
667	859
668	974
669	678
669	745
670	709
671	726
671	737
673	691
673	757
675	696
675	746
675	907
675	921
675	950
676	770
677	777
678	702
678	738
678	859
678	930
678	993
679	775
679	834
682	701
684	819
684	913
686	687
686	784
687	782
687	890
687	963
688	772
690	778
690	973
691	738
692	720
693	888
694	802
695	812
695	905
698	889
699	703
699	735
699	854
700	749
700	840
702	727
702	923
703	854
703	866
703	872
703	888
705	903
707	883
710	746
710	877
711	965
711	989
711	994
713	718
713	875
714	936
715	718
715	724
715	809
715	920
716	840
716	926
718	820
718	860
719	824
719	963
721	888
722	927
724	923
726	795
726	975
728	760
729	741
729	914
731	880
735	784
737	977
737	979
738	771
739	987
741	829
741	886
741	911
742	979
742	983
743	897
744	865
744	895
745	952
746	811
747	857
748	861
751	959
753	958
754	777
754	889
754	994
755	833
755	912
757	846
757	998
758	914
759	966
760	898
761	814
761	908
761	915
764	944
765	800
766	952
768	843
770	890
771	829
773	800
773	877
773	915
774	801
774	875
775	785
775	975
776	904
776	922
777	906
778	794
778	821
778	937
781	786
781	905
781	966
783	942
784	871
788	973
789	946
792	942
792	946
793	827
793	927
793	982
794	871
794	882
796	801
798	810
798	928
801	887
801	915
802	856
802	989
803	891
803	903
804	970
804	982
804	995
807	853
807	961
810	930
811	872
811	939
814	924
816	865
817	955
818	837
819	866
819	899
821	929
825	882
826	892
830	952
831	904
831	968
833	873
833	892
833	922
835	896
839	853
839	901
843	861
843	905
846	917
847	967
850	910
851	894
854	966
856	977
861	865
864	865
864	960
868	947
869	877
872	899
874	907
874	922
874	929
874	988
876	897
878	896
878	898
883	961
887	961
889	958
891	928
892	943
894	898
894	982
894	993
895	940
896	934
898	910
901	915
901	981
904	920
905	950
905	966
906	970
911	968
911	991
916	929
917	968
918	960
919	983
924	934
924	971
925	949
926	977
930	956
931	948
932	999
943	954
947	956
949	969
954	961
956	989
962	997
969	984