0	7
0	27
0	474
0	697
0	882
1	87
2	573
2	594
2	903
3	196
3	398
3	608
3	732
3	818
3	857
4	55
4	98
4	130
4	354
4	453
4	792
5	731
6	294
6	325
6	474
6	497
6	499
6	687
7	351
7	426
7	832
8	183
8	446
8	543
8	977
9	97
9	511
9	655
9	833
10	246
10	443
10	684
11	256
11	311
11	479
11	647
12	181
12	257
12	293
12	311
12	435
12	443
12	491
12	847
13	183
13	189
13	233
13	584
13	682
14	96
14	233
15	138
15	154
15	739
16	130
16	162
16	615
16	617
17	609
17	687
17	909
18	296
18	579
18	859
19	145
19	363
19	530
19	732
19	780
19	789
20	158
20	474
20	480
21	235
21	657
21	864
21	924
22	56
22	216
22	467
22	783
23	133
23	262
23	665
23	698
24	410
24	521
24	676
24	785
25	83
25	145
25	321
25	393
25	810
26	471
27	286
27	772
27	972
28	784
28	886
29	193
29	211
29	714
29	899
30	261
30	626
30	692
30	841
31	157
31	517
31	945
32	522
32	785
32	922
32	998
33	127
33	356
33	702
33	735
34	38
34	143
34	264
34	410
34	419
34	630
35	272
35	354
36	41
36	105
36	164
36	468
36	731
36	797
37	372
37	601
37	897
37	979
38	72
38	185
38	530
38	611
39	359
39	576
39	854
40	324
40	506
40	853
41	70
41	403
41	435
41	580
41	685
41	752
42	71
42	634
42	804
42	962
43	165
43	221
43	665
43	688
44	86
44	179
44	375
45	230
45	292
45	761
45	767
45	858
46	122
46	363
46	376
46	479
46	486
46	755
47	233
47	259
48	251
48	684
48	830
49	364
49	413
49	471
49	739
50	270
50	385
50	397
50	425
50	816
50	822
51	109
51	508
52	521
52	688
52	728
52	787
53	126
53	217
53	313
53	324
53	561
53	644
54	238
54	621
55	514
55	594
55	717
55	784
56	567
56	919
57	491
57	969
58	136
58	139
58	145
58	197
58	316
58	764
58	804
58	821
59	474
60	104
60	274
60	280
60	461
60	999
61	234
61	758
61	888
62	122
62	142
62	336
62	380
62	448
62	458
63	172
63	450
63	618
63	695
63	776
63	846
64	596
64	928
65	298
65	303
65	351
65	610
65	734
65	791
66	161
66	382
67	176
67	470
67	493
68	308
68	323
68	544
68	549
68	606
68	676
68	923
69	272
69	349
69	779
70	333
70	766
70	781
70	915
71	428
71	483
71	484
71	724
72	162
72	218
72	406
72	507
72	559
73	376
73	623
73	653
74	235
74	443
74	559
74	715
75	455
75	507
76	377
76	456
76	471
76	848
76	852
76	864
77	117
77	164
77	425
77	450
78	153
78	557
78	683
78	713
79	384
79	930
80	148
80	160
80	842
81	404
81	828
82	265
82	381
83	539
83	691
83	726
83	771
83	970
84	345
84	727
84	965
85	115
85	206
86	417
86	719
87	239
87	422
87	471
87	472
87	613
87	788
87	861
88	466
88	530
88	685
88	983
89	220
89	631
90	235
90	239
90	736
90	849
90	889
91	756
92	190
92	615
92	631
93	307
93	638
94	783
95	424
95	465
95	625
95	727
95	768
95	780
96	224
96	294
96	698
97	308
97	542
98	104
98	137
98	212
98	814
99	180
99	597
99	724
99	739
99	867
99	892
100	258
100	455
100	469
100	548
100	762
100	798
101	117
101	246
101	512
101	633
101	707
101	944
102	514
102	673
102	726
102	751
103	544
103	592
103	879
103	910
104	133
104	241
104	248
104	361
105	374
105	437
105	796
105	901
106	177
106	210
106	495
106	904
107	117
107	128
107	260
107	799
107	825
107	859
108	182
108	994
109	206
109	454
109	819
109	932
110	185
110	352
110	411
110	615
111	608
111	768
111	993
112	413
112	647
112	655
112	858
113	351
113	469
113	828
114	562
114	773
115	156
115	249
115	250
115	338
115	371
115	422
115	626
116	465
116	662
117	771
117	809
118	381
118	433
118	638
118	936
119	168
119	425
119	432
119	957
120	302
120	914
121	542
121	582
121	973
122	294
122	538
122	574
122	705
122	791
122	793
123	164
123	434
123	451
123	492
123	742
124	149
124	576
124	873
124	919
125	469
125	575
125	616
125	637
125	753
125	881
126	524
126	776
127	552
127	557
127	804
127	813
127	830
127	987
128	336
128	774
128	876
129	597
130	291
130	736
131	337
131	485
131	727
132	184
132	508
132	875
132	955
132	993
133	157
133	351
133	567
133	992
134	440
134	879
135	147
135	151
135	294
135	506
135	730
136	288
136	464
136	704
136	747
137	184
137	873
137	994
138	534
138	826
139	245
139	578
140	202
140	642
140	652
140	801
141	456
141	963
142	677
142	680
142	681
142	917
143	287
143	415
143	514
143	542
143	618
143	725
143	856
144	520
144	524
145	543
145	547
145	583
146	216
146	362
146	822
147	646
147	864
148	571
148	882
149	612
149	949
150	344
150	456
150	634
150	924
151	198
151	676
151	713
152	336
152	419
152	483
152	553
152	801
152	950
152	976
153	321
153	399
153	777
153	779
153	915
153	978
154	380
154	618
155	353
155	437
155	458
155	602
155	840
155	885
155	919
156	231
156	480
156	530
156	604
157	216
157	245
158	259
158	410
158	537
159	342
159	963
160	394
160	699
161	635
161	653
161	783
161	893
162	298
162	315
162	576
162	678
162	790
163	346
164	516
164	930
165	935
166	225
166	512
166	575
166	884
167	375
167	671
168	224
168	666
168	879
169	205
169	375
169	782
169	957
170	418
170	477
170	569
171	404
171	811
172	760
172	928
173	248
173	442
173	617
173	641
173	935
174	303
174	638
174	920
175	442
176	675
176	912
177	408
177	419
177	492
177	497
177	970
178	367
178	945
178	962
179	673
179	682
179	709
179	972
180	623
180	680
180	740
180	903
180	980
181	318
181	336
181	639
181	714
181	937
182	384
182	592
182	792
182	835
183	518
183	867
184	358
184	389
184	687
184	849
184	918
185	364
185	767
186	241
186	384
186	729
187	253
187	320
187	959
187	998
188	326
188	647
188	866
189	299
189	375
189	474
189	491
189	908
190	492
190	515
191	221
191	476
191	606
191	811
192	194
192	770
193	471
193	836
193	899
193	960
194	247
194	566
194	629
194	757
194	887
194	896
195	607
195	881
196	363
197	646
197	772
198	913
199	255
199	979
200	319
200	375
200	701
201	556
201	824
202	510
202	736
202	982
203	218
203	241
203	826
203	878
203	943
204	515
204	693
204	719
205	334
205	388
205	623
205	959
206	391
206	639
206	877
207	408
208	424
208	451
208	684
209	389
209	457
209	781
210	310
210	324
210	325
210	540
210	694
210	725
210	859
210	943
211	266
211	467
211	755
211	820
212	245
212	314
212	562
212	624
212	776
213	290
213	721
213	892
213	915
214	261
215	713
215	884
216	701
217	271
217	280
217	554
217	807
218	657
218	699
218	808
218	880
219	238
219	258
219	322
219	571
220	250
220	334
220	623
220	684
220	925
221	679
221	773
221	846
221	962
221	993
222	872
222	899
223	449
223	597
224	452
224	693
224	813
224	870
225	393
225	473
225	495
225	544
225	607
225	937
226	279
226	785
226	997
227	308
227	592
227	758
228	247
228	437
228	453
228	568
228	776
228	906
229	345
229	791
229	995
230	632
230	636
230	831
230	951
231	298
231	533
232	331
232	340
232	421
232	461
233	525
233	601
233	605
234	305
234	553
234	589
234	889
235	397
235	426
235	778
235	842
236	270
236	528
236	838
237	323
237	841
237	900
238	258
238	456
238	461
238	729
239	320
239	413
239	578
239	926
240	799
240	995
241	353
241	633
241	665
241	699
241	857
242	931
243	298
243	478
243	655
243	936
243	990
244	391
244	411
244	804
245	429
245	768
245	954
246	372
246	417
246	467
246	486
246	801
247	284
247	408
248	341
248	358
248	480
249	360
249	630
249	682
249	748
249	880
250	499
250	648
251	685
251	833
251	876
252	418
252	471
252	513
252	846
252	921
252	961
252	975
253	379
253	468
253	683
254	333
254	633
254	765
254	980
255	534
255	573
255	633
255	748
255	779
255	804
255	852
256	619
257	408
257	670
257	711
257	882
258	313
259	329
259	639
259	936
260	497
260	966
261	643
261	693
261	707
262	354
262	400
262	612
262	975
263	315
263	498
263	760
263	982
264	268
264	312
264	499
264	731
265	346
265	956
267	388
267	446
267	939
268	441
268	643
268	853
269	649
269	669
269	715
270	479
270	575
270	811
270	820
270	862
271	681
271	752
271	947
273	394
273	756
273	960
274	364
274	561
275	393
275	423
276	599
276	823
277	503
277	926
278	311
278	351
278	885
279	385
279	507
281	452
281	689
281	887
282	477
282	640
282	982
283	908
284	380
284	401
284	746
284	988
285	303
285	429
285	775
286	351
286	408
286	526
286	686
286	698
287	615
287	628
288	372
288	647
288	764
288	991
289	738
290	583
291	567
291	846
292	294
292	308
292	567
292	614
293	341
293	479
293	842
293	984
294	430
295	428
295	543
295	553
295	655
295	798
296	313
296	458
296	492
297	525
297	800
297	922
298	376
298	521
298	840
299	501
299	594
299	620
300	379
300	692
300	877
300	909
301	319
301	406
301	422
302	837
302	905
303	536
304	504
304	565
304	633
304	666
304	678
304	841
304	877
304	904
305	420
305	964
306	789
306	815
306	869
307	348
307	517
307	723
308	311
308	337
308	525
308	587
309	425
310	456
310	602
310	869
310	913
311	503
311	925
312	360
312	380
312	863
312	899
313	662
313	947
314	579
315	788
315	844
316	388
316	446
316	501
316	551
316	762
317	446
318	344
318	362
318	382
318	471
319	688
319	872
319	942
320	345
320	361
320	374
320	524
320	793
320	920
321	335
321	427
321	483
322	682
322	690
323	326
323	371
323	740
323	884
323	959
323	966
324	349
324	356
324	515
324	693
324	707
324	954
325	458
325	545
325	720
325	744
325	917
326	377
326	712
326	885
327	456
327	630
327	923
328	619
328	919
329	434
329	494
329	856
329	943
330	917
330	987
331	361
331	770
331	976
332	509
332	710
332	830
333	437
333	492
333	493
333	630
333	815
333	826
333	963
334	855
335	337
335	384
335	687
335	719
335	733
335	957
335	966
336	373
336	455
336	782
336	916
337	439
337	466
337	955
338	655
338	707
338	735
338	935
339	532
339	654
339	731
339	989
340	346
340	675
341	385
341	692
341	768
341	795
341	936
343	540
343	593
343	713
343	739
343	841
344	404
344	604
344	857
344	927
345	387
345	530
345	821
345	881
345	913
346	634
346	898
347	731
347	958
348	522
348	844
349	627
349	680
349	826
350	677
350	779
350	845
350	851
352	513
352	620
353	713
354	500
354	605
354	678
354	873
355	730
356	431
356	788
356	819
356	899
357	996
358	549
358	621
358	633
358	728
358	880
359	430
359	554
360	371
361	369
361	553
361	680
361	906
363	871
364	379
365	796
366	606
367	521
367	627
367	661
368	641
369	419
369	786
370	501
370	517
370	598
370	599
371	403
371	578
371	622
371	674
372	935
373	384
373	390
373	419
374	497
374	868
375	580
375	723
376	443
376	774
376	839
376	993
377	391
377	904
377	973
378	395
378	461
378	499
378	572
378	857
378	934
379	552
379	743
379	794
380	487
380	686
380	846
382	479
382	589
382	680
382	891
383	813
385	706
385	739
385	992
386	404
386	497
386	501
387	496
388	446
388	632
388	780
388	930
389	913
390	582
391	849
392	461
394	727
394	769
395	407
395	414
395	508
395	788
396	499
396	704
396	714
397	812
398	482
398	570
398	638
398	646
399	413
399	920
400	639
400	681
400	732
400	981
401	976
402	615
403	951
403	981
405	640
405	954
406	509
406	536
406	539
406	604
407	567
408	542
408	905
409	760
410	515
410	565
411	773
412	570
413	570
413	696
413	772
414	612
416	689
417	482
417	596
417	654
418	838
419	645
420	465
420	666
420	700
421	583
421	825
421	949
422	535
422	609
422	971
423	518
423	894
424	933
425	521
425	990
426	531
426	538
426	754
426	782
426	869
427	989
428	795
428	800
428	907
429	758
429	926
429	942
430	523
430	610
430	687
431	859
431	975
432	727
433	554
434	607
434	734
435	502
435	698
435	855
436	503
436	672
436	801
438	842
439	497
439	631
439	710
439	852
440	503
441	975
442	549
442	814
442	927
443	742
443	780
443	847
443	950
443	974
444	814
444	868
445	456
445	620
446	540
446	775
447	508
447	667
447	768
449	825
449	903
450	690
450	776
451	569
451	805
451	940
452	668
452	681
453	488
453	570
453	909
454	559
454	623
454	861
454	869
454	966
455	824
455	918
456	682
456	738
457	837
458	491
458	900
459	544
459	612
459	888
460	737
460	754
460	772
460	782
460	893
461	735
461	745
462	639
462	653
462	931
463	592
463	708
463	786
463	976
464	671
464	748
464	973
465	678
465	841
466	539
466	645
468	822
468	836
469	759
470	673
470	712
470	763
470	773
470	944
472	587
472	762
472	842
473	634
473	957
474	731
474	825
475	634
476	832
477	655
477	836
478	489
478	549
478	742
479	696
479	852
479	930
480	915
481	663
481	974
483	607
483	841
484	653
484	726
485	566
487	581
487	752
489	551
489	560
489	569
489	616
490	709
490	868
491	553
491	988
492	536
492	783
493	550
493	621
493	904
493	911
494	497
494	527
494	883
495	700
496	519
496	537
496	674
496	759
497	612
497	847
498	617
500	643
500	909
501	578
501	606
502	674
503	968
504	830
505	673
506	580
506	710
506	844
506	895
507	541
507	675
507	694
507	914
507	999
508	789
508	863
509	565
509	770
509	931
509	987
510	593
510	756
511	753
512	538
512	759
512	773
512	822
513	612
513	678
513	744
513	827
513	842
514	927
515	810
516	823
518	965
519	862
520	530
520	804
521	639
522	594
522	647
522	848
523	745
524	753
524	896
525	576
525	609
526	830
526	998
527	626
527	810
527	901
528	948
529	609
529	615
530	997
531	774
532	697
532	777
532	932
532	984
533	645
533	670
533	854
534	606
535	547
535	728
535	788
535	836
537	718
538	588
538	749
538	803
540	553
540	899
542	596
542	980
544	553
544	567
544	675
545	985
546	805
546	913
548	803
548	847
550	659
552	750
553	881
554	577
554	921
555	667
556	621
556	672
556	965
557	640
557	713
557	840
558	709
558	823
558	932
559	715
560	784
562	798
562	992
563	660
563	893
563	931
564	571
564	884
565	598
565	771
565	876
566	713
567	668
567	691
568	684
568	891
568	924
569	589
569	691
569	868
570	650
570	770
570	931
572	675
572	752
572	928
573	702
574	580
574	678
574	740
575	588
575	793
575	808
575	992
575	995
578	904
578	988
579	873
579	881
579	897
579	943
580	782
580	994
583	976
585	592
586	923
586	991
590	621
591	707
591	858
592	603
592	668
592	681
593	691
593	745
593	869
593	880
593	981
594	652
594	802
595	741
595	943
596	785
596	967
597	675
598	625
599	737
599	762
600	821
600	852
600	978
604	741
604	954
604	981
605	733
605	743
605	773
605	940
607	679
607	956
608	691
608	718
609	996
610	731
610	898
612	634
612	635
612	862
612	915
612	931
613	794
613	848
613	919
613	960
615	752
615	767
615	890
615	904
616	754
616	879
617	837
618	918
619	904
620	913
621	628
622	632
623	770
624	874
625	713
625	736
626	628
626	826
626	847
628	667
629	916
630	715
630	737
630	875
632	666
632	841
632	979
633	778
633	833
634	908
635	750
635	963
637	817
638	838
638	856
639	666
641	740
641	780
643	717
643	902
644	919
644	937
645	932
646	701
646	873
646	946
647	776
648	734
648	745
648	816
649	750
649	797
649	913
650	656
650	794
650	869
651	735
652	861
653	768
654	771
655	903
655	911
656	849
656	970
658	970
659	882
659	891
660	803
660	898
661	974
664	793
665	771
665	968
665	982
666	855
666	889
666	984
667	674
668	788
668	876
668	903
670	762
670	792
671	835
671	891
671	949
672	858
673	699
673	920
676	747
677	707
677	861
678	840
679	741
679	883
680	976
681	802
681	873
681	905
681	964
683	805
683	936
685	768
686	798
686	943
689	835
690	929
690	957
692	802
692	833
693	723
693	772
693	783
693	835
695	986
696	720
696	740
696	846
697	842
697	891
697	906
697	989
698	946
698	988
699	809
700	928
701	843
701	863
702	704
702	818
702	850
703	902
703	936
704	884
704	993
705	734
705	834
707	992
709	762
709	819
710	754
710	871
713	979
714	723
714	946
715	725
716	929
717	853
718	841
718	892
720	777
720	863
720	961
721	853
722	865
722	900
722	917
722	984
723	800
724	815
724	909
725	946
731	776
731	881
731	964
732	835
732	952
733	754
736	901
738	939
738	995
739	941
740	994
741	912
742	794
742	948
743	823
744	746
744	876
744	995
745	943
746	779
746	920
747	776
747	823
748	788
748	820
750	964
751	849
752	785
752	814
752	823
753	974
753	988
754	771
755	808
756	765
756	786
756	887
756	928
757	986
761	829
761	864
761	957
761	989
762	990
762	997
763	794
764	825
765	945
765	980
766	852
766	938
767	869
768	819
769	832
772	930
772	957
773	923
774	984
775	943
776	852
777	864
780	815
782	927
782	973
783	893
785	830
785	890
785	927
786	810
790	802
790	918
791	837
791	857
791	860
791	864
792	800
792	842
793	873
794	883
794	960
796	813
796	851
796	863
797	803
797	830
797	885
798	996
799	940
799	981
800	856
802	825
803	817
806	840
807	901
814	958
815	959
817	888
818	844
818	907
820	830
820	834
830	901
830	954
832	855
836	958
837	881
837	921
837	973
838	966
842	869
850	956
851	915
851	994
852	861
853	912
854	881
858	953
858	959
860	991
862	901
862	969
866	893
875	884
877	883
880	896
880	952
882	923
883	998
884	944
887	906
887	960
889	935
891	898
892	987
893	999
895	913
895	982
897	953
898	909
902	964
903	979
906	952
906	978
912	956
913	924
914	954
914	980
918	934
918	963
919	950
919	992
921	945
922	927
927	999
937	965
946	980
949	976
961	973
993	997