0	442
0	539
0	558
0	574
0	854
1	207
2	515
2	715
3	204
3	207
3	500
3	762
4	189
4	325
4	432
4	438
4	509
4	521
4	609
4	637
4	777
5	32
5	132
5	812
6	390
6	803
6	974
7	120
8	246
8	834
9	265
9	341
9	559
9	672
9	766
10	205
10	249
11	250
11	426
11	532
12	193
12	447
12	468
12	616
13	78
13	86
13	948
14	348
14	481
14	770
14	794
14	892
15	46
15	65
15	392
15	525
15	569
16	199
16	296
16	336
16	447
16	654
16	664
17	734
18	53
18	77
18	157
18	388
18	393
18	592
18	808
18	865
18	893
18	919
19	110
19	227
19	285
19	653
19	808
19	850
19	863
19	928
20	40
20	58
20	140
20	192
20	217
20	475
20	816
20	912
21	65
21	239
21	439
21	579
22	247
22	261
22	399
22	504
22	538
22	817
23	52
23	63
23	888
24	349
24	547
24	959
25	49
25	72
25	231
25	319
25	426
25	865
25	913
26	81
26	373
26	623
26	884
27	33
27	56
27	166
27	254
27	332
27	764
28	118
28	375
28	671
28	858
28	886
29	368
29	584
29	597
29	714
29	778
30	131
30	449
30	555
30	663
30	746
30	833
30	886
31	66
31	100
31	617
31	953
32	414
32	477
32	715
33	87
33	390
33	494
33	547
33	566
33	844
34	475
35	71
35	319
35	822
36	95
36	368
36	443
36	556
36	782
36	952
37	352
37	511
37	634
37	759
37	885
38	75
38	242
38	468
38	507
38	648
39	768
39	769
40	370
40	458
40	621
40	924
40	993
41	690
42	57
42	362
42	366
42	528
42	685
42	865
43	55
43	161
43	199
43	227
43	351
43	644
43	810
43	858
44	63
44	341
44	634
44	686
44	690
45	200
45	351
45	758
46	365
46	429
46	537
46	699
46	740
47	120
47	151
47	278
47	293
48	477
49	59
49	257
49	317
49	319
49	411
49	581
49	970
50	217
50	845
50	902
51	54
51	232
51	248
51	611
52	170
52	287
52	292
52	480
52	752
52	760
52	762
52	855
52	960
53	276
53	318
53	590
53	800
53	873
54	170
54	791
54	808
55	315
55	738
55	752
56	183
56	310
56	460
56	715
56	822
57	218
57	296
57	728
58	218
59	304
59	483
59	526
59	813
59	997
60	155
60	427
60	651
60	663
60	851
61	255
61	719
61	892
62	221
62	305
63	195
63	596
63	685
64	192
64	301
64	328
64	707
64	791
64	847
64	875
64	942
65	102
65	299
65	866
66	138
66	342
66	348
66	416
66	581
66	615
66	855
66	950
67	118
67	145
67	246
67	436
67	848
67	919
68	244
68	283
68	650
68	742
68	802
69	339
70	365
70	564
70	940
71	82
71	482
71	589
71	726
72	265
72	344
72	743
73	207
73	454
73	612
73	834
74	108
74	573
74	578
74	862
74	931
75	402
75	525
75	677
75	851
76	662
76	956
77	160
77	517
78	167
79	456
79	479
79	557
79	606
80	599
80	713
81	251
81	847
81	864
82	184
82	281
82	749
82	752
83	813
84	314
84	481
84	622
84	724
84	727
85	380
85	709
85	811
85	828
86	217
86	883
86	898
86	982
87	146
87	958
88	237
88	368
88	422
88	490
88	845
88	981
89	217
89	410
89	753
90	291
90	412
90	741
90	819
91	288
91	578
92	107
92	185
92	324
92	986
93	130
93	617
93	983
94	139
94	183
94	504
94	821
95	169
95	293
95	341
95	412
95	555
95	764
95	794
95	811
95	946
96	192
96	274
96	331
96	660
96	683
96	755
97	110
97	339
97	601
97	974
97	992
98	131
98	367
98	636
98	664
98	895
99	216
99	623
99	733
99	952
100	628
101	137
101	472
101	512
101	637
101	863
102	316
102	851
103	128
103	188
103	272
104	209
104	301
104	404
104	607
104	664
104	671
105	122
105	450
105	884
105	927
106	137
106	244
106	309
106	725
107	126
107	244
107	318
107	360
107	371
107	553
107	587
107	734
108	601
109	639
110	120
111	271
111	294
112	213
112	417
112	875
112	914
113	304
113	543
113	576
113	590
114	229
114	258
114	341
114	719
115	134
115	339
115	356
115	832
116	211
116	275
116	626
116	977
117	225
117	228
117	360
117	507
117	852
118	281
118	285
118	504
119	399
119	645
119	716
119	847
120	142
120	433
120	675
121	411
121	435
121	598
121	662
122	269
122	285
122	397
122	552
122	762
122	902
123	229
123	363
123	399
123	538
123	681
123	756
123	840
124	186
124	425
124	510
124	658
124	860
124	861
124	933
125	196
125	711
125	988
126	227
126	643
126	703
126	758
127	190
127	714
127	846
127	964
128	164
128	190
128	891
128	946
129	216
129	246
129	275
129	591
129	822
129	872
130	175
130	196
130	233
130	302
130	666
130	884
131	266
131	411
131	678
132	631
132	653
132	769
132	824
133	732
133	801
133	898
134	215
134	680
134	701
134	705
134	715
134	918
135	603
135	768
135	925
135	984
136	148
136	297
136	415
136	542
136	864
137	570
137	753
138	202
138	313
138	791
139	454
139	781
139	976
140	624
140	696
141	667
141	693
141	853
142	167
142	174
142	235
142	374
142	863
142	910
143	152
143	312
143	370
143	401
143	794
143	870
144	220
144	299
144	378
144	393
144	414
145	391
145	741
145	747
145	852
145	939
146	623
147	163
147	253
147	353
147	442
148	327
148	418
148	595
148	793
148	976
149	540
149	556
149	571
149	902
149	917
150	291
150	522
150	656
150	727
151	261
151	419
151	509
151	939
151	959
152	512
152	615
152	814
152	975
153	285
153	697
154	315
154	342
154	466
154	491
154	544
154	644
155	181
155	810
156	185
156	679
156	739
157	232
157	402
158	722
158	847
158	874
158	891
158	924
159	236
159	431
159	580
159	594
159	665
159	677
159	794
159	982
160	184
160	254
160	387
160	432
160	549
160	636
161	386
161	760
161	810
162	253
162	742
163	170
163	589
163	608
163	856
163	872
164	242
164	360
164	500
164	874
164	957
165	425
165	476
165	634
165	690
165	720
165	976
166	606
167	388
167	513
167	521
168	205
168	529
169	461
169	718
169	990
170	479
170	682
171	391
172	281
172	670
172	839
172	951
173	197
174	310
174	368
174	605
174	798
174	969
175	303
175	655
175	696
175	904
175	906
176	186
176	247
176	318
176	746
176	826
176	870
177	736
177	767
177	811
177	849
177	854
178	429
178	462
178	639
178	657
178	844
179	405
180	506
180	548
180	638
180	834
180	933
181	276
181	395
181	690
181	710
181	745
182	198
183	452
183	531
184	410
185	211
185	472
185	831
186	225
186	270
186	928
187	378
187	395
187	955
188	201
188	421
188	510
188	894
189	260
189	470
189	690
189	697
189	739
190	368
190	648
190	679
190	888
191	352
191	476
191	502
191	558
191	633
191	714
191	788
191	930
193	541
193	551
193	953
194	942
195	583
195	897
196	659
196	775
196	776
197	288
197	361
197	411
198	275
198	321
198	396
198	579
198	680
198	795
199	649
199	888
200	342
202	539
202	821
202	852
202	899
202	922
202	961
203	272
203	395
204	489
205	409
205	560
205	722
205	737
205	954
206	355
206	441
206	552
206	879
207	227
207	399
207	962
207	994
207	997
208	340
208	471
208	593
209	497
209	640
209	980
210	300
210	396
210	400
210	471
210	503
211	479
211	496
211	621
211	992
212	458
212	722
213	229
213	375
213	643
213	678
213	942
213	979
213	991
214	431
214	432
214	513
214	896
215	377
215	532
215	967
216	791
216	906
216	976
217	318
217	669
217	864
218	555
218	583
218	678
218	704
218	806
218	991
219	224
219	239
219	332
219	845
220	348
220	824
221	227
221	396
221	894
222	793
223	805
223	820
224	811
224	850
224	990
225	399
225	883
226	524
226	569
227	675
227	900
228	272
228	401
229	816
229	893
229	970
229	998
230	244
230	450
230	512
230	865
230	928
230	932
231	381
231	701
231	969
231	975
233	644
234	248
234	292
234	362
234	782
234	867
235	572
235	702
236	623
236	655
236	943
237	496
237	781
237	820
237	918
238	847
239	599
239	687
239	708
240	634
241	503
241	588
242	360
242	706
242	714
242	778
242	881
242	940
243	300
243	322
243	522
243	870
244	978
245	252
245	360
245	511
245	972
246	442
246	758
246	761
246	778
247	299
247	710
247	816
247	925
248	285
248	362
248	502
249	265
249	516
249	530
249	594
250	457
250	531
251	391
251	579
251	608
251	827
252	577
252	649
252	864
252	935
253	308
253	401
253	420
253	545
253	634
253	703
254	450
254	689
254	786
254	899
254	960
255	446
255	676
255	782
255	829
256	322
256	560
256	968
257	551
257	705
257	880
258	329
258	612
258	715
258	911
259	262
259	635
259	959
260	600
260	778
260	783
261	332
261	495
261	605
261	767
261	792
261	856
261	926
262	287
262	429
262	726
262	745
263	833
263	994
264	286
264	377
264	527
264	614
264	754
264	781
265	820
265	868
266	291
266	614
266	792
267	435
267	476
267	712
267	773
267	805
267	818
267	996
268	825
269	605
269	936
270	398
270	614
271	396
272	581
272	586
272	775
273	433
273	558
273	627
274	412
274	512
275	816
276	999
277	663
277	731
278	480
279	297
279	367
280	644
280	705
280	755
280	787
280	877
280	979
281	514
281	831
282	346
282	501
282	708
283	670
283	707
283	762
284	478
284	725
284	749
284	875
285	355
285	598
286	782
286	832
286	910
286	913
287	392
287	586
287	942
288	487
288	568
288	713
289	337
289	672
289	820
290	541
292	852
293	979
294	306
294	484
294	804
294	820
295	670
296	613
296	690
297	464
297	718
297	761
297	871
298	429
299	685
299	779
299	968
300	303
300	372
300	520
300	662
300	742
300	900
302	916
303	543
303	614
304	366
304	380
304	520
304	775
304	817
305	548
305	790
306	728
306	729
306	839
306	916
307	480
307	571
308	317
308	580
308	861
309	419
309	480
309	495
309	693
309	772
310	641
310	824
310	925
311	344
311	491
311	776
312	481
312	802
314	546
314	746
314	921
314	942
315	320
315	331
316	490
316	559
317	712
317	880
318	340
318	449
318	519
318	547
318	555
318	610
318	612
318	745
318	762
319	376
319	564
319	824
319	839
321	398
321	767
321	799
321	891
322	413
322	711
323	739
323	776
323	934
324	534
326	827
327	917
329	781
329	882
329	968
330	394
330	627
330	768
330	796
330	820
331	520
331	631
331	661
331	729
331	738
331	894
332	783
332	971
333	352
333	401
333	689
333	982
334	907
334	984
335	713
335	729
336	555
336	745
336	942
337	686
337	929
338	530
338	609
338	908
339	555
339	623
339	634
339	786
339	792
339	856
340	358
341	396
342	626
342	704
343	357
343	498
343	640
343	757
344	912
345	352
345	567
345	646
345	737
345	795
346	525
347	418
347	462
347	509
347	648
347	868
347	958
348	835
349	466
349	683
349	722
349	816
350	482
350	809
351	570
351	610
351	647
352	374
352	770
353	752
353	816
354	381
354	781
355	401
356	549
356	916
357	361
357	367
357	429
357	479
357	481
357	558
357	576
357	613
357	680
358	690
359	634
360	364
360	474
360	673
360	690
360	874
361	582
361	933
362	693
362	906
363	440
363	563
363	602
363	974
364	429
364	479
364	678
364	860
365	396
365	407
365	413
365	524
365	600
365	699
365	712
365	882
366	665
366	902
367	838
367	900
368	940
369	806
369	844
369	987
370	442
370	742
370	904
371	535
371	708
371	871
371	954
372	509
373	394
373	547
373	667
373	672
374	788
374	905
375	379
376	457
376	637
376	847
376	878
377	704
377	791
378	390
378	654
378	836
378	912
379	447
379	511
380	914
381	641
381	943
382	486
382	564
382	626
383	908
384	453
384	715
385	466
385	768
385	801
386	697
386	875
387	782
388	457
389	452
389	509
389	528
389	763
389	865
390	833
391	503
391	769
391	968
392	557
392	613
392	801
392	858
393	443
394	545
394	577
394	593
394	861
395	981
396	622
397	406
397	535
397	589
397	672
398	469
399	471
400	520
401	627
401	776
402	981
403	561
403	580
403	609
403	854
404	484
404	858
405	726
405	849
405	987
406	857
407	498
407	738
407	968
408	528
408	777
409	411
409	434
410	450
410	604
411	669
412	413
413	637
413	715
413	975
414	672
415	650
415	782
416	792
417	583
417	711
417	883
418	599
418	856
418	869
418	920
419	524
419	619
419	786
419	830
420	818
421	508
421	580
421	745
421	864
421	891
422	531
423	635
423	865
423	968
424	546
424	705
424	779
424	879
424	892
424	974
426	793
427	482
427	494
427	772
428	576
428	696
428	984
429	784
429	785
429	822
429	913
430	913
431	523
431	542
431	853
432	624
432	710
432	728
432	748
432	905
433	837
434	543
434	547
435	699
436	606
436	893
437	669
437	730
437	756
437	846
438	808
439	455
440	841
441	828
441	886
442	950
443	516
443	607
444	617
444	935
445	838
446	563
446	742
447	496
447	535
447	704
447	846
447	945
448	782
448	807
449	477
449	763
451	730
451	857
452	522
452	887
453	490
453	519
453	620
454	564
454	800
455	501
455	514
455	772
456	555
456	638
456	668
456	927
457	463
457	483
457	733
458	459
459	700
459	779
460	719
462	732
462	758
462	811
462	905
464	828
464	890
465	969
466	938
467	711
467	819
468	712
468	997
469	653
469	940
472	851
472	856
473	751
473	856
473	909
474	621
474	738
474	853
475	486
475	740
476	605
476	968
477	586
477	777
477	808
477	999
478	611
478	665
478	676
478	964
479	508
479	896
479	900
479	983
479	987
480	599
480	965
481	620
481	996
482	682
483	577
483	738
484	571
484	919
484	959
485	658
485	912
488	560
489	630
489	760
490	560
490	592
490	748
491	665
491	942
492	736
492	782
493	812
494	872
496	546
496	761
496	799
496	821
496	864
496	870
496	881
496	892
497	562
497	599
497	755
499	691
499	765
499	922
499	944
501	662
502	566
502	639
503	582
504	596
504	618
504	713
504	755
505	810
506	572
506	718
506	734
507	508
507	917
508	943
509	635
509	790
510	690
510	956
511	526
511	677
512	656
512	716
512	847
512	966
513	720
514	684
515	630
515	736
515	783
515	993
516	945
517	751
517	823
518	617
518	866
519	843
520	564
520	924
521	601
521	707
521	989
521	999
522	776
523	782
523	872
524	593
524	764
524	891
525	641
526	536
526	555
526	610
526	917
527	612
527	664
527	928
527	949
528	868
528	918
529	695
529	931
530	697
530	776
531	992
532	650
533	956
534	668
534	680
534	902
536	572
537	645
538	640
538	769
538	771
538	958
539	792
539	818
540	564
540	805
540	901
540	966
541	581
541	904
542	592
543	577
544	740
544	780
545	825
546	622
547	881
548	711
548	805
548	902
549	624
549	785
549	867
550	578
550	607
550	806
550	872
550	978
551	611
552	814
553	569
553	615
553	703
553	843
553	965
554	575
554	589
554	799
554	817
555	659
555	770
555	836
555	873
556	654
556	789
557	826
558	705
558	904
559	626
559	662
561	625
561	652
561	731
561	779
562	977
563	593
564	816
564	912
564	924
565	596
565	749
565	981
566	707
567	943
567	971
569	655
569	666
569	932
571	777
571	971
572	608
572	697
572	782
573	761
574	681
575	742
575	911
577	638
579	877
580	691
580	697
581	707
582	819
582	820
582	849
582	904
582	975
583	652
583	964
584	591
584	953
585	794
585	881
586	979
587	671
587	853
587	982
589	953
590	895
591	638
591	682
592	701
593	926
593	929
594	598
594	736
595	649
595	795
595	949
596	783
598	658
598	824
599	857
601	670
601	727
601	746
601	986
602	619
602	652
602	665
602	790
602	886
602	962
602	983
604	850
604	878
604	969
605	874
606	722
606	894
607	887
608	792
608	848
609	746
610	694
611	792
611	843
611	871
612	637
612	922
613	762
614	863
616	680
617	653
617	865
617	931
618	763
618	875
619	626
619	988
620	810
621	834
622	965
623	684
623	751
624	716
624	779
625	901
627	738
627	777
627	971
628	769
629	695
630	861
630	996
631	775
631	824
631	942
632	768
632	935
633	769
633	924
633	931
636	818
638	749
638	847
638	968
639	780
639	790
640	846
640	899
642	728
642	981
643	682
643	739
644	700
644	725
644	842
644	973
645	671
646	694
646	705
646	940
646	955
647	666
647	952
650	841
651	656
651	773
651	821
651	915
651	984
652	707
652	987
654	714
654	752
655	684
655	739
656	869
658	882
659	713
659	717
659	970
659	998
663	725
663	830
663	898
664	689
664	768
664	824
664	973
670	884
670	945
670	975
672	779
673	857
674	906
676	787
677	789
678	696
678	781
679	736
679	770
680	705
681	967
683	763
684	959
685	725
685	727
685	880
687	825
688	692
689	783
693	797
693	836
693	850
694	768
694	815
694	914
695	827
695	851
695	868
696	759
696	963
698	949
699	916
699	951
700	789
700	899
700	919
700	947
701	807
701	855
701	979
702	749
702	842
702	903
702	924
703	923
704	834
705	811
705	916
705	956
708	819
708	859
708	920
709	890
715	870
715	969
716	830
719	814
719	891
720	832
721	815
723	797
724	735
725	784
726	749
728	883
729	742
729	747
729	957
732	776
732	929
735	759
735	895
738	904
738	937
738	938
741	774
741	822
744	768
744	793
744	893
745	786
746	842
747	817
747	826
747	882
748	870
748	883
749	804
749	818
749	922
749	973
750	751
753	787
753	978
753	980
757	842
757	860
758	950
759	867
763	863
768	806
769	915
770	871
770	934
770	937
770	954
773	937
776	811
777	813
777	863
777	937
782	837
784	983
787	978
789	979
790	833
790	880
791	940
792	951
794	828
794	970
798	948
799	880
800	916
800	934
801	820
801	854
804	998
806	820
807	869
808	949
808	965
808	995
809	973
811	873
813	865
814	890
815	860
815	909
816	877
819	941
820	945
822	848
822	950
830	953
831	957
831	983
832	842
835	920
836	846
838	989
839	975
840	856
840	889
843	961
858	904
862	951
863	955
865	930
868	915
868	964
868	976
869	917
869	922
870	883
870	917
873	936
875	903
876	961
881	933
882	900
882	901
884	960
884	962
886	975
887	975
892	990
894	900
896	956
897	923
902	950
902	993
903	948
903	979
905	967
907	994
908	984
909	985
912	971
913	914
914	992
916	918
916	952
916	975
924	973
925	962
929	965
934	938
935	938
942	974
949	956
956	982
970	993
978	990
987	989