0	242
0	290
0	321
0	517
1	14
1	40
1	281
1	621
1	785
1	811
2	779
3	32
3	119
3	335
4	408
4	838
4	942
5	74
5	401
5	954
6	279
6	343
6	809
7	73
7	205
7	331
7	457
7	695
7	791
8	552
8	741
8	798
9	27
9	81
9	629
10	87
10	962
11	372
11	875
11	980
12	107
12	146
12	794
13	61
13	745
13	878
14	830
15	458
15	569
15	929
15	981
16	713
17	240
17	554
17	818
18	451
19	244
19	392
19	572
20	354
20	673
21	445
21	514
21	740
21	790
22	264
22	482
22	781
22	822
23	58
23	95
23	142
23	174
24	387
24	953
25	129
25	166
25	298
25	380
25	409
25	731
26	32
26	135
26	401
26	690
27	228
27	551
27	772
28	136
28	635
28	964
29	484
29	754
29	914
30	52
30	129
30	303
30	412
30	521
31	136
31	310
31	523
33	561
33	744
34	108
34	409
34	853
34	958
35	213
35	318
35	948
35	959
35	993
36	584
37	63
37	152
37	826
38	100
38	180
38	331
38	643
38	649
39	105
39	505
39	597
39	845
39	953
41	312
41	541
41	591
42	457
42	730
42	787
42	796
43	122
43	128
43	357
43	506
43	646
43	671
43	967
44	461
44	565
45	302
45	523
45	656
45	662
45	962
46	149
46	246
46	319
46	962
47	83
47	349
47	361
47	746
47	872
48	95
48	183
48	291
48	819
49	154
49	673
49	934
50	174
50	182
50	275
50	577
51	155
51	241
51	363
51	639
51	719
51	742
51	954
52	67
52	357
52	377
52	776
53	676
53	883
53	894
53	970
54	275
55	336
55	440
55	502
56	187
56	703
56	929
57	243
57	435
58	872
59	482
59	578
59	924
60	306
60	552
60	808
60	899
61	103
61	109
61	285
61	293
61	398
61	462
61	624
61	824
62	258
62	327
62	332
62	462
62	470
62	494
62	529
62	540
62	869
62	931
63	132
63	514
64	392
64	393
64	572
65	324
65	427
65	762
65	864
66	304
66	452
67	236
67	259
67	510
67	652
67	782
67	918
68	242
68	432
69	370
69	522
69	662
69	782
69	789
69	887
69	911
70	488
70	557
70	793
70	874
71	109
71	155
71	270
71	565
71	748
72	77
72	107
72	310
72	380
72	425
72	644
73	627
73	682
74	235
74	564
74	731
74	878
75	133
75	381
75	410
75	551
75	626
75	698
76	142
76	147
76	353
77	225
77	287
77	413
77	462
77	636
78	119
78	597
78	609
78	659
79	130
79	241
79	347
79	695
80	362
80	465
80	923
81	89
81	117
81	297
81	329
81	570
81	604
82	116
82	207
82	220
82	693
82	940
83	241
83	360
83	415
84	888
85	134
85	479
85	753
85	857
86	255
86	378
86	407
86	479
86	506
86	546
86	818
86	846
86	888
87	146
87	197
87	236
87	626
88	167
88	219
88	668
88	723
89	223
89	374
89	391
89	459
89	495
89	875
89	879
90	240
90	489
91	106
91	379
91	612
92	292
92	360
93	900
93	916
94	125
94	382
94	791
95	115
95	330
95	355
95	661
95	931
95	934
96	281
96	283
97	175
97	372
97	742
98	220
98	875
99	490
99	669
99	791
99	956
100	451
100	470
100	599
100	704
100	857
101	404
101	930
101	975
102	508
102	737
103	266
103	524
103	722
103	804
103	849
103	953
104	403
104	650
105	155
105	330
105	836
107	763
108	586
109	372
109	653
109	657
109	977
110	602
110	678
111	312
111	479
112	248
112	464
112	888
113	428
114	127
114	376
114	575
114	661
115	163
115	942
116	554
116	567
116	585
116	782
117	198
117	505
118	334
118	617
118	877
118	911
119	213
119	595
119	783
120	438
120	440
120	459
120	482
120	592
121	417
121	629
121	703
121	938
123	644
124	794
124	957
125	173
125	185
125	241
125	363
125	623
125	771
126	211
126	572
126	838
127	235
127	312
127	903
128	150
128	335
128	441
128	787
128	925
128	945
129	336
129	410
129	464
129	797
129	927
130	393
130	478
130	494
130	657
130	668
131	218
131	467
132	453
132	527
132	590
132	694
132	979
132	985
133	253
133	350
133	716
134	140
134	170
134	188
134	206
134	275
134	313
135	323
135	520
135	902
136	192
137	205
137	601
137	696
137	740
138	604
138	826
139	453
139	542
140	512
140	532
140	559
140	881
141	996
142	205
142	588
143	352
143	554
143	705
144	277
144	742
144	924
144	977
145	277
145	341
145	357
145	438
145	483
146	259
146	265
146	348
146	390
147	336
147	400
147	422
147	648
147	705
147	797
148	523
149	253
149	352
149	407
149	619
149	646
149	871
150	710
150	919
151	269
151	375
151	453
152	833
153	312
153	332
154	299
154	301
154	490
154	533
154	658
154	718
155	450
155	791
156	716
156	767
156	891
156	967
157	213
157	396
157	601
157	889
157	899
158	468
158	765
159	324
159	449
160	193
160	703
160	930
161	472
161	575
162	377
162	391
162	418
162	860
163	365
163	784
163	917
163	993
164	233
164	473
164	635
164	663
164	787
164	990
165	308
166	291
166	989
167	919
168	840
169	779
170	609
170	736
171	759
171	980
172	564
173	489
173	547
173	738
173	777
173	910
174	786
175	226
175	234
175	401
175	520
175	829
175	990
176	552
176	644
176	995
177	297
177	307
177	471
177	834
178	248
178	493
178	600
178	685
178	739
179	233
179	349
179	447
179	888
180	427
180	848
180	992
181	454
181	793
181	796
182	221
183	514
183	629
183	679
184	274
184	291
184	657
186	290
186	307
186	505
186	589
187	555
187	843
188	209
188	224
188	376
188	692
189	438
189	781
189	786
190	375
190	445
190	675
190	974
191	590
191	770
191	887
192	201
192	478
192	671
192	714
192	831
193	413
193	742
194	925
194	934
195	770
196	558
196	719
196	932
197	531
197	687
197	872
198	608
198	673
198	681
198	981
199	363
199	426
199	537
199	972
200	468
200	771
201	267
201	803
201	937
202	241
203	339
203	592
203	596
204	361
204	846
205	252
205	414
205	639
205	643
205	704
206	262
206	436
206	888
206	926
206	976
207	348
207	458
207	498
207	761
207	836
207	967
208	422
208	502
208	532
209	252
209	267
209	431
209	511
210	672
210	852
211	348
211	411
211	524
211	579
211	703
211	783
212	406
212	811
212	971
213	326
213	366
213	490
213	555
214	542
215	451
215	562
215	577
215	648
215	749
216	294
216	307
216	447
216	543
216	573
216	635
216	812
217	263
217	901
218	253
218	416
218	458
218	484
219	392
219	527
219	554
219	832
219	897
220	365
220	560
220	814
220	863
221	579
222	332
222	601
222	717
222	896
222	945
223	632
223	656
224	399
225	241
225	356
225	874
226	301
226	316
226	888
227	512
227	515
227	690
227	695
227	719
227	905
228	669
229	392
229	480
229	492
229	559
229	645
229	671
230	557
230	975
231	612
231	760
231	817
232	595
232	596
233	333
233	415
233	729
234	293
234	698
234	778
234	913
235	535
236	268
236	287
236	449
237	316
237	337
237	608
237	681
238	453
238	679
238	997
239	860
240	429
240	730
240	957
242	406
242	526
242	792
243	327
243	466
243	601
244	287
244	289
244	336
244	468
244	485
244	625
244	644
245	335
245	627
246	418
246	590
246	786
247	433
247	598
247	634
247	645
248	994
249	587
249	599
249	806
250	520
250	796
251	780
251	929
251	998
252	389
252	656
252	688
252	949
253	504
253	509
254	339
254	421
254	611
255	429
255	552
255	599
256	528
256	534
257	260
257	373
258	731
258	768
259	467
259	475
259	681
260	383
260	624
260	734
260	826
260	834
261	543
262	508
262	809
262	952
263	663
263	790
264	742
264	816
265	462
265	838
265	840
265	912
266	739
266	751
266	970
266	972
267	399
267	403
268	399
268	541
270	272
270	325
270	876
271	592
271	605
271	644
271	676
272	789
273	689
275	559
275	732
275	832
276	382
276	589
276	662
276	726
277	484
277	670
277	925
278	304
278	371
278	460
278	496
278	675
278	786
279	337
279	369
279	461
279	763
280	414
280	503
280	855
280	950
281	351
281	438
281	661
281	717
282	354
282	513
282	904
282	947
283	614
283	985
284	309
284	919
285	873
286	309
286	846
286	902
287	491
287	514
287	522
288	597
288	695
289	844
289	949
289	977
290	529
290	707
290	803
291	505
291	602
291	619
291	747
291	796
292	433
292	685
292	792
293	398
293	448
293	857
294	457
294	615
294	776
294	944
295	620
295	649
296	343
296	834
296	947
297	371
297	515
297	574
298	419
298	503
298	826
298	949
299	357
299	748
299	787
299	809
299	829
299	950
299	969
300	614
300	754
300	913
301	945
302	518
302	842
302	956
302	963
303	554
304	934
305	444
306	422
306	826
306	878
306	943
307	518
307	561
307	707
307	747
307	850
308	621
309	430
309	440
309	574
309	798
310	639
310	783
310	790
311	832
311	872
312	373
312	509
312	813
313	373
313	402
313	460
313	505
313	645
313	675
313	982
314	394
314	715
314	813
315	458
315	580
316	898
317	716
318	332
318	614
318	987
320	556
321	431
321	595
321	880
322	560
322	851
323	523
324	783
324	827
326	492
326	513
326	633
327	418
327	625
328	847
329	337
329	464
329	858
330	670
330	990
332	403
332	459
332	834
332	924
333	360
333	942
334	372
334	379
334	875
334	901
334	928
335	560
335	730
335	836
335	858
336	497
338	378
338	586
338	909
338	965
339	683
340	916
341	537
341	694
341	953
341	970
342	752
343	585
343	592
343	870
344	521
344	925
345	735
346	624
346	678
346	713
346	728
346	771
347	877
348	543
348	753
348	837
349	436
349	867
350	578
350	837
351	672
353	462
353	744
354	495
354	548
354	938
354	949
356	785
356	860
356	950
356	978
357	372
357	825
358	433
358	465
358	666
358	776
359	634
359	700
359	945
360	423
362	383
362	561
363	488
363	833
363	841
363	858
363	937
364	664
364	670
364	729
364	994
365	403
365	671
366	483
366	641
366	744
366	823
367	370
367	462
367	631
367	737
367	789
368	388
368	448
368	571
369	509
369	663
369	674
369	759
369	802
369	876
369	920
371	863
372	892
373	532
373	800
374	554
375	435
375	837
375	946
376	518
376	530
376	947
377	726
377	859
379	552
380	425
380	845
381	392
381	639
381	837
382	388
382	460
382	820
383	387
383	544
383	577
383	593
383	916
383	942
384	803
384	986
385	692
385	740
385	862
386	495
387	481
387	712
388	397
388	516
388	584
388	637
388	908
388	940
388	963
389	390
389	475
389	616
389	692
389	745
389	989
390	400
390	514
390	602
390	750
391	650
391	688
392	429
392	706
393	431
393	518
394	566
394	894
395	529
395	575
395	847
395	883
396	618
397	937
398	577
398	899
399	403
399	511
399	566
399	611
399	638
399	698
400	708
401	410
401	514
401	844
402	724
402	779
403	542
403	763
403	854
404	657
405	737
406	661
406	859
407	794
407	811
407	931
408	489
408	490
408	715
408	722
408	944
409	677
409	684
409	874
410	540
410	924
411	422
411	700
412	550
412	805
412	817
412	907
413	800
414	760
415	477
417	682
418	519
418	800
418	842
418	916
418	959
420	652
420	983
421	747
422	829
423	437
423	837
423	984
424	427
424	683
424	793
424	892
425	718
425	913
426	839
427	449
427	568
427	883
428	597
429	474
430	536
431	473
431	850
432	486
432	663
432	830
433	829
433	999
434	522
435	445
435	774
436	495
436	718
436	966
436	989
437	514
437	695
437	804
438	455
438	619
438	689
439	555
439	605
440	596
440	634
440	857
441	483
441	558
441	789
441	938
442	556
442	592
442	730
442	782
443	823
444	503
445	565
445	745
446	722
447	544
447	863
447	911
448	645
449	850
449	905
450	787
451	481
451	867
451	963
452	529
452	920
452	968
452	969
453	888
454	852
454	989
455	864
456	599
456	708
456	781
456	935
457	562
457	861
457	959
458	564
458	570
458	995
459	544
459	800
459	841
459	863
461	862
463	829
463	864
464	741
464	958
465	521
466	887
467	667
467	744
468	634
468	772
468	787
469	505
470	585
470	856
470	894
470	901
471	755
471	770
471	957
471	982
472	510
472	798
472	906
473	644
473	828
473	906
475	892
476	667
476	873
476	985
477	837
477	843
477	853
478	730
478	779
478	839
478	894
478	966
479	770
480	672
480	746
481	681
481	791
482	642
483	658
483	736
483	841
483	911
484	521
484	710
484	856
484	874
485	678
485	793
485	892
486	622
486	933
487	829
488	723
488	792
489	543
490	494
490	583
492	515
492	835
492	882
494	547
494	846
494	900
495	518
495	659
495	732
495	904
496	611
496	701
497	838
497	960
498	615
498	618
498	740
498	862
499	508
499	636
499	700
499	731
500	863
501	634
504	524
505	691
505	714
505	952
506	728
506	807
507	669
507	975
508	564
508	973
509	775
510	641
510	835
511	619
511	915
513	575
513	873
513	939
514	640
514	645
514	717
514	790
515	531
515	552
515	557
515	793
516	889
517	600
517	682
517	935
518	596
518	733
519	840
519	869
519	988
520	883
521	749
521	773
521	784
522	617
522	757
522	809
523	774
524	669
525	907
526	547
526	609
526	987
527	539
527	725
527	868
527	891
528	534
528	584
528	709
528	884
528	888
529	901
530	830
530	835
531	599
531	701
531	729
531	791
531	968
532	679
532	733
533	847
533	880
534	686
534	842
536	581
536	730
536	758
536	926
537	796
537	826
538	646
538	665
538	671
539	729
539	759
539	902
541	769
541	919
542	772
543	868
544	614
544	665
544	757
544	947
545	651
546	931
547	817
547	823
547	906
548	682
548	692
549	620
549	751
550	935
551	756
552	566
552	912
552	974
553	554
553	567
553	575
553	648
553	798
553	857
553	928
554	857
555	743
555	871
555	936
556	702
556	756
558	802
558	834
559	737
559	810
560	809
561	647
561	919
561	993
562	878
562	932
563	647
563	816
564	792
565	606
565	933
566	901
566	928
567	633
567	922
569	718
569	769
569	988
570	651
570	687
571	730
571	765
571	890
572	981
573	854
573	967
573	968
574	758
575	654
575	728
575	895
576	596
577	926
577	968
578	734
578	868
578	877
580	742
580	860
581	618
581	981
581	986
582	586
582	593
582	930
583	626
583	977
584	586
584	936
585	834
586	771
586	921
587	643
587	708
588	892
588	987
589	903
589	989
590	743
592	778
594	622
594	708
595	655
595	664
597	619
597	659
597	705
597	720
597	786
597	942
597	952
597	956
598	861
600	612
600	677
600	737
602	868
603	611
603	632
603	687
603	919
604	907
606	787
606	964
607	899
607	919
608	676
608	755
608	866
608	875
609	755
609	758
609	880
609	960
610	734
610	816
611	676
611	694
611	849
613	638
614	672
614	741
614	830
615	816
616	861
617	631
617	708
618	659
618	762
619	838
619	845
620	646
620	843
620	891
622	804
622	979
623	663
623	984
624	979
626	749
627	772
627	796
627	878
627	902
627	934
628	736
629	850
629	949
630	877
631	773
631	853
631	897
633	791
634	697
634	969
639	797
641	705
641	997
642	833
642	888
643	969
644	649
644	795
644	842
644	847
644	927
644	944
644	999
645	704
646	795
648	941
649	864
651	797
651	858
652	687
652	714
653	727
653	870
654	906
655	734
655	883
655	961
656	910
657	798
657	929
658	755
659	783
659	897
659	929
660	805
661	717
663	789
663	998
664	730
665	768
665	799
666	732
666	850
667	955
667	963
668	685
668	730
668	826
668	840
669	830
671	785
671	828
672	690
672	695
674	958
675	874
675	885
675	886
676	889
677	929
678	811
679	874
680	893
681	794
681	924
681	929
682	853
683	767
683	970
685	721
685	792
686	714
690	790
690	843
691	766
692	829
692	869
693	755
693	762
693	788
693	817
693	864
695	758
697	977
698	754
699	939
701	710
701	845
701	965
702	781
702	783
702	858
702	982
703	945
705	984
706	881
707	960
709	781
710	749
711	803
711	929
712	804
713	742
716	722
716	824
718	774
719	966
721	926
722	776
723	900
723	972
724	818
725	922
726	930
727	918
728	753
729	981
731	810
732	906
733	850
735	775
735	968
736	793
737	775
739	832
740	750
740	860
740	902
741	794
741	916
743	968
747	896
747	987
751	912
751	967
752	822
754	913
755	906
756	764
757	916
759	857
760	940
760	979
761	851
761	894
765	897
768	959
769	784
769	880
772	783
772	971
774	775
775	790
775	918
776	935
777	859
777	927
778	824
778	971
778	981
779	796
779	809
780	941
781	815
782	926
783	799
785	815
785	847
786	829
788	893
789	873
791	801
792	854
792	917
792	925
792	926
792	998
793	874
794	948
795	818
795	955
796	933
800	989
802	945
803	920
804	806
804	929
805	983
807	812
807	892
810	970
811	930
812	969
815	876
816	827
817	871
817	915
817	950
821	913
823	918
825	906
830	900
830	929
832	847
833	853
833	932
834	907
838	904
839	854
841	978
843	909
846	983
850	975
851	886
852	854
852	910
852	946
854	932
855	946
856	864
857	985
859	948
860	921
862	917
865	871
866	870
867	936
871	913
871	958
874	889
874	915
875	933
877	959
878	998
879	958
883	955
885	941
887	947
895	990
896	943
899	942
904	924
926	986
927	961
928	971
929	990
930	965
933	942
936	951
944	952
944	974
944	980
944	989
963	986
964	986
966	970
973	994
977	984
981	989
985	991