0	46
0	84
0	418
0	798
0	841
0	961
1	36
1	202
1	290
1	495
1	508
1	583
1	629
1	752
1	832
2	122
2	637
2	811
3	527
3	540
3	587
3	681
3	986
4	182
4	682
4	866
5	831
5	842
6	15
6	17
6	31
6	216
6	392
6	456
6	644
6	828
7	307
7	782
8	359
8	775
8	855
9	40
9	159
9	357
9	459
9	506
9	776
10	457
11	448
12	234
12	677
12	727
12	875
13	301
13	397
13	445
13	814
13	936
13	993
14	57
14	316
14	431
14	513
14	857
14	898
14	902
14	961
14	983
15	74
15	114
15	322
15	467
16	93
16	107
16	497
16	814
17	345
17	357
18	56
18	228
18	548
18	595
19	251
19	517
19	785
19	801
20	84
20	199
20	424
20	516
20	643
20	790
20	863
21	209
21	271
21	593
21	658
21	976
22	327
23	422
23	518
24	139
24	217
24	328
24	401
24	529
24	936
25	194
25	394
25	642
25	651
26	344
26	537
27	256
27	386
27	399
27	429
27	461
27	625
27	742
28	221
28	312
28	574
28	885
28	951
29	118
29	147
29	273
29	511
29	517
29	713
30	227
30	319
30	450
30	559
31	944
32	75
32	151
32	472
33	528
33	699
34	338
34	497
34	695
34	977
35	91
35	408
35	458
35	631
35	866
35	973
36	417
36	479
36	580
36	639
36	801
37	205
37	538
38	537
38	558
38	959
39	221
39	946
40	185
40	358
40	717
40	736
40	857
41	44
41	197
41	261
41	485
41	570
42	398
42	436
42	477
42	671
42	820
42	871
43	327
43	351
43	504
43	600
43	954
44	48
44	238
45	548
45	839
45	858
45	894
46	676
46	793
46	863
46	919
47	74
47	267
47	422
47	501
47	689
47	720
48	745
48	753
48	819
49	916
49	972
50	59
50	676
50	886
51	116
51	322
51	441
51	673
52	350
52	483
52	999
53	468
53	479
53	532
53	576
54	570
54	685
55	386
55	425
55	479
55	508
55	527
55	557
55	592
55	740
55	817
55	870
56	157
56	284
56	435
56	935
57	127
57	299
57	373
57	962
58	235
59	138
59	299
59	373
59	449
59	460
59	731
59	878
60	272
60	449
60	712
60	926
61	359
62	541
63	698
63	885
64	408
64	693
64	889
65	70
65	276
65	813
66	288
66	295
66	727
66	798
67	111
67	117
67	333
67	870
68	392
69	156
69	245
69	757
70	230
71	599
71	727
71	814
71	881
72	139
72	213
72	326
72	576
73	846
74	235
74	831
75	253
75	644
75	682
75	833
75	908
75	979
76	631
76	862
76	969
77	98
77	287
77	428
77	599
78	405
78	494
78	734
79	270
79	311
79	347
79	519
79	648
79	799
80	474
80	953
81	92
81	548
81	665
81	728
81	905
82	244
82	547
82	583
82	846
83	661
83	679
83	712
83	849
84	110
84	537
84	830
84	939
85	525
86	767
87	770
87	810
88	109
88	354
89	106
89	546
89	633
89	695
90	480
90	696
91	359
91	839
92	372
93	465
93	500
93	574
93	736
94	698
95	129
95	148
95	564
95	661
95	669
96	371
96	462
96	711
96	785
96	891
97	147
97	385
97	484
97	610
97	757
98	104
99	530
99	709
99	924
100	463
101	296
101	601
101	775
101	820
101	827
101	916
102	738
102	876
102	913
103	832
104	197
104	305
104	542
104	724
104	862
104	947
105	595
105	611
105	631
105	949
106	119
106	414
106	866
106	938
106	956
106	968
107	314
107	370
107	612
108	119
108	193
108	282
108	406
108	471
108	569
108	613
108	645
108	661
108	896
109	561
110	125
111	784
111	909
111	986
112	129
112	411
112	449
112	908
113	174
113	260
114	462
114	776
115	328
115	509
115	758
115	841
115	941
116	371
116	921
117	180
117	365
117	851
117	996
118	191
118	218
118	576
118	869
118	889
118	911
119	400
119	668
120	350
120	533
121	248
121	249
121	331
121	714
122	227
122	242
122	408
122	566
123	735
124	187
124	256
124	441
125	316
125	983
126	845
127	546
127	573
127	674
127	815
127	917
128	436
129	276
129	784
129	848
130	448
130	495
130	569
130	617
130	734
131	234
131	447
131	891
132	211
133	863
133	882
134	334
134	371
134	406
134	548
134	961
135	172
135	444
135	785
135	907
136	908
137	496
137	835
138	481
138	814
138	869
139	222
139	399
139	409
139	565
139	660
139	801
140	210
140	245
140	642
140	964
140	968
141	342
141	371
141	591
142	144
143	333
143	390
143	519
143	804
143	967
144	146
144	509
144	622
144	731
144	753
144	834
144	974
145	178
145	648
145	779
146	226
146	445
146	559
146	630
146	920
146	944
147	238
147	270
147	309
147	392
147	531
147	604
148	336
148	424
148	630
149	343
149	572
149	640
149	808
150	151
150	285
150	357
150	390
150	665
150	697
150	700
151	277
151	324
151	342
151	559
151	686
152	365
152	402
152	560
153	161
153	201
153	286
153	793
154	231
154	452
154	769
155	327
155	556
155	961
156	225
156	896
157	164
157	221
157	393
157	480
157	715
158	325
158	328
158	751
159	408
159	483
159	766
159	803
160	265
160	266
160	424
160	542
160	861
161	377
161	754
161	756
162	472
162	754
162	925
163	293
163	539
163	590
164	541
164	793
164	824
165	384
165	648
165	878
166	299
166	709
166	854
166	946
167	204
167	319
167	499
167	504
167	510
168	803
169	629
169	963
170	543
170	601
170	960
171	276
171	383
171	658
172	225
172	350
172	676
172	783
173	179
173	233
173	413
173	602
173	975
174	497
174	843
174	966
175	375
175	449
175	755
176	230
176	361
176	586
177	187
178	876
179	293
179	466
179	606
179	870
179	897
179	988
180	328
180	437
180	610
180	683
181	335
181	919
182	712
183	201
183	227
183	632
183	773
184	669
184	795
185	435
185	600
185	665
185	715
185	733
185	750
185	962
186	520
186	742
187	189
187	214
187	413
187	469
187	783
188	392
188	416
188	540
188	628
188	745
188	992
190	276
190	568
190	658
190	807
191	965
192	832
192	954
193	423
194	326
195	434
195	537
195	547
195	606
195	629
195	787
195	853
195	863
195	876
195	956
196	217
196	673
196	855
197	512
197	683
197	898
198	321
198	473
198	539
199	423
199	516
199	774
199	982
200	305
200	330
200	382
200	564
200	975
201	498
201	615
201	703
201	744
201	984
203	698
204	235
204	338
204	944
205	375
205	930
206	422
206	459
206	729
207	315
207	355
207	726
208	262
208	569
208	636
208	940
208	945
209	718
210	367
210	403
211	372
212	274
213	240
213	559
213	681
214	563
214	710
214	718
214	816
215	333
215	650
215	853
216	500
216	929
217	400
217	623
218	345
219	253
219	285
219	317
219	659
219	708
219	818
220	614
220	619
220	753
221	503
221	827
222	363
222	835
223	316
223	510
223	513
223	535
223	777
224	436
225	288
225	353
226	900
226	926
227	340
227	704
227	948
228	389
228	502
228	538
228	605
228	692
228	829
229	312
229	565
230	456
230	823
230	916
231	527
231	560
231	617
231	632
231	679
231	721
231	732
231	832
231	917
232	400
233	306
233	308
233	357
233	908
234	623
234	705
234	993
235	614
235	759
235	761
236	406
236	519
236	585
236	721
236	806
237	444
237	956
238	429
238	556
238	630
238	804
239	556
239	700
240	366
240	493
241	562
242	263
242	499
242	959
243	291
243	298
243	404
243	939
244	607
245	510
245	833
246	279
246	440
246	692
246	746
246	779
246	905
247	292
247	415
247	644
247	862
248	614
248	618
249	315
250	615
250	772
250	778
251	333
251	353
251	566
251	644
251	837
252	822
252	835
252	893
253	615
253	650
253	743
253	753
253	780
253	881
254	377
254	563
254	700
254	955
255	323
255	459
255	838
256	271
256	324
256	403
256	483
256	505
256	562
257	385
257	548
257	765
258	396
258	575
258	601
259	381
259	423
259	852
259	945
260	264
260	407
260	799
260	980
261	315
261	481
261	808
262	685
262	710
262	972
263	491
263	944
264	738
265	469
265	561
265	565
265	824
265	914
265	994
266	619
266	792
267	752
267	916
268	774
268	789
268	814
269	445
269	635
269	661
270	835
270	851
270	960
271	490
271	559
271	563
272	357
272	392
272	520
272	537
272	618
272	730
272	938
273	460
273	469
273	580
273	641
273	656
273	677
274	840
275	748
275	917
276	477
277	401
277	554
277	579
278	610
279	288
279	448
279	585
279	589
279	691
280	681
280	804
280	903
281	288
281	347
281	528
281	663
282	377
282	548
282	798
283	330
283	418
284	463
284	559
284	715
284	926
284	999
285	497
285	788
286	334
286	498
286	832
287	933
287	986
288	472
289	577
289	693
289	744
291	512
291	524
291	535
291	766
291	939
291	968
292	360
292	364
292	549
292	636
293	607
293	721
293	740
294	384
294	548
294	742
295	611
295	971
296	421
296	626
296	653
296	873
297	403
297	453
297	947
297	964
297	976
299	350
299	361
299	369
299	838
300	758
300	989
301	557
301	786
302	497
302	778
302	989
302	997
303	313
303	702
303	872
304	961
305	350
305	472
306	517
306	922
306	995
307	403
307	559
308	414
308	418
308	675
309	329
309	337
309	753
309	994
310	320
310	640
310	875
310	904
310	960
311	867
311	894
312	592
312	601
312	648
312	880
313	608
314	363
314	376
314	790
315	628
315	837
315	939
315	949
316	370
317	518
317	812
317	906
318	458
318	788
318	965
318	991
319	512
319	858
319	948
319	980
320	570
320	608
321	557
321	624
321	934
322	541
322	606
322	765
322	776
322	855
323	531
323	701
324	681
324	841
324	861
326	501
326	661
326	855
327	441
327	579
327	580
327	662
327	730
327	860
328	360
328	550
328	720
328	888
329	471
329	613
330	492
330	762
330	838
331	582
332	351
332	395
332	962
333	358
333	852
334	666
334	826
334	964
335	618
336	465
336	732
336	735
336	820
337	495
337	563
337	574
337	827
338	450
338	547
338	707
338	725
338	780
339	615
339	733
339	909
339	954
339	969
340	637
340	670
340	750
340	764
340	887
341	696
341	813
341	822
342	620
342	895
343	516
343	591
343	626
343	693
344	673
344	740
344	783
344	837
344	955
345	739
346	634
346	740
346	763
346	909
346	947
347	559
347	808
347	902
348	528
349	376
349	456
349	499
349	656
349	981
350	383
350	422
350	765
350	824
351	553
352	522
352	604
352	677
352	779
352	911
353	398
353	486
353	554
354	409
354	455
354	624
354	826
355	380
355	521
355	598
356	493
356	949
356	956
357	498
357	568
357	768
358	411
358	665
358	767
360	615
360	762
361	367
361	503
361	584
361	773
362	439
362	810
362	826
363	952
363	972
364	416
364	481
364	696
364	976
365	602
365	673
365	691
365	735
365	794
366	454
366	555
366	563
367	646
367	704
368	725
369	507
369	516
369	580
369	978
370	439
370	595
371	491
371	521
371	868
371	890
372	939
373	777
374	410
374	932
375	557
375	802
375	951
376	707
376	782
377	634
378	547
378	720
378	960
379	426
379	765
379	994
380	744
380	766
381	683
381	830
382	730
382	927
383	919
383	929
384	566
384	649
385	755
386	764
387	434
387	489
388	419
388	454
388	848
388	875
388	968
389	452
389	585
389	604
389	684
389	865
389	997
390	424
390	549
390	557
390	731
390	901
390	996
391	469
391	990
392	760
393	504
393	619
394	417
394	455
394	456
394	725
394	796
394	887
395	516
395	884
395	888
395	981
396	682
397	443
397	595
397	648
397	675
397	824
397	946
397	989
398	404
398	451
398	707
400	777
401	644
401	658
401	819
402	634
403	404
404	407
404	751
405	915
406	671
406	809
406	916
407	430
407	632
407	971
408	435
408	922
409	770
409	798
409	942
410	611
410	980
411	486
411	686
411	926
412	844
413	531
414	543
414	659
414	744
414	809
414	833
414	879
415	429
415	699
415	895
416	820
416	945
417	650
417	995
418	789
418	826
418	885
419	514
419	579
419	621
419	773
420	481
420	752
420	965
421	985
422	518
422	567
422	607
422	622
422	854
423	497
423	706
423	729
425	512
425	646
425	884
426	460
426	890
426	909
427	641
427	774
427	899
427	920
428	551
428	755
429	472
429	543
429	859
430	664
430	751
430	773
431	712
431	893
431	975
432	732
433	942
433	950
435	445
435	593
435	951
437	766
437	874
437	889
438	684
439	502
439	561
439	934
439	940
440	734
441	464
442	680
443	762
444	597
444	664
444	861
444	955
445	526
445	676
445	692
445	877
445	881
445	901
445	954
446	505
446	685
447	530
447	760
448	816
448	849
448	869
449	783
450	661
450	702
450	991
451	507
452	662
452	870
453	594
453	718
454	508
454	732
455	570
457	921
457	987
458	558
458	584
458	867
459	645
459	986
460	626
460	832
460	939
460	976
461	509
461	683
461	734
462	645
462	890
463	802
464	643
464	876
465	599
465	628
466	654
466	659
468	700
468	780
468	997
469	826
469	937
470	723
470	756
470	773
471	607
471	688
471	766
472	696
472	716
472	929
473	688
474	657
474	904
474	948
475	793
476	744
476	970
477	492
477	579
477	675
477	949
478	860
478	872
479	573
479	827
479	925
479	986
480	546
480	692
480	757
481	522
481	844
482	752
482	927
484	583
484	603
484	639
484	784
485	856
485	886
486	612
486	614
486	979
487	602
487	697
487	741
487	850
488	687
489	536
489	686
490	695
491	585
491	702
491	890
491	983
492	619
492	689
492	890
493	544
493	731
493	901
494	596
495	791
496	804
496	860
498	670
498	884
499	571
499	581
499	842
499	853
499	959
500	723
500	882
501	817
501	995
502	504
502	616
502	845
502	989
503	505
504	560
504	600
504	679
504	741
504	766
505	687
506	519
506	680
506	733
507	778
507	855
507	929
507	955
508	658
509	608
509	642
509	797
509	862
509	886
510	667
510	860
511	652
512	663
512	743
513	596
513	621
513	722
513	906
514	821
515	527
515	703
515	751
517	666
517	912
517	957
518	650
518	810
520	783
521	748
521	865
522	568
522	826
523	718
523	819
524	635
524	747
524	962
525	660
525	821
525	965
526	695
527	541
527	604
530	647
530	648
530	992
531	892
534	704
534	811
534	946
536	924
538	678
538	804
538	913
539	697
539	880
539	949
539	995
540	656
540	711
542	675
542	789
543	842
545	611
545	807
545	892
545	948
546	559
546	574
546	734
547	715
547	806
547	862
548	850
550	619
550	797
550	800
551	603
552	661
552	901
553	786
554	602
554	871
555	743
556	972
557	566
557	611
557	645
557	872
559	846
559	933
559	991
560	728
560	987
561	607
561	656
561	928
562	889
563	909
563	923
563	997
564	828
564	859
565	583
565	767
567	614
568	992
569	604
569	851
570	962
572	932
573	710
573	924
575	950
576	685
576	777
576	817
576	943
577	937
578	740
578	864
579	881
579	951
580	959
580	977
581	583
581	631
581	727
581	880
582	863
583	951
584	825
584	833
584	857
584	875
584	949
585	629
585	798
585	883
586	636
586	849
586	937
588	797
589	680
589	734
590	794
595	864
595	867
596	663
596	957
597	767
597	888
597	893
598	932
599	638
599	688
600	724
600	791
601	623
601	642
603	897
603	910
604	617
604	672
604	981
606	763
607	630
607	714
607	880
608	663
609	671
609	857
610	747
610	863
611	622
611	787
611	793
612	736
612	961
613	974
614	677
614	729
614	849
614	889
615	718
615	789
616	863
617	783
618	693
618	841
621	759
621	918
622	661
622	896
623	647
623	898
623	938
624	642
624	666
624	786
625	708
625	740
625	973
627	629
627	772
628	669
628	780
628	845
629	745
629	847
629	938
631	651
631	720
631	854
631	923
632	838
633	805
633	958
634	676
635	940
635	958
636	772
638	659
639	842
639	866
639	874
639	949
640	713
641	825
642	820
642	855
642	870
644	663
644	820
644	822
645	716
645	745
645	756
646	677
647	988
648	888
649	949
650	843
651	893
652	695
652	894
655	985
656	723
657	801
657	860
659	910
660	837
662	728
662	848
662	873
663	766
663	894
665	678
665	881
667	771
667	792
667	888
667	981
668	736
670	835
670	860
671	893
671	907
671	997
673	901
675	748
675	880
676	683
677	914
678	995
679	693
679	817
679	978
681	981
682	868
682	996
684	835
685	735
685	965
687	939
688	776
690	733
693	781
694	972
695	983
697	836
698	818
698	843
698	866
700	734
700	858
701	759
701	834
701	934
702	918
705	715
706	908
707	802
708	875
710	776
711	781
711	902
711	922
712	733
712	829
715	739
715	824
715	950
716	999
718	868
718	969
719	947
720	956
722	802
724	930
725	808
726	826
727	876
728	816
728	846
728	950
729	871
730	848
731	981
732	983
734	870
736	773
737	803
737	854
740	813
740	879
742	782
745	808
745	846
745	955
746	868
747	861
748	861
748	911
749	852
750	868
750	910
750	952
750	983
754	758
757	844
757	924
759	840
759	967
759	972
760	858
761	952
763	959
764	834
764	843
765	800
767	896
768	803
769	772
772	872
775	944
776	960
778	858
780	909
782	851
782	914
783	883
783	946
786	917
787	978
793	798
793	967
794	931
794	979
795	846
795	899
795	921
796	943
799	803
801	942
803	885
805	865
805	994
810	937
812	982
813	844
813	944
814	967
815	854
815	904
815	928
816	912
817	830
818	952
821	887
822	958
823	867
823	991
824	989
825	853
828	897
828	992
829	937
829	998
830	983
831	841
833	853
834	844
834	896
835	905
835	961
838	893
839	840
841	985
842	887
842	896
842	974
844	908
847	872
851	863
851	866
853	858
854	872
859	914
863	909
863	933
864	925
871	996
872	962
874	879
875	984
876	881
879	916
880	905
882	956
882	979
884	911
884	928
885	939
886	921
888	902
888	925
888	964
890	954
890	969
891	906
892	951
893	899
897	941
898	986
900	919
903	988
908	986
909	963
910	945
911	932
915	988
916	973
918	999
919	947
921	987
925	968
930	990
936	952
939	940
940	967
946	958
947	963
948	959
953	990
955	957
959	998
972	997
976	977
979	998
981	988
985	987