0	2
0	5
0	426
0	460
0	678
0	692
0	792
0	903
1	536
2	62
2	93
2	371
2	387
2	405
2	688
2	753
2	815
2	827
2	892
3	229
4	266
4	363
4	502
4	629
5	202
6	95
6	346
6	580
6	609
6	879
7	236
7	504
8	414
9	295
9	633
10	20
11	28
11	142
11	319
11	793
11	965
11	998
12	30
13	307
13	364
13	634
13	708
13	938
14	479
14	644
15	160
15	338
15	505
15	534
15	809
15	939
16	552
16	781
16	816
17	33
17	110
17	224
17	582
17	927
18	39
18	42
18	350
18	426
18	540
19	135
19	287
19	778
19	823
19	849
19	941
20	689
21	76
21	88
21	484
22	161
22	168
22	192
22	850
23	62
23	331
23	450
23	681
23	687
24	569
24	655
24	986
25	107
25	128
25	396
25	630
25	687
25	749
26	41
26	207
26	773
27	932
28	139
28	329
28	333
28	440
28	709
28	727
28	926
29	268
29	676
30	250
30	438
31	98
31	267
31	569
31	575
32	191
32	460
32	698
32	701
33	59
33	478
33	638
33	680
33	935
34	60
34	214
34	215
34	281
34	784
34	827
35	59
35	327
36	249
36	624
36	862
37	287
37	321
38	56
38	319
38	336
38	437
38	473
39	66
39	173
39	249
39	404
39	452
39	862
40	572
40	707
40	838
40	945
41	217
41	943
42	356
42	395
42	472
43	177
43	690
44	230
44	732
45	91
45	183
45	522
45	854
45	979
46	206
46	257
46	365
46	838
46	983
47	731
48	307
48	826
49	230
49	903
50	977
51	503
51	558
52	385
53	377
53	942
54	617
55	104
55	222
57	797
58	614
58	796
58	972
59	239
59	270
59	280
59	303
59	602
59	764
60	861
61	72
61	394
61	642
62	584
62	679
63	251
63	268
63	415
63	705
63	785
63	808
63	863
63	871
63	956
64	121
64	245
64	468
64	904
65	370
65	504
65	559
66	242
66	433
66	475
67	68
67	317
67	451
67	557
67	582
67	585
67	986
68	439
69	78
69	152
69	314
70	800
71	162
71	336
71	926
71	970
72	383
72	447
72	498
72	719
72	858
73	668
74	120
74	193
74	206
74	441
74	684
74	775
75	428
75	453
75	819
75	840
76	142
76	183
76	385
76	709
76	781
77	109
77	128
77	404
78	571
78	588
78	621
78	622
78	775
78	827
78	855
78	934
79	176
79	260
79	792
79	886
80	613
80	670
81	301
81	439
81	792
81	912
81	923
82	723
82	995
83	141
83	172
83	414
83	554
83	886
84	712
84	732
85	201
85	268
85	303
85	768
85	889
85	950
86	202
86	442
86	491
86	579
86	808
86	861
87	457
87	460
87	614
87	703
87	796
88	158
88	448
88	490
88	873
89	211
89	312
89	802
90	339
90	784
91	395
91	444
91	726
91	819
92	160
92	290
92	301
92	367
92	421
92	767
93	176
93	294
93	760
93	790
93	935
94	179
94	963
95	110
95	199
95	644
95	854
96	152
96	550
96	596
96	827
97	490
97	696
98	412
98	683
98	821
98	869
99	396
99	697
100	793
100	816
100	888
101	277
102	475
103	105
103	247
103	344
103	624
103	653
103	669
104	139
104	465
105	280
105	351
105	384
105	442
105	484
105	560
105	860
105	917
106	349
106	450
106	551
107	198
107	337
107	919
108	147
108	226
108	610
109	321
109	755
109	898
110	223
110	673
111	407
111	585
111	592
111	651
111	887
112	199
112	311
112	791
113	422
114	519
114	615
114	943
115	200
115	209
115	227
115	246
115	562
115	598
115	959
116	292
116	518
116	529
116	902
117	204
117	263
117	332
117	348
117	675
117	681
118	126
118	498
118	652
118	827
119	153
119	368
120	327
120	426
120	520
120	831
120	842
121	364
121	543
121	610
121	665
121	785
122	340
122	406
122	558
122	563
122	574
122	663
122	966
123	280
123	612
123	774
123	885
124	139
124	156
124	314
124	351
124	400
124	701
125	261
125	266
125	368
125	654
125	848
126	365
126	535
126	957
127	314
127	423
127	822
127	824
127	845
128	142
128	646
128	679
128	869
129	145
129	302
129	584
129	883
130	156
130	525
130	627
131	301
131	526
131	724
131	918
131	939
132	193
132	216
132	310
132	774
132	841
133	534
134	601
135	240
135	334
135	578
135	648
135	705
135	929
136	185
136	346
136	356
136	930
137	176
137	649
138	464
138	560
138	982
139	203
139	210
139	602
139	683
139	719
140	202
140	345
140	586
141	253
141	567
141	762
141	989
141	991
142	375
142	729
143	305
143	591
143	645
143	711
143	880
144	215
144	336
144	524
144	554
144	623
144	664
144	944
145	247
145	359
145	490
145	651
145	774
146	181
146	361
147	430
147	558
147	644
148	307
148	376
148	699
148	853
149	368
149	656
150	265
150	291
150	533
150	671
150	905
150	949
151	172
151	182
151	698
151	826
151	888
151	919
152	655
153	393
153	919
154	593
154	610
155	333
155	743
155	875
156	275
156	298
156	407
156	588
156	686
156	702
156	843
157	193
157	210
157	246
157	312
157	923
157	956
158	818
159	311
159	800
159	814
159	916
160	543
161	578
161	664
161	834
162	840
162	925
163	236
163	288
163	368
163	406
163	897
164	543
165	253
165	377
165	496
165	738
166	933
167	330
167	379
167	681
167	724
167	747
167	748
168	394
168	928
169	180
169	227
169	659
170	345
171	648
171	805
171	903
171	906
172	183
172	697
174	253
174	261
174	337
174	348
174	515
174	523
174	747
174	854
174	962
175	591
176	319
176	685
176	795
177	911
178	404
178	512
178	730
178	879
179	483
179	660
179	916
180	250
180	437
180	694
180	972
181	346
181	458
181	521
182	421
182	542
183	299
183	331
183	591
183	640
183	843
183	859
183	945
183	985
184	623
184	893
184	910
184	945
185	677
186	684
187	572
187	712
187	804
188	467
188	517
188	655
189	205
189	456
189	993
190	393
190	700
191	320
191	401
191	963
191	986
192	382
192	396
192	675
193	350
193	463
193	591
193	831
194	949
195	943
196	208
196	281
196	307
196	376
196	637
196	737
196	770
196	942
197	332
197	504
197	629
197	783
197	928
197	939
197	967
198	550
198	771
198	813
199	318
199	361
199	444
199	501
199	585
199	750
199	752
199	932
200	266
200	387
200	408
200	460
200	465
200	468
201	396
202	240
202	364
202	480
202	585
202	616
202	712
202	783
202	873
203	662
203	951
203	986
204	291
204	324
204	557
205	235
205	473
205	712
205	769
206	428
207	391
207	515
207	580
207	997
208	714
209	558
209	657
209	800
210	360
210	532
210	819
211	828
212	638
212	697
212	960
212	997
213	366
214	509
214	666
214	756
215	338
215	486
215	715
215	867
215	936
216	685
216	834
217	256
217	295
217	545
217	587
217	668
217	751
217	830
218	253
218	840
219	264
219	530
219	840
219	955
220	529
220	883
221	370
221	383
221	955
221	975
222	253
222	768
222	835
222	857
224	497
224	603
224	931
225	751
225	813
225	919
225	928
226	232
226	334
227	464
227	508
227	523
227	554
227	651
228	756
228	968
229	523
229	638
229	688
229	817
230	538
230	937
231	366
231	395
232	534
233	871
234	249
234	655
234	772
235	252
235	299
235	496
236	237
236	256
236	290
236	835
236	967
237	381
237	389
237	937
238	402
238	562
239	695
239	742
240	251
240	995
241	339
241	528
241	742
241	794
241	998
242	882
242	931
243	308
244	464
244	519
244	826
244	900
244	965
246	504
246	829
247	370
247	849
247	920
248	348
248	351
248	697
249	352
249	847
250	614
250	721
250	986
251	308
251	380
251	669
251	790
251	805
251	917
252	313
252	397
252	585
252	587
253	625
253	650
253	796
253	831
254	473
254	724
254	977
255	423
255	723
255	867
256	531
256	536
256	908
257	486
258	540
258	549
258	743
258	956
259	675
260	370
260	420
260	530
260	537
260	664
261	541
261	544
261	769
262	759
262	782
262	882
262	955
262	961
263	501
263	575
263	906
264	512
266	370
266	711
267	732
267	821
267	940
267	972
268	342
268	502
268	629
268	741
269	364
269	535
269	558
269	809
270	399
270	890
270	998
271	277
271	691
271	755
271	872
272	454
272	849
272	877
272	970
273	880
274	445
275	510
275	775
276	398
276	456
277	342
277	735
277	917
277	987
278	291
278	527
278	763
279	361
280	654
280	967
281	430
281	564
281	976
282	307
282	512
282	640
282	820
283	570
283	716
283	847
283	937
283	958
283	968
284	409
284	647
284	716
284	737
284	860
285	390
285	908
286	291
287	463
288	477
288	514
288	934
289	345
289	427
289	853
290	460
290	702
291	542
291	825
292	336
292	417
292	586
292	819
292	823
292	946
293	477
293	512
293	924
294	472
294	690
295	797
295	957
296	406
297	344
297	401
297	520
297	727
297	738
297	770
298	338
298	347
298	742
299	372
299	432
300	353
300	393
300	522
300	852
301	400
302	926
303	423
303	445
303	744
303	919
304	352
304	380
304	856
305	317
305	593
305	632
305	730
305	731
306	394
306	576
306	809
306	961
308	375
308	993
309	587
309	670
309	963
309	995
310	470
310	580
310	754
310	787
311	368
311	806
311	871
312	527
312	695
313	343
313	404
313	626
314	639
314	682
314	782
315	436
315	627
315	954
316	395
316	503
316	568
316	646
316	762
316	872
317	513
317	620
317	635
317	799
317	888
317	994
318	458
318	548
318	581
318	595
318	880
319	413
321	351
321	509
322	557
322	739
323	670
323	933
325	737
326	472
326	875
327	594
327	620
327	789
328	525
328	539
328	683
328	876
328	916
329	385
330	515
330	517
330	662
330	818
330	843
330	994
331	441
331	614
331	641
331	656
331	852
332	780
332	929
333	738
333	768
333	958
334	651
335	467
336	736
336	843
337	540
337	561
337	750
338	647
338	805
339	656
339	783
340	494
341	484
341	946
342	577
342	984
343	386
344	438
344	863
344	961
345	394
345	577
345	594
346	451
346	471
346	514
346	549
346	863
347	398
347	500
347	509
347	818
348	358
349	357
349	415
349	730
349	803
350	370
350	527
350	637
351	436
351	793
352	359
352	400
352	468
352	821
352	885
353	647
353	772
354	364
354	668
354	699
354	959
355	381
355	507
355	642
355	734
355	762
355	905
355	957
356	538
356	614
357	476
357	603
357	709
357	900
357	971
358	923
358	924
358	936
360	376
360	640
361	489
361	572
361	752
361	795
361	802
362	782
362	784
363	490
363	600
363	620
364	664
365	587
365	921
366	486
367	489
367	847
368	411
368	575
369	974
370	724
371	546
371	881
371	946
372	790
372	856
373	527
373	750
373	816
373	876
374	859
375	977
376	546
376	591
376	877
376	982
378	580
378	826
379	726
379	948
380	809
380	884
380	892
381	564
381	801
382	637
382	729
382	733
382	822
382	937
383	590
384	386
384	619
384	835
386	459
386	578
387	767
387	955
387	992
388	483
388	590
389	478
390	823
391	592
391	605
391	780
391	877
392	965
393	889
394	781
395	507
395	634
396	504
397	409
397	724
398	623
398	762
398	812
398	982
399	602
399	607
400	583
400	592
400	688
401	527
401	557
401	929
402	431
402	481
402	752
403	553
404	683
405	551
405	594
405	820
406	520
407	580
407	729
407	938
408	538
409	978
410	638
410	783
410	818
410	840
411	415
411	595
411	764
413	518
413	683
413	883
414	492
414	660
415	732
415	790
415	920
416	668
417	749
417	939
418	448
418	460
418	608
418	891
419	774
419	938
421	722
421	838
422	895
423	563
423	615
423	834
423	909
424	529
424	638
424	705
424	748
425	562
425	734
426	431
426	569
426	617
426	647
426	963
427	556
427	603
427	635
427	729
428	472
429	621
429	681
429	722
429	764
429	922
429	924
430	934
431	542
431	938
432	511
432	707
433	815
433	948
433	994
434	764
434	858
434	993
435	528
435	695
435	843
435	958
436	921
437	562
437	721
437	777
438	459
438	496
438	667
438	854
438	949
439	791
440	491
440	922
441	482
441	604
441	643
442	663
442	973
443	581
443	738
443	980
444	461
444	937
444	975
445	701
445	863
446	649
446	859
446	977
447	616
447	725
448	519
448	717
449	535
449	548
450	767
451	497
452	723
453	569
453	619
453	646
453	785
454	992
455	865
457	494
457	509
458	920
459	689
461	555
461	788
461	836
461	896
462	673
462	952
463	468
463	494
463	495
463	593
463	597
463	959
464	575
465	483
465	655
466	501
468	992
469	527
469	661
469	774
470	675
470	808
470	842
470	884
471	489
472	722
472	796
473	519
473	623
473	692
474	530
474	541
474	728
474	938
475	963
476	617
476	740
478	777
478	783
478	940
479	613
479	616
479	850
479	886
480	778
480	938
481	646
481	775
481	783
482	656
482	722
482	811
482	927
483	608
484	757
484	777
484	884
484	970
485	745
486	489
486	805
487	618
488	523
489	693
489	951
490	856
490	896
490	929
491	501
491	934
492	941
492	970
493	547
494	763
494	904
495	628
495	793
495	864
495	937
496	675
497	546
497	692
498	542
498	849
499	534
499	667
499	889
500	536
501	607
501	912
502	862
503	626
503	795
503	860
503	896
504	996
505	584
506	629
507	624
509	585
509	596
510	520
510	558
511	512
511	706
512	515
512	976
513	954
515	545
515	733
515	859
516	583
516	598
517	880
517	906
518	647
518	702
518	866
519	700
520	859
521	522
521	695
522	976
523	820
523	918
524	594
524	852
524	877
525	675
525	764
529	867
529	946
530	733
531	660
532	938
533	914
533	982
534	592
534	779
535	551
536	565
536	723
537	540
538	699
538	769
539	571
539	666
539	851
539	877
540	721
540	954
541	779
541	888
542	595
542	735
542	776
543	647
544	552
544	558
545	837
545	866
546	734
546	796
546	871
547	591
548	649
548	669
548	696
548	729
548	930
549	664
550	883
550	924
552	594
552	680
552	835
552	983
553	626
553	724
554	609
554	724
554	805
554	837
555	760
555	994
556	908
557	657
557	723
557	897
557	969
558	981
559	704
559	739
559	808
560	697
560	705
560	713
561	935
561	985
562	706
562	809
563	783
563	809
563	932
564	661
564	741
564	881
565	861
566	583
567	879
570	837
570	983
572	590
572	623
572	652
572	939
573	892
573	971
573	983
574	639
574	674
574	712
575	608
576	674
576	731
577	595
577	868
577	903
579	882
580	758
580	915
580	975
582	778
583	974
585	673
585	743
585	962
585	983
586	598
586	621
586	753
586	813
586	856
587	613
587	999
588	642
589	847
590	748
590	783
591	618
592	617
592	710
592	792
592	985
594	771
595	884
596	749
596	796
596	844
597	680
597	715
597	757
599	719
599	850
599	986
600	660
600	690
601	937
601	971
602	635
603	892
604	722
606	682
608	739
608	913
609	792
609	903
609	976
610	683
610	784
610	834
611	768
611	839
611	878
612	693
612	740
614	899
615	711
615	889
615	919
617	784
619	956
619	975
619	990
620	894
621	962
622	806
623	848
623	955
625	642
626	664
627	640
627	914
627	953
628	690
629	786
630	648
631	837
632	846
633	798
635	642
635	686
635	950
636	704
636	745
636	782
637	774
640	717
641	701
642	808
643	697
643	763
643	811
643	992
644	745
644	899
645	647
645	796
646	756
646	931
647	985
649	767
649	913
649	993
651	914
651	947
652	944
653	812
654	805
655	718
655	787
655	829
656	784
656	951
657	711
657	840
657	956
658	742
658	831
659	886
659	979
662	752
662	766
664	676
665	866
665	895
665	988
666	883
668	795
668	880
669	743
670	772
670	871
672	814
673	850
675	810
675	885
676	696
676	783
676	904
680	874
682	735
682	977
683	955
684	785
684	930
684	990
687	823
689	771
689	822
690	918
692	746
693	870
694	696
695	735
697	793
699	881
700	753
700	826
702	874
704	990
705	924
705	934
708	711
710	812
711	779
712	779
712	801
712	828
712	838
713	879
713	999
717	887
717	966
718	734
718	839
719	952
720	992
721	821
721	957
722	990
723	731
723	742
725	816
725	876
727	759
727	836
728	765
730	786
733	761
734	744
734	775
734	801
734	839
734	865
734	973
735	808
736	744
736	940
737	843
737	988
737	991
737	992
740	861
741	874
741	947
744	950
744	976
745	867
746	915
747	777
748	846
748	871
748	913
748	993
749	955
750	814
750	932
751	771
752	911
756	900
756	911
757	939
757	946
758	784
758	965
759	969
759	973
762	843
767	921
768	770
772	827
772	852
773	998
774	775
774	994
782	873
782	924
782	989
784	933
785	807
786	830
787	893
789	801
789	892
792	949
793	841
793	855
793	982
800	888
804	980
808	997
809	821
811	918
816	951
822	876
822	933
823	912
825	866
826	932
827	876
827	881
830	907
831	963
831	975
832	931
833	867
833	923
837	897
840	983
841	892
842	888
847	901
849	886
849	961
856	909
857	888
859	864
859	970
860	964
860	978
860	982
863	945
864	944
871	910
872	889
875	897
875	997
877	904
878	958
880	970
881	966
883	889
884	897
884	961
884	987
894	961
896	985
898	933
898	988
901	959
901	991
906	965
909	950
912	967
916	963
922	979
926	934
927	959
932	959
938	951
944	970
950	968
951	975
954	991
960	971
971	990
973	986
981	983