0	235
0	426
1	260
1	328
2	98
2	212
2	273
2	305
2	476
3	154
3	242
3	335
3	432
3	433
4	56
4	70
4	184
4	312
4	318
5	7
5	136
5	164
5	165
5	246
5	290
5	409
6	204
6	334
6	345
6	469
7	114
8	48
8	93
8	201
8	319
8	370
8	378
9	157
9	205
9	226
9	450
9	497
10	216
11	256
11	381
11	466
12	359
12	365
12	425
12	487
13	123
13	130
13	262
13	443
14	39
14	113
14	179
14	214
14	267
14	278
14	437
14	495
15	124
15	181
15	186
15	319
15	416
15	447
15	455
15	489
16	52
16	78
16	209
16	459
17	79
17	320
18	174
18	426
19	205
19	494
20	58
20	170
20	433
21	96
21	127
21	165
21	364
22	25
22	110
22	136
22	145
22	151
22	188
22	321
23	59
23	81
23	123
23	179
23	231
23	426
23	434
24	140
24	156
24	267
24	471
24	486
25	148
25	283
25	350
25	472
25	487
26	145
26	162
27	441
28	88
28	259
28	339
29	223
29	367
29	492
30	249
30	299
31	79
31	191
31	228
31	369
31	385
31	493
32	340
32	389
32	398
33	53
33	123
33	333
34	77
34	155
34	215
34	245
34	414
35	122
35	224
35	393
36	212
36	272
36	299
37	233
37	341
37	454
37	462
37	479
38	113
39	173
39	180
40	195
40	237
41	90
41	268
41	316
41	357
42	56
42	203
42	355
42	440
43	225
43	337
44	102
44	128
44	445
44	454
45	203
45	380
46	411
47	221
47	349
47	352
47	479
47	497
48	404
49	73
49	157
49	265
50	232
50	286
50	304
50	366
50	457
51	80
51	165
51	196
51	335
52	100
52	185
52	320
53	90
53	127
54	256
54	285
54	332
55	181
55	234
55	330
55	396
55	480
56	156
56	359
56	373
56	492
57	127
57	179
57	257
57	392
58	77
58	144
58	220
58	227
58	251
58	337
58	448
59	111
59	115
59	278
59	454
60	140
60	235
60	458
61	192
62	216
63	365
64	176
64	191
64	195
64	292
64	295
65	306
65	449
66	258
66	267
66	354
66	467
67	230
68	187
69	193
69	225
69	285
69	378
69	427
70	130
70	155
70	276
71	329
71	425
72	179
72	315
72	475
73	123
73	329
73	390
73	406
73	407
74	316
74	362
74	459
75	142
75	183
75	223
75	284
75	360
75	372
76	126
76	167
76	237
77	137
77	289
77	489
79	233
79	450
80	123
80	191
80	393
80	490
81	313
82	403
83	105
83	309
83	366
84	133
84	182
84	470
85	234
85	267
85	286
85	344
85	444
86	455
87	228
87	247
87	291
87	301
88	401
88	424
89	179
89	231
89	232
89	486
89	498
90	105
90	119
90	138
90	314
90	491
91	344
91	401
91	443
92	205
92	255
92	411
93	176
93	237
93	249
94	145
94	332
94	450
95	155
95	346
95	397
95	455
96	106
96	417
96	483
97	146
97	170
97	280
97	290
97	344
97	374
97	408
97	422
98	248
98	257
99	206
99	488
100	132
100	228
100	303
100	350
100	401
101	243
101	473
102	116
102	131
102	172
102	278
102	303
102	484
103	113
103	304
103	383
103	431
104	177
105	162
105	430
105	444
105	484
106	134
106	408
107	143
107	357
108	111
108	188
108	222
108	265
108	342
109	255
109	297
109	426
109	453
109	487
110	130
110	188
110	330
110	424
110	479
111	205
111	220
111	287
111	291
111	332
111	349
111	352
111	431
112	181
112	193
112	256
112	370
116	174
116	434
117	212
117	373
117	379
117	391
118	371
118	464
119	438
120	223
120	277
120	355
121	284
121	298
121	336
122	200
122	211
122	373
123	267
123	353
123	359
124	363
124	385
125	242
125	262
125	386
126	143
126	148
126	237
126	272
126	318
126	327
126	363
126	418
126	479
127	334
128	132
128	438
129	138
129	177
129	317
130	157
130	377
132	259
132	351
133	467
134	195
134	281
134	420
134	481
135	155
135	324
135	370
135	465
135	470
136	227
136	239
136	406
136	496
137	212
137	284
137	325
137	422
137	479
138	158
138	244
138	284
138	357
138	401
138	405
139	226
139	233
139	262
139	420
140	141
140	325
140	351
140	354
141	166
141	228
141	285
141	325
142	217
142	486
142	491
143	238
143	333
143	362
143	421
144	186
144	216
144	218
144	236
144	441
145	240
145	381
145	490
146	242
146	244
146	298
146	312
146	351
147	150
147	323
148	205
148	348
148	382
148	387
148	413
149	218
149	290
149	434
149	474
150	296
151	159
151	480
152	228
152	308
152	365
152	481
153	154
154	208
154	365
154	413
154	454
155	185
155	255
155	417
156	345
157	164
157	191
157	295
158	224
158	314
159	188
159	229
159	272
159	277
159	423
159	480
160	186
160	218
160	349
160	436
161	178
161	205
161	252
162	404
162	489
162	492
163	236
163	300
164	165
164	235
166	337
166	376
167	222
167	279
167	456
167	481
168	190
168	191
168	403
169	182
170	307
170	399
170	422
171	184
171	239
171	263
171	469
173	318
173	379
174	476
175	305
175	318
175	357
175	398
175	429
175	445
176	335
176	349
178	208
178	279
178	443
179	245
179	252
179	316
179	337
179	460
180	214
180	290
180	433
182	312
182	317
182	416
184	189
184	269
184	382
185	227
185	326
186	187
186	220
186	300
186	409
187	258
188	231
188	381
188	495
189	326
190	260
190	331
190	347
192	214
192	253
192	272
192	365
192	381
192	441
193	291
193	441
193	444
193	450
193	479
194	251
195	239
195	355
195	380
195	469
195	488
197	299
197	301
197	405
198	333
198	340
198	413
199	269
199	270
199	356
199	400
199	408
199	416
199	439
199	470
200	205
200	296
200	375
200	434
200	490
201	265
201	292
201	348
201	452
202	382
202	383
202	431
202	465
203	268
203	280
203	344
203	361
203	363
204	293
204	354
204	400
205	271
205	285
205	311
205	393
205	405
206	220
206	308
206	315
206	382
206	457
206	484
206	485
207	307
207	350
208	224
208	392
208	493
209	447
209	452
210	306
210	417
211	383
211	413
211	423
212	309
212	345
212	376
212	427
213	223
213	251
213	315
213	339
214	302
214	306
215	366
216	288
216	435
216	485
217	224
217	467
217	494
218	234
218	296
218	474
219	378
220	235
220	273
220	316
220	369
220	411
221	332
221	396
221	405
222	254
222	318
222	354
223	337
223	382
223	394
223	402
224	359
225	243
225	254
225	260
225	356
226	460
228	329
228	343
228	405
228	495
229	258
229	283
229	343
229	464
230	486
230	487
231	289
231	326
231	493
232	402
233	333
233	436
234	259
235	296
235	439
235	484
236	387
236	390
237	447
238	263
238	272
238	289
239	243
240	385
240	478
241	435
242	277
243	307
243	336
244	245
244	271
244	276
244	365
245	268
245	273
246	445
247	393
248	463
249	303
249	339
249	353
249	457
249	477
250	377
252	308
252	340
253	281
253	318
253	449
254	268
254	328
254	363
254	398
254	457
255	264
255	302
256	286
256	334
257	299
257	319
257	359
258	367
259	311
259	453
260	280
260	327
260	331
260	371
260	451
260	452
261	340
262	455
262	474
263	299
263	424
263	459
263	484
264	296
264	344
264	358
264	416
264	480
265	277
265	479
265	487
266	437
266	479
267	402
267	460
268	384
268	414
271	306
271	357
272	326
272	361
272	487
273	311
273	399
274	414
274	416
274	468
275	357
275	376
276	290
276	367
276	368
277	323
277	347
277	391
278	436
278	472
278	492
279	357
280	342
280	439
280	441
280	459
280	470
281	282
281	287
282	423
283	336
283	397
284	315
284	367
284	456
284	482
285	324
285	436
285	482
286	329
287	441
288	332
288	380
288	482
288	496
288	498
289	363
289	493
291	343
294	476
295	352
296	337
296	344
296	434
297	299
298	421
299	314
299	338
299	467
300	315
300	426
300	467
301	321
301	398
302	363
302	475
303	478
303	482
304	428
305	311
307	396
307	412
308	475
309	319
309	464
310	381
310	440
311	459
313	359
315	441
316	387
316	411
316	453
316	463
317	419
317	453
318	357
319	382
319	473
320	393
321	359
321	439
321	448
322	458
323	335
323	369
324	396
325	405
326	328
326	431
326	478
327	366
327	439
328	365
330	462
330	486
331	364
331	448
331	451
336	410
337	361
337	473
338	428
338	457
339	474
340	359
340	380
340	461
342	410
342	488
343	345
344	371
344	425
346	359
347	430
348	414
348	455
350	391
352	441
354	380
354	396
354	463
354	491
355	374
355	380
355	429
355	477
356	361
356	454
356	465
356	477
357	477
358	380
358	462
361	415
362	426
365	432
367	384
367	391
367	409
367	485
367	492
369	430
370	457
371	384
373	482
374	396
375	431
375	452
375	456
375	479
377	443
377	460
380	427
381	391
381	405
381	455
382	472
386	428
386	475
388	465
388	466
389	415
389	435
390	393
390	457
391	414
391	463
392	453
392	464
393	427
394	495
395	403
396	402
397	425
398	426
407	432
407	444
407	472
407	473
409	473
413	470
414	469
415	427
415	463
416	448
416	457
417	497
418	454
421	455
424	440
425	446
428	442
431	466
437	448
438	496
447	459
449	478
449	492
452	491
453	499
455	482
457	484
458	466
460	473
464	466
466	478
471	482
478	493
479	489
481	488
494	495