0	1
0	208
0	261
0	264
0	290
0	326
0	368
0	483
1	148
1	231
1	330
2	40
2	79
2	99
2	110
2	273
2	374
3	167
4	78
4	130
4	157
4	413
5	33
5	172
5	173
5	315
5	370
5	443
6	61
6	101
6	194
6	256
6	377
6	414
7	61
7	129
7	154
7	283
7	399
8	162
8	228
8	263
9	129
9	137
9	192
9	367
10	27
10	127
10	252
10	254
10	385
10	393
10	403
11	118
11	296
11	377
11	402
11	424
12	136
12	255
12	436
13	182
14	80
14	137
15	40
15	435
15	461
16	55
16	122
16	209
16	290
16	466
17	77
17	314
18	385
19	53
19	59
19	258
19	364
20	37
20	435
21	156
21	444
22	252
22	365
22	433
23	391
23	493
24	31
24	201
24	234
24	301
24	326
24	362
24	438
25	109
25	178
25	447
25	478
26	487
27	91
27	298
27	379
27	409
28	236
28	273
28	366
29	31
29	119
29	168
29	260
29	411
29	449
29	467
29	468
30	291
30	299
31	164
31	402
32	174
32	181
32	363
32	481
33	438
33	477
34	143
35	65
35	237
35	255
36	435
37	44
37	129
37	330
37	335
38	64
38	76
38	90
38	122
38	246
38	332
38	342
38	439
39	66
39	117
39	148
39	334
40	222
40	391
41	200
41	412
41	461
42	60
43	101
43	275
43	340
43	355
43	363
43	433
43	457
44	329
44	472
45	111
45	127
45	187
45	205
45	332
45	352
46	69
46	203
46	392
47	130
47	165
47	476
47	488
48	292
48	405
49	88
49	139
49	148
49	241
50	122
50	395
50	495
51	72
51	93
51	262
51	352
51	439
52	111
52	128
52	494
53	97
53	180
54	105
54	161
54	281
54	381
54	455
55	177
55	406
55	438
55	442
56	334
56	373
56	476
57	83
57	429
57	433
58	270
58	302
58	467
59	116
59	128
59	135
59	227
60	239
61	290
61	360
62	92
62	133
62	434
62	484
63	318
64	209
64	384
64	444
65	235
65	347
66	126
66	171
67	178
68	211
68	240
68	459
69	107
69	262
70	267
70	325
71	359
71	382
71	389
72	155
72	191
72	439
73	131
73	207
73	293
73	348
73	456
74	88
74	266
74	269
75	143
76	245
76	337
76	375
76	437
77	206
77	265
77	423
78	322
78	398
79	148
79	163
79	207
79	247
79	366
79	444
79	487
80	84
80	152
80	212
80	218
80	303
80	383
80	412
80	497
81	443
81	473
81	483
81	494
81	497
82	117
82	208
82	332
82	337
82	400
82	423
82	428
83	102
83	279
83	285
83	319
84	94
84	287
84	324
85	100
85	131
85	189
85	293
85	297
85	335
85	440
86	178
86	182
86	392
86	499
87	294
87	356
87	459
87	481
88	237
88	269
88	443
89	135
89	435
89	446
89	480
90	107
90	185
91	326
92	190
92	238
92	398
92	410
93	324
93	327
93	372
94	115
94	120
94	207
94	364
94	419
95	141
95	156
95	232
95	358
95	376
96	335
96	345
96	416
96	424
97	114
98	138
98	147
98	263
98	378
98	490
100	156
100	341
101	272
101	280
101	358
102	203
102	317
102	476
103	158
103	250
104	362
105	150
105	274
105	290
106	497
107	177
107	335
107	372
107	420
108	139
108	155
109	127
109	160
110	170
110	234
110	335
110	438
111	251
111	377
111	397
112	389
112	473
113	127
113	305
113	369
113	382
113	423
114	188
114	255
114	287
114	473
114	480
114	489
115	221
115	245
116	158
116	284
116	286
117	204
117	295
117	298
117	404
118	127
118	205
118	306
118	483
119	229
119	286
119	379
119	426
119	448
119	468
119	474
120	217
120	447
121	177
122	151
122	227
122	294
123	228
123	408
123	431
123	446
124	175
124	463
125	166
125	250
125	292
126	485
126	494
127	176
127	209
127	349
127	404
128	131
128	389
129	133
129	357
129	364
129	391
129	444
130	135
130	206
131	310
131	438
132	167
132	352
133	140
133	141
133	196
133	272
133	284
134	350
134	451
135	187
136	153
136	272
136	273
136	312
136	481
137	177
137	190
137	202
137	206
137	235
137	250
137	397
138	267
139	147
139	187
139	220
139	235
140	229
140	471
141	252
141	309
142	471
144	175
144	369
144	414
145	317
145	328
145	437
145	475
146	185
146	282
146	360
147	266
147	372
147	483
148	180
148	266
148	302
148	306
148	335
148	374
149	203
149	320
150	209
151	396
151	484
152	252
152	331
152	424
153	181
153	197
153	271
153	321
154	173
154	218
154	480
155	356
155	420
156	223
156	425
156	458
157	208
157	233
157	309
157	454
157	480
158	273
158	480
159	286
159	322
159	356
159	362
159	478
160	336
160	352
160	360
160	420
161	281
161	311
161	359
162	487
163	251
163	320
163	435
164	383
166	467
167	340
168	178
168	186
168	248
168	313
169	171
169	233
169	292
169	307
169	369
169	375
170	179
170	223
170	466
171	271
172	398
172	463
173	255
174	178
174	201
174	357
174	392
174	419
175	177
175	249
175	294
175	381
175	475
175	499
177	225
177	300
177	321
178	241
180	318
180	394
182	312
182	371
183	438
183	456
184	335
184	383
185	234
185	262
185	289
185	377
185	409
186	310
186	333
186	365
187	372
187	480
187	495
188	306
189	232
189	254
190	226
190	230
190	312
190	389
190	491
191	283
191	305
191	488
191	492
192	199
192	232
192	331
193	377
194	253
194	288
194	340
194	396
194	417
195	278
195	365
196	217
196	282
196	431
197	327
197	373
197	446
197	472
198	393
198	485
199	445
199	455
199	497
200	289
201	227
201	377
201	393
202	288
202	346
202	374
202	408
203	366
204	227
204	306
204	455
204	481
205	290
205	302
205	366
206	247
206	270
208	262
208	422
208	446
209	327
209	407
210	275
211	314
211	362
211	486
212	468
213	215
213	220
213	301
213	334
213	347
213	482
214	267
215	347
215	362
215	417
215	475
216	222
216	236
216	328
216	387
216	469
217	224
217	251
217	403
217	463
217	476
219	234
219	362
219	413
220	321
220	346
221	259
221	319
222	425
222	493
223	228
223	332
224	400
224	483
225	232
225	290
225	482
226	352
226	419
227	246
227	257
227	338
227	350
227	422
228	251
228	388
228	487
230	243
230	277
230	348
230	433
231	281
231	400
231	453
232	246
233	290
233	419
233	454
234	286
234	287
235	236
235	352
236	413
237	252
237	404
237	424
238	246
238	338
238	380
239	390
240	270
240	288
240	322
240	344
241	313
241	346
241	402
241	431
241	448
241	495
242	254
243	288
243	429
243	466
243	488
244	490
245	378
245	403
245	483
246	359
246	390
246	447
247	261
247	370
248	412
248	456
249	280
249	387
249	471
249	477
250	444
251	332
251	419
252	334
252	499
253	306
253	421
254	447
255	351
255	387
256	281
256	351
256	431
256	482
257	306
257	319
259	393
259	425
260	320
261	283
261	388
261	466
262	423
263	441
266	318
266	382
268	383
268	442
268	465
270	287
271	360
272	448
274	345
274	357
275	300
275	389
275	403
276	291
278	430
278	452
278	467
278	473
279	393
279	478
280	454
281	358
281	478
283	348
283	350
286	397
286	449
286	497
287	368
289	346
289	414
289	421
290	416
291	293
291	392
291	439
292	353
292	358
292	373
292	424
292	446
293	327
294	355
294	491
295	356
296	321
297	336
297	417
297	439
301	339
301	371
301	479
302	354
302	477
303	347
303	380
304	353
304	396
304	497
305	481
306	329
307	499
308	310
308	431
308	437
309	426
309	432
310	380
312	409
312	490
313	330
313	331
313	356
313	370
313	492
315	459
315	465
316	318
316	320
317	393
319	422
319	468
320	384
320	458
321	363
321	396
321	428
322	409
323	377
323	490
326	346
326	425
326	440
328	477
329	381
329	390
329	477
330	382
330	476
331	405
331	473
331	487
332	386
333	460
334	357
334	411
334	490
335	366
335	367
337	417
337	422
337	481
338	432
338	487
339	480
341	355
341	438
343	376
343	444
343	448
345	355
346	431
347	424
347	460
348	366
351	366
351	376
351	415
351	448
351	485
352	485
353	419
353	444
353	468
353	487
354	490
355	366
355	400
356	442
356	463
360	426
361	458
362	454
363	435
365	454
366	409
366	449
367	448
367	490
370	448
370	477
371	455
371	470
372	483
373	389
374	392
374	401
374	499
376	490
378	395
379	498
381	440
381	465
383	415
383	496
385	402
386	473
386	495
388	391
389	428
390	468
390	491
397	464
397	478
398	436
399	405
400	427
400	470
405	421
411	492
415	442
415	470
418	449
423	470
424	474
425	429
425	450
427	448
427	481
429	462
431	492
432	482
434	473
443	487
443	496
444	482
445	455
445	496
450	458
450	473
450	480
451	499
454	495
462	467
465	491
471	494