0	197
0	204
0	314
0	392
1	157
1	370
1	473
2	73
2	247
2	351
3	177
3	289
3	457
4	83
4	360
5	176
5	181
5	319
6	325
6	361
7	135
7	177
7	218
8	171
8	223
8	359
8	432
8	484
8	488
9	112
9	123
9	160
9	185
9	394
9	463
10	35
10	151
10	366
11	372
12	49
12	350
12	372
12	440
13	120
13	364
13	481
14	199
14	252
15	403
16	335
16	410
16	454
17	27
17	353
17	399
18	205
18	225
18	296
19	50
19	348
19	419
20	84
20	407
21	39
21	101
21	327
21	482
22	37
22	165
22	209
22	326
22	471
23	86
23	227
23	274
23	339
24	75
24	250
24	454
25	97
25	439
26	97
26	115
26	131
26	211
26	380
27	141
27	284
28	124
28	265
28	329
28	408
28	435
29	97
29	228
29	261
30	303
30	330
30	406
31	418
32	60
32	208
32	389
32	405
32	451
32	456
33	46
33	102
33	276
33	356
33	497
34	89
34	277
34	306
34	372
34	391
35	67
35	69
35	92
35	338
35	361
35	471
36	70
36	472
37	101
37	120
37	445
38	73
38	154
38	189
38	299
39	173
39	274
39	339
40	160
40	210
40	320
41	197
41	277
41	282
41	315
41	417
42	162
42	291
42	432
43	376
44	180
44	205
44	299
44	339
44	452
45	203
45	295
45	345
46	99
46	154
46	164
46	184
46	188
46	227
46	365
47	199
47	208
47	324
48	175
48	327
48	341
48	386
48	439
48	449
49	106
49	111
49	196
49	266
49	297
49	403
49	409
49	440
49	465
50	74
50	217
50	275
50	298
50	411
51	163
51	226
51	440
51	468
52	220
52	308
53	71
53	237
53	445
54	118
54	390
54	456
54	463
55	493
56	69
57	285
57	382
57	409
58	234
58	435
58	490
59	77
59	79
60	64
60	387
60	421
61	226
61	399
62	69
62	182
62	224
62	382
62	459
63	82
63	155
63	163
63	368
63	370
63	371
63	374
63	378
64	122
64	472
65	233
65	281
65	403
66	93
66	242
66	345
66	443
66	486
67	137
67	184
67	238
67	248
67	255
67	369
68	81
68	147
69	132
69	261
69	309
69	471
70	180
70	184
70	273
70	337
70	342
70	365
71	144
71	199
71	396
72	120
72	162
72	187
72	264
72	300
72	302
72	412
73	91
73	111
73	240
73	422
74	233
74	313
74	383
74	443
75	173
75	325
76	177
76	201
76	271
77	98
77	350
77	377
77	496
78	237
78	412
78	462
78	482
79	108
79	160
79	171
79	201
79	354
79	377
80	128
80	224
80	257
80	365
80	454
81	292
81	322
81	369
81	372
81	385
81	451
82	229
82	415
82	490
83	166
83	180
83	205
83	209
83	220
83	316
84	343
84	422
84	441
85	102
85	142
85	231
85	369
85	411
85	437
86	130
86	371
86	449
87	112
87	309
87	320
88	150
88	188
88	478
89	357
89	435
90	252
90	332
90	342
90	348
90	420
91	242
91	245
91	253
91	281
91	331
91	476
92	104
92	368
92	416
93	142
93	161
93	202
93	232
93	454
93	473
94	233
94	364
94	420
94	436
94	441
95	125
95	221
95	274
95	474
96	287
96	350
96	438
97	161
97	179
97	225
97	253
97	469
98	116
98	126
99	104
99	182
99	244
99	353
100	163
100	293
100	410
100	441
100	459
101	123
101	181
101	202
101	237
101	326
102	111
102	256
102	348
102	450
102	490
103	269
103	482
103	489
104	183
104	374
104	481
105	138
105	215
105	352
105	370
106	215
106	248
106	285
106	291
106	301
106	335
107	324
107	352
107	362
108	198
108	324
108	376
108	415
108	425
108	487
109	181
109	203
109	206
109	411
110	195
110	215
111	159
111	467
112	165
112	216
112	246
112	305
112	339
113	153
113	403
114	142
114	267
114	288
114	491
114	492
115	136
115	204
115	426
116	213
116	260
116	326
116	370
116	388
116	458
116	477
117	426
117	477
118	142
118	270
119	142
119	265
119	472
119	494
120	331
120	475
121	125
122	214
122	446
123	228
123	230
124	302
124	321
124	414
125	157
125	185
125	252
125	389
126	139
126	191
126	285
126	307
126	316
126	353
126	383
127	168
127	423
128	355
128	442
128	470
129	311
129	479
130	203
130	288
130	418
131	160
131	319
131	418
131	437
131	464
132	311
132	479
133	180
133	316
134	267
135	174
135	409
136	153
136	160
136	217
136	247
136	293
136	396
137	412
138	218
138	255
138	376
139	296
140	204
140	211
140	289
140	321
140	334
140	340
140	358
140	378
140	470
141	278
141	287
141	304
141	492
142	216
142	235
142	355
142	425
143	455
144	181
144	307
144	390
145	242
145	300
145	359
145	436
146	258
146	363
146	368
147	213
147	235
147	370
147	376
147	387
148	243
149	193
149	239
149	353
149	448
150	191
150	370
150	429
150	456
151	200
152	447
153	448
154	293
154	372
154	396
155	277
155	299
155	333
156	347
157	254
157	393
157	444
157	493
158	218
158	369
158	400
158	404
158	467
159	165
159	202
160	315
160	456
160	478
161	242
161	264
161	456
161	490
162	488
163	294
163	295
163	358
163	395
163	486
164	175
164	223
164	228
164	326
164	388
164	402
164	438
165	219
165	277
165	384
165	414
165	421
166	239
166	247
166	302
166	312
166	394
167	343
168	191
168	274
168	378
168	426
169	189
169	481
170	174
170	431
170	481
171	420
172	237
173	224
173	291
173	437
174	195
174	292
174	385
175	323
175	360
176	267
176	364
176	409
176	444
177	265
177	373
178	296
178	432
178	472
179	378
179	473
180	341
180	495
181	204
181	238
181	287
181	354
181	460
182	269
182	321
182	372
183	346
183	351
183	445
183	496
184	334
184	373
184	381
184	496
185	228
185	268
185	379
186	392
186	404
186	455
187	372
187	389
188	319
189	391
189	429
189	499
190	302
191	256
191	275
191	282
191	290
191	331
191	338
192	237
192	385
192	401
193	433
194	203
194	210
194	233
194	242
194	257
195	268
195	317
195	392
195	399
196	307
197	414
198	254
198	344
198	435
199	384
199	416
200	353
200	412
200	456
201	213
201	342
202	205
203	263
203	286
205	215
206	322
207	233
207	261
207	278
207	306
207	404
207	495
208	310
208	412
208	490
209	260
210	213
210	251
211	333
211	490
212	327
212	425
212	434
212	469
213	272
213	306
213	374
213	434
213	489
214	355
214	440
214	447
216	230
216	289
216	343
217	422
217	489
218	220
219	431
219	440
219	470
220	259
220	396
221	486
222	335
222	410
222	448
223	426
223	432
223	454
224	342
224	439
224	465
224	474
225	355
226	364
226	411
226	419
227	276
229	410
229	435
231	495
232	248
232	280
232	348
233	256
233	352
234	260
234	269
235	345
235	403
236	255
236	401
237	368
237	371
238	277
238	293
238	349
238	357
238	442
238	446
238	471
239	259
240	279
240	305
241	482
242	424
243	279
244	337
245	328
245	405
246	368
246	388
246	470
248	297
248	307
248	417
248	471
249	286
249	323
249	337
250	355
250	371
252	281
252	310
252	352
253	409
254	463
254	477
255	298
256	345
256	487
257	475
258	481
259	284
260	357
260	395
260	408
260	410
260	436
261	346
261	419
262	265
262	316
265	292
267	300
268	286
268	340
269	345
269	491
271	363
271	425
273	329
274	298
274	328
274	375
274	405
274	435
274	468
274	481
275	283
275	319
275	350
275	395
276	366
277	285
277	308
277	378
278	304
278	413
278	442
281	294
281	312
281	477
282	464
283	332
284	381
284	431
284	436
285	355
285	398
285	415
286	352
286	444
287	294
287	297
287	358
288	331
288	484
290	303
290	378
291	409
292	312
292	476
292	487
293	448
294	491
295	480
296	311
296	319
296	335
297	300
297	351
297	426
297	463
298	423
299	397
300	325
300	450
300	451
301	394
301	400
301	434
302	314
303	344
303	360
304	400
304	477
304	480
306	455
307	312
308	313
308	479
312	323
312	460
314	387
315	355
315	383
316	454
316	471
318	453
318	456
319	342
320	328
320	451
321	409
321	416
322	382
322	397
323	334
323	411
323	479
324	396
324	456
324	483
326	370
326	388
326	423
326	466
327	332
327	426
328	426
328	486
329	416
329	446
330	434
331	486
332	433
333	378
334	355
334	367
335	468
336	356
336	433
336	465
337	409
337	431
338	420
339	340
339	433
339	437
339	488
342	483
343	374
344	364
346	350
347	419
348	351
348	382
348	414
349	356
349	421
350	386
352	395
352	425
353	383
353	471
354	381
354	459
358	448
359	379
359	438
359	476
360	438
362	426
363	389
363	462
364	445
365	422
366	384
366	483
367	453
368	391
368	399
369	373
369	480
371	438
372	387
372	394
373	474
374	455
375	420
375	432
377	384
378	421
379	387
379	495
382	450
386	444
386	475
388	392
389	414
389	431
389	451
390	440
392	452
393	422
393	499
394	470
394	484
396	444
397	443
399	402
399	422
399	423
399	462
399	488
400	486
403	474
406	472
406	493
407	443
407	445
408	460
409	455
410	419
416	467
417	475
418	459
421	475
423	425
427	430
428	467
429	498
432	481
434	435
434	491
442	490
444	461
445	491
446	470
447	469
450	496
452	465
469	480
474	475
474	482
476	479
484	486
485	497