0	289
1	192
1	351
1	404
1	488
2	114
2	149
2	210
2	244
3	43
3	102
3	160
3	460
3	491
4	119
4	157
4	218
4	270
4	380
5	113
5	174
5	270
5	369
6	106
6	109
6	163
6	261
6	440
6	496
7	173
7	250
7	315
7	373
7	499
8	88
8	139
8	169
8	273
8	354
8	388
9	237
9	465
9	482
9	499
10	318
10	409
10	442
10	463
11	48
11	223
12	101
12	498
13	14
13	48
13	143
13	379
13	416
14	17
14	306
14	328
14	432
15	112
15	246
15	277
15	290
15	292
15	447
15	463
16	37
16	56
16	196
16	295
16	351
17	22
17	86
17	154
17	216
17	255
17	307
18	22
18	83
18	89
18	456
18	468
19	110
19	340
20	59
20	225
20	234
20	245
20	325
20	395
20	397
20	485
21	119
21	303
21	459
22	214
22	260
22	369
22	395
22	487
23	26
23	35
23	105
23	144
23	287
23	421
23	438
24	31
24	411
24	445
25	48
25	104
25	192
25	453
26	131
26	207
26	273
27	87
27	214
27	275
27	345
28	59
28	229
28	412
28	432
28	438
29	125
29	276
30	301
30	481
31	34
31	315
32	72
32	115
32	196
32	215
32	316
32	336
32	480
33	36
33	93
33	264
33	411
33	470
34	172
34	410
35	369
35	450
36	109
36	164
36	189
36	228
36	438
36	443
36	467
37	286
37	315
38	281
38	326
39	171
39	441
39	470
40	52
40	295
41	85
41	322
41	393
41	427
42	140
42	161
42	337
42	394
43	181
43	326
43	397
43	416
44	340
44	355
44	494
45	82
45	126
45	162
45	214
45	308
45	316
46	82
46	92
46	200
47	429
48	185
48	391
48	422
49	132
49	136
49	137
49	284
50	90
50	239
50	414
50	433
50	478
51	376
51	411
52	251
52	395
53	67
53	418
54	171
54	402
55	152
55	371
56	133
56	254
56	299
56	361
56	368
56	403
56	440
57	63
57	207
57	282
57	472
57	482
58	297
58	430
59	319
59	456
60	245
60	312
60	442
61	235
61	351
62	130
62	259
62	262
62	312
62	372
62	403
63	412
63	463
64	159
64	322
64	323
64	381
65	131
65	341
65	354
65	371
65	490
66	67
66	80
66	101
66	175
66	412
67	427
67	495
68	268
68	453
69	188
69	389
69	426
69	453
70	164
70	483
71	72
71	393
71	426
72	122
72	283
72	311
72	405
73	77
73	330
73	384
74	192
74	365
74	432
74	497
75	197
75	232
75	371
75	453
76	247
76	297
76	358
77	168
78	133
78	306
78	359
79	201
79	208
79	248
79	357
79	395
80	122
80	147
80	317
80	381
80	439
81	345
82	120
82	187
82	289
82	441
84	104
85	214
85	427
85	489
86	190
86	386
86	390
87	485
88	200
88	301
88	316
88	464
89	265
89	362
89	404
89	454
90	141
91	336
91	494
92	205
92	291
92	355
92	428
93	241
93	363
94	150
94	402
95	131
95	214
95	222
95	311
96	248
96	357
97	151
97	181
97	187
97	295
97	418
97	473
98	318
98	338
98	448
99	164
99	221
99	230
99	231
99	307
99	362
99	389
99	391
99	393
99	449
100	197
101	167
102	233
102	299
102	423
102	461
102	476
103	205
104	300
104	333
104	405
105	154
105	452
105	499
106	270
106	325
106	346
106	427
106	428
106	457
106	468
107	112
107	347
108	215
108	275
108	305
108	432
108	497
109	114
109	275
109	330
110	171
110	498
111	231
111	499
112	131
112	149
112	246
112	342
113	218
113	315
114	175
114	283
115	223
115	227
115	269
116	188
116	208
116	235
117	243
117	275
117	276
117	370
118	203
119	442
120	141
120	273
120	281
120	329
121	139
121	142
121	248
121	346
121	406
121	418
121	473
123	308
123	431
123	478
124	421
125	170
125	234
125	458
126	319
126	337
126	451
127	194
127	455
128	327
129	454
130	228
130	363
131	409
131	420
132	464
133	210
133	297
134	435
135	303
136	219
136	229
136	278
136	345
136	403
136	431
137	168
137	231
137	270
138	215
138	252
138	367
138	497
139	162
139	402
140	336
140	399
140	426
141	206
141	468
142	284
142	455
142	458
142	460
142	474
143	463
144	465
145	277
146	239
146	302
146	452
146	478
147	211
147	284
147	340
147	414
147	426
148	205
148	300
149	308
149	377
151	167
151	349
151	364
151	397
153	179
153	254
153	286
154	161
154	354
154	362
154	406
154	472
155	262
156	213
156	420
156	492
157	299
157	360
158	212
158	230
158	363
158	364
158	398
158	432
159	221
159	339
159	409
159	485
161	352
161	472
162	266
162	382
162	392
162	420
162	436
162	439
163	257
163	304
163	339
163	431
163	435
163	477
163	491
164	455
165	366
165	394
166	211
166	219
166	285
166	448
167	225
167	257
167	268
167	460
167	479
168	185
169	210
169	360
169	445
169	451
170	244
170	384
170	410
170	467
171	241
171	322
171	434
172	366
172	463
173	224
173	276
173	384
174	311
174	315
174	334
174	337
174	486
175	252
175	375
176	213
176	238
176	314
176	385
176	457
177	392
178	202
178	245
178	437
179	293
179	304
179	396
179	462
179	466
180	215
180	404
181	193
181	248
181	412
182	187
182	220
182	352
182	421
183	481
184	216
184	369
184	371
185	267
186	381
187	285
187	373
188	248
188	322
188	352
188	358
190	202
190	229
190	243
190	317
190	333
191	325
191	471
191	472
192	205
192	466
193	261
193	453
194	263
194	324
194	424
194	480
194	481
195	378
195	384
195	442
195	461
196	258
196	442
196	464
197	307
197	375
197	394
198	271
198	283
198	322
198	450
199	260
199	341
199	409
199	415
199	427
201	277
201	411
201	495
202	447
203	211
203	215
203	301
203	462
204	253
204	273
205	209
205	485
206	215
206	265
206	361
206	436
206	468
207	236
207	351
208	279
208	304
208	433
209	405
210	224
210	259
210	301
210	459
210	495
211	318
212	323
212	394
212	495
213	437
213	468
213	482
215	217
215	263
215	329
215	400
215	471
216	371
217	302
217	461
217	491
218	221
218	415
219	264
220	261
220	356
220	363
220	377
220	465
221	251
221	338
221	340
221	478
221	499
222	285
222	476
223	416
224	235
225	411
225	437
226	309
226	356
226	414
227	499
228	354
229	322
229	330
230	258
230	278
230	472
231	239
232	393
233	301
233	310
233	422
233	456
233	494
234	346
234	379
234	380
235	238
235	277
236	387
238	307
238	360
238	443
239	327
239	462
240	274
240	346
240	363
241	298
242	391
243	368
243	485
244	381
246	404
248	330
248	334
248	390
248	488
249	471
250	401
250	408
250	471
252	275
252	398
253	256
253	376
255	283
255	495
256	476
256	483
257	470
258	278
258	320
258	358
258	442
258	478
260	462
260	469
261	343
261	365
261	480
262	430
262	460
262	466
263	337
264	325
265	324
265	417
266	360
266	407
266	417
267	332
267	473
267	474
269	462
269	495
270	274
270	402
270	491
271	378
272	277
272	307
272	410
273	276
273	307
273	380
273	397
273	433
273	477
274	276
274	391
274	429
275	330
275	331
275	381
275	460
276	289
277	362
277	420
278	359
279	365
280	473
281	379
282	390
282	484
283	310
283	448
285	478
286	338
286	452
287	293
287	429
287	481
288	426
288	437
288	480
289	392
289	488
290	313
291	315
292	362
293	401
294	374
294	458
296	342
296	385
296	412
298	325
298	364
298	474
299	326
299	401
299	465
302	312
303	386
305	481
305	491
306	404
306	441
306	462
307	308
307	328
307	408
307	488
308	395
308	398
309	331
309	399
309	433
309	466
309	498
311	386
311	493
312	365
312	392
312	463
313	459
313	497
314	370
315	488
317	431
317	482
318	345
318	364
318	423
318	463
319	377
319	386
319	401
319	422
321	364
321	386
322	350
322	392
323	394
324	448
326	344
326	488
327	456
328	442
329	418
329	461
330	431
330	455
331	374
331	403
331	479
332	376
332	408
333	360
333	379
333	403
333	478
335	379
336	424
339	367
339	415
341	371
341	410
341	428
342	390
342	461
342	491
343	382
343	411
343	416
344	486
346	375
346	437
346	441
348	448
348	482
348	498
349	422
349	431
350	362
351	393
351	421
351	422
352	391
353	399
353	497
356	367
356	424
356	459
357	365
361	392
361	407
362	470
363	439
363	473
365	383
365	401
366	383
367	375
367	449
368	480
369	407
370	418
370	442
372	432
372	443
372	480
374	408
374	491
376	451
377	397
377	416
377	420
377	487
378	399
378	463
379	453
386	480
387	413
387	441
392	407
393	499
394	430
394	489
395	399
396	410
396	446
400	411
401	482
404	491
405	412
406	449
408	490
408	494
409	417
409	489
412	456
413	423
413	445
415	419
415	472
416	455
418	435
418	498
420	445
423	430
423	475
425	472
428	462
428	475
429	444
429	461
430	455
432	439
433	476
440	449
444	470
446	466
446	482
447	487
449	475
450	496
452	485
455	479
460	490
463	488
463	489
465	487
470	475
470	476
480	487