0	60
0	230
0	342
1	143
2	372
2	411
2	444
3	158
3	243
3	255
3	309
3	359
3	376
4	129
4	174
4	180
4	262
5	112
5	280
5	344
5	437
5	485
6	299
6	382
6	386
7	94
7	282
7	369
7	399
7	404
8	10
8	21
8	254
8	316
9	235
9	261
9	444
9	474
10	13
10	32
10	438
11	111
11	352
11	377
11	390
11	394
11	460
11	494
12	220
13	43
14	39
14	60
14	100
14	167
14	203
14	495
15	106
15	117
15	137
15	300
16	96
16	106
16	353
16	499
17	287
18	25
18	86
18	93
18	125
18	268
18	325
18	419
19	165
19	409
19	415
19	461
20	56
20	67
20	86
20	178
20	180
21	209
21	326
21	470
22	128
22	420
23	123
23	332
23	389
24	288
24	357
24	485
25	182
25	220
25	233
25	275
25	305
26	38
26	183
27	124
27	194
27	223
27	412
28	219
28	250
28	485
29	169
30	39
30	62
30	84
30	248
31	69
31	81
31	139
31	176
31	376
31	417
31	444
31	453
32	72
32	201
32	255
32	421
33	148
33	180
33	376
33	405
34	181
34	262
35	94
35	125
35	232
35	412
35	461
36	62
36	83
36	95
36	184
36	346
37	44
37	169
37	357
37	389
38	199
38	307
38	362
38	471
38	479
39	125
39	189
39	241
40	115
40	239
40	318
40	400
41	118
41	429
42	242
43	47
43	197
43	261
44	57
44	97
44	306
44	345
44	428
44	459
45	363
45	440
46	57
46	143
46	381
46	476
47	48
47	105
47	129
47	213
47	251
47	259
47	498
48	215
48	382
48	469
49	111
50	182
50	392
50	422
50	452
50	462
51	88
51	187
51	238
51	402
51	414
52	325
52	336
53	56
53	150
53	324
54	164
54	204
54	403
55	56
55	75
55	107
55	158
55	376
56	235
56	462
56	491
57	61
57	262
57	322
57	374
57	394
57	471
58	147
58	304
58	445
59	145
59	336
59	451
60	142
60	193
60	225
60	458
60	497
61	229
61	382
61	453
62	73
62	82
62	181
62	199
62	344
62	470
62	495
63	163
64	78
64	87
64	125
65	108
65	171
65	184
65	282
65	347
65	351
65	440
65	471
66	192
67	88
68	122
68	310
68	346
68	402
69	89
69	153
69	283
69	290
70	162
70	317
70	479
71	258
71	323
71	452
71	484
72	111
73	273
73	368
74	192
74	201
74	433
74	443
75	148
75	291
75	372
75	410
75	429
75	477
76	113
76	190
77	255
77	262
77	398
77	421
78	141
78	301
78	314
78	369
78	375
78	440
79	151
79	367
79	430
79	435
79	445
79	496
80	128
80	283
81	133
81	296
81	300
81	345
81	435
81	476
81	498
82	148
82	478
83	285
83	339
83	357
83	461
84	224
85	178
85	377
85	457
85	499
86	314
86	410
86	475
87	436
87	496
88	219
88	293
88	308
88	368
89	241
90	162
90	164
90	196
90	254
90	495
91	99
91	112
91	201
91	217
91	374
92	136
92	159
92	495
93	251
93	491
94	200
94	371
94	485
95	133
95	216
95	354
96	175
96	329
96	387
96	431
96	472
97	103
97	253
97	348
97	443
97	463
98	385
98	467
100	174
100	392
100	485
101	164
101	188
101	404
102	252
102	385
102	444
103	153
104	153
104	206
104	272
104	306
105	135
105	292
105	475
106	122
107	163
108	458
108	462
108	470
109	324
109	363
110	376
111	171
111	195
111	227
112	120
112	332
112	343
112	435
113	126
113	164
113	247
114	261
114	319
114	457
115	163
115	277
115	320
115	479
116	195
116	425
116	454
117	136
117	179
117	187
117	433
117	459
118	145
118	403
118	448
118	471
119	227
119	259
120	149
120	301
120	373
120	387
120	390
121	363
122	354
122	371
123	131
123	249
123	339
124	126
124	281
124	315
125	183
125	287
125	311
126	211
126	282
126	492
127	206
127	207
127	208
127	411
127	441
127	493
129	405
130	229
130	395
131	377
132	179
132	368
133	262
133	335
133	352
133	478
134	168
134	185
134	271
134	379
134	407
135	142
135	414
136	137
136	145
136	218
136	334
136	400
136	433
137	233
137	343
137	421
138	476
139	178
139	488
140	153
140	233
140	325
141	173
141	245
141	376
142	342
142	354
142	377
143	160
143	287
143	292
143	362
144	253
144	297
144	323
144	411
144	469
145	180
145	321
145	343
145	462
145	476
146	207
146	242
146	269
146	295
146	371
148	378
149	484
150	164
150	214
151	260
151	269
151	293
151	386
151	414
151	479
152	341
152	471
152	491
153	205
153	397
154	474
155	319
155	321
155	414
156	221
156	379
156	382
156	393
156	417
157	336
158	402
158	412
158	476
158	479
159	237
159	316
159	427
160	223
160	310
160	486
161	207
161	318
161	425
162	171
162	230
162	345
162	388
162	459
163	294
163	466
164	314
164	462
164	476
165	198
165	241
166	238
166	334
167	446
167	480
168	192
168	373
169	380
170	400
170	471
171	302
172	299
172	348
173	244
173	344
173	456
174	228
174	269
174	291
174	374
174	430
174	444
175	227
175	356
176	289
176	377
176	451
177	271
178	189
178	223
178	229
178	289
178	467
179	222
179	248
179	274
179	314
179	494
180	224
180	256
180	398
182	243
182	437
184	221
185	282
186	225
186	256
186	414
186	415
186	457
187	191
187	250
187	300
187	408
187	411
187	452
188	202
188	235
188	371
188	386
188	393
189	253
189	317
189	344
189	476
190	416
190	433
190	458
191	429
192	221
192	277
192	362
192	455
193	201
193	334
193	382
193	404
193	431
193	466
194	346
195	239
195	281
196	204
196	221
196	449
197	359
197	400
197	405
197	423
197	481
200	365
200	407
201	297
201	320
201	357
201	368
202	363
202	410
202	423
202	495
203	226
203	273
203	402
204	233
204	234
204	470
204	480
205	297
205	385
205	386
206	467
207	208
207	334
207	391
208	229
208	278
208	333
208	419
210	365
211	315
211	464
211	472
212	382
213	249
213	282
213	409
213	421
213	427
213	447
214	271
214	483
215	307
215	375
216	233
216	260
216	327
216	344
217	218
217	280
219	262
221	231
221	279
221	444
222	286
223	316
224	398
224	478
225	292
225	315
226	241
226	408
227	323
227	333
227	414
227	441
228	300
228	358
229	362
229	404
229	423
230	477
231	318
232	369
233	268
234	430
234	459
235	344
235	373
235	434
236	237
237	267
237	282
237	493
238	281
238	378
238	411
239	336
240	297
240	415
240	437
240	453
241	327
241	328
242	435
243	366
243	372
243	430
243	439
244	250
244	362
244	416
245	257
246	280
246	336
247	325
248	267
248	347
249	280
250	266
250	284
250	369
250	392
250	426
251	320
251	389
251	462
252	397
253	385
254	316
254	433
255	447
256	326
256	441
256	464
257	356
257	456
257	484
258	265
258	483
259	481
260	330
261	434
262	322
262	377
262	457
263	303
263	313
263	426
264	331
266	339
267	339
267	373
267	377
268	338
268	340
268	417
268	426
268	450
269	326
269	443
269	478
270	315
270	433
271	350
271	467
272	393
273	385
273	481
274	334
274	373
274	464
275	399
275	497
276	361
276	377
276	401
277	334
277	374
277	383
279	345
279	426
280	312
280	343
280	379
280	427
280	437
280	494
282	468
282	474
283	372
283	474
284	442
289	312
289	458
291	308
291	314
291	335
291	344
292	403
293	311
293	488
295	325
295	362
297	339
297	399
298	388
298	428
300	350
301	498
302	311
302	351
302	453
302	455
303	421
303	448
304	388
304	462
306	323
306	499
307	479
308	319
308	323
308	473
309	337
309	428
309	446
310	407
310	416
311	334
311	478
311	480
312	388
313	490
314	356
314	392
316	458
316	460
316	465
317	414
319	391
319	450
319	498
320	334
321	336
321	363
322	330
322	366
322	387
323	361
323	396
323	481
323	496
324	338
324	452
325	458
326	425
327	354
327	497
328	356
328	486
330	416
332	444
333	370
334	352
335	428
335	470
337	371
337	379
337	419
338	433
338	462
339	390
340	481
341	408
341	456
342	371
342	433
342	448
343	402
344	473
345	367
345	479
346	408
346	495
347	426
349	415
350	452
351	353
351	404
352	482
353	412
353	444
354	442
355	381
356	485
357	443
358	470
358	475
359	369
360	497
363	370
363	451
363	464
364	434
364	488
367	393
368	466
369	415
369	437
369	476
370	398
371	372
371	394
373	394
373	475
373	489
374	458
374	496
375	473
376	446
378	467
378	471
381	408
381	435
381	464
382	425
382	456
383	457
383	491
384	442
385	466
386	456
388	479
389	477
391	406
395	443
395	460
396	406
397	414
398	399
400	471
401	418
401	425
403	435
403	440
404	438
404	465
404	492
408	444
409	449
410	453
412	429
412	475
413	432
418	464
421	478
423	449
423	470
424	471
425	469
426	427
426	428
426	495
427	494
430	476
430	486
431	485
433	481
435	469
435	489
436	463
440	455
440	472
442	489
446	497
450	484
451	452
460	467
465	479
470	487
491	498