0	182
0	262
0	269
0	354
0	445
1	27
1	31
1	266
1	441
2	20
2	154
2	188
3	84
3	85
3	308
4	12
4	230
4	312
5	18
5	21
5	261
5	268
6	38
6	367
7	341
7	357
7	445
8	350
8	428
8	456
8	458
8	477
9	24
9	453
10	11
10	33
10	170
10	275
11	246
11	382
12	446
13	60
13	113
13	267
14	143
14	416
14	437
15	123
15	363
16	29
16	104
16	341
16	360
17	114
17	290
17	384
17	478
17	487
18	235
18	281
19	135
19	284
19	302
20	23
20	203
20	316
21	154
21	220
21	343
21	473
22	110
22	290
22	429
23	173
23	428
24	39
24	276
24	298
24	306
24	315
25	28
25	62
25	98
25	265
25	302
25	355
26	228
26	302
26	436
26	499
27	186
28	159
28	223
28	333
28	345
29	77
29	256
29	415
29	496
30	90
30	208
30	231
30	452
31	150
31	243
31	287
31	307
31	309
31	425
31	436
31	454
32	92
32	180
32	388
33	60
33	73
33	151
33	481
34	168
35	419
35	432
36	305
36	486
37	336
37	460
38	442
38	462
39	219
39	242
39	438
40	233
40	463
41	57
41	105
41	167
41	354
42	157
42	389
42	480
43	127
43	377
44	98
44	324
45	170
45	296
45	368
45	423
46	55
46	251
46	445
46	478
47	174
47	241
47	488
48	58
48	93
48	187
48	456
49	100
49	225
49	441
50	145
50	191
50	297
50	327
50	405
50	409
51	57
51	58
51	82
51	116
51	184
51	444
52	99
52	197
52	360
52	369
52	452
53	239
53	255
54	112
54	369
54	469
55	312
56	71
56	213
56	260
56	337
56	400
56	496
57	127
57	228
57	306
58	127
58	209
58	224
58	270
58	408
59	144
59	160
59	230
60	409
61	145
61	168
61	286
61	295
61	343
61	422
61	476
62	117
62	474
63	65
63	269
63	369
64	163
64	304
64	413
64	441
65	78
65	96
65	106
65	116
65	131
65	163
65	180
65	185
65	237
65	250
65	253
65	388
65	435
66	77
66	251
66	368
66	432
67	177
67	254
67	302
67	333
67	361
67	425
68	76
68	238
68	296
68	484
69	418
69	430
70	142
70	364
71	216
71	320
71	422
71	426
72	104
72	164
73	232
73	296
73	324
74	206
74	370
75	256
75	297
75	302
75	325
75	416
75	483
76	116
76	141
76	330
76	345
77	269
77	297
77	446
78	251
78	484
79	102
79	116
79	183
80	215
80	290
81	112
81	166
81	237
81	277
81	295
81	339
81	427
81	477
82	347
83	91
83	366
83	442
84	150
84	398
84	472
85	222
85	326
85	346
86	244
87	219
87	225
87	308
87	386
87	433
87	479
88	96
88	192
88	346
88	441
88	448
89	215
89	386
89	460
90	214
90	245
90	449
90	455
90	474
91	100
91	224
91	351
91	407
92	117
92	142
93	345
94	177
94	203
94	425
95	262
95	410
96	213
96	217
97	310
97	360
97	396
98	124
98	273
98	294
98	342
98	345
99	109
99	153
99	185
99	310
99	392
101	298
101	487
102	308
102	328
102	484
103	198
103	299
103	350
103	441
104	190
104	476
105	270
105	464
106	174
106	238
106	256
107	169
107	183
107	348
107	439
107	446
107	495
108	180
108	300
108	371
108	415
109	286
110	147
110	349
111	122
111	213
111	284
111	435
111	442
112	395
112	457
113	166
113	252
113	288
113	314
114	167
114	215
114	400
114	471
115	262
116	202
116	220
116	305
116	344
116	484
117	286
117	350
118	204
118	310
119	411
119	483
120	148
120	297
120	322
120	417
120	443
120	465
120	478
120	494
121	162
121	223
121	296
121	335
121	448
122	225
122	277
122	384
122	431
122	498
123	323
123	324
124	344
125	141
125	151
125	256
125	302
126	129
126	269
126	282
126	494
127	157
127	177
127	338
127	367
128	252
128	273
128	324
129	279
129	303
129	347
130	386
130	455
131	301
131	352
131	367
132	163
132	334
132	397
133	253
133	256
133	475
134	165
134	224
134	227
135	238
135	417
135	459
135	463
136	313
137	353
137	386
138	214
138	230
138	236
138	240
138	495
138	496
139	178
139	199
139	310
139	392
139	463
139	498
140	172
140	232
140	327
140	329
140	423
141	176
141	323
142	262
143	330
143	492
144	390
144	398
144	440
145	259
145	387
146	198
146	243
146	348
147	172
147	174
147	183
147	286
147	458
148	467
149	202
150	217
150	248
150	348
150	384
151	202
151	366
151	445
151	451
151	463
152	382
153	177
153	208
153	477
154	156
154	291
155	290
155	361
155	407
156	185
156	272
156	367
156	417
156	418
156	489
157	378
158	461
159	196
159	249
159	334
160	214
160	227
160	281
160	326
160	400
161	240
161	450
162	267
162	481
163	165
163	168
163	196
163	384
164	204
164	269
165	320
165	352
166	394
166	428
167	226
167	334
167	379
167	477
168	248
168	256
168	286
169	188
169	217
170	189
171	309
171	325
171	497
172	270
172	297
172	301
173	298
173	453
173	464
174	378
174	413
174	445
175	195
175	351
175	357
175	420
177	231
178	234
178	373
179	328
179	364
180	190
180	223
180	263
180	407
181	251
181	346
181	444
182	215
182	239
182	357
183	234
183	407
184	265
184	316
184	334
184	386
184	426
184	443
184	471
185	233
185	404
185	409
185	490
186	187
186	301
186	324
186	409
186	425
187	204
187	249
187	344
187	401
188	330
190	248
190	392
190	410
191	261
191	388
191	422
193	338
193	341
194	227
195	293
195	314
195	419
196	337
196	405
196	447
196	451
197	471
198	216
198	299
198	306
199	306
200	299
201	342
201	358
201	402
201	465
201	490
202	267
202	279
203	207
203	356
203	445
203	487
204	367
205	296
205	311
205	350
206	299
206	457
207	453
208	476
210	351
210	469
211	298
211	365
211	448
212	464
213	222
213	236
213	242
214	242
214	283
214	319
215	361
215	375
216	331
216	335
216	498
217	290
217	461
217	490
218	251
219	414
219	493
220	318
220	356
220	405
220	495
221	351
221	354
221	360
221	458
222	459
223	227
223	259
223	321
224	226
224	256
225	326
225	475
225	494
226	320
227	460
228	382
228	394
228	430
229	272
229	273
229	359
229	477
230	290
230	311
230	420
230	424
231	260
231	265
232	264
232	280
232	382
233	444
233	468
234	387
235	492
237	398
237	445
237	473
238	423
238	443
238	490
239	267
239	312
240	437
240	467
241	292
242	383
242	420
243	381
243	385
243	499
244	399
244	411
245	253
245	312
245	350
245	369
246	307
246	316
247	318
247	339
247	456
247	498
248	325
248	347
249	319
249	325
249	338
249	460
249	470
250	387
250	402
250	405
250	496
251	348
251	364
252	301
252	333
252	343
253	263
253	430
254	449
257	267
257	375
257	400
258	285
258	333
258	335
258	352
259	339
259	459
260	441
260	492
262	415
262	469
263	300
263	383
264	385
264	494
265	392
265	406
266	343
267	272
267	446
268	325
268	413
269	384
269	392
269	456
269	479
271	473
273	331
274	282
274	326
274	384
274	494
276	362
276	464
277	305
277	496
278	381
278	413
279	482
280	403
281	325
281	398
281	452
282	303
282	326
282	367
282	421
282	496
283	363
283	478
284	417
285	447
285	483
286	298
286	383
287	405
287	494
288	486
289	297
289	321
289	488
290	341
291	320
292	425
292	477
294	394
295	424
296	404
296	418
297	343
297	347
297	428
298	416
298	456
300	422
301	407
302	402
304	389
307	377
308	311
308	399
308	420
308	483
309	476
310	354
311	413
311	414
311	415
312	343
313	468
315	414
315	415
315	468
316	328
316	356
317	440
320	369
321	373
321	374
322	394
322	414
322	418
322	487
323	417
323	431
323	434
324	395
325	395
326	377
327	402
329	478
330	337
331	376
331	477
332	388
333	407
333	418
335	376
335	396
336	488
337	444
337	484
338	358
339	344
339	347
340	495
341	363
341	365
341	427
341	488
342	345
342	490
342	491
343	357
345	491
346	471
346	474
347	399
348	491
349	382
349	398
350	429
351	496
352	401
353	394
354	378
354	491
354	492
355	437
356	405
356	470
357	402
358	403
358	498
359	368
359	376
362	496
362	499
364	477
366	490
368	376
370	490
371	392
371	403
372	497
373	418
373	447
375	485
376	380
378	381
381	462
382	420
383	390
383	455
387	433
391	418
391	434
391	493
393	491
394	467
395	426
396	408
397	463
401	435
401	442
401	465
402	453
403	457
405	429
406	439
407	452
409	455
409	466
410	464
411	445
411	458
412	440
417	462
422	439
422	471
422	495
423	460
423	461
423	475
426	441
429	491
429	497
431	451
431	496
432	441
432	471
432	484
435	447
437	472
437	494
438	453
438	485
440	458
440	480
441	462
442	451
445	469
448	462
451	463
457	479
461	491
464	468
467	488
468	490
474	483
493	499