0	112
0	267
0	422
0	495
1	58
1	118
1	135
2	14
2	194
2	206
2	273
2	292
2	363
2	421
2	423
2	424
2	467
3	14
3	163
3	329
3	404
3	414
3	446
4	14
4	25
4	159
4	170
4	262
4	413
5	32
5	42
5	174
5	476
6	77
6	180
6	228
6	382
7	262
7	299
7	381
7	442
8	253
8	278
9	141
9	300
9	496
10	200
10	220
10	353
10	373
11	141
11	193
12	231
12	345
13	84
13	226
13	410
13	446
14	48
14	165
14	371
14	380
14	423
15	136
15	268
15	323
15	325
15	456
15	488
16	105
16	197
16	306
16	460
17	45
17	332
17	417
18	105
18	169
18	269
19	172
19	177
19	194
19	195
19	226
19	444
20	107
20	148
20	312
20	373
20	405
21	64
21	90
21	150
21	261
21	287
21	296
21	350
21	434
22	57
22	128
22	129
22	177
22	183
22	242
22	361
22	366
22	410
23	152
23	345
23	368
24	131
24	240
25	275
25	361
26	108
26	120
26	267
26	330
26	332
26	374
27	60
27	89
27	272
27	331
27	362
28	289
28	338
28	415
29	108
29	201
29	484
30	129
30	147
30	278
30	370
31	39
31	82
31	113
31	119
31	152
31	284
31	298
31	449
32	114
32	185
32	207
32	210
32	242
32	357
32	389
33	43
33	128
33	166
33	247
33	322
34	67
34	147
34	209
34	383
34	479
35	84
35	317
35	388
35	398
36	45
36	86
36	258
36	268
37	169
37	462
37	491
38	98
38	171
38	399
39	72
39	103
39	126
39	193
39	300
39	345
39	458
40	139
40	175
40	177
40	262
41	339
41	449
42	459
42	497
43	265
43	284
43	409
43	459
44	125
44	150
44	350
44	353
45	196
45	275
45	393
45	427
46	127
46	192
46	234
46	238
46	271
46	427
47	152
47	338
48	326
49	236
49	323
49	470
49	493
50	128
50	319
50	498
51	52
51	84
52	70
52	121
52	226
52	285
53	135
53	147
53	212
54	182
54	227
54	335
55	118
55	201
55	426
56	103
56	266
56	306
57	179
57	229
57	348
57	487
58	74
58	280
58	403
58	413
59	132
59	171
59	189
59	373
59	376
60	70
60	101
60	102
60	262
60	322
60	403
61	75
61	121
61	152
61	164
61	234
61	396
61	496
62	243
62	275
63	213
63	235
63	259
64	264
64	371
64	495
65	154
65	374
66	396
66	457
67	168
67	249
67	273
68	248
68	336
68	362
68	415
69	223
69	445
70	176
70	194
70	274
70	291
70	295
70	322
70	465
71	120
71	156
71	224
71	229
71	420
72	97
72	394
72	413
73	102
73	309
73	451
74	89
74	103
74	201
74	213
75	111
75	412
76	96
76	129
76	133
76	215
76	344
76	469
77	148
77	410
77	499
78	114
78	331
79	416
80	100
80	181
80	239
80	311
80	386
81	156
81	349
81	378
81	383
81	384
82	434
82	492
83	116
83	360
83	366
83	374
83	375
83	415
84	241
85	264
85	334
85	407
85	493
86	176
86	192
86	478
86	498
87	181
87	472
88	181
88	273
88	300
88	460
89	170
89	194
89	220
89	325
89	465
90	124
90	215
90	304
90	461
91	176
91	236
91	262
91	297
91	307
91	439
91	496
92	105
92	163
92	245
92	248
92	303
93	407
93	411
94	313
95	234
95	309
95	392
95	406
95	471
96	138
96	322
96	351
97	154
97	312
98	262
98	334
98	401
98	408
99	240
99	297
100	331
100	381
101	352
102	160
102	229
102	352
103	247
103	285
103	393
104	199
104	449
105	190
105	346
106	280
107	130
107	284
107	384
107	462
108	204
108	270
108	434
109	210
109	429
109	466
110	172
110	326
110	465
110	476
110	493
111	115
111	231
111	338
112	200
112	205
112	231
112	303
112	331
112	389
112	424
113	419
114	373
114	490
115	231
116	247
116	333
116	376
116	416
116	442
117	192
117	224
117	267
117	290
117	376
117	377
118	172
118	240
118	477
119	284
119	299
119	408
119	462
120	150
120	305
120	353
120	364
121	471
122	241
122	262
122	282
122	400
123	338
123	424
124	174
124	179
124	323
125	324
126	148
126	237
126	271
127	230
127	295
127	450
128	170
128	332
128	420
129	182
129	185
129	249
129	273
129	307
129	483
130	172
130	175
130	202
131	186
131	258
131	279
132	461
132	479
133	426
133	434
134	136
134	416
134	449
135	260
136	145
136	154
136	160
136	377
136	381
136	402
137	155
137	280
137	288
137	475
138	177
138	374
138	386
138	397
139	149
139	187
139	339
139	366
139	373
139	448
139	460
140	165
140	487
141	181
141	433
141	437
141	449
142	279
142	471
143	171
143	203
144	217
144	319
144	398
144	403
145	153
145	192
145	262
146	250
147	202
147	278
147	368
147	437
147	441
148	164
148	314
148	322
148	472
149	254
150	222
151	185
151	234
151	288
151	326
151	403
151	481
151	499
152	300
153	176
153	193
153	352
154	382
154	435
155	194
155	406
156	342
157	193
157	204
157	288
158	219
158	362
160	255
161	231
162	304
162	331
162	489
163	168
163	426
164	167
164	355
164	435
164	465
165	210
165	246
165	282
165	315
165	429
165	437
166	382
167	255
167	302
167	469
168	255
168	307
168	319
168	405
168	449
168	488
168	496
169	393
170	270
170	370
170	389
170	417
170	425
171	317
171	431
171	454
172	247
172	309
173	184
173	185
173	352
174	199
174	409
175	288
175	326
175	407
176	400
177	267
177	467
178	247
178	490
179	302
179	332
179	407
179	421
179	446
179	489
180	359
180	446
180	459
180	473
181	334
181	433
182	186
182	223
182	433
182	443
183	360
183	406
183	478
184	195
184	392
185	193
185	384
185	449
186	227
186	282
186	296
187	195
187	260
187	499
188	249
188	289
189	255
189	314
189	333
189	400
190	298
190	341
190	426
190	462
191	242
192	332
194	228
194	432
195	198
195	442
196	199
196	302
197	240
198	207
198	385
199	332
199	410
199	467
200	218
200	306
200	448
201	496
202	347
202	430
202	463
203	227
203	234
204	257
204	274
205	315
206	272
206	439
207	313
208	349
208	407
208	498
209	228
209	243
210	216
210	353
211	314
211	330
211	402
211	407
211	493
212	306
212	317
212	363
212	397
213	279
213	395
213	472
214	495
215	267
216	356
216	435
216	491
216	495
218	288
218	289
219	263
219	397
219	448
220	320
221	248
221	284
221	296
222	265
222	447
222	454
223	285
225	256
225	366
227	384
227	463
227	498
228	264
228	470
229	425
230	453
231	365
231	469
232	467
232	491
233	424
235	496
236	352
237	378
238	343
239	272
239	275
239	332
239	412
240	334
240	403
241	276
241	357
241	378
241	473
242	431
242	443
243	277
243	279
243	286
243	331
244	406
244	437
244	439
244	451
245	434
245	451
246	304
246	373
246	421
246	438
247	332
247	391
248	255
249	333
249	424
249	430
249	436
250	325
251	292
251	441
252	347
252	389
252	467
253	391
254	387
254	499
256	330
258	401
259	269
259	295
260	295
260	317
260	361
260	444
261	355
261	372
261	400
262	340
262	466
263	265
264	468
264	476
265	367
266	268
266	340
266	455
266	457
267	294
267	304
267	403
268	400
269	366
270	333
270	422
271	351
272	441
273	301
273	342
273	352
274	353
274	477
275	466
276	327
278	279
278	342
279	280
279	443
279	486
280	478
281	317
281	337
281	420
281	438
281	462
282	419
282	421
283	378
284	285
284	316
284	430
284	469
284	471
285	482
286	300
286	475
288	328
288	409
288	475
289	431
290	344
290	429
291	297
292	304
293	375
293	412
294	302
294	449
295	417
295	426
296	412
296	443
296	472
297	389
297	397
297	450
299	310
299	315
299	359
299	450
301	425
301	494
302	313
302	430
302	446
303	323
303	336
304	369
304	469
308	321
308	406
309	444
309	476
310	460
311	419
313	361
313	459
315	449
317	341
317	406
318	367
318	423
318	456
319	336
320	455
320	498
321	436
322	424
322	442
323	477
323	497
325	406
325	428
325	494
326	437
327	439
327	467
328	368
328	399
328	470
331	391
332	401
333	431
333	455
335	375
335	432
336	434
336	495
338	472
339	420
340	377
340	436
340	447
341	365
341	467
341	485
343	400
344	436
345	352
347	494
348	430
349	422
349	490
352	452
353	405
353	481
353	494
354	463
355	380
356	397
357	419
358	388
359	417
359	460
360	442
362	370
363	407
363	408
363	494
364	432
365	488
366	372
366	376
366	498
367	490
368	422
371	448
371	457
372	495
374	385
374	478
375	445
376	489
377	480
378	428
378	460
378	497
379	469
381	392
381	492
383	458
383	460
385	492
389	441
389	449
389	468
390	403
390	419
390	446
390	469
390	474
391	493
393	397
394	407
395	399
396	444
397	456
398	407
401	468
404	412
406	467
408	417
408	471
409	464
409	472
410	429
412	491
413	438
413	458
414	422
415	427
415	486
415	497
417	418
417	436
418	444
420	444
423	451
425	450
428	477
428	487
429	478
430	441
431	440
431	468
431	491
432	468
433	457
434	485
435	471
436	471
437	457
437	497
440	481
440	496
441	479
445	475
445	499
448	456
450	468
451	463
451	495
455	478
456	465
460	462
465	470
465	486
468	483
468	496
480	489
485	497
488	490
489	494