0	99
0	117
0	210
0	251
0	322
0	429
1	90
1	263
1	307
1	338
2	125
2	165
2	408
3	173
3	217
3	263
3	265
3	318
3	365
3	376
3	477
4	191
4	354
4	383
5	111
5	310
5	311
5	345
5	346
5	433
5	491
6	34
6	153
6	364
6	405
7	336
7	405
7	452
8	59
8	74
8	178
9	191
9	197
9	263
9	340
9	470
10	55
10	259
10	269
10	278
10	315
10	438
11	125
11	456
12	123
12	301
12	356
12	403
12	442
12	461
13	303
14	34
14	157
14	285
14	311
14	327
14	421
14	440
15	99
15	132
15	172
15	260
15	298
15	309
16	83
16	222
16	290
16	305
17	25
17	286
17	322
17	336
17	397
18	48
18	347
19	111
20	122
20	276
20	406
20	441
21	110
21	406
22	53
22	58
22	84
22	160
22	308
22	489
23	168
23	232
23	282
24	104
24	151
24	237
24	277
24	384
25	219
25	437
25	478
26	106
26	156
26	159
26	309
26	401
26	458
27	41
27	146
27	374
27	383
28	151
28	213
28	230
28	344
28	469
28	487
29	115
29	462
30	377
30	475
31	362
31	406
32	140
32	175
32	300
32	467
32	489
33	133
33	135
33	385
33	425
34	97
34	205
34	210
34	401
35	385
36	183
36	292
36	309
36	475
37	49
37	85
37	162
37	255
37	387
38	58
38	136
38	217
38	332
38	414
39	318
39	417
39	492
40	46
40	208
40	399
40	464
40	477
41	242
41	367
41	466
42	87
42	140
42	154
42	157
42	193
43	163
43	183
43	332
44	72
44	128
44	378
44	382
45	75
45	76
45	102
45	121
45	153
46	48
46	112
47	124
47	212
47	313
47	345
47	356
47	446
48	391
49	182
50	363
51	355
51	410
51	479
51	488
52	192
53	78
53	165
53	210
53	230
53	284
54	62
54	286
54	368
55	70
56	62
56	148
56	275
56	486
57	398
57	474
58	282
59	152
59	184
59	198
59	219
59	450
59	482
60	361
60	362
61	100
62	139
62	198
62	225
62	474
63	209
63	404
64	140
64	375
64	452
65	73
65	331
65	345
65	364
65	459
65	461
65	492
66	228
66	308
66	331
66	460
67	190
67	387
67	443
68	197
68	240
68	497
69	379
70	318
70	353
70	412
70	442
71	161
71	328
71	363
72	86
72	154
72	429
73	325
76	212
76	282
76	448
77	79
77	242
77	262
77	348
78	341
78	373
78	375
79	265
79	329
80	129
80	265
81	291
81	472
82	114
82	303
83	318
83	332
83	484
84	267
84	377
84	411
85	90
85	136
85	209
85	270
85	440
86	192
86	286
86	338
86	410
86	449
87	112
87	297
88	129
88	164
88	168
88	391
88	405
88	476
89	277
89	315
89	469
89	478
90	98
90	218
90	267
90	413
91	100
91	106
92	190
92	241
92	355
93	196
93	332
93	445
93	451
94	208
94	237
94	385
94	447
95	102
95	149
95	171
95	268
95	343
96	221
97	318
98	122
99	177
99	305
99	359
99	374
100	168
101	239
102	463
103	225
103	313
103	370
103	492
104	234
104	379
104	421
105	454
105	495
106	285
106	359
106	386
107	163
107	172
107	236
107	496
108	186
108	242
108	296
108	468
109	126
109	243
109	346
110	119
110	171
110	369
111	290
111	446
111	468
112	212
112	215
112	260
112	346
112	452
112	487
113	166
113	309
113	317
114	158
114	212
114	338
114	461
114	488
114	496
115	182
115	220
115	418
115	419
115	438
115	453
116	319
117	189
117	287
117	453
118	150
118	165
118	320
119	185
119	189
119	229
119	482
120	196
120	307
120	315
121	134
121	438
121	487
122	205
122	266
122	474
123	149
123	280
123	326
124	137
124	202
124	207
124	219
124	310
125	294
125	359
125	427
125	432
126	169
126	301
126	444
127	158
127	217
127	236
127	296
128	245
128	289
128	307
128	496
129	263
129	300
129	357
129	480
130	295
130	307
130	311
131	175
131	201
131	287
131	291
131	296
131	330
132	139
132	209
132	293
132	449
133	256
133	411
133	462
134	259
135	196
135	308
135	337
135	373
136	237
136	304
136	386
136	439
136	498
137	260
137	285
137	330
137	366
138	154
138	387
139	290
139	310
139	465
140	326
140	350
140	386
140	441
141	282
141	355
141	405
141	438
141	495
142	173
142	464
142	493
143	159
143	172
143	288
143	313
143	418
144	270
144	464
144	469
145	219
145	220
145	267
145	416
146	162
146	416
146	453
147	156
147	267
147	301
147	476
147	494
148	213
148	337
149	443
149	459
149	481
150	183
150	199
150	211
150	343
151	163
151	193
151	248
151	322
151	470
152	223
152	226
152	280
152	335
152	372
152	427
153	359
154	248
154	309
154	326
154	338
154	412
155	205
155	272
155	282
155	299
155	352
156	168
157	389
157	459
158	277
158	281
158	313
158	346
158	394
159	314
159	423
160	187
160	496
161	302
161	418
162	194
162	287
162	313
163	216
163	240
164	283
164	313
164	339
164	491
165	173
165	313
166	210
166	262
166	315
166	334
166	497
167	202
167	306
167	356
167	380
167	383
168	182
168	349
168	485
168	491
169	184
169	265
169	337
169	354
169	437
170	173
170	377
170	425
171	266
171	343
171	359
172	221
172	248
173	334
173	482
174	361
174	423
175	279
175	286
175	338
175	351
175	381
175	405
176	238
176	342
176	391
176	492
177	188
177	250
177	262
177	285
177	295
177	345
177	483
178	191
178	236
178	275
178	379
178	386
179	252
179	267
179	292
179	415
180	229
180	308
180	476
181	240
181	322
181	456
182	256
182	421
183	286
184	224
184	286
184	364
184	389
184	460
185	226
185	310
185	377
186	242
186	313
186	367
186	378
187	284
187	376
188	238
188	362
188	474
189	334
189	441
189	465
189	487
190	316
190	382
191	469
192	327
192	494
193	472
194	335
194	397
194	444
194	471
195	226
195	331
195	405
195	489
196	432
197	225
197	299
197	420
199	317
200	297
200	349
201	461
201	489
203	331
203	368
203	409
203	456
204	309
204	332
204	350
204	408
204	456
205	293
205	360
206	299
206	437
206	441
207	422
207	451
207	464
208	221
208	335
208	379
209	221
209	481
210	252
211	492
212	401
213	485
214	240
214	321
214	354
215	470
216	251
216	438
216	440
216	484
216	498
217	254
217	267
217	412
217	415
218	334
218	386
219	282
219	350
219	396
220	248
220	333
220	444
220	448
221	222
221	276
222	297
222	336
222	484
223	356
223	364
223	396
223	429
223	482
224	258
224	406
224	455
224	485
225	226
226	429
227	345
227	465
228	298
228	301
228	333
228	459
228	469
229	342
229	399
230	312
230	335
231	311
231	359
233	265
233	339
234	333
235	270
236	350
236	373
236	393
236	415
236	436
237	422
238	246
238	369
238	378
239	270
239	339
240	250
241	330
241	449
241	472
242	422
243	371
243	447
244	247
244	267
244	322
244	399
244	428
245	256
246	273
246	418
247	275
247	364
249	270
249	315
250	337
250	422
250	426
251	432
252	358
252	372
253	335
253	441
253	451
253	461
253	474
254	300
254	493
255	403
255	454
256	280
256	384
257	345
257	350
258	270
259	338
259	443
260	264
260	401
261	420
262	282
262	326
262	381
264	394
264	455
264	472
265	296
265	336
265	362
266	401
266	417
266	429
267	320
267	412
268	288
268	379
268	471
269	388
270	308
270	383
270	402
270	489
271	368
271	479
272	274
272	289
274	364
274	372
274	430
276	471
276	489
277	358
277	413
277	449
278	325
278	333
278	454
281	309
281	335
281	351
281	354
282	298
282	369
283	345
283	448
284	447
285	477
287	455
289	469
290	459
291	328
292	300
292	381
292	437
293	473
294	335
294	354
294	375
295	304
295	386
297	473
298	322
298	415
300	307
300	316
300	389
301	357
301	374
303	344
304	361
304	386
304	479
305	351
306	388
306	417
306	478
307	330
307	467
308	440
308	471
310	343
310	391
311	413
311	464
312	466
313	336
314	362
314	476
315	452
316	400
316	454
316	467
316	481
316	497
317	321
318	372
319	416
319	430
320	460
321	362
321	395
322	458
323	367
324	491
326	458
326	483
327	387
327	483
330	414
330	431
330	439
331	494
332	429
334	365
334	489
335	394
336	398
336	456
337	475
337	483
338	404
338	433
340	437
340	443
340	488
341	434
342	449
343	478
344	452
344	466
345	457
348	386
349	458
349	465
349	479
350	364
351	458
351	487
353	363
355	481
356	455
356	456
356	492
357	453
358	366
358	402
359	477
360	393
360	396
361	414
361	421
361	436
361	496
364	422
365	466
365	476
366	411
371	386
371	439
371	445
372	457
373	385
373	391
373	445
373	470
374	464
376	384
377	433
378	475
378	482
379	381
381	395
381	429
381	432
382	428
382	473
384	455
386	436
389	402
389	415
389	428
390	477
392	498
393	447
393	459
394	467
396	414
397	412
397	430
399	400
402	498
403	489
403	495
407	471
407	494
408	445
408	456
411	482
412	458
413	423
413	488
421	471
424	433
424	436
424	485
427	483
427	495
432	435
432	463
432	493
436	472
439	446
442	465
443	498
445	447
455	497
456	462
457	483
460	470
465	476
472	476
479	488
485	490
496	499