0	84
0	142
0	178
1	325
1	409
1	454
2	8
2	218
2	485
3	64
3	73
3	250
3	357
4	73
4	78
4	351
4	397
4	464
4	469
4	490
5	285
5	317
5	355
5	418
6	92
6	134
6	433
7	222
7	402
7	403
7	441
8	348
9	15
9	229
9	285
9	465
9	481
10	29
10	156
10	243
10	257
10	283
10	319
10	386
10	463
11	227
11	282
12	238
12	436
13	28
13	86
13	213
13	254
13	400
14	190
14	194
14	333
14	422
14	474
15	32
15	145
15	243
16	147
16	230
16	239
16	245
16	334
16	349
16	367
17	392
18	192
18	247
18	265
18	310
18	354
19	135
20	233
21	67
21	86
21	100
21	176
21	346
22	149
22	302
23	411
24	339
24	432
24	467
25	114
26	328
26	444
27	53
27	140
28	115
28	219
28	300
29	194
29	201
30	89
30	166
30	424
30	493
31	162
31	240
31	280
31	308
31	429
32	158
32	162
32	165
32	380
33	158
33	168
33	180
33	338
33	352
34	35
34	208
34	313
34	315
34	451
35	110
35	121
35	222
36	142
36	246
36	308
36	332
37	85
37	145
37	314
37	481
38	388
38	395
39	196
39	402
40	54
40	95
40	235
40	324
41	278
41	374
41	379
42	276
42	313
42	317
42	410
42	438
42	475
43	285
43	303
43	463
44	60
44	156
44	240
44	329
45	56
45	61
45	137
45	257
46	76
47	166
47	458
48	86
48	235
48	384
48	428
48	454
49	133
49	222
49	320
49	419
49	487
50	284
50	330
50	431
50	459
51	65
51	216
51	245
51	276
51	374
51	375
51	434
52	152
52	190
52	453
53	71
53	153
53	221
53	444
54	55
54	84
54	90
54	184
55	348
55	358
55	400
55	495
55	499
56	155
56	284
57	149
57	381
58	108
58	194
58	292
58	309
59	160
59	296
59	499
60	112
60	151
60	205
60	350
61	126
61	162
61	191
61	287
61	404
62	92
62	137
62	302
62	320
63	432
64	85
64	91
64	367
64	490
65	89
65	150
65	200
65	202
65	498
66	239
66	258
66	318
66	352
67	90
67	376
67	401
68	236
68	422
69	353
69	411
69	429
70	259
70	393
70	470
71	373
71	431
72	100
73	210
73	242
74	75
74	133
74	245
74	311
75	127
75	155
75	160
75	377
75	476
75	491
76	298
76	426
77	149
77	336
77	360
78	274
79	302
79	334
79	384
79	455
79	473
80	121
80	212
81	250
81	266
81	494
82	117
82	254
82	286
82	314
82	448
82	456
83	252
83	294
83	448
84	190
84	252
84	422
84	436
85	290
85	325
85	398
85	438
86	157
86	312
86	320
86	330
86	367
86	373
86	391
87	288
87	303
87	360
87	363
88	389
88	420
89	235
89	269
89	311
89	330
90	156
90	197
90	310
90	333
90	355
91	336
92	146
93	140
93	238
93	347
94	103
94	272
94	437
95	97
95	216
95	311
95	312
95	364
95	419
96	224
96	225
96	435
97	102
97	365
97	440
98	259
99	113
99	472
99	477
100	161
100	189
100	312
101	103
101	140
101	168
101	287
101	313
102	332
102	348
103	201
103	466
104	190
104	358
105	182
105	274
106	122
107	167
107	175
107	221
107	412
108	134
108	147
108	163
108	191
108	312
108	323
108	334
108	341
109	263
109	324
109	392
109	431
109	446
109	472
110	273
110	424
111	372
111	442
112	225
112	427
113	143
113	388
113	473
114	189
114	200
114	263
114	266
114	312
114	367
115	168
115	301
115	354
115	464
116	463
116	482
117	165
117	171
117	264
117	454
118	192
118	386
119	328
119	339
119	459
119	481
120	367
121	145
121	169
121	261
121	319
122	157
122	464
122	498
123	130
123	198
123	328
123	415
124	306
124	433
124	455
124	476
125	286
126	175
126	209
126	297
127	214
127	268
127	427
127	434
128	453
128	498
129	286
129	380
129	424
130	230
130	437
131	162
131	192
131	302
131	311
132	466
132	499
133	177
133	471
134	153
134	171
134	233
134	249
134	399
134	427
135	188
135	212
135	224
135	249
135	281
135	318
135	473
136	202
136	246
137	251
137	345
137	350
137	367
138	160
138	346
138	350
138	425
139	287
139	406
139	439
140	291
140	309
140	310
140	329
141	164
141	247
141	299
141	392
142	223
142	317
143	244
143	386
144	196
144	360
144	382
145	172
145	273
145	305
145	326
145	331
145	418
146	257
146	372
146	421
147	306
147	473
148	259
149	176
149	311
149	351
149	413
149	459
150	408
151	206
151	422
151	445
152	250
152	423
153	364
154	234
155	368
156	158
156	173
156	238
157	193
157	405
158	168
158	247
158	444
158	452
159	172
159	330
159	348
159	361
159	424
159	457
160	274
160	330
160	365
160	456
161	222
161	426
162	212
162	380
163	169
163	172
163	173
163	180
163	330
163	403
163	443
163	478
164	177
164	368
164	431
164	481
165	290
166	199
166	221
166	223
166	264
166	288
166	413
166	414
168	446
168	478
168	487
169	241
170	297
170	304
170	410
170	412
171	174
171	238
171	329
172	206
172	213
172	343
172	428
172	490
173	336
173	431
174	182
174	193
174	468
174	483
175	266
176	387
176	490
177	279
177	296
177	469
178	196
179	389
180	342
180	481
181	412
182	280
182	481
183	242
183	310
183	434
183	453
184	218
184	354
184	381
184	464
184	485
184	486
184	497
185	210
185	362
185	490
186	355
187	205
187	249
187	393
188	190
188	400
188	496
189	276
189	328
189	455
190	244
190	257
190	437
191	217
191	311
191	330
191	361
192	206
192	235
192	402
192	414
192	472
193	327
193	423
194	226
195	442
196	333
196	425
197	209
197	242
198	432
198	434
198	488
199	419
199	475
200	291
200	415
201	251
201	458
202	354
202	411
203	327
203	453
203	497
204	293
204	442
204	484
205	261
205	430
205	448
206	327
207	232
207	397
208	322
209	291
210	390
210	496
211	305
212	282
213	283
213	342
213	440
214	262
214	294
214	313
215	452
216	300
216	328
217	299
218	249
218	448
218	456
219	382
220	275
220	420
220	427
220	452
221	254
221	332
222	234
222	395
223	286
223	335
224	254
224	305
224	442
225	377
225	402
226	440
227	346
227	362
228	238
228	256
228	340
228	347
229	440
229	498
230	273
230	410
230	446
231	318
231	421
232	320
232	399
232	459
232	498
234	238
234	290
234	404
235	284
235	342
236	287
236	410
237	437
238	259
238	343
238	414
238	447
239	243
240	263
240	390
240	455
241	372
241	383
241	402
242	278
242	414
243	467
243	488
244	420
244	457
245	272
245	289
245	407
246	406
246	478
246	499
247	336
248	293
248	496
250	447
251	442
252	446
252	489
253	254
253	393
254	278
254	388
254	451
255	314
255	329
255	456
256	310
256	392
257	306
257	372
257	403
257	445
257	464
258	324
258	385
258	452
259	260
259	285
259	370
260	464
261	402
261	417
261	454
262	374
263	472
264	396
264	462
265	292
265	448
265	466
266	406
266	462
267	283
268	407
269	280
269	326
270	278
270	322
270	470
271	384
271	436
272	337
272	449
273	331
274	399
275	317
275	456
276	305
277	328
277	360
277	413
278	423
279	394
280	450
281	439
282	335
282	370
282	371
284	337
285	489
286	324
287	337
287	386
288	494
289	370
292	345
292	379
293	314
293	466
293	499
294	480
295	444
296	354
297	343
297	358
297	499
298	450
298	460
300	445
301	454
302	320
302	429
302	471
302	476
303	373
303	379
303	422
304	327
304	330
304	454
305	328
305	443
305	483
305	490
306	379
307	472
308	454
309	355
309	417
309	492
311	327
311	373
311	438
313	383
313	421
314	443
315	316
315	443
316	322
316	331
316	462
318	499
319	473
320	321
320	445
320	464
320	485
322	433
323	336
324	379
325	344
325	466
326	437
328	435
329	356
329	459
330	359
330	429
331	438
333	365
333	388
334	351
335	338
336	365
337	476
339	436
339	475
339	497
341	372
342	498
343	476
344	401
346	471
346	486
346	496
349	355
349	392
349	477
350	353
350	383
351	452
351	480
352	499
353	419
354	419
355	361
357	447
358	369
358	389
358	407
358	417
358	435
359	485
360	418
361	411
361	425
361	463
362	437
362	452
362	466
362	478
362	494
362	495
363	414
364	467
364	493
365	439
365	448
366	386
368	404
368	413
368	486
370	377
371	430
373	399
373	455
375	397
376	423
377	401
377	452
378	427
379	401
381	432
381	449
381	468
383	473
384	489
389	491
390	422
390	431
390	464
391	403
391	467
393	452
393	495
396	424
396	440
397	405
397	430
399	453
399	455
401	444
401	474
403	483
406	453
407	485
408	426
408	467
411	419
411	449
412	425
412	429
413	454
416	478
418	475
419	499
420	483
421	467
421	494
426	451
427	438
427	465
427	468
428	461
428	491
429	457
432	460
432	472
433	464
435	461
439	475
441	477
448	458
451	459
453	484
454	494
455	468
459	469
460	483
467	471
468	499
469	473
479	488
481	496
485	494