0	251
0	295
0	357
1	134
1	221
1	365
2	68
2	115
2	312
2	432
3	25
3	206
3	243
4	263
4	489
5	49
5	302
5	385
5	399
5	439
5	463
5	464
6	95
6	277
6	457
7	14
7	38
7	61
7	116
7	214
7	288
7	322
7	469
7	496
7	497
8	36
8	258
8	309
8	363
9	284
9	323
9	442
10	88
11	19
11	55
11	151
11	262
11	270
11	360
12	70
12	358
12	381
12	425
12	437
13	21
13	26
13	62
13	284
14	53
14	106
14	107
14	224
14	286
14	421
14	438
15	34
15	129
15	250
15	267
16	225
16	426
16	429
16	478
17	48
17	133
17	273
17	294
17	309
17	324
17	348
17	403
17	455
18	99
18	173
18	330
18	345
18	426
18	475
19	185
19	223
19	267
19	307
19	323
19	389
19	393
20	91
20	111
20	114
20	186
21	70
21	165
21	284
22	110
22	287
22	410
23	208
23	239
23	303
23	440
23	444
24	25
24	182
24	408
25	169
25	180
25	435
26	235
26	258
26	301
26	330
27	220
27	235
27	270
27	278
27	306
27	406
27	429
27	449
28	110
29	154
29	200
29	206
29	424
29	469
29	480
30	81
30	116
30	436
31	210
31	338
32	104
32	387
32	410
33	53
33	89
33	264
34	48
34	160
34	364
34	464
35	288
35	457
36	172
37	495
38	327
38	379
38	426
39	109
39	149
39	275
39	321
39	341
39	450
40	93
40	276
40	303
40	401
41	188
41	203
41	275
41	453
41	497
42	382
42	384
42	471
43	164
43	318
43	392
43	444
43	455
43	488
44	190
44	201
44	212
44	414
44	421
45	155
45	290
46	265
46	419
46	497
47	127
47	211
47	220
48	58
48	272
48	484
49	77
49	203
50	257
50	284
50	340
51	107
51	168
51	372
51	427
51	497
52	66
52	96
52	257
52	429
52	467
53	62
53	217
53	247
53	269
54	185
54	443
54	476
54	493
55	75
55	460
56	357
56	382
56	402
57	417
57	488
58	83
58	262
58	268
59	466
60	98
60	156
61	89
61	175
61	230
61	232
61	276
61	413
61	477
62	71
62	99
62	117
62	250
62	317
62	382
63	141
64	204
64	205
64	307
65	245
65	384
65	394
65	484
66	72
66	79
66	365
66	468
67	79
68	76
68	285
68	414
69	88
69	122
69	261
69	265
70	279
70	398
70	481
71	239
71	279
71	304
72	109
72	342
72	372
72	378
72	454
73	84
73	161
73	248
73	353
74	83
74	108
74	192
75	149
75	311
75	335
76	273
76	302
76	357
76	398
77	289
77	324
77	478
77	481
78	118
78	131
78	376
78	429
78	498
79	90
80	308
80	327
80	431
80	452
81	371
81	408
81	488
82	382
82	399
83	110
83	149
83	253
83	453
83	486
84	199
84	210
84	278
84	347
85	290
85	414
86	159
86	319
87	165
88	262
88	388
88	452
89	187
89	328
89	355
89	424
90	498
91	223
91	245
91	291
91	361
91	463
92	154
92	210
93	202
93	335
93	348
93	469
94	197
94	363
95	207
95	367
95	457
95	497
96	304
97	99
98	364
99	193
99	310
100	222
100	267
100	325
100	487
100	498
101	102
101	220
101	234
101	277
101	399
102	215
102	234
102	339
102	436
102	498
103	171
103	215
103	308
103	345
103	499
104	355
105	153
105	211
105	293
105	352
105	376
106	171
106	246
107	285
107	448
108	111
108	115
108	161
108	279
108	473
109	213
109	368
109	385
109	443
109	492
110	229
110	289
111	188
111	305
111	424
111	477
112	113
112	134
113	265
113	331
113	392
113	413
114	153
114	260
114	337
114	451
114	453
115	173
116	158
116	175
116	232
116	392
117	170
117	335
118	150
118	156
118	428
118	473
119	195
119	225
119	296
120	171
120	178
120	231
120	268
121	179
121	208
121	299
121	307
121	334
121	350
121	367
121	480
122	136
122	160
122	432
123	179
123	243
123	356
123	410
124	418
124	494
125	455
126	334
127	220
127	368
127	400
128	172
128	318
128	352
128	417
129	145
129	359
129	462
130	148
130	364
130	451
131	225
131	276
132	188
132	306
133	196
133	265
133	431
134	198
134	254
134	262
134	266
134	434
135	342
135	374
135	430
135	469
136	156
136	196
136	207
136	300
136	446
136	494
137	272
137	424
138	204
138	316
138	469
139	164
139	169
139	185
139	303
139	364
139	369
140	169
140	185
140	419
140	421
141	163
141	202
141	214
141	268
141	450
142	340
142	344
143	202
143	215
144	174
144	260
144	262
144	491
145	356
145	436
145	457
146	249
146	291
146	326
146	373
146	457
146	474
147	228
147	330
147	414
147	479
148	333
148	498
149	341
149	424
151	163
151	306
151	478
152	218
152	349
152	445
153	154
153	164
153	234
153	246
153	348
153	372
153	431
154	452
154	454
155	156
155	173
155	210
155	241
155	386
156	164
156	245
156	302
156	309
157	332
158	203
158	207
158	216
158	447
159	195
159	450
160	197
160	345
161	229
161	346
161	440
162	225
163	430
164	278
164	286
164	360
164	435
165	251
166	375
166	423
166	447
167	188
167	308
168	437
168	478
169	275
169	313
169	324
169	329
170	296
170	337
170	398
170	484
171	310
171	314
171	392
171	412
172	220
172	323
172	346
172	358
172	402
172	435
172	473
173	191
173	226
173	259
173	443
174	270
174	309
174	402
174	461
174	487
176	415
177	241
177	314
177	435
178	195
178	214
178	452
179	421
180	299
181	207
181	306
181	347
182	425
182	438
182	477
183	288
183	303
183	328
184	287
184	403
184	445
185	200
185	210
185	393
185	463
186	272
186	290
186	296
186	341
186	431
187	251
187	276
187	288
187	331
187	355
187	395
187	450
188	323
189	359
189	440
190	191
190	387
190	484
190	490
191	275
191	362
193	283
193	336
193	451
193	489
194	246
194	485
195	265
195	282
196	281
196	310
196	467
197	286
198	303
198	308
199	228
199	234
199	278
199	313
199	340
199	400
200	260
200	301
200	386
200	390
201	410
201	494
202	225
202	437
202	446
202	479
203	347
203	470
204	305
204	373
204	479
205	239
205	373
206	271
206	380
207	256
207	294
208	344
208	421
209	460
210	449
210	451
211	240
211	316
212	216
212	436
212	446
213	315
213	356
213	443
214	317
214	387
214	417
214	489
214	496
215	253
215	255
215	299
215	454
216	320
216	447
217	404
218	262
219	291
219	336
219	488
220	322
221	337
221	420
221	486
225	299
225	326
225	332
225	451
225	477
226	376
226	380
226	424
226	492
227	348
227	447
227	449
228	459
229	291
230	258
230	267
230	295
230	407
231	255
231	366
231	417
231	471
232	369
232	436
233	454
233	455
234	337
234	467
236	282
236	466
237	289
237	336
237	483
238	304
238	338
238	357
238	397
238	406
239	242
239	326
240	305
241	294
243	444
243	465
243	491
244	260
245	328
245	453
246	252
246	293
248	307
248	397
248	490
249	260
249	337
249	435
249	470
250	493
253	354
253	385
253	425
254	277
254	304
254	341
254	400
254	498
255	397
255	484
258	383
259	285
259	304
259	454
260	291
260	294
260	322
261	272
261	307
261	330
262	347
262	414
262	487
263	273
263	453
265	356
265	473
266	361
266	390
267	320
268	316
269	311
271	390
271	497
273	276
274	440
275	422
276	335
277	283
277	378
277	425
277	446
278	318
278	387
278	442
279	347
280	291
280	328
280	342
280	383
281	291
281	314
281	369
281	399
283	285
283	370
283	390
283	437
283	461
283	480
284	416
285	306
286	494
287	299
287	479
288	365
289	459
290	293
291	496
292	364
292	442
293	333
293	338
293	422
294	337
296	346
296	397
296	427
297	310
297	378
297	386
298	366
298	445
298	474
300	320
300	345
300	466
300	497
301	321
301	371
302	335
302	402
303	470
304	395
305	401
305	406
306	333
308	337
308	443
308	471
309	351
309	388
310	412
311	379
311	445
311	452
313	324
313	484
314	370
314	381
315	439
315	491
315	494
317	387
318	462
319	328
319	423
319	480
320	390
320	405
320	457
321	357
322	383
322	422
324	499
326	343
326	369
327	379
327	380
327	404
327	478
328	358
328	396
329	353
330	398
330	424
330	448
331	333
331	386
331	469
332	370
332	441
333	435
333	447
335	401
335	493
336	374
336	376
337	342
337	362
337	398
337	430
338	407
339	352
344	459
344	476
345	358
345	454
345	495
346	359
346	450
348	361
348	493
351	392
351	484
352	391
353	458
356	409
357	365
357	449
359	397
359	431
359	484
360	374
360	407
362	482
363	417
364	411
368	463
368	465
368	491
369	459
370	417
372	379
372	475
373	427
375	377
377	493
378	407
381	415
382	433
382	474
383	411
385	440
386	429
388	422
390	398
391	392
391	467
393	448
394	487
396	482
397	455
398	453
399	412
399	490
402	413
402	452
403	428
404	417
404	470
405	418
408	448
412	444
413	414
414	481
416	429
419	423
421	473
424	452
425	490
429	489
434	472
434	475
434	490
436	475
436	494
436	497
437	461
443	488
450	465
455	469
456	457
457	469
457	498
459	477
461	469
462	494
466	492
467	482
483	499
484	486
488	491