0	32
0	210
0	294
1	42
1	214
1	246
2	260
2	267
3	299
3	354
4	319
4	398
5	116
5	452
6	203
6	395
6	463
7	83
7	180
7	195
7	365
7	438
7	459
8	184
8	200
8	234
8	236
8	298
9	114
9	165
9	202
10	120
10	136
10	182
10	349
10	460
11	116
11	183
11	361
11	472
12	121
12	192
13	255
14	112
14	129
14	232
15	84
15	257
15	350
15	469
15	477
16	153
16	193
16	198
16	247
16	333
16	366
16	485
17	62
17	86
17	87
17	110
17	184
17	275
17	307
17	443
18	82
18	267
18	360
19	254
20	62
20	257
21	441
21	444
21	455
22	63
22	277
22	303
23	240
23	247
23	343
24	174
24	218
24	315
24	416
24	449
25	317
26	289
26	355
26	358
26	373
27	101
27	164
27	224
27	473
28	99
28	147
28	191
28	251
29	305
29	316
29	420
29	493
30	81
30	251
30	289
30	304
30	341
30	461
31	61
31	325
31	468
32	98
32	234
32	249
32	250
32	402
32	415
32	482
33	78
33	119
33	316
33	346
34	160
34	340
34	371
34	436
35	46
35	187
35	407
35	472
36	42
36	53
36	175
36	214
36	254
36	315
36	367
36	412
37	372
38	108
38	443
39	100
39	258
39	367
40	130
40	429
41	254
41	349
42	85
42	255
42	349
42	385
42	390
42	409
42	436
42	470
42	476
43	65
43	75
43	248
43	392
44	139
44	210
44	299
44	380
44	485
45	159
45	227
45	459
45	465
46	50
46	98
46	181
46	331
47	273
47	315
47	409
48	213
48	255
48	264
48	293
48	307
48	422
49	214
49	363
49	435
50	93
50	125
50	188
50	284
50	468
51	238
52	155
53	82
53	269
54	177
54	462
55	118
55	147
55	269
55	281
55	300
55	433
55	459
56	69
56	225
56	377
56	425
57	387
57	420
58	284
58	323
58	344
58	391
59	80
59	151
59	242
59	266
59	278
59	413
60	230
60	252
60	406
60	459
61	72
61	174
61	192
61	421
61	426
62	188
62	227
62	421
63	169
63	390
64	88
64	142
65	206
66	397
67	110
67	160
67	234
67	317
67	370
67	457
68	92
68	135
68	161
68	268
68	410
68	492
69	186
69	231
69	271
69	401
70	291
70	458
71	79
72	88
72	137
72	149
72	264
72	310
72	336
72	491
73	191
73	254
73	264
73	279
73	338
73	405
74	223
74	369
74	380
74	394
75	217
75	379
76	118
76	282
76	360
76	386
77	103
78	357
79	159
79	213
79	216
79	235
79	269
80	85
80	329
80	370
80	426
81	98
81	318
81	333
81	346
81	396
81	441
81	486
82	151
83	152
83	191
83	381
83	491
84	115
84	214
84	320
85	352
85	425
87	225
87	495
88	153
88	366
88	458
89	185
89	222
89	418
90	180
90	209
90	228
90	231
90	312
90	401
91	110
91	179
91	410
91	412
92	164
92	213
92	239
92	296
93	179
93	193
93	336
93	355
93	426
93	433
94	206
95	126
95	325
95	342
95	431
95	435
96	327
97	123
97	241
97	471
98	250
98	311
99	106
99	125
100	129
100	335
100	340
100	377
101	127
101	257
101	274
101	349
101	376
102	119
102	189
102	276
102	309
102	324
102	412
102	440
102	445
103	351
103	442
104	149
104	157
104	185
104	267
105	124
105	228
105	237
105	432
106	110
106	238
106	242
106	360
107	337
107	373
107	389
108	122
108	418
108	454
109	134
110	138
110	148
110	258
111	117
111	224
111	308
113	357
113	460
115	172
115	198
115	434
116	139
116	283
116	349
116	414
116	421
117	191
117	362
117	382
117	394
118	119
119	125
120	228
121	438
121	486
122	127
122	182
122	242
122	255
122	384
122	415
123	199
123	308
123	391
123	465
123	469
124	438
124	475
125	271
125	359
125	426
126	148
126	353
126	366
126	463
127	276
127	360
127	496
128	377
129	184
130	156
130	302
130	375
131	159
131	271
131	363
131	401
131	419
132	191
132	272
133	138
133	379
134	362
134	443
135	150
135	264
135	430
135	456
136	140
136	352
136	373
136	382
137	233
137	304
138	253
138	291
138	328
138	428
138	468
139	338
140	194
140	203
140	438
141	196
142	231
142	244
142	314
142	351
143	165
143	315
143	497
144	295
144	450
145	284
146	225
146	298
146	399
147	267
147	310
147	479
148	277
149	158
149	197
149	246
150	327
150	358
151	371
151	448
151	459
152	277
152	313
152	336
152	464
153	183
153	304
153	337
153	455
154	395
154	397
155	157
155	193
155	285
156	432
157	237
157	290
157	446
159	209
159	265
159	436
160	444
161	206
161	294
161	345
161	457
161	463
162	213
162	216
162	490
163	164
163	302
163	399
163	432
164	225
164	306
164	472
165	288
165	461
166	225
166	327
167	268
167	371
167	382
167	413
167	427
168	323
168	402
168	451
168	460
168	472
169	334
170	193
170	219
170	283
170	346
171	272
171	306
171	383
171	452
171	460
171	475
172	362
172	376
173	495
174	309
174	432
175	218
175	323
176	333
177	339
178	365
178	396
178	442
180	219
180	293
180	415
181	193
181	432
181	433
181	441
183	249
183	287
184	276
185	349
185	360
185	394
186	243
186	261
186	392
187	381
187	413
187	494
188	232
188	326
188	420
188	464
189	452
189	454
189	460
189	466
190	222
190	359
191	411
191	421
191	427
192	259
192	360
192	442
193	202
193	245
193	326
194	250
195	252
195	301
195	481
196	227
196	415
197	225
197	464
198	252
198	340
199	364
200	225
200	360
200	376
200	384
200	427
200	428
200	494
201	221
201	294
201	445
202	491
203	219
203	365
203	411
203	458
204	333
204	363
204	371
204	464
205	457
207	301
208	209
208	369
208	490
209	246
209	253
209	375
209	436
209	440
210	426
210	429
211	388
212	382
213	291
213	434
214	228
215	289
215	293
215	455
215	473
216	293
216	318
216	325
216	493
217	246
217	443
218	252
219	304
219	449
219	465
219	491
220	260
220	308
220	393
221	462
222	339
222	404
222	454
223	331
223	340
223	386
224	289
225	424
225	471
226	254
226	336
227	288
227	294
227	311
227	339
227	469
227	492
228	294
228	319
228	322
228	438
229	230
229	446
230	251
230	360
231	272
231	391
231	449
231	451
232	308
232	433
232	476
233	298
234	321
234	360
235	446
236	274
236	427
236	432
237	391
238	395
238	445
238	470
239	341
239	416
239	429
240	257
240	430
241	433
242	423
243	304
243	427
245	301
246	430
246	446
247	283
247	336
247	364
248	333
248	336
248	458
248	463
249	346
249	384
249	488
250	344
250	405
250	490
251	289
251	292
251	495
252	273
254	263
255	333
256	436
256	451
256	463
257	422
258	330
259	458
259	469
259	482
260	316
260	410
260	437
261	322
261	355
261	416
261	484
262	289
262	342
262	431
263	375
264	338
264	489
265	374
267	363
267	385
267	390
267	471
268	336
268	394
268	421
269	331
269	397
270	335
270	426
270	449
271	307
271	345
271	430
271	439
272	442
272	463
273	451
275	409
276	349
276	447
276	462
277	332
278	352
279	424
280	416
281	316
281	359
283	391
284	337
285	358
285	454
286	295
287	382
288	392
289	345
291	493
292	412
292	469
293	345
293	420
294	339
294	450
294	489
295	355
295	357
295	477
296	463
296	491
297	459
298	409
298	499
299	307
300	471
301	489
302	379
302	480
303	414
303	483
304	387
304	450
304	485
305	336
306	453
306	495
307	389
307	414
307	473
307	482
308	422
308	439
309	324
309	487
311	388
312	450
313	418
314	342
314	390
315	483
316	452
316	483
317	466
317	498
319	360
319	468
320	342
320	395
320	468
322	399
322	485
323	402
324	382
324	383
325	345
325	456
326	353
326	379
327	346
328	357
328	375
328	482
329	348
330	452
331	351
331	464
332	435
332	454
332	480
333	430
333	452
334	478
335	337
335	390
335	441
336	463
337	361
337	397
337	454
338	402
338	420
338	426
338	497
339	384
340	343
341	488
342	349
346	347
346	406
346	412
347	449
347	471
348	403
348	443
349	417
349	485
349	496
350	371
350	381
350	485
351	456
351	477
352	363
352	370
352	457
352	464
354	372
354	436
356	479
357	391
358	371
358	414
361	380
362	378
363	378
363	493
365	466
365	480
367	437
367	486
368	414
369	383
369	385
369	429
370	479
372	382
373	425
373	459
373	464
373	482
375	395
375	476
377	379
377	442
382	428
384	447
387	424
390	400
390	468
391	465
392	477
393	441
393	477
394	446
394	461
395	490
396	418
398	435
402	408
403	468
406	487
408	496
409	470
409	481
410	448
410	472
411	483
413	443
414	467
416	450
416	463
416	498
418	456
418	473
419	435
419	450
419	457
422	462
424	433
424	441
425	447
425	484
425	498
427	483
429	458
429	474
430	475
431	469
431	475
433	439
433	442
434	467
436	450
440	475
443	484
443	499
446	480
447	455
447	484
447	485
448	482
449	470
449	490
454	473
454	481
457	478
459	469
459	475
463	496
465	466
465	480
466	492
469	499
479	494