0	126
0	133
0	170
0	198
0	221
0	389
1	68
1	136
1	188
1	297
1	319
1	450
2	106
2	204
2	232
3	134
3	158
3	313
3	348
4	66
4	77
4	164
4	213
5	249
5	296
5	397
5	451
6	379
7	143
7	160
7	214
8	169
8	292
9	96
10	48
10	62
10	96
10	171
10	174
10	226
10	303
11	21
11	197
11	443
11	465
12	23
12	351
13	185
13	357
13	450
14	164
14	190
14	251
14	494
15	29
15	261
15	325
15	430
15	469
15	480
16	84
16	113
16	260
16	402
16	411
16	465
16	477
17	65
17	82
17	120
17	153
17	343
17	362
18	70
18	144
18	191
18	198
18	454
18	470
19	64
19	370
20	27
20	241
20	333
20	423
20	432
21	323
21	397
22	105
22	296
23	91
23	200
24	126
25	28
26	143
26	211
26	224
26	228
27	267
27	304
27	456
28	33
28	137
28	174
28	203
28	310
28	496
29	108
29	258
29	289
29	346
29	471
29	484
30	194
30	212
30	241
30	244
30	276
31	68
31	74
31	195
31	233
32	134
32	177
32	248
32	281
32	478
33	41
33	110
33	141
33	180
33	212
33	291
33	393
34	80
35	233
35	234
35	239
35	477
36	80
36	179
36	458
36	488
36	493
37	220
37	236
37	268
37	299
37	395
38	262
38	266
38	371
38	485
39	156
39	288
40	84
40	187
40	203
40	433
40	487
41	223
41	247
42	352
42	458
43	112
43	340
43	481
44	110
44	122
44	145
44	339
45	58
45	147
45	148
45	199
45	204
45	261
45	270
45	342
45	374
45	446
46	182
46	435
47	116
48	155
48	295
48	462
49	69
49	197
49	209
49	347
49	417
49	425
50	147
50	173
50	205
50	254
50	344
50	463
51	144
52	492
53	63
53	110
53	173
53	220
53	248
53	329
54	207
54	405
55	82
55	85
55	157
55	284
55	314
55	379
55	392
55	411
56	200
57	98
57	122
58	62
58	430
58	449
59	96
59	237
59	261
59	344
60	70
60	315
60	365
60	372
61	254
61	322
61	478
62	267
62	393
63	414
64	202
64	244
64	431
64	451
65	159
65	172
65	251
65	266
65	470
67	222
67	386
67	445
68	117
68	175
68	205
68	255
68	285
68	377
68	493
69	177
69	191
69	254
69	264
69	497
70	198
70	258
70	307
70	311
70	340
70	434
71	98
71	130
71	313
71	475
72	74
72	202
72	403
73	452
73	474
74	159
74	196
74	409
74	423
74	426
75	165
75	213
75	222
75	266
75	343
75	421
76	285
76	327
77	145
77	413
77	424
77	474
77	490
78	92
78	287
78	325
78	336
79	235
79	291
79	301
80	368
80	426
80	433
80	479
80	490
81	116
81	195
81	323
81	331
82	183
82	220
82	289
83	184
83	264
83	281
84	120
84	260
84	480
85	102
85	161
85	269
85	279
85	297
85	309
85	349
85	350
85	428
85	476
86	131
86	320
86	353
86	405
87	290
87	320
87	444
87	473
88	115
88	172
88	467
89	281
89	455
90	136
90	456
91	167
91	397
92	122
93	189
93	254
93	323
93	364
93	406
93	454
93	472
94	306
95	127
95	285
95	289
95	394
96	260
97	125
97	151
97	368
98	112
98	177
98	465
99	251
99	372
100	319
100	445
101	253
101	255
101	387
101	401
101	461
102	148
102	492
103	105
103	155
104	166
104	168
104	222
104	434
105	237
105	259
106	109
106	121
106	210
106	215
106	276
106	301
106	322
107	165
107	375
107	412
107	468
108	234
108	312
109	146
109	334
109	459
109	461
110	130
110	152
110	355
110	408
110	432
111	294
111	398
111	481
112	242
112	287
112	357
113	176
113	314
113	333
114	145
114	192
114	218
114	353
114	455
115	245
115	250
116	188
117	121
118	351
119	248
119	318
119	363
120	234
120	442
121	132
121	199
122	487
123	233
123	279
123	456
124	360
125	179
125	323
125	360
126	141
126	166
126	174
126	240
126	376
127	398
127	434
128	184
128	198
128	265
129	225
129	246
129	439
129	471
130	189
132	143
132	399
133	255
133	372
133	383
134	210
134	258
134	499
135	231
137	345
137	403
138	192
138	243
138	332
138	350
138	374
139	328
140	169
140	196
140	230
140	307
141	153
141	225
142	419
143	170
143	184
143	462
144	213
144	290
145	274
145	477
146	182
146	188
146	446
147	375
147	487
148	417
149	184
149	273
150	154
150	235
150	272
150	438
151	301
152	326
152	347
153	479
153	498
154	198
154	241
154	395
154	464
155	220
155	250
155	295
155	320
156	225
156	318
156	330
156	428
156	459
157	296
157	307
157	419
157	449
158	263
158	333
158	417
159	265
159	361
159	457
160	265
160	285
160	295
160	358
160	416
161	174
162	281
163	191
163	277
163	307
163	362
163	433
164	343
164	479
164	489
165	363
165	495
166	341
166	360
167	343
167	458
168	179
168	289
168	324
168	354
168	486
169	352
169	361
169	390
169	442
169	458
170	374
171	316
171	322
172	458
173	229
173	298
173	456
174	225
174	227
174	291
174	491
175	269
175	386
175	473
176	298
176	363
176	429
177	333
177	342
177	396
178	300
178	475
179	252
179	283
180	323
180	363
180	365
180	397
180	426
181	216
181	228
181	393
181	405
182	238
182	295
182	442
183	472
184	326
185	201
185	204
185	295
186	216
186	310
186	379
186	396
187	234
188	209
189	289
189	409
189	418
189	435
190	235
190	478
191	228
192	200
192	379
192	449
193	278
193	371
194	286
194	429
195	214
195	269
195	417
195	442
196	273
196	342
196	465
196	490
196	496
197	229
197	437
197	494
198	428
199	250
199	311
200	288
200	307
201	273
201	476
202	376
202	454
204	418
204	420
204	454
205	284
205	324
205	366
205	400
206	243
206	389
206	422
206	436
207	348
207	395
208	338
208	488
209	222
209	439
209	486
210	364
211	481
212	266
212	320
213	495
214	322
214	341
214	413
214	440
215	260
215	351
215	427
216	223
216	226
217	353
218	282
218	306
218	362
219	380
219	457
220	307
220	446
220	482
220	496
221	269
221	343
222	417
222	477
222	497
223	390
223	415
224	228
224	292
224	489
225	228
225	337
225	348
226	289
226	338
226	362
226	389
226	395
227	243
227	270
227	480
229	251
229	400
230	437
230	447
231	232
231	251
231	357
231	368
232	273
232	314
232	362
232	364
232	408
232	451
232	457
233	322
233	328
233	330
233	334
233	351
233	416
234	397
234	465
235	251
235	254
235	327
235	413
236	285
236	310
237	393
237	403
238	251
238	305
238	347
239	259
239	290
239	345
239	356
239	452
240	470
241	397
241	405
241	457
242	335
242	454
243	265
243	310
243	313
243	485
244	251
244	304
245	385
245	392
245	407
246	318
247	317
249	357
249	368
251	253
251	279
251	467
251	498
252	308
252	462
253	340
253	388
254	285
254	465
254	499
255	368
256	292
256	478
256	486
256	488
257	318
257	326
257	459
258	285
259	365
260	264
261	282
261	293
261	303
261	306
261	497
262	359
262	496
263	355
263	462
264	271
264	333
264	439
264	467
265	320
266	284
266	459
266	490
267	400
268	295
268	327
268	463
269	336
269	395
269	426
270	331
270	336
271	475
272	393
272	421
272	441
273	297
273	395
273	446
275	361
277	364
277	471
277	483
278	393
278	486
278	492
280	421
281	335
281	463
283	415
283	437
285	342
285	349
285	433
285	469
286	318
287	469
288	418
289	352
290	370
290	420
290	495
291	295
294	475
297	389
297	408
297	444
297	496
298	400
299	357
299	388
300	382
301	349
301	382
301	467
302	304
302	404
302	424
303	474
304	347
304	373
305	310
305	362
305	393
305	442
305	488
306	331
306	493
307	313
308	427
311	382
313	344
313	377
314	369
314	413
314	417
316	349
316	460
317	329
318	462
319	331
319	389
320	384
321	496
323	353
323	400
323	441
324	431
325	472
326	332
326	346
326	353
326	474
327	437
328	351
329	330
330	381
330	419
331	367
331	422
331	481
331	483
334	339
334	382
334	440
334	495
336	407
338	429
339	489
340	371
340	478
342	443
344	457
346	420
346	425
347	384
347	410
347	417
348	420
350	436
350	476
352	361
352	438
353	361
354	391
354	455
354	498
355	363
355	420
355	445
355	473
356	360
356	373
356	376
356	406
357	359
358	409
360	443
364	412
364	438
365	420
365	467
366	438
367	396
367	459
368	394
368	448
368	483
370	388
370	430
372	384
373	452
375	415
378	420
379	432
380	407
380	435
380	482
380	491
382	498
383	397
383	441
383	449
383	496
385	436
388	488
389	492
391	435
392	436
394	484
395	466
395	485
397	477
397	489
398	499
402	482
404	497
405	445
407	457
408	460
410	497
413	440
414	445
415	438
415	483
416	487
418	467
419	470
420	474
421	426
421	460
421	480
422	462
426	471
428	472
430	486
431	472
432	460
434	462
435	493
438	489
440	446
441	457
442	491
444	456
444	491
447	480
447	486
450	455
450	467
451	488
453	483
465	496
467	487
469	489
472	488
474	495
493	496