0	273
0	293
0	333
0	418
1	21
1	178
1	224
1	246
2	137
2	319
2	358
2	383
3	224
3	308
3	373
4	27
4	428
4	452
4	486
5	293
5	408
6	44
6	283
6	317
7	163
7	167
7	202
7	285
8	107
8	152
8	352
9	151
9	177
9	257
9	325
9	401
10	30
10	43
10	117
10	484
11	201
11	448
12	50
12	315
13	79
13	367
13	390
13	413
14	315
14	328
14	373
14	379
14	392
14	403
15	126
15	148
15	154
15	178
15	296
15	360
16	69
16	155
16	230
16	289
16	450
17	193
17	360
17	414
18	96
18	108
19	319
19	457
19	476
19	491
20	46
20	63
20	79
20	81
20	232
20	257
20	258
21	74
21	279
21	416
21	480
21	487
22	54
22	55
22	164
22	253
22	254
23	25
23	105
23	175
23	193
23	287
23	365
24	138
24	300
25	88
25	219
25	427
25	444
25	454
26	72
26	231
26	362
26	451
27	77
27	163
27	173
27	225
27	357
27	371
27	399
27	457
28	96
28	113
28	197
28	407
28	444
29	93
29	212
29	225
29	267
29	324
29	476
30	44
30	209
30	233
30	339
30	363
30	460
30	492
31	35
31	45
31	135
31	390
31	451
31	494
32	223
33	255
33	419
33	434
34	185
34	279
34	359
34	447
35	92
36	80
36	140
36	144
36	146
36	221
37	331
37	433
38	72
38	83
38	140
38	211
38	273
38	318
38	348
38	421
38	451
39	133
39	324
39	331
39	365
39	369
39	484
40	67
40	70
40	380
41	92
41	196
41	370
42	275
43	136
43	251
43	284
43	291
43	336
44	57
44	201
44	287
44	340
45	54
45	170
45	199
45	292
45	407
46	130
46	166
46	183
46	257
46	384
46	487
47	89
48	440
49	64
49	404
49	407
50	286
50	294
50	314
51	101
51	103
51	301
51	313
51	339
52	165
52	245
52	255
52	314
53	147
53	313
53	329
53	338
53	344
53	440
53	483
54	289
54	345
54	346
54	461
55	97
55	384
55	478
56	116
56	397
56	419
57	96
57	338
57	367
58	102
58	148
58	174
58	267
58	444
59	127
59	183
59	424
59	462
60	102
60	308
60	355
60	357
61	85
61	153
61	156
61	223
61	446
61	488
62	67
62	173
62	268
62	320
62	346
62	366
62	396
62	478
63	283
63	398
63	488
64	103
64	112
64	171
64	223
64	385
65	66
65	182
65	272
65	470
66	148
66	200
66	382
66	408
66	473
66	489
67	159
67	162
67	322
67	343
67	439
67	460
68	177
68	413
69	123
69	222
69	233
69	329
69	408
70	463
71	131
71	216
71	497
72	179
72	286
72	415
72	431
72	499
73	208
74	200
74	378
74	429
74	496
75	217
75	245
75	252
75	314
75	432
75	441
76	423
76	426
77	92
77	140
77	233
77	339
77	349
77	353
78	425
79	138
79	429
79	474
80	186
81	318
81	328
82	137
82	261
82	271
82	306
82	319
83	148
83	191
84	279
85	152
85	331
85	410
86	91
86	294
86	366
87	143
87	164
87	210
87	214
87	323
87	337
88	168
88	176
88	276
89	119
89	304
90	197
90	433
91	124
91	242
91	391
92	363
92	381
92	403
92	490
93	100
93	105
93	124
93	216
93	248
93	336
93	422
94	98
94	125
94	365
94	469
94	482
95	268
95	370
96	275
97	109
97	446
97	452
98	186
98	190
98	368
98	439
99	187
99	279
99	370
99	477
100	146
100	183
100	272
100	284
100	488
101	404
101	494
102	191
102	194
102	270
102	387
103	422
104	142
104	441
104	443
105	328
105	369
105	376
105	393
105	426
105	445
105	485
106	163
106	278
106	423
107	108
107	236
107	258
107	420
107	460
108	117
108	159
108	176
108	373
108	477
109	135
109	148
109	188
109	202
109	219
109	259
110	347
111	276
111	283
111	380
111	466
112	232
112	299
112	456
113	212
113	283
113	404
114	180
114	204
114	248
114	268
114	294
114	354
114	395
114	454
115	273
115	339
116	118
116	130
116	135
116	163
116	169
116	195
116	322
116	360
116	393
116	477
118	249
118	276
118	315
118	375
119	276
119	289
119	399
120	149
120	181
120	252
120	277
120	424
121	180
121	362
121	363
121	427
122	193
122	374
122	459
123	320
123	327
123	357
123	451
123	477
124	310
124	339
124	425
124	499
125	153
125	185
125	267
126	345
126	496
127	142
127	167
127	177
127	250
127	416
127	472
128	296
128	461
129	302
129	432
129	435
130	175
130	251
131	338
132	267
132	349
132	481
133	172
133	230
134	157
134	379
134	385
134	432
135	243
135	375
135	388
136	326
136	442
136	486
137	246
137	269
139	170
139	453
140	154
140	456
141	211
141	237
141	326
141	333
141	343
142	365
143	194
143	250
143	259
143	397
144	225
144	404
145	464
146	157
146	343
147	151
147	152
147	244
148	193
148	278
148	284
149	187
149	205
149	323
149	450
150	269
151	300
151	437
153	247
153	329
153	472
155	342
155	380
155	389
155	390
156	302
156	442
157	169
157	188
157	425
157	436
158	269
158	280
158	352
158	360
158	396
159	203
159	226
159	249
159	260
159	306
159	388
160	253
160	284
160	341
160	435
161	499
162	215
162	340
162	387
163	282
164	272
164	325
164	371
165	185
165	450
165	477
165	495
166	264
166	297
166	361
166	372
166	386
167	222
167	331
167	373
168	228
168	313
168	349
168	393
168	418
168	423
169	206
169	291
169	299
169	317
169	321
169	327
170	272
170	420
170	481
171	303
171	378
171	389
171	433
172	262
172	306
172	453
172	491
173	329
174	269
174	392
174	406
174	443
175	209
175	273
175	282
175	392
175	474
175	493
177	360
177	471
178	294
178	382
178	400
179	405
179	462
179	498
180	367
180	390
180	406
180	491
180	498
181	214
182	238
182	358
182	396
182	413
182	415
183	381
184	209
184	227
184	412
184	447
185	238
185	351
185	453
185	487
186	269
187	241
188	200
188	274
188	302
188	477
189	192
189	333
189	375
190	235
190	297
191	193
191	421
192	243
192	432
193	261
193	431
193	454
193	483
193	491
194	215
194	263
195	210
195	278
195	311
195	440
195	468
195	475
196	256
196	364
197	344
198	366
201	266
201	363
202	272
202	455
203	400
203	418
203	479
204	256
204	295
204	371
204	384
205	248
205	280
205	298
205	335
205	471
206	407
207	370
208	297
208	359
208	365
209	286
210	230
210	367
211	283
211	342
212	222
212	226
212	376
213	239
213	267
213	384
214	312
214	440
214	441
215	301
215	346
215	475
216	412
216	432
217	234
217	257
217	268
217	325
217	497
218	381
218	403
218	461
219	444
220	260
220	296
220	306
220	317
220	373
220	396
221	294
223	232
223	343
223	352
224	266
224	324
224	351
224	360
224	375
224	472
225	390
225	443
226	313
226	361
226	376
226	463
227	278
227	311
227	331
227	364
228	494
229	255
229	408
230	468
231	295
231	350
232	243
232	259
232	285
232	334
233	238
233	470
234	296
234	454
235	280
235	288
235	360
235	418
236	309
237	334
238	391
239	360
240	328
241	286
241	308
241	347
241	422
242	382
243	268
243	370
243	410
243	473
243	491
244	276
244	315
244	357
244	427
244	465
244	477
244	497
245	249
245	332
245	390
246	352
246	386
246	477
247	268
247	301
247	368
248	258
248	393
249	255
249	395
249	474
249	491
252	293
252	308
252	438
253	356
253	366
253	375
253	455
255	279
255	353
256	394
257	414
257	442
257	453
258	342
258	348
258	415
258	457
258	463
259	409
259	423
260	429
260	473
261	384
263	264
263	362
264	337
264	418
265	315
266	420
267	269
267	301
267	386
267	485
268	479
268	480
269	450
270	319
270	489
271	330
271	481
272	338
272	380
272	433
273	369
273	386
273	485
274	345
274	423
275	281
275	322
276	297
277	297
277	385
279	331
279	475
280	471
281	404
282	469
284	367
284	427
285	348
285	483
286	301
286	397
287	478
288	354
288	382
288	471
289	473
289	483
290	322
290	392
292	332
293	381
293	421
293	438
293	494
294	309
294	429
294	474
295	311
295	416
296	404
297	316
297	377
297	383
297	421
297	432
298	359
299	358
300	467
301	312
301	332
301	458
303	411
303	417
303	446
305	329
305	342
305	384
306	463
307	330
307	373
307	384
310	339
310	405
311	385
311	397
311	435
311	470
313	361
313	422
314	359
315	360
315	399
316	406
317	320
317	349
317	376
318	374
319	483
320	357
320	455
321	369
321	382
321	408
321	443
324	369
324	382
324	487
326	487
328	352
328	411
329	424
331	377
331	379
331	467
332	361
332	398
332	456
333	337
333	409
334	438
336	492
337	425
337	491
338	362
339	382
340	370
340	495
343	440
345	445
346	375
347	391
348	471
349	452
350	381
350	492
351	496
353	378
354	412
354	460
355	484
357	486
358	434
359	439
360	431
360	485
361	388
362	441
365	407
367	476
369	466
370	492
371	494
372	481
376	391
376	475
377	459
379	393
379	496
380	405
380	441
381	409
382	396
384	492
385	387
385	440
388	482
389	487
391	449
392	412
393	489
394	477
395	471
397	423
398	408
402	403
407	468
408	442
409	474
410	493
411	450
412	491
414	453
415	483
415	488
418	425
418	441
419	439
420	442
420	452
421	432
422	425
422	436
423	429
423	453
424	438
424	471
425	441
425	484
427	464
429	439
429	447
429	451
430	431
431	451
432	442
433	440
434	439
434	486
441	496
445	450
448	485
449	462
450	481
451	476
452	460
456	483
457	458
463	474
463	496
466	471
471	476
473	492
478	484
481	495
491	492