0	77
1	23
1	97
1	299
1	434
2	265
3	151
3	183
3	285
3	392
4	213
4	464
5	132
5	233
5	235
5	308
5	400
6	227
6	241
6	437
7	69
7	82
7	308
7	310
8	30
8	99
8	164
8	373
8	411
8	462
9	26
9	248
9	292
9	306
10	22
10	191
10	344
10	399
10	408
10	459
11	345
11	352
11	374
12	227
12	381
12	389
13	319
13	324
13	375
13	389
14	18
14	83
14	212
14	245
14	292
14	481
14	493
15	354
15	366
15	454
15	459
16	162
16	343
17	133
17	140
17	141
17	146
17	195
17	233
17	475
17	485
18	94
18	331
18	334
19	178
20	64
20	211
20	237
20	396
20	452
21	287
21	331
22	154
22	212
22	319
23	40
23	44
23	206
23	318
24	56
24	80
24	133
24	139
25	150
25	251
25	267
25	425
26	115
26	192
26	214
26	273
26	390
27	56
27	136
27	143
27	246
28	98
28	135
28	142
28	207
28	271
28	441
28	485
29	51
29	299
29	363
29	419
30	376
30	394
30	442
31	153
31	297
31	362
31	415
32	91
32	262
32	278
32	332
32	436
33	88
33	148
34	287
34	359
34	448
35	203
35	320
36	73
36	216
36	218
36	345
36	378
36	481
37	81
37	126
37	278
37	415
37	466
38	175
38	201
38	207
38	248
39	121
39	130
39	134
39	385
39	474
40	172
41	307
41	476
42	61
42	275
42	390
42	393
42	463
43	120
43	300
43	315
43	352
44	71
44	74
44	247
44	262
44	291
44	360
44	386
45	107
45	271
45	285
45	464
46	157
46	263
46	448
47	64
47	227
47	277
47	288
47	326
47	328
47	374
47	387
47	442
47	458
48	254
48	330
49	166
49	330
49	467
50	150
50	293
50	434
51	314
51	367
51	448
52	121
52	359
52	363
52	389
53	162
54	107
54	253
54	274
54	303
54	439
55	113
55	175
55	234
55	286
55	292
56	64
56	275
57	70
57	239
57	428
57	487
58	71
58	486
59	194
59	428
60	64
60	87
60	393
61	140
61	270
61	286
61	297
61	354
62	127
62	150
62	195
62	453
63	97
63	134
63	234
63	479
64	72
64	406
65	103
65	220
65	325
65	449
66	279
66	466
67	197
67	244
67	476
68	221
68	382
68	439
69	98
69	121
69	294
70	158
70	231
70	385
71	94
71	126
71	156
71	166
71	435
72	133
72	176
72	485
73	191
73	297
73	351
73	367
73	474
75	388
75	415
75	474
76	304
76	334
77	327
77	384
77	477
77	488
78	223
78	401
78	421
79	283
80	466
81	149
81	347
81	429
81	455
81	492
82	163
82	430
83	185
83	205
83	390
83	409
84	328
84	456
84	484
85	172
85	352
86	116
88	200
88	236
88	269
88	405
88	434
88	457
89	175
89	199
89	478
90	248
90	424
90	475
92	141
92	275
92	331
92	361
93	184
93	206
95	111
95	205
95	249
96	119
96	143
96	288
96	289
96	361
97	120
97	198
97	488
98	141
98	203
98	334
98	358
98	430
100	284
101	126
101	192
102	145
102	206
102	307
102	392
102	442
103	140
103	187
103	209
103	425
104	117
104	342
104	395
105	290
105	309
105	393
106	279
107	195
107	310
107	335
107	459
108	269
109	149
109	465
110	185
110	266
110	464
111	363
111	435
111	481
112	144
112	195
112	281
112	292
112	307
112	328
113	117
113	139
113	245
113	296
113	497
114	272
114	310
114	322
115	227
115	275
115	285
115	313
116	129
116	211
116	220
116	252
116	296
117	236
117	356
118	130
118	319
120	369
120	489
121	134
121	216
121	338
121	444
122	265
122	323
122	413
123	234
123	287
123	445
124	137
124	139
124	204
124	239
125	300
125	376
125	404
126	196
126	204
126	334
127	221
127	463
128	133
128	434
129	192
129	283
129	284
130	254
130	485
131	196
131	282
131	339
132	200
132	271
132	326
133	255
133	387
133	454
134	409
134	424
134	453
134	457
135	224
135	283
135	401
135	431
136	461
137	158
137	236
138	197
138	281
138	371
138	457
139	278
139	380
140	142
140	222
140	376
140	392
141	197
141	230
141	302
141	407
141	413
141	497
142	182
142	253
142	300
143	177
143	344
144	253
144	395
144	468
144	498
145	153
145	220
145	250
145	326
145	377
145	477
146	310
146	462
147	325
148	475
149	176
149	249
149	285
149	301
149	354
149	405
150	231
150	247
150	299
151	152
151	214
151	215
151	460
151	484
152	169
152	207
152	283
152	348
152	371
152	382
152	396
153	187
153	237
153	305
153	346
153	374
153	392
153	430
153	454
155	201
155	233
155	362
155	463
156	181
156	347
156	490
157	243
157	494
158	212
158	225
158	383
159	323
159	416
160	207
160	295
160	432
161	167
161	345
161	379
161	458
161	495
162	285
162	414
162	477
163	390
163	464
164	184
164	198
164	368
165	223
166	291
166	341
166	355
166	409
167	204
167	233
167	262
167	328
168	186
168	252
168	257
168	341
168	450
169	181
169	227
169	255
170	247
170	305
170	406
170	463
171	200
171	345
172	194
172	347
172	356
172	499
173	305
173	308
173	428
173	458
174	328
174	332
175	226
175	478
176	242
176	293
176	447
176	451
178	312
178	383
179	496
180	365
181	193
181	375
181	416
182	269
182	478
183	203
183	483
184	242
184	375
185	358
185	447
186	209
186	298
186	310
186	364
187	191
188	352
189	241
189	315
189	445
190	227
190	363
191	289
191	466
192	469
193	357
194	290
194	339
194	399
196	317
196	453
198	431
199	295
199	447
200	369
201	230
202	321
202	372
202	439
204	218
204	351
205	307
205	379
205	461
206	260
206	425
206	475
208	313
209	220
209	259
209	260
209	365
209	451
210	315
211	355
211	459
213	281
213	293
214	387
214	495
215	244
215	262
215	294
215	330
216	316
217	250
217	253
217	292
217	352
218	342
218	475
219	336
219	361
220	330
221	231
222	410
223	279
223	320
224	434
225	349
225	400
225	440
226	255
226	318
226	354
226	396
226	447
227	287
227	416
228	237
228	347
228	375
228	459
228	466
229	381
230	347
230	462
231	405
231	458
231	488
232	366
233	264
233	303
233	440
234	324
234	495
235	271
235	373
235	476
236	262
236	315
236	406
236	417
236	462
237	303
237	341
237	369
237	480
238	298
238	450
240	308
241	350
241	439
242	401
243	259
243	365
244	337
244	406
244	413
245	351
245	434
246	358
246	395
248	311
248	474
248	498
250	464
250	473
251	462
252	260
252	393
254	275
254	389
254	442
255	290
255	479
256	271
256	410
257	260
258	364
258	399
258	493
259	342
259	401
261	294
261	295
261	381
261	466
263	372
264	282
265	266
265	424
266	278
266	406
266	447
268	411
269	289
269	430
270	366
270	461
271	407
272	302
272	386
272	402
273	321
273	383
273	431
274	289
274	317
274	458
275	339
275	488
276	440
276	453
276	470
277	296
278	438
279	327
280	291
281	304
282	498
283	327
283	474
284	323
284	349
284	368
284	443
286	335
286	379
286	441
286	465
288	442
290	404
290	424
290	451
291	295
291	355
291	366
291	372
291	440
292	311
292	312
292	315
292	491
295	408
296	311
296	425
297	300
297	360
297	448
298	316
298	373
298	381
300	309
300	381
301	319
301	463
302	455
302	471
304	337
305	428
306	369
306	402
307	322
307	379
307	427
307	449
308	362
309	360
309	449
309	460
310	318
310	353
310	368
310	454
310	496
311	357
311	454
313	335
313	496
314	357
315	341
319	335
319	382
319	449
319	465
320	429
320	489
321	356
321	364
324	384
326	396
326	412
326	488
327	351
327	366
327	372
327	461
328	492
329	352
329	390
329	422
330	342
331	460
332	481
333	370
333	457
335	337
335	483
336	354
336	449
336	454
337	344
337	435
337	447
337	468
337	486
339	376
340	381
340	468
341	496
342	358
342	406
343	427
344	409
344	428
347	361
348	398
349	385
349	472
351	470
352	463
353	391
353	455
354	366
354	388
355	455
355	493
359	400
360	389
360	439
360	488
361	391
364	370
366	458
368	406
368	475
368	491
369	440
369	447
369	489
371	400
371	455
372	386
373	403
373	453
376	437
378	404
380	404
380	465
381	437
382	474
383	411
384	430
384	459
384	496
389	459
389	478
392	462
393	455
397	402
397	448
397	457
403	452
404	431
404	443
405	461
408	491
409	423
412	434
413	497
416	426
418	441
418	446
418	449
420	473
424	435
426	439
427	473
428	450
429	497
433	483
434	492
435	494
441	460
443	482
445	461
452	481
453	459
454	484
455	457
455	472
457	490
458	462
458	493
465	470
467	471
467	484
476	494
487	495
495	497