0	163
0	199
0	299
0	441
0	495
1	17
1	34
1	94
1	381
2	235
2	261
2	366
2	387
2	395
2	450
3	290
3	413
4	16
4	189
4	198
4	262
4	272
4	380
4	386
5	106
5	232
5	302
5	306
5	333
5	499
6	66
6	135
6	154
6	182
6	187
6	428
7	420
7	437
8	57
8	388
9	83
9	163
9	245
9	276
9	435
10	161
10	254
10	256
11	244
11	276
11	315
11	383
11	483
12	36
12	104
12	217
13	44
13	84
13	328
14	475
14	493
15	346
16	189
16	330
17	151
17	232
18	235
19	127
19	181
19	299
19	340
19	430
19	474
20	58
20	402
21	139
21	440
21	453
21	459
21	467
22	28
22	214
22	403
23	137
23	164
23	251
24	47
24	52
24	199
24	263
24	290
25	285
25	445
26	315
26	361
26	435
26	463
27	117
27	167
27	266
28	178
28	336
28	417
29	40
29	45
29	157
29	455
30	410
31	73
31	417
32	320
33	246
34	387
34	428
34	443
35	61
35	191
35	316
35	334
35	496
36	310
36	321
37	269
37	365
38	79
38	168
38	213
38	280
38	292
38	419
39	169
40	197
40	198
41	50
41	121
41	245
42	61
42	170
42	405
42	466
43	237
43	256
43	344
43	486
43	492
44	74
44	234
44	259
45	119
45	224
45	357
46	76
47	166
47	334
47	342
47	480
48	125
48	369
48	459
49	231
49	354
49	426
49	486
50	89
50	173
50	191
50	280
50	312
51	86
51	154
51	165
51	188
52	160
52	218
52	252
52	292
52	381
53	190
53	340
53	347
53	377
53	482
54	382
55	107
55	147
55	170
55	259
55	273
55	309
56	76
56	347
56	361
57	393
57	467
58	214
58	451
59	434
59	445
60	348
60	460
61	72
61	144
61	391
61	448
62	315
62	373
63	166
64	199
64	427
65	134
65	279
65	434
65	445
65	482
65	491
66	68
66	305
67	356
67	446
68	425
69	72
69	447
69	457
70	82
70	160
70	165
70	352
70	486
71	375
72	95
72	127
72	351
73	183
73	256
73	322
73	344
73	454
74	127
74	268
75	198
75	363
75	365
76	200
76	209
76	275
77	208
77	445
78	124
78	172
78	240
78	265
78	346
78	367
78	424
78	434
79	179
79	260
79	276
79	333
79	435
80	267
80	297
81	150
81	211
81	217
81	224
81	421
81	468
82	101
82	144
82	188
82	263
82	318
83	171
83	203
83	268
83	389
83	431
83	499
84	163
84	326
85	478
86	145
86	208
86	317
86	376
86	495
87	111
87	246
87	382
87	388
87	494
88	155
88	161
88	335
88	457
88	483
89	273
89	289
89	316
89	400
90	94
90	306
91	328
91	450
92	428
92	440
92	483
93	295
94	129
94	215
94	294
94	369
94	427
94	441
94	451
95	174
95	311
95	483
96	111
96	288
96	302
96	384
96	395
96	462
96	470
97	127
97	214
97	292
97	408
98	290
98	360
99	153
99	405
99	433
100	239
100	344
100	364
101	250
101	275
101	283
101	321
102	131
102	150
102	229
102	264
102	305
102	324
102	354
103	140
103	358
104	185
104	194
104	396
105	359
105	484
106	277
107	299
108	246
108	256
108	410
108	478
109	277
109	323
109	405
110	282
111	207
111	238
111	318
111	428
111	470
112	410
113	221
113	247
113	425
114	124
115	183
115	285
116	186
116	207
116	275
117	281
118	134
118	160
118	476
118	494
119	218
119	253
120	248
120	253
120	339
120	348
120	432
121	137
121	420
122	253
122	272
122	383
122	428
122	471
123	125
123	232
123	249
123	425
123	481
124	297
124	361
124	461
125	127
125	333
125	449
126	383
126	421
127	262
128	235
128	251
128	371
128	462
128	471
129	229
129	477
130	173
130	219
130	252
130	337
130	465
131	492
132	151
132	175
132	316
132	392
132	483
132	486
133	141
133	187
133	274
135	201
135	229
135	234
135	270
135	344
135	412
135	473
135	474
136	222
137	221
138	322
138	413
139	210
139	233
139	290
140	305
140	316
141	160
141	162
141	174
141	218
141	344
141	361
141	389
142	211
142	413
142	445
143	212
143	277
143	313
144	405
145	280
145	306
145	352
145	464
145	487
145	498
146	226
146	287
146	318
146	321
146	398
146	424
147	372
148	337
148	492
149	186
149	265
149	378
149	479
150	163
150	164
150	186
150	366
150	429
151	178
151	356
152	436
153	302
153	359
153	362
154	244
154	251
154	386
154	454
154	456
155	171
155	222
155	370
155	401
156	236
157	257
157	339
158	162
158	258
158	478
159	242
159	288
159	302
159	337
160	418
160	434
160	451
160	454
160	479
161	192
164	175
164	284
164	400
164	496
165	398
166	189
166	417
166	446
167	419
167	443
168	181
168	268
168	378
168	480
169	191
169	334
169	403
170	296
170	486
171	389
171	436
172	177
172	203
172	325
172	369
173	272
173	399
173	472
174	209
174	321
176	374
176	418
177	185
177	379
177	470
177	482
177	492
178	246
178	336
178	342
178	384
179	258
179	276
179	317
180	235
180	274
180	366
181	205
181	445
182	399
182	411
183	194
183	205
183	266
184	361
184	364
185	279
186	209
186	240
186	350
186	357
187	236
187	289
188	314
188	360
188	428
189	249
190	319
190	355
191	238
191	307
191	353
191	381
191	446
192	397
193	418
194	217
194	324
194	397
194	407
194	446
194	449
195	370
195	437
195	456
196	357
197	267
197	304
197	361
198	474
200	211
200	250
201	241
201	462
202	232
202	251
202	393
202	494
203	252
203	323
203	372
203	383
203	435
203	494
204	292
204	400
205	239
205	272
206	281
206	417
207	366
207	458
208	240
209	251
209	284
210	398
210	434
211	294
213	436
214	290
214	398
215	400
215	434
215	442
215	455
215	483
215	496
216	309
216	324
216	451
217	440
217	476
218	327
219	304
220	222
221	244
222	324
222	354
222	488
223	242
223	267
223	303
223	309
223	348
223	398
223	478
223	481
225	255
225	304
225	390
225	469
226	300
227	268
228	347
229	244
229	305
230	449
231	348
232	267
233	423
233	493
234	378
234	407
235	485
236	279
236	402
237	388
238	301
238	338
238	442
238	452
239	404
239	449
239	471
240	306
240	369
241	314
242	381
243	298
243	362
244	289
245	356
245	441
245	450
245	475
245	476
245	484
245	494
246	255
246	398
246	416
247	323
247	363
247	499
248	294
248	344
248	443
248	484
250	251
250	268
250	378
250	380
251	274
252	375
253	337
253	418
253	447
256	300
256	461
257	302
257	425
258	396
258	488
259	420
260	261
260	445
261	409
261	427
261	451
261	463
262	497
263	295
263	422
263	441
263	494
265	379
266	355
266	395
268	286
268	317
268	429
269	318
270	374
271	378
272	312
274	281
275	317
275	349
275	378
276	323
276	326
278	304
278	322
278	332
278	378
278	398
279	319
279	437
280	300
280	455
280	490
280	499
281	313
281	386
281	408
281	449
282	294
282	450
283	366
283	434
284	314
284	417
284	447
285	350
285	463
286	362
286	442
286	496
289	445
289	453
289	466
289	487
290	498
291	399
291	429
292	301
292	336
292	352
292	355
292	396
293	394
293	481
297	328
297	362
297	468
298	488
299	353
299	378
299	442
299	445
300	470
301	387
301	450
302	341
302	382
304	308
304	408
305	341
306	337
306	351
306	447
307	472
308	409
308	456
308	484
309	328
310	365
310	498
311	415
311	458
315	355
315	392
315	451
316	336
317	360
317	468
318	373
318	460
319	320
319	322
320	374
321	350
321	447
321	478
323	401
324	346
324	406
324	453
326	368
326	388
328	345
328	352
328	384
329	335
329	356
330	448
331	480
333	355
333	358
334	488
335	361
336	453
337	369
339	365
342	479
343	402
343	454
346	367
346	419
348	392
349	442
350	410
350	417
350	441
350	470
352	388
352	440
354	448
355	473
356	468
358	414
359	442
361	413
362	379
362	389
362	434
362	441
363	480
364	438
365	367
365	434
365	494
367	458
367	462
368	379
368	441
369	488
370	470
372	426
373	402
373	449
374	380
375	425
376	427
376	464
377	441
378	421
379	413
381	468
382	447
382	487
383	438
384	407
384	453
384	489
385	438
389	396
389	442
394	467
394	474
395	464
399	482
403	459
408	444
408	463
412	424
413	458
419	438
420	471
421	497
422	491
424	448
424	449
424	495
425	461
427	475
428	472
429	439
429	440
431	439
432	498
444	473
446	488
448	490
452	480
453	472
454	496
456	481
456	495
458	480
462	472
464	488
468	492
476	490
477	481
479	482