0	268
0	411
1	51
1	160
1	288
1	356
1	399
1	452
1	485
2	67
2	309
2	321
2	363
2	448
3	452
4	8
4	138
4	209
4	218
4	223
5	148
5	214
5	383
6	109
6	133
6	210
6	219
6	229
6	435
7	179
7	267
7	441
8	112
8	215
8	274
9	46
9	58
9	63
9	88
9	357
9	383
10	160
10	207
10	244
10	368
11	15
11	91
11	136
11	253
11	258
11	411
12	139
12	163
12	431
13	143
13	176
13	192
13	356
14	57
14	69
14	184
15	280
15	325
16	177
16	259
16	379
17	48
18	192
18	246
18	290
18	380
19	253
19	348
19	367
19	408
19	414
19	480
20	280
20	284
21	45
21	197
21	199
21	203
21	227
21	393
21	463
22	69
22	139
22	306
22	337
23	36
23	168
24	74
24	131
24	174
24	369
24	417
24	477
25	133
25	316
25	471
26	148
26	346
26	449
26	491
27	62
27	68
27	70
27	282
27	299
28	366
29	316
29	393
29	449
29	477
30	139
30	164
30	394
30	457
30	486
31	123
31	158
31	232
32	168
32	178
33	295
33	322
33	465
34	63
34	225
34	268
34	279
34	290
34	296
34	332
34	364
34	410
35	69
35	107
35	201
35	340
35	412
35	428
35	462
36	90
36	241
36	246
36	353
36	390
36	457
36	466
36	481
37	75
37	212
37	305
37	421
37	499
38	414
39	271
39	329
40	141
40	234
40	363
40	405
40	418
40	491
41	114
41	115
41	211
41	427
42	129
42	466
43	417
43	459
44	79
44	300
44	348
45	209
45	297
45	478
46	82
46	181
46	239
46	311
47	129
47	480
48	124
48	185
48	295
48	331
48	427
49	129
50	307
50	494
51	62
51	160
51	206
51	418
51	424
52	159
52	181
53	107
53	315
53	365
53	473
54	167
54	182
55	71
55	193
55	237
56	215
56	293
57	60
57	71
57	145
57	184
57	197
57	218
57	254
58	220
59	62
59	209
59	319
59	353
59	365
59	480
60	80
60	124
61	155
61	176
61	202
61	239
61	273
61	285
61	375
61	382
61	407
61	472
62	130
62	134
62	152
62	181
62	211
62	248
62	358
62	371
62	374
62	414
62	469
63	115
63	213
63	249
63	257
64	247
64	431
65	83
65	86
65	134
65	254
65	358
65	366
65	470
66	430
66	472
67	93
67	194
67	218
67	281
67	495
68	125
68	163
68	178
68	196
68	211
68	396
68	469
69	101
69	185
69	234
69	471
70	168
70	237
70	268
70	369
71	480
71	492
72	86
72	322
72	449
73	179
73	185
73	296
73	328
73	380
73	390
73	427
74	303
75	174
75	293
75	347
75	429
76	291
76	294
76	355
76	394
76	410
76	464
77	283
77	381
77	426
77	449
77	467
78	82
78	243
78	248
78	362
78	426
79	81
79	95
79	126
79	383
80	115
80	216
80	365
80	488
81	157
81	230
81	246
81	305
81	448
81	494
82	124
82	312
82	350
82	366
82	408
83	432
84	101
84	125
84	318
84	497
84	499
85	353
85	369
86	94
86	280
86	363
86	395
86	407
86	439
87	110
88	225
88	358
88	467
89	287
89	327
89	488
90	144
90	158
90	304
91	99
91	134
91	331
91	481
92	199
92	228
93	96
93	117
93	120
93	399
93	406
93	440
94	370
95	164
95	359
95	469
95	481
96	157
96	224
96	226
96	359
97	125
97	163
97	310
97	444
98	174
99	115
99	210
99	343
99	485
100	243
100	295
100	405
100	491
101	108
101	158
102	279
102	325
102	449
102	468
102	479
103	311
103	448
104	256
104	464
105	192
105	445
106	208
106	213
106	303
106	357
106	438
107	325
107	365
107	403
108	285
109	191
109	469
110	318
110	327
110	331
110	368
111	124
111	443
112	155
112	179
113	148
113	277
113	288
113	414
113	456
113	465
114	117
114	141
114	169
116	285
116	296
116	435
117	211
117	428
117	454
118	142
118	188
118	279
119	151
119	169
119	476
120	223
121	161
121	221
121	251
121	474
122	139
122	221
122	236
123	175
123	362
123	487
124	199
124	418
124	446
125	155
125	178
125	315
125	417
126	216
126	451
127	359
127	373
127	410
128	194
128	415
129	277
129	471
130	298
130	320
131	166
131	399
131	446
132	137
132	263
132	315
132	440
132	456
132	467
133	278
134	174
134	340
134	362
134	404
134	440
134	456
134	473
134	492
134	499
135	181
135	270
135	350
135	358
135	434
135	497
136	152
136	221
136	339
136	410
137	152
137	219
137	445
138	183
138	210
139	207
139	314
139	398
140	214
141	169
141	182
141	186
142	217
142	266
142	433
143	222
143	374
144	254
144	318
144	364
145	157
145	292
146	342
146	464
147	273
147	356
148	184
148	224
149	156
150	213
150	278
151	303
152	181
152	185
152	206
152	431
153	281
153	282
153	498
154	174
154	383
154	423
154	494
154	498
155	200
155	245
155	471
155	497
156	258
156	319
156	333
157	252
157	450
158	212
158	396
158	459
159	260
159	359
159	451
161	361
161	392
162	288
162	414
163	247
164	198
164	297
164	384
164	477
165	185
165	226
167	249
168	173
168	359
168	360
168	375
168	469
169	207
170	486
171	364
172	237
172	278
172	286
172	313
172	343
172	384
172	388
172	455
172	469
173	185
174	330
174	337
174	362
175	308
175	390
175	422
176	313
176	413
176	484
177	252
177	374
178	211
178	300
179	322
179	399
180	450
180	476
181	342
181	451
182	214
182	306
182	434
182	451
182	460
182	479
182	480
183	216
183	245
183	335
185	194
186	236
186	336
187	223
187	252
187	261
187	281
188	251
188	287
188	369
189	202
189	270
189	435
189	462
190	289
190	351
191	415
192	220
192	311
192	329
192	368
192	392
193	213
193	252
193	313
193	354
193	477
194	391
194	430
195	406
195	411
195	479
196	335
196	402
197	212
197	391
197	446
198	256
198	278
198	383
198	385
198	389
199	219
199	288
199	346
199	453
200	203
200	205
200	289
200	354
200	406
201	333
201	443
202	206
202	301
202	380
202	442
203	326
203	337
203	367
203	382
203	421
204	249
204	317
205	208
205	250
205	366
205	384
206	431
206	450
207	226
207	378
207	461
208	352
209	228
210	228
210	450
211	308
211	420
212	488
213	215
213	245
214	229
214	253
214	257
214	372
214	489
215	248
216	320
216	475
216	476
217	231
217	270
217	409
218	305
218	342
218	383
218	400
218	457
218	474
220	341
220	425
220	466
220	498
221	232
221	336
221	463
222	239
222	245
222	255
222	307
222	398
223	224
223	285
224	275
224	478
225	311
226	301
226	401
226	440
226	458
228	279
228	314
228	394
228	480
229	267
229	431
230	326
231	294
231	312
231	348
231	470
232	467
233	465
234	332
234	347
235	245
236	296
236	460
236	493
237	333
237	470
238	428
239	258
239	332
239	449
240	250
240	269
240	287
240	301
241	346
242	291
242	349
242	446
242	484
242	489
243	311
243	495
245	261
246	492
247	267
247	292
250	410
251	456
252	297
252	334
253	441
253	481
254	376
254	451
255	318
255	385
255	410
256	284
256	400
256	435
257	338
258	396
258	410
259	459
260	495
261	331
261	332
261	333
262	295
262	445
264	333
265	336
265	420
265	440
266	432
268	298
269	325
269	343
269	423
270	348
271	285
272	298
272	299
274	379
274	384
274	400
275	306
275	342
275	346
275	372
276	350
277	282
277	334
277	344
278	376
278	497
279	302
279	307
279	495
280	344
280	483
281	311
281	415
281	447
281	499
283	285
283	290
283	426
284	300
285	494
287	345
287	438
290	338
291	315
291	328
291	350
291	369
291	489
291	499
292	319
292	367
292	470
292	486
294	301
294	328
294	432
294	459
295	342
295	447
296	402
296	413
297	490
299	437
299	465
299	498
300	357
301	399
301	405
301	450
303	478
304	347
304	420
304	449
305	328
307	484
308	315
309	423
309	499
310	406
311	357
311	415
311	487
312	337
312	458
312	473
313	325
314	397
315	370
315	379
315	434
315	450
316	348
317	406
317	450
318	416
319	420
319	491
320	425
320	468
322	478
323	334
324	362
325	439
327	446
328	369
328	431
328	477
329	494
331	349
331	410
331	468
331	479
332	477
333	358
333	382
333	471
334	435
335	339
335	428
337	367
337	405
338	498
339	473
340	463
340	473
343	407
344	348
344	349
344	354
346	478
347	350
347	457
349	406
352	366
352	464
353	375
353	449
353	459
358	431
358	455
359	499
362	403
363	383
364	381
364	394
364	407
365	474
365	477
366	395
367	464
368	436
368	465
369	373
369	441
370	444
371	397
371	483
372	426
372	444
373	411
373	484
374	387
374	390
377	386
382	416
383	458
384	409
384	450
384	462
384	483
388	389
388	479
391	440
393	468
393	481
394	490
401	454
402	464
404	405
404	421
404	437
404	476
407	415
407	445
408	428
409	419
409	482
410	411
414	440
414	472
419	485
420	484
420	490
421	431
421	456
424	438
429	490
430	494
431	470
433	490
437	459
437	484
438	486
439	481
441	498
447	496
450	456
450	458
451	456
455	499
456	478
461	481
462	490
465	488
466	476
466	490
468	494
489	495
494	498