0	35
0	70
0	82
0	447
1	63
1	111
1	207
1	226
1	301
1	307
1	379
1	406
2	46
2	269
2	360
2	370
2	460
3	181
3	332
3	339
3	443
4	32
4	217
4	221
4	285
5	101
5	124
5	164
5	167
6	37
6	107
6	150
6	197
6	244
6	256
6	308
6	385
7	232
8	15
8	161
8	202
8	239
8	374
8	466
9	48
9	80
10	13
10	286
10	339
11	110
11	164
11	198
11	209
11	256
11	405
11	418
11	424
11	463
12	221
12	246
12	307
12	360
12	367
12	387
13	33
13	219
13	488
14	160
14	253
14	254
14	311
14	422
14	473
15	112
15	463
16	464
17	26
17	28
17	182
17	254
17	318
18	127
18	142
18	239
18	360
18	401
19	27
20	283
20	360
20	374
20	407
21	312
21	358
22	83
22	84
22	211
23	71
23	80
23	113
23	370
24	78
25	138
25	173
25	189
25	308
26	59
26	255
26	258
27	308
28	140
28	280
28	353
29	247
29	420
30	90
30	159
30	188
30	458
31	104
32	480
32	483
32	494
33	99
33	107
33	448
34	71
34	78
34	139
34	234
34	296
34	301
34	335
34	430
34	464
35	141
35	458
36	109
36	329
36	358
36	384
36	492
37	53
37	197
37	222
37	237
37	330
38	393
38	452
38	493
39	308
40	103
40	166
40	271
40	495
41	63
41	206
41	469
41	491
42	71
42	93
42	117
42	134
42	270
42	438
43	118
43	154
44	101
44	149
44	410
45	55
45	307
45	332
46	99
46	292
46	470
47	201
47	202
47	234
47	432
48	78
48	347
48	444
49	108
49	317
50	183
51	99
51	113
51	120
51	172
51	362
51	413
52	445
53	138
53	197
53	297
53	481
54	179
54	238
54	448
55	58
55	159
55	219
55	294
55	378
55	487
56	76
56	228
56	230
56	341
57	362
58	431
58	462
59	117
59	134
59	299
60	124
60	196
60	213
60	259
60	366
61	95
61	217
61	433
61	486
62	87
62	288
62	334
62	367
63	140
63	151
63	349
63	449
63	485
64	100
64	134
64	276
64	425
64	479
65	417
66	192
66	440
66	452
67	245
68	360
68	398
68	412
68	422
69	230
70	159
70	349
70	359
70	369
70	427
70	428
71	249
72	114
72	182
72	248
72	360
72	366
73	191
73	297
73	367
74	86
74	112
74	289
74	433
75	114
75	143
76	122
76	183
76	197
76	243
76	444
77	78
77	146
77	266
77	273
77	351
78	207
78	212
78	247
79	108
79	297
80	133
80	211
80	318
81	126
81	219
81	283
81	314
81	319
81	342
81	355
82	135
82	160
82	336
82	405
83	273
83	341
84	116
84	218
84	312
84	459
85	206
85	279
85	402
85	498
86	130
86	170
86	452
86	456
86	479
87	176
87	446
88	170
88	196
88	314
88	337
88	341
88	342
88	461
88	494
89	130
89	249
89	311
89	491
90	283
90	380
90	400
90	494
91	99
91	478
92	104
92	211
92	336
92	409
92	417
92	445
93	166
93	361
94	121
94	137
94	211
94	262
94	419
95	112
95	161
95	168
95	185
95	261
96	159
96	172
96	173
96	217
96	374
97	193
97	432
97	468
97	476
98	167
98	349
98	355
98	473
99	174
99	219
99	271
99	376
99	429
100	107
100	494
102	176
102	228
102	356
102	389
103	140
103	188
103	215
103	234
103	250
103	283
103	328
104	277
104	316
104	419
104	459
104	490
105	216
105	402
106	116
106	303
106	336
107	132
107	428
108	118
108	226
108	390
109	443
110	143
110	161
110	345
112	197
112	342
112	458
113	282
114	187
114	207
114	334
114	363
114	367
114	374
115	216
115	349
116	184
116	358
116	382
117	238
117	447
118	162
118	319
119	202
119	218
119	221
119	244
119	331
119	358
119	407
119	482
120	189
120	238
120	279
120	330
120	391
121	216
121	352
121	437
121	450
122	162
122	294
122	347
122	477
123	161
123	190
123	295
123	308
123	342
123	372
124	221
125	128
125	204
125	325
125	398
125	407
126	145
126	217
126	330
127	321
127	383
127	471
129	254
130	384
131	191
131	451
132	365
132	469
133	285
133	331
133	379
134	179
134	200
134	238
134	260
134	265
134	360
134	375
134	465
135	339
135	366
136	329
136	459
137	251
137	282
137	461
137	462
138	163
138	176
138	283
138	407
138	480
139	144
139	161
139	220
139	249
139	294
140	220
140	480
141	161
141	354
142	420
143	407
143	418
144	272
144	447
145	265
145	294
145	408
146	214
147	276
147	329
147	438
147	439
148	168
148	416
149	159
149	186
149	336
149	463
149	491
150	225
150	262
150	341
150	360
150	484
151	169
151	246
151	263
152	449
153	227
153	236
153	255
153	342
153	370
153	428
154	267
154	333
154	429
155	184
155	215
156	157
156	389
157	207
157	252
157	405
158	451
159	226
159	433
159	445
160	191
160	248
160	342
160	368
160	467
161	389
162	184
162	499
163	219
163	344
164	203
164	305
164	420
164	451
165	201
166	233
166	346
166	453
167	269
167	398
167	497
168	199
168	231
168	259
168	334
168	379
169	264
169	466
170	177
170	284
170	488
171	495
172	308
172	311
172	376
173	215
174	264
174	289
174	371
175	304
175	373
176	236
176	493
177	283
177	435
178	317
179	240
179	489
180	269
181	232
181	380
181	415
182	209
182	335
183	465
184	251
184	410
184	439
184	496
185	254
185	344
185	377
185	465
186	251
186	286
186	381
187	191
187	466
188	484
189	383
189	396
189	477
190	211
191	408
191	454
192	399
193	256
193	263
194	228
194	283
194	349
194	356
194	417
195	348
195	442
195	481
197	261
198	207
198	224
198	282
198	321
199	219
199	228
199	254
199	266
200	241
200	299
200	381
200	416
201	212
201	234
201	307
201	422
201	436
202	257
202	302
202	449
203	238
203	256
203	301
203	414
204	366
205	210
205	212
205	434
206	263
206	335
206	363
206	374
207	336
207	422
208	380
212	269
212	356
212	402
212	494
213	254
214	248
214	304
214	487
215	281
215	357
215	436
216	259
216	332
217	393
217	464
218	450
218	498
219	345
220	239
220	288
220	290
221	229
221	261
221	277
221	381
222	360
222	387
222	392
223	329
223	406
223	472
224	230
225	312
225	386
226	271
226	442
227	307
227	312
227	365
228	292
228	324
228	385
229	301
229	488
230	403
230	467
231	306
232	426
233	361
233	374
233	389
234	282
235	247
236	241
236	311
237	284
237	494
238	259
239	268
239	305
239	356
239	360
239	376
239	475
240	251
240	261
240	461
241	265
241	334
241	354
241	494
242	465
243	349
243	417
244	272
244	288
244	303
244	305
244	403
244	415
245	256
245	260
245	417
245	487
246	307
246	436
246	484
248	343
248	411
249	423
250	285
251	261
251	481
252	383
252	448
252	461
253	317
253	389
254	392
254	441
255	266
255	292
255	306
255	404
256	278
256	292
257	308
258	314
260	366
261	341
261	372
262	444
263	356
263	428
265	307
266	273
266	310
267	423
267	493
268	291
268	293
268	389
268	421
268	443
269	369
269	472
270	325
270	426
271	332
272	278
272	421
274	322
275	499
276	337
277	393
280	386
282	358
282	414
283	302
283	441
284	439
285	368
285	380
285	443
285	457
285	465
287	388
288	340
288	370
288	429
289	411
290	300
292	335
293	296
293	299
293	368
293	421
294	298
295	412
297	382
297	474
298	417
299	408
299	484
300	336
301	317
301	365
302	484
303	405
308	438
309	361
309	475
310	363
311	426
313	315
314	327
314	371
316	412
317	395
317	463
319	345
319	429
319	479
319	488
320	368
320	489
321	343
323	400
323	470
324	351
325	368
326	382
326	423
327	333
327	359
327	487
329	347
330	346
330	467
331	444
333	364
334	336
336	454
337	354
337	375
338	346
340	469
343	489
345	412
346	453
346	467
346	476
347	405
349	362
349	430
350	357
350	366
351	389
351	498
354	441
355	384
356	362
358	469
359	416
360	377
360	417
361	452
363	499
366	370
366	417
366	420
366	485
370	467
370	468
374	494
377	493
378	397
381	394
382	462
382	479
383	422
383	485
385	403
386	405
387	406
387	443
388	443
388	497
392	457
392	459
393	451
398	446
401	429
402	480
403	498
404	463
407	468
411	488
412	498
416	499
419	432
423	441
423	444
423	463
423	482
427	438
428	464
429	442
430	476
439	462
441	446
445	457
450	451
451	482
455	470
463	476
464	491
475	482
485	495
490	497
494	495