0	156
0	232
0	256
0	293
1	120
1	384
1	410
1	495
2	25
2	60
2	82
2	345
3	130
3	207
3	361
3	427
3	499
4	48
4	211
4	322
4	410
4	470
5	237
5	249
5	393
5	457
6	123
6	128
6	143
6	264
6	328
6	461
7	168
7	172
7	192
7	211
8	96
8	211
9	176
9	247
10	184
11	31
11	109
11	341
12	341
12	449
12	490
13	81
13	108
13	141
13	308
13	328
13	351
13	359
14	81
14	92
14	111
14	439
14	463
15	39
15	40
15	93
15	273
16	130
16	468
17	266
17	283
17	354
17	355
18	228
18	251
18	317
18	338
18	452
19	245
19	294
19	318
19	361
19	417
19	427
20	218
20	238
20	446
21	84
21	199
21	242
21	288
21	302
21	430
21	432
22	109
22	297
23	24
23	227
23	246
24	91
24	147
24	413
24	420
24	482
25	169
25	193
25	282
25	306
26	84
26	94
26	158
26	349
27	74
27	113
27	225
28	45
28	211
28	286
28	492
29	72
29	222
29	229
29	443
30	34
30	275
30	280
30	441
30	463
31	128
31	136
31	322
31	328
31	343
32	73
32	95
32	149
32	316
32	410
33	143
33	401
33	428
33	438
33	475
34	116
34	179
34	231
34	300
34	377
35	71
35	298
35	319
36	48
36	200
36	209
36	323
36	357
36	497
37	150
38	69
38	116
38	137
38	139
38	494
39	188
39	275
39	441
40	149
40	299
41	101
41	289
41	316
41	386
42	323
43	64
43	116
44	283
44	410
45	296
45	480
46	121
46	149
46	458
46	475
47	308
47	316
47	366
47	380
47	447
48	277
48	397
49	181
49	391
50	69
50	136
50	189
50	393
51	68
51	172
51	266
51	272
51	328
52	134
52	213
52	339
52	347
52	420
53	283
53	305
53	468
53	476
54	237
54	267
54	316
54	443
55	170
55	255
55	333
56	85
56	162
56	201
56	290
57	99
57	153
58	75
58	307
58	313
59	119
60	142
60	399
61	67
61	216
61	375
61	442
61	476
62	83
62	87
62	197
62	440
63	409
64	150
65	67
65	150
65	208
65	279
65	327
66	69
66	193
66	250
66	258
66	344
66	473
66	487
67	133
67	248
67	354
68	150
68	318
68	443
69	467
70	226
70	377
70	464
71	95
71	137
71	214
72	147
72	170
72	281
72	285
73	85
73	207
73	236
73	281
73	317
73	385
73	468
74	391
74	468
74	482
74	492
75	187
75	343
75	349
76	96
76	194
76	453
77	259
77	422
78	155
78	272
79	174
79	424
80	92
80	264
80	407
80	436
81	156
81	321
82	165
83	192
83	255
83	278
83	339
83	441
83	453
83	485
84	87
84	231
85	415
86	135
87	357
88	126
88	303
88	369
88	380
88	396
88	420
88	432
88	469
89	161
90	93
90	174
90	190
90	455
91	168
91	204
91	264
91	364
91	394
91	466
92	119
92	172
93	119
93	194
93	419
94	128
94	201
94	345
94	399
95	370
95	425
95	439
95	472
96	232
97	260
98	430
100	208
101	170
101	276
101	446
102	199
102	313
102	356
102	429
103	172
103	199
103	217
103	253
103	367
103	411
104	313
104	441
105	115
105	324
105	326
105	469
106	111
106	345
106	399
107	112
107	206
107	452
107	478
109	140
109	144
109	146
110	167
110	210
110	340
110	365
110	378
111	303
111	390
112	388
112	392
113	150
113	433
114	395
114	494
115	148
116	231
116	323
117	130
117	171
117	445
118	483
119	493
120	243
121	215
121	378
122	220
122	224
122	276
122	309
122	399
123	315
124	141
124	186
124	222
124	367
125	312
125	356
125	374
125	443
125	487
125	498
126	367
126	482
127	494
128	350
129	239
129	347
129	349
130	138
130	443
131	144
131	156
131	181
131	461
131	466
131	476
132	376
132	385
132	447
133	293
133	421
133	487
133	498
134	421
134	430
135	408
135	443
136	276
136	446
137	149
137	336
137	436
137	448
137	453
138	384
139	223
139	306
140	208
140	323
140	425
140	446
141	206
141	241
141	329
141	346
142	165
142	276
142	324
142	468
143	276
143	418
144	366
144	423
144	491
145	199
145	353
146	305
146	416
146	457
147	196
147	328
147	392
147	444
148	189
148	363
148	409
149	193
149	377
149	405
150	365
151	193
151	377
151	432
152	255
153	193
153	408
153	470
153	473
154	333
155	162
155	354
155	362
156	183
156	281
156	341
157	256
157	409
158	216
158	391
158	447
158	497
159	185
159	442
160	451
160	492
162	396
162	397
163	330
163	407
163	497
164	425
165	326
165	347
165	445
166	383
166	384
166	391
166	408
166	436
167	226
167	244
167	440
167	470
168	180
168	197
168	405
168	416
168	447
169	179
169	268
169	342
169	356
169	405
169	411
170	214
170	409
171	216
171	430
172	381
172	397
173	316
174	301
174	306
174	310
174	333
174	426
175	198
175	297
175	317
176	185
176	187
176	246
176	249
176	292
176	493
177	323
178	331
178	495
179	187
179	439
180	253
180	348
180	414
180	431
181	338
182	484
183	380
184	210
184	252
184	460
185	241
185	294
185	296
185	377
185	387
186	297
186	424
186	468
187	403
187	490
188	379
188	499
189	210
189	258
189	413
190	387
190	435
190	471
191	220
191	406
192	257
192	293
192	313
192	367
192	374
193	210
193	213
193	222
193	260
193	371
193	400
193	491
195	303
196	321
196	359
197	246
197	331
198	364
198	445
198	487
199	328
199	391
199	469
200	321
200	467
201	274
201	291
201	323
201	344
201	420
201	434
201	457
202	285
202	289
202	467
202	477
202	490
203	242
203	289
203	365
203	459
204	284
204	409
205	267
205	302
205	488
206	257
206	314
206	332
206	371
207	432
208	292
209	389
209	463
210	214
210	243
210	438
211	221
211	265
211	306
212	395
212	479
213	279
213	318
213	424
214	306
214	397
215	296
215	367
215	413
216	257
217	301
217	330
218	236
218	308
218	445
219	459
220	314
221	362
221	368
222	325
222	339
222	396
223	328
223	380
224	293
224	469
225	328
225	344
225	393
225	399
225	403
225	498
226	227
227	276
227	304
228	283
228	313
228	491
229	242
229	347
229	389
229	420
229	457
229	490
230	358
230	377
230	379
231	433
232	492
233	490
234	450
234	483
235	468
236	310
236	350
236	427
238	245
238	476
239	385
239	475
240	325
241	387
241	404
241	441
242	329
242	394
243	314
244	428
244	499
245	423
245	462
246	458
246	493
248	313
248	324
248	347
248	383
249	291
249	298
249	305
251	383
251	426
251	436
251	454
252	258
252	322
252	406
253	296
253	411
253	414
253	480
254	270
254	360
254	418
254	471
255	273
255	287
255	297
255	444
255	457
256	309
256	373
257	351
257	358
257	371
257	387
257	393
258	317
258	442
259	284
259	383
261	449
261	482
262	293
262	461
263	392
263	444
263	472
264	311
264	312
264	315
264	357
264	358
264	465
265	341
266	296
266	332
266	359
266	494
268	402
268	424
269	365
269	367
270	295
271	331
271	351
271	354
272	423
272	466
272	494
273	460
274	370
274	397
275	397
276	364
277	487
279	368
280	397
280	464
280	492
282	461
283	340
283	437
286	452
287	417
288	305
288	370
288	419
289	445
291	346
291	452
292	410
293	347
293	395
293	417
293	457
293	477
295	405
296	414
296	447
296	474
297	371
298	306
298	364
298	402
300	373
300	420
300	485
301	355
301	364
301	493
304	381
304	436
304	486
304	491
305	481
308	319
308	335
308	377
308	457
309	420
309	439
310	357
310	387
311	335
312	395
312	414
312	478
313	383
313	495
315	377
318	404
318	476
319	381
319	424
319	489
320	406
321	399
322	368
323	361
323	458
324	334
324	369
324	397
325	384
325	396
327	488
327	499
328	398
328	436
328	445
328	451
328	473
329	342
329	440
330	369
332	423
332	457
334	430
335	365
335	368
335	497
336	397
336	433
337	378
339	403
339	452
339	484
340	416
341	352
341	425
341	475
342	343
342	434
342	472
343	461
345	466
346	436
346	459
347	389
348	421
349	470
349	479
350	454
353	373
353	454
353	490
354	373
354	473
355	496
357	488
358	378
358	467
359	401
360	404
361	447
362	398
366	387
366	420
369	398
370	433
371	456
372	482
376	412
376	452
376	475
376	492
377	383
378	415
378	469
380	397
382	394
383	418
383	445
383	488
385	409
385	419
390	447
391	478
393	418
393	485
394	399
394	417
396	421
399	437
400	465
401	441
402	496
403	411
404	442
405	429
405	494
405	495
406	467
407	434
408	413
409	447
409	488
411	434
411	438
414	422
416	422
416	434
416	439
416	475
417	451
418	471
419	452
422	485
423	466
424	481
426	448
426	462
427	443
427	490
429	466
430	494
431	482
433	497
434	457
437	441
437	459
437	460
437	473
438	487
439	473
442	449
442	487
444	456
449	498
452	457
454	466
458	479
458	493
460	479
461	485
462	474
464	469
498	499