0	29
0	137
0	496
1	36
1	143
2	118
2	208
3	23
3	220
3	263
4	48
4	69
4	441
5	32
5	100
5	135
5	274
5	395
6	41
6	404
6	489
7	27
7	36
7	88
7	195
7	318
7	439
8	187
8	283
8	334
8	424
8	440
9	79
9	321
9	467
10	65
10	130
10	152
10	329
10	394
10	403
11	13
11	166
11	283
11	300
11	436
12	14
12	180
12	200
12	233
12	441
13	14
13	183
13	269
13	292
13	313
14	33
15	33
15	91
15	107
15	122
15	207
15	271
15	294
15	335
15	373
15	476
15	493
16	258
16	282
16	322
16	330
16	401
16	404
16	424
16	451
17	53
17	114
17	349
17	446
17	499
18	21
18	67
18	143
18	171
18	280
18	367
18	368
19	30
19	38
19	329
19	413
20	307
20	329
20	445
20	467
21	132
21	177
21	277
21	340
21	430
22	26
22	41
22	354
22	442
23	98
23	104
23	106
23	185
23	273
23	279
23	313
23	415
24	68
24	134
24	142
24	353
24	369
24	393
24	398
24	460
25	58
25	85
25	232
25	354
25	494
26	73
26	217
26	234
26	290
26	436
27	456
28	170
30	145
30	166
30	261
30	301
30	480
31	152
31	201
31	272
31	385
32	322
33	64
33	168
33	385
34	77
34	107
34	268
34	303
34	336
34	401
34	433
34	439
35	47
35	61
35	223
35	252
35	445
36	134
36	196
36	293
36	309
36	339
36	424
37	236
37	483
38	153
38	197
38	440
38	445
39	194
39	274
39	307
39	469
39	487
40	52
40	109
40	136
40	185
40	230
40	325
40	368
40	448
40	499
41	46
41	130
41	160
41	228
41	455
42	103
42	183
42	197
42	205
42	339
42	424
43	92
43	96
43	143
43	185
43	204
43	209
43	389
43	411
43	414
43	422
44	144
44	268
44	332
44	349
45	63
46	93
46	207
46	253
46	265
47	279
47	483
48	144
48	232
48	246
48	299
49	76
49	126
49	152
49	339
49	489
49	493
50	121
50	174
50	257
50	478
51	148
51	169
51	180
51	253
51	336
52	164
52	199
52	442
53	95
53	269
53	282
53	370
53	430
53	450
54	89
54	276
54	460
54	471
55	466
56	68
56	274
56	309
56	461
57	79
57	245
57	334
57	350
57	415
57	460
58	159
58	181
58	225
58	337
58	371
59	341
59	405
60	200
60	256
61	89
61	216
61	296
61	302
61	479
62	129
62	140
62	298
63	204
63	245
63	256
63	289
63	409
63	456
64	350
64	484
65	142
65	197
65	312
65	411
66	172
66	258
67	204
67	257
68	98
68	220
68	486
69	264
69	282
69	303
69	386
69	410
70	139
70	144
70	322
70	449
70	466
71	178
71	327
71	351
71	482
71	485
72	104
72	119
72	184
72	312
72	403
72	464
73	111
73	193
73	210
74	213
74	291
74	310
75	163
75	185
75	224
76	471
77	137
77	166
77	168
77	226
77	244
77	392
78	131
78	192
78	302
78	478
79	125
79	225
79	323
80	228
80	377
80	499
81	133
82	196
82	304
82	329
82	404
82	407
83	121
83	155
83	262
83	299
83	435
84	107
84	167
84	249
84	395
84	457
85	104
85	140
85	401
85	412
85	451
85	492
86	225
87	223
87	492
87	495
88	90
88	105
88	304
88	419
89	215
89	371
89	493
90	168
90	306
90	432
91	236
91	297
91	323
91	359
91	412
92	160
92	479
93	234
93	283
93	426
93	493
94	95
94	117
94	208
94	245
94	333
94	393
94	475
94	477
94	481
95	122
95	167
96	180
96	357
96	369
96	471
97	177
97	405
97	461
98	105
99	396
99	407
100	247
101	319
101	336
101	384
101	471
102	153
103	223
103	238
103	382
104	139
104	216
105	145
105	426
106	250
107	193
107	199
107	284
108	186
108	246
108	453
109	188
109	192
109	267
109	344
109	389
110	255
110	284
110	368
110	402
110	443
111	186
111	190
111	289
111	422
111	494
112	122
112	245
112	300
112	325
113	235
113	261
113	399
114	129
114	210
114	262
114	340
115	274
115	335
115	391
116	147
116	257
116	259
116	317
117	197
117	334
117	355
118	280
118	344
118	382
118	458
119	486
120	263
120	283
120	326
121	399
121	429
122	248
122	330
122	376
123	178
123	435
123	495
124	229
125	468
126	412
126	426
126	450
126	451
127	143
127	147
127	158
127	261
127	275
127	295
128	254
128	382
128	428
129	168
129	185
129	375
129	451
130	262
130	337
130	488
132	237
132	270
132	341
132	391
133	189
133	268
133	289
133	463
134	234
134	268
134	273
134	333
134	334
134	445
135	201
135	257
135	480
136	264
136	304
137	270
137	355
137	377
137	460
138	327
138	401
139	235
139	259
139	343
139	344
139	419
140	347
140	368
140	487
141	421
141	431
142	153
142	377
143	174
143	348
143	456
144	195
144	202
145	281
146	329
147	235
147	354
148	186
148	253
148	277
148	369
148	448
148	488
149	238
149	366
149	372
149	395
149	450
150	226
150	355
150	380
150	395
151	198
151	394
152	178
152	327
153	311
153	475
154	281
155	198
155	233
155	286
155	409
155	430
155	472
156	172
157	241
157	350
157	422
158	387
158	441
159	226
159	440
160	212
161	225
161	287
161	378
161	491
162	187
162	400
162	446
163	378
163	464
164	177
164	218
164	276
164	305
164	375
164	408
164	410
164	485
164	490
165	246
165	321
167	231
167	348
167	367
167	370
167	427
168	446
169	194
169	348
170	194
170	280
170	281
170	315
170	364
170	429
171	184
171	194
171	208
172	258
172	289
172	462
172	485
173	302
174	332
174	454
175	277
175	359
175	410
175	494
176	251
176	252
176	411
176	440
177	256
177	484
178	182
178	399
179	221
179	234
180	242
180	403
181	378
181	410
181	489
183	203
183	231
184	304
184	307
184	459
185	209
185	418
186	212
186	237
187	448
187	484
187	485
188	231
188	241
188	444
189	294
189	492
190	218
190	358
191	217
191	227
191	351
191	360
191	435
191	465
191	484
191	492
192	331
193	455
194	389
195	347
196	210
196	238
196	317
196	319
196	390
196	413
196	443
197	266
197	442
198	216
198	460
199	305
199	402
199	480
200	266
200	339
200	421
201	279
201	297
201	437
201	473
202	422
203	448
204	216
204	242
204	256
204	299
204	324
204	460
205	268
205	301
205	352
206	427
207	325
207	340
207	446
208	215
208	365
208	421
209	223
209	335
209	356
209	443
210	297
210	315
211	274
211	466
211	482
212	222
212	499
213	254
213	375
213	423
213	430
214	249
214	317
214	380
215	217
215	228
215	378
215	424
215	469
216	288
216	301
216	357
217	240
217	401
218	283
218	420
219	248
219	418
221	262
221	480
222	307
222	332
222	466
223	233
223	255
223	379
224	226
224	444
224	475
224	489
226	303
226	327
226	396
226	497
227	280
227	328
227	465
228	301
228	407
228	460
229	277
230	337
230	411
231	296
231	434
231	436
232	252
232	303
232	336
233	359
233	383
233	427
234	404
235	255
235	267
235	324
235	429
236	285
236	321
236	370
236	392
237	345
237	359
237	364
237	418
239	295
239	341
239	365
239	443
240	476
241	250
241	308
241	366
242	335
242	366
242	468
243	402
243	487
243	495
244	284
244	334
244	488
245	341
245	419
246	336
246	451
247	355
247	480
249	467
250	343
250	350
250	443
252	319
252	347
252	454
253	270
253	291
254	270
254	387
254	444
254	458
254	491
255	360
256	333
256	473
257	266
257	367
257	419
258	276
258	447
258	473
259	357
260	286
260	287
262	273
263	316
263	369
263	480
263	485
265	324
265	342
265	430
265	462
266	440
268	449
269	277
269	373
269	433
269	449
270	337
271	361
271	406
271	489
272	317
272	394
272	448
273	296
274	320
274	409
275	321
275	427
276	326
277	391
278	281
278	298
279	288
279	307
279	338
280	284
281	326
281	337
281	363
281	404
281	405
281	427
281	429
281	499
282	303
282	455
285	326
285	362
286	424
288	318
288	335
289	430
292	300
292	352
293	350
293	389
294	475
296	354
296	384
296	462
297	316
297	353
298	375
299	307
300	375
300	467
300	485
301	466
302	310
302	339
302	394
303	332
303	419
305	427
305	429
307	460
308	312
308	352
308	457
309	460
310	411
311	339
312	325
312	412
313	360
313	405
314	428
319	446
319	479
320	397
321	395
322	456
323	397
323	407
323	446
323	466
324	362
325	388
325	409
326	432
327	420
328	473
329	374
329	418
330	410
331	466
331	496
332	359
334	373
335	355
336	407
336	440
337	376
337	395
338	437
339	400
339	418
339	445
340	390
340	481
341	389
341	429
341	444
343	441
344	412
345	464
345	491
346	394
349	484
350	392
350	403
350	423
350	431
351	357
351	392
353	360
355	360
355	363
355	463
360	368
360	456
360	494
360	496
361	428
361	488
363	385
365	464
366	385
368	441
370	441
375	413
375	487
376	415
376	434
380	389
381	417
381	424
384	413
384	478
384	484
386	415
386	430
387	428
388	447
388	456
388	464
389	448
390	398
391	411
392	407
392	412
392	476
394	429
395	425
395	433
395	451
395	460
396	409
398	421
399	460
400	445
404	421
404	430
405	438
407	488
407	492
408	450
408	492
409	456
409	472
410	477
410	478
411	465
411	476
412	445
412	461
416	442
416	471
416	484
418	498
419	454
421	429
421	488
423	477
423	494
424	480
424	493
430	475
431	438
431	492
432	434
436	466
436	473
436	474
438	452
438	460
438	467
438	477
440	475
441	488
442	483
442	493
445	498
446	460
448	459
450	454
453	474
453	476
456	470
459	463
464	484
471	485
475	490
476	491