0	244
0	326
0	328
0	413
0	478
1	97
1	104
1	411
2	268
2	378
3	67
3	108
3	117
3	149
3	211
3	220
3	314
3	380
3	496
4	244
5	18
5	92
5	104
5	223
5	384
6	47
6	94
6	215
6	304
6	321
6	475
7	305
7	334
8	217
8	270
8	406
9	134
9	251
9	419
10	93
10	103
10	213
10	215
10	238
10	428
11	107
11	210
11	328
12	144
12	415
12	425
13	55
13	205
13	425
13	447
14	101
14	136
14	143
14	363
15	106
15	338
15	392
15	491
16	23
16	83
16	144
16	244
16	447
17	31
17	252
18	41
18	111
18	212
18	299
19	56
19	373
20	237
20	239
20	498
21	109
21	185
22	281
22	344
22	440
22	493
23	181
23	400
23	480
23	494
24	300
24	337
25	361
26	159
26	237
26	377
27	104
27	140
27	487
28	35
28	158
28	413
29	89
29	194
29	295
29	332
30	104
30	110
30	242
30	334
30	371
30	378
31	64
31	172
31	197
31	323
31	331
31	336
32	223
32	226
32	475
33	181
33	291
33	374
33	408
33	472
34	421
35	41
35	159
35	302
35	382
36	109
36	284
36	329
36	371
37	141
37	362
38	62
38	169
38	467
39	228
39	333
39	488
40	67
40	293
41	145
41	421
42	251
43	89
43	101
43	137
43	400
43	415
44	248
44	356
44	384
44	493
45	52
45	69
45	135
45	242
45	361
46	79
46	358
48	162
48	304
48	316
48	386
48	422
49	85
49	403
49	415
50	293
50	399
51	184
51	420
52	54
52	259
52	386
52	431
53	255
53	335
54	119
54	122
54	130
54	235
54	260
54	317
54	396
55	66
55	70
55	208
55	270
55	332
55	389
55	483
55	487
56	190
56	207
56	412
57	97
57	194
57	253
57	291
57	359
58	382
58	385
59	191
60	236
60	385
60	417
60	439
61	165
61	378
61	380
61	445
62	235
62	262
62	269
62	352
62	375
62	391
62	425
62	427
62	447
62	480
63	76
63	175
63	226
63	305
63	351
63	367
64	200
65	377
66	208
66	275
66	399
67	74
67	153
67	428
68	131
68	233
68	478
68	481
69	185
69	364
69	411
70	117
70	130
70	229
70	427
70	455
71	120
71	139
71	142
71	157
72	248
72	257
72	407
72	427
73	113
73	134
73	157
73	180
73	282
74	222
74	267
74	281
75	348
75	425
75	434
76	273
76	387
76	462
77	197
77	221
77	456
78	255
78	314
78	389
78	442
79	251
79	292
80	134
80	356
81	96
81	133
81	200
81	242
81	318
82	181
82	204
82	303
82	317
82	342
82	361
82	427
83	190
83	239
83	264
83	389
83	439
84	132
84	300
84	388
84	396
85	118
85	219
85	248
85	344
86	130
86	183
86	315
87	335
87	404
88	232
88	411
88	440
88	452
90	489
91	148
91	181
91	387
91	483
92	156
92	166
92	277
92	425
93	184
93	377
94	334
94	475
95	105
96	148
96	392
97	146
97	159
97	378
98	153
98	380
98	445
99	243
99	321
99	447
100	188
100	194
100	209
100	295
100	333
100	382
100	449
100	465
100	480
100	493
101	165
101	299
101	379
101	409
102	328
103	284
103	334
103	493
104	149
104	488
105	151
105	181
105	338
105	475
105	488
106	152
106	161
106	359
106	430
106	448
106	478
107	126
107	247
107	334
108	353
108	452
109	126
109	355
109	499
111	130
111	406
112	132
112	166
112	399
112	468
113	443
113	448
114	455
115	457
116	257
116	265
116	462
116	468
117	291
117	292
117	376
117	422
117	492
118	123
118	229
118	241
119	167
119	171
119	356
120	249
120	365
120	421
120	479
121	250
121	452
122	143
122	257
122	434
123	204
124	353
125	195
125	233
125	268
125	341
125	413
126	336
126	389
127	245
127	338
127	400
127	453
127	481
128	319
128	472
129	179
129	199
129	252
130	135
130	379
131	398
131	446
132	336
132	399
133	370
133	403
134	262
134	300
134	348
134	388
134	461
135	189
135	257
135	323
135	418
136	224
137	287
137	360
137	427
138	277
138	333
139	185
139	245
139	291
139	338
139	457
139	470
141	320
141	349
142	223
142	263
142	371
142	387
142	482
143	242
143	247
144	259
144	262
144	424
144	444
145	311
145	467
146	220
146	420
147	233
147	278
147	454
148	177
148	190
148	290
149	185
149	237
149	256
149	353
149	480
150	218
151	176
151	355
151	456
151	481
152	185
152	230
152	282
152	288
152	347
152	375
152	426
152	460
153	200
153	424
153	466
154	351
154	464
155	200
155	299
155	383
156	222
156	227
156	378
156	482
156	483
158	169
158	445
159	176
159	222
159	227
160	233
160	297
160	397
161	395
162	258
162	274
162	389
163	387
163	442
164	219
164	303
164	358
165	275
165	360
165	363
165	393
166	189
166	241
166	296
166	332
166	481
167	198
167	278
167	313
167	334
167	413
167	415
167	416
167	498
168	179
168	293
169	175
169	349
169	360
169	458
170	191
170	356
170	377
170	396
170	402
170	408
170	428
170	444
171	221
172	340
172	355
172	441
173	193
173	283
173	323
173	410
174	263
174	290
174	473
175	207
175	234
175	490
176	307
176	409
177	315
177	339
177	453
178	255
178	422
178	455
178	489
180	279
180	305
180	311
180	370
182	413
183	290
183	376
183	388
183	406
184	263
184	360
184	423
184	444
185	308
185	314
185	471
186	197
186	371
187	280
187	337
188	457
189	348
191	253
191	350
191	355
191	412
191	415
191	450
192	255
193	204
193	455
193	478
195	238
195	245
195	299
195	323
196	271
196	300
196	312
196	361
197	336
197	471
198	267
198	445
199	261
199	364
200	203
200	335
201	233
202	238
203	434
203	439
203	476
204	277
204	427
204	433
204	484
205	457
206	208
206	255
206	417
206	440
207	384
208	214
208	271
208	285
208	440
209	410
210	274
210	318
210	448
211	279
212	329
212	362
213	378
213	479
215	323
215	346
215	375
216	294
217	229
217	231
217	424
218	367
219	235
219	327
220	344
221	284
221	396
222	372
223	411
223	468
224	280
225	286
225	486
226	239
226	328
226	339
226	484
227	323
227	371
228	321
228	461
229	343
229	413
231	240
231	254
231	324
231	363
231	437
231	438
232	265
232	300
232	462
233	245
233	275
233	341
233	444
234	423
234	462
235	459
236	290
236	326
238	299
239	306
239	469
240	251
240	416
240	436
241	304
241	366
242	288
242	322
242	435
243	349
243	478
244	390
244	478
244	485
245	306
245	389
245	415
245	444
246	345
246	346
247	321
247	332
247	417
247	449
247	479
250	414
251	455
252	329
252	410
252	491
253	277
254	328
255	374
256	392
258	353
258	439
258	471
259	346
261	293
261	362
262	293
262	336
263	464
263	479
264	285
264	388
265	297
265	332
266	368
266	430
266	443
266	473
267	420
269	463
270	482
271	323
272	324
272	325
272	454
273	326
273	369
273	477
274	395
275	423
276	283
276	293
276	496
277	317
277	323
277	478
278	439
278	471
279	330
279	440
280	314
280	360
280	390
281	289
281	314
281	468
282	332
282	462
283	333
283	368
284	304
284	421
284	442
284	474
286	473
287	359
287	411
290	420
290	460
291	354
291	361
291	367
291	381
291	450
291	499
292	329
292	436
293	298
293	306
293	381
293	393
293	466
294	308
294	421
294	438
295	311
295	377
296	458
296	462
298	323
298	455
300	458
301	370
302	353
302	372
302	451
302	485
303	329
304	398
304	461
304	464
306	383
306	406
307	308
307	414
307	445
308	423
309	320
309	343
310	406
311	358
311	364
312	410
312	431
312	480
312	482
313	439
313	440
315	338
316	419
316	454
317	416
318	424
319	370
319	394
319	458
320	379
321	471
322	464
323	401
328	349
328	350
328	444
328	495
328	496
329	355
331	345
332	376
332	453
332	465
333	395
335	455
337	414
339	472
340	376
340	478
341	398
341	493
343	349
345	406
345	485
346	480
349	408
352	357
352	436
352	442
353	364
353	445
353	478
355	401
355	410
355	481
358	467
361	416
362	419
362	420
363	480
365	419
365	462
366	392
367	370
368	429
369	407
369	434
369	477
371	482
372	437
375	483
377	418
378	411
381	384
381	468
382	412
382	497
383	439
384	403
384	477
386	454
387	486
389	395
389	451
389	488
390	393
392	449
393	414
393	445
393	468
397	472
398	474
401	490
401	493
403	412
403	477
403	489
405	454
407	411
407	413
411	486
412	450
413	451
413	484
416	458
416	485
417	420
418	470
418	495
419	447
420	498
422	471
422	477
423	439
423	491
426	449
432	474
432	483
436	444
437	449
437	487
438	468
439	472
443	455
444	494
449	493
454	473
455	472
461	476
462	475
462	484
468	477
468	498
473	498
487	494