0	164
0	193
0	264
1	30
1	369
2	96
2	348
3	346
3	440
3	450
4	120
4	235
4	406
4	410
4	441
4	494
5	18
5	76
5	226
5	348
5	439
6	64
6	188
6	215
6	224
6	332
6	384
7	64
7	65
7	86
7	98
7	127
7	156
7	182
7	352
8	433
9	69
9	77
9	147
9	163
9	378
10	11
11	382
12	496
13	57
13	387
13	395
13	498
14	133
14	228
14	360
14	455
15	170
15	314
15	349
15	357
15	421
15	442
16	110
16	225
16	231
16	261
16	309
16	397
17	78
17	125
17	412
17	453
18	52
18	190
18	220
18	230
18	301
18	340
18	394
19	81
19	188
19	392
19	432
20	22
20	258
20	329
20	394
20	438
21	35
21	118
21	198
21	234
21	321
21	325
22	43
22	316
22	361
22	403
22	432
22	472
23	28
23	46
23	96
23	103
24	61
24	134
24	328
24	378
24	452
25	351
26	193
26	313
27	69
27	405
27	443
27	481
28	215
28	216
28	343
28	416
29	91
29	114
29	164
29	376
29	430
30	257
30	276
30	285
30	319
30	379
30	383
31	46
31	145
31	261
31	287
31	317
32	81
32	202
32	384
32	438
32	490
32	498
33	65
33	309
34	485
35	135
35	155
35	210
35	231
35	404
36	72
36	111
36	208
36	417
36	462
37	147
37	211
37	263
37	349
37	392
37	443
38	83
38	178
38	357
38	426
39	139
39	157
39	248
39	261
39	308
39	310
40	64
40	180
40	276
40	455
41	176
41	298
42	364
43	105
43	147
43	245
43	276
43	384
43	448
44	352
44	423
44	424
45	134
45	164
45	313
45	443
46	181
46	322
47	153
47	179
47	410
48	147
48	249
48	374
48	408
48	446
48	480
49	65
49	83
49	177
49	408
49	469
50	101
50	164
50	343
50	412
50	488
51	129
51	192
51	226
51	351
51	380
53	218
53	250
53	359
53	398
54	337
54	464
55	104
55	438
55	462
56	97
56	115
57	75
57	184
57	194
57	211
57	241
58	445
59	60
59	73
59	94
59	105
59	207
59	279
59	385
59	493
60	93
60	151
60	179
60	463
60	480
61	81
61	145
61	273
61	472
61	483
62	144
62	200
63	131
63	338
63	376
63	384
63	454
64	148
64	202
64	274
64	301
64	394
65	138
65	163
65	270
65	319
66	422
66	495
67	198
67	214
67	260
67	308
68	368
68	419
68	423
69	289
69	463
69	464
70	92
70	196
70	292
70	327
71	190
71	340
72	118
72	151
72	399
72	464
73	257
73	375
74	134
74	268
74	291
74	311
75	386
75	489
76	167
76	305
76	318
77	117
77	416
78	142
78	176
78	279
78	336
78	369
78	477
79	226
80	359
80	391
80	461
82	119
82	209
82	238
82	350
82	412
82	435
82	472
83	130
83	197
83	269
83	270
83	387
83	444
83	480
84	272
84	375
84	464
85	97
85	435
86	246
86	334
86	384
86	394
87	202
87	239
88	177
88	353
88	475
89	131
89	176
89	401
90	206
90	316
90	336
90	376
91	347
92	424
93	146
93	154
93	215
93	311
93	429
94	103
94	143
94	162
94	208
94	367
95	163
95	319
95	320
96	135
96	307
96	316
96	381
96	474
97	337
97	366
98	104
98	121
98	271
99	107
100	212
100	227
100	256
100	396
101	119
101	126
101	185
101	286
101	335
101	347
101	354
101	491
102	114
102	293
104	216
104	367
104	413
104	463
105	141
105	176
106	215
106	287
106	376
106	444
107	233
107	477
107	493
108	152
109	402
110	193
110	452
111	131
111	366
112	153
112	323
112	400
113	199
114	150
114	167
114	216
114	290
114	442
115	162
115	269
115	446
116	174
117	148
117	214
118	229
118	278
118	327
118	425
119	144
119	255
120	121
120	236
120	419
122	490
123	245
123	436
123	446
124	240
124	252
125	159
125	254
125	296
126	268
126	284
126	304
126	451
127	134
127	169
127	290
128	346
128	390
129	176
129	182
129	223
129	225
129	469
130	355
131	165
131	328
131	449
131	493
132	224
132	275
133	201
133	237
133	357
133	377
133	382
133	385
134	152
134	295
134	466
135	197
135	238
135	387
136	292
136	306
137	287
137	468
138	149
138	346
138	372
139	203
139	230
139	257
139	332
139	407
139	484
139	493
140	227
140	277
141	195
141	249
141	296
141	314
142	154
142	335
142	346
144	351
145	229
145	411
145	452
146	208
146	367
146	398
147	285
147	352
148	251
149	180
149	210
149	445
150	171
150	183
150	303
150	366
150	436
151	176
151	378
151	474
152	227
152	463
153	447
154	321
154	491
155	206
155	382
156	266
156	393
156	419
157	174
157	476
158	327
158	436
159	215
159	381
159	427
159	496
160	270
160	293
160	333
160	412
161	330
162	359
162	485
163	174
163	179
163	320
163	479
164	239
164	286
164	393
164	415
165	212
165	320
165	499
166	482
167	385
168	267
168	454
169	187
169	249
169	337
170	222
171	182
171	289
172	248
172	286
172	350
172	390
172	434
173	223
173	263
173	496
174	199
174	382
174	463
175	248
176	181
176	224
176	257
177	305
177	325
177	333
177	432
177	455
178	227
178	256
178	303
179	209
179	212
179	254
179	450
180	235
180	298
180	439
180	465
181	311
181	345
181	406
181	483
182	281
183	224
184	334
184	339
184	456
185	317
185	337
185	338
185	396
186	485
186	492
187	431
188	235
188	290
188	300
188	317
189	243
189	464
189	498
190	278
190	369
191	266
191	364
191	401
191	455
192	223
192	255
192	362
192	400
193	314
193	359
193	410
193	443
193	482
194	298
194	414
194	493
195	212
195	215
195	256
195	267
195	288
197	215
197	333
197	443
198	340
199	267
199	467
200	303
200	311
200	341
200	480
201	298
201	356
202	414
202	424
203	392
204	370
205	209
206	398
206	467
207	304
207	327
207	364
207	477
208	448
209	276
209	317
209	340
209	427
209	459
211	309
213	262
213	379
213	401
213	422
214	383
214	422
215	345
215	432
216	226
216	315
217	280
217	416
218	236
218	252
218	318
218	345
218	378
218	480
219	339
219	496
220	287
220	470
221	352
221	424
222	318
222	399
222	400
223	245
223	324
224	225
224	304
224	329
224	354
225	264
225	285
225	398
225	458
226	301
226	356
226	476
227	364
228	300
228	386
228	401
229	239
229	390
229	413
230	323
230	418
232	282
232	309
233	239
234	474
234	486
234	489
235	258
236	314
236	484
237	367
237	431
238	302
238	496
239	276
239	341
239	423
240	440
240	465
241	278
241	475
242	254
242	374
242	469
243	305
243	437
244	252
245	279
246	288
247	312
247	431
248	294
248	332
248	340
249	348
249	365
251	346
251	352
252	359
252	491
253	440
253	465
254	308
254	385
254	433
254	474
255	262
255	292
255	374
255	421
256	368
256	454
257	345
258	323
259	291
259	379
261	308
261	315
261	348
262	365
262	379
262	470
263	393
263	402
263	447
264	369
265	277
266	351
266	392
266	407
266	469
266	495
267	464
270	297
270	365
271	389
271	406
271	426
271	465
272	334
273	389
273	462
274	390
274	443
275	484
276	354
276	410
276	473
277	350
278	464
279	397
279	475
280	331
280	413
280	441
281	387
282	433
283	424
283	495
284	367
284	436
284	476
285	346
285	388
286	474
287	358
288	415
289	444
290	344
290	448
290	499
292	297
293	459
295	316
295	348
295	377
295	385
295	417
296	335
296	368
296	454
297	322
297	476
298	432
299	393
301	311
305	442
305	458
305	460
305	496
306	336
308	361
308	457
308	474
309	382
311	387
311	469
312	349
312	417
313	382
313	476
315	342
316	366
316	374
316	420
316	451
316	473
318	346
318	357
318	372
319	334
319	399
319	411
319	437
320	413
320	499
321	358
321	447
323	339
324	336
324	421
326	340
328	413
329	350
330	442
331	390
331	405
332	491
334	396
336	446
337	411
337	445
337	448
337	479
337	484
338	358
339	363
339	411
339	460
340	404
340	406
341	477
341	487
342	399
342	400
342	424
342	427
342	491
343	360
345	363
347	428
349	358
349	467
350	405
350	440
351	358
352	485
353	386
354	477
357	411
358	390
358	462
359	386
359	397
360	402
360	439
362	396
367	382
367	387
367	462
367	477
368	404
368	416
368	451
369	372
369	391
369	440
369	468
370	433
371	466
372	498
373	432
374	490
375	383
376	414
380	424
384	486
386	471
387	401
387	404
388	492
389	402
389	427
391	409
391	430
396	434
396	470
396	475
396	492
397	410
397	467
397	469
398	439
398	440
399	437
399	454
399	481
399	495
400	467
401	431
404	415
404	445
405	435
408	409
408	418
408	447
416	446
418	420
418	439
419	452
419	494
420	481
421	449
423	487
428	458
431	498
432	489
433	446
433	480
434	448
442	446
446	454
448	461
448	476
453	474
453	497
459	492
462	478
468	474