0	25
0	160
0	268
0	295
1	52
2	19
2	137
2	156
2	198
2	318
3	180
4	23
4	101
4	405
4	490
5	93
5	198
5	231
5	256
5	280
5	338
5	426
6	62
6	98
6	246
6	396
6	459
6	499
7	185
7	330
7	333
7	368
7	423
8	85
8	103
8	137
8	173
8	324
8	402
9	49
9	61
9	158
9	272
9	273
9	286
9	349
10	169
10	229
10	324
10	467
11	156
11	251
11	269
11	279
11	304
11	445
12	130
12	148
12	386
13	15
13	40
13	124
13	214
14	93
14	191
14	246
14	253
14	347
14	442
14	471
15	245
15	383
15	435
15	464
16	190
16	486
16	492
17	117
17	134
17	243
18	108
18	126
18	336
18	485
19	35
20	257
20	314
21	85
21	158
21	271
21	288
21	304
21	367
21	457
22	115
22	343
22	379
22	453
23	30
23	208
23	238
23	256
23	309
23	384
23	493
24	378
25	59
25	392
26	100
26	199
27	87
27	343
27	439
28	111
28	174
28	464
29	170
29	173
29	265
29	280
29	414
30	68
30	167
30	272
31	81
31	299
31	337
31	383
32	54
32	219
32	221
32	374
33	56
33	212
33	215
34	185
34	372
34	373
34	385
34	416
35	110
35	312
35	326
35	347
35	348
35	499
36	101
36	134
36	138
36	158
37	112
37	249
37	309
37	390
37	488
38	105
39	228
39	240
39	414
39	424
40	494
41	101
41	145
41	150
41	156
41	167
41	222
41	365
41	385
41	414
42	130
42	481
43	58
43	331
43	353
43	369
43	465
44	63
44	221
44	257
44	489
45	67
45	204
45	425
45	439
45	474
46	242
46	313
46	369
46	491
47	306
47	398
48	122
48	451
48	496
49	79
49	92
49	107
49	219
49	333
49	345
50	200
50	285
50	392
51	76
51	182
51	268
51	319
51	410
52	81
52	443
53	132
53	143
53	318
53	358
54	369
55	204
55	409
55	430
56	227
56	262
56	268
57	171
57	184
57	261
57	338
57	393
57	499
58	156
58	157
58	331
58	355
58	380
58	462
58	477
59	131
59	170
59	187
59	234
59	372
60	153
60	177
61	238
61	342
62	159
62	178
62	227
62	236
62	464
63	138
63	142
63	175
63	275
63	286
64	101
64	134
64	137
64	373
64	450
65	87
65	98
65	226
65	283
65	374
65	396
65	398
66	69
66	179
66	185
66	351
66	492
67	282
68	352
69	72
69	144
69	153
69	194
69	367
69	400
70	168
70	325
70	343
70	349
70	459
70	463
71	128
71	180
71	264
71	283
71	343
71	364
72	422
73	163
73	476
74	153
74	255
74	371
74	405
75	225
75	392
75	441
75	483
76	110
76	151
76	242
76	249
76	429
77	266
77	370
77	399
77	498
78	177
78	233
78	258
78	320
78	398
79	103
79	126
79	158
79	252
79	256
79	415
80	418
80	428
80	476
81	139
81	398
81	404
82	392
83	159
83	257
83	303
83	344
84	97
84	116
84	130
84	240
84	324
85	86
85	165
85	228
85	270
85	361
86	191
86	471
87	150
87	159
87	304
88	98
88	104
88	173
88	205
88	307
88	391
89	449
90	100
90	373
90	403
91	206
91	278
91	376
91	487
92	183
92	306
92	346
92	489
93	284
93	446
94	201
94	204
94	351
94	379
94	380
94	472
95	179
96	167
96	169
96	321
96	330
96	451
96	466
97	188
97	243
97	361
97	370
98	153
98	340
98	384
98	420
99	135
99	204
99	240
99	294
99	424
99	436
99	482
99	497
100	145
100	209
100	275
100	407
100	444
100	492
101	110
102	196
102	198
102	230
102	334
103	241
103	263
103	275
103	278
103	408
103	485
104	163
104	171
104	173
104	189
105	192
105	467
106	185
106	197
106	227
106	479
107	276
107	307
107	415
108	126
108	242
108	398
108	431
109	179
109	193
109	197
109	251
109	324
109	332
109	494
110	318
110	338
110	401
110	467
111	378
111	435
111	464
112	121
112	320
112	322
112	324
112	329
112	365
112	378
112	420
112	483
112	492
113	119
113	165
114	134
115	391
116	298
116	462
117	200
117	204
117	225
117	296
117	329
118	131
118	476
118	478
119	255
119	341
119	355
120	127
120	336
121	135
121	431
121	496
122	215
122	340
122	345
122	403
122	425
122	447
123	125
123	291
123	313
123	351
124	135
124	412
125	257
125	497
126	334
126	442
127	182
127	226
127	244
127	365
127	462
128	222
128	232
128	313
128	423
128	475
129	179
129	320
129	373
129	395
130	191
130	360
130	369
130	400
131	181
131	383
132	262
132	359
132	369
132	451
132	459
132	490
133	186
133	386
133	488
133	493
134	228
134	319
134	340
134	363
134	454
135	224
135	249
135	253
135	284
135	341
135	487
136	219
136	278
136	383
136	440
137	424
138	289
140	185
140	298
140	358
140	378
140	400
141	374
141	456
141	496
142	380
143	326
143	358
143	421
144	312
144	431
144	462
145	193
145	201
145	252
146	157
146	296
147	295
147	347
148	173
148	353
148	403
149	236
149	264
149	343
149	425
150	185
150	238
150	239
150	499
151	273
151	280
151	328
151	464
152	215
152	374
153	298
153	471
154	330
154	398
155	177
155	188
155	212
155	382
155	459
156	181
156	195
156	205
156	262
156	365
156	496
157	206
157	460
158	225
158	254
158	440
159	332
160	284
161	254
161	278
161	305
161	306
161	461
162	188
162	209
162	224
162	424
162	446
162	451
163	369
163	404
163	406
164	306
164	412
165	205
165	231
165	251
165	333
165	387
165	432
166	167
166	184
166	299
166	361
166	371
166	456
166	458
167	178
167	273
168	198
169	178
169	379
170	355
170	457
172	241
173	183
173	401
173	445
174	176
174	238
174	292
175	230
175	456
175	491
176	195
176	257
176	356
176	491
177	362
177	393
178	339
179	217
179	250
179	294
179	305
179	393
179	491
181	289
181	371
181	471
182	194
182	202
183	305
183	350
183	473
185	216
185	286
185	324
185	452
186	422
187	344
187	421
188	295
188	459
189	226
189	328
189	432
190	332
190	400
190	444
190	461
191	239
191	360
191	478
192	328
192	454
193	274
193	380
193	426
193	493
194	309
194	337
194	385
195	293
195	402
197	214
197	227
197	388
197	483
198	226
198	281
198	346
198	499
199	253
199	302
200	279
200	284
201	324
201	340
202	371
202	417
203	220
203	355
203	462
204	366
204	491
205	252
205	485
206	267
206	306
206	405
206	420
207	306
207	311
207	331
207	418
207	420
208	431
209	327
209	427
209	464
209	495
210	348
211	247
211	290
211	299
211	315
211	356
211	381
211	390
211	394
211	484
212	254
212	359
212	451
213	242
213	318
213	449
213	453
213	481
215	397
215	433
215	495
216	435
218	245
218	321
219	261
219	303
219	388
220	296
221	289
221	371
221	434
221	455
222	276
222	405
222	471
223	437
224	280
224	427
225	454
226	387
227	299
227	481
228	470
229	254
229	262
229	274
229	446
231	272
231	273
231	307
231	458
232	268
232	370
232	397
232	422
233	258
233	337
233	344
234	330
234	427
235	316
236	385
236	395
237	323
237	350
237	406
238	438
238	445
238	477
239	327
239	452
239	477
240	283
240	413
240	422
240	423
240	469
241	304
241	428
242	355
244	434
245	307
245	392
245	445
246	257
246	357
246	360
247	290
248	478
249	427
249	462
252	428
252	467
253	396
253	411
253	478
255	359
255	386
255	447
256	260
256	327
256	367
257	277
257	318
257	440
259	321
259	371
259	387
259	404
260	289
260	318
260	408
261	483
262	275
263	474
264	270
265	331
265	377
265	389
266	297
266	458
267	424
268	325
269	316
269	459
269	486
270	341
271	375
271	485
271	493
272	296
272	378
272	382
272	387
272	398
272	492
272	499
273	470
274	293
275	277
275	287
275	291
275	306
277	303
277	341
280	354
280	494
281	422
282	478
283	309
283	381
283	385
283	430
283	464
284	300
284	327
285	362
286	467
286	469
287	417
288	439
288	453
289	453
290	293
290	497
291	417
294	385
295	324
296	301
296	342
296	391
297	317
297	494
298	408
298	423
299	320
299	377
299	486
299	490
299	497
301	358
302	348
302	353
302	365
303	337
303	370
303	413
303	480
304	448
305	308
305	373
305	454
305	465
305	468
306	368
307	339
307	395
308	426
308	472
308	478
309	326
309	458
310	382
310	406
310	412
311	439
311	462
312	375
315	364
315	425
316	332
316	343
317	388
317	468
319	341
321	456
322	332
323	499
324	383
324	389
325	332
325	397
325	419
325	464
326	386
327	463
328	439
329	339
329	414
331	473
332	395
332	414
332	439
333	407
334	359
334	495
335	341
335	418
336	381
336	431
339	391
339	431
340	359
340	462
341	379
341	467
342	347
345	447
345	467
346	399
346	457
348	439
348	456
349	358
349	361
349	395
349	438
350	354
352	377
352	429
352	467
354	444
354	485
355	360
357	455
359	377
360	411
360	488
362	479
363	438
365	391
368	384
369	423
370	459
370	466
370	499
373	399
374	410
374	417
376	450
376	499
378	384
380	407
380	430
381	435
383	402
385	458
387	405
387	461
388	427
388	480
389	398
389	451
389	453
390	487
393	429
393	481
395	417
395	420
398	493
399	426
399	431
400	462
403	457
406	473
409	411
410	448
412	478
413	465
414	415
416	427
417	489
418	434
418	466
419	420
419	491
420	425
426	433
427	499
429	441
430	432
431	456
432	496
434	444
434	477
437	467
437	499
455	499
456	480
461	497
469	475
469	496
478	484
487	489