0	2
0	42
0	112
0	191
1	4
1	19
2	74
2	77
2	81
3	167
4	8
4	36
4	38
4	42
4	49
5	11
5	43
5	52
5	74
5	127
5	139
5	180
6	60
6	90
6	143
6	167
7	70
7	193
8	37
8	60
8	174
8	177
8	198
9	18
9	70
9	112
10	134
10	184
11	24
11	38
11	112
11	151
11	160
11	169
12	31
12	123
12	192
13	48
13	159
13	195
14	46
14	117
14	163
15	69
15	78
15	102
15	198
16	64
16	170
17	155
18	19
18	56
19	42
19	62
19	121
19	122
20	136
21	63
22	29
22	54
22	126
22	140
22	175
23	71
23	76
23	85
23	102
24	61
24	79
24	105
24	161
24	176
25	83
25	107
25	157
26	28
26	120
27	38
27	64
27	68
28	72
28	75
28	116
28	123
28	160
29	43
29	95
29	136
29	185
30	148
31	68
31	92
31	104
31	109
31	128
31	150
31	152
31	154
31	155
32	88
32	139
33	104
33	126
33	198
34	68
35	59
35	174
36	51
36	99
36	121
36	130
36	141
36	160
36	171
37	42
37	133
37	154
37	198
38	99
38	178
38	199
39	77
39	186
40	73
40	89
40	144
40	193
40	198
41	56
41	70
41	76
41	121
41	142
41	147
42	52
42	143
42	159
43	106
43	150
44	86
44	133
44	141
44	147
44	181
44	183
44	184
45	68
47	85
47	90
47	142
47	187
49	92
49	144
49	161
50	62
50	78
50	81
50	100
51	127
52	61
52	84
52	168
52	197
53	111
54	85
54	103
54	111
54	177
55	86
55	149
55	170
55	184
56	87
56	100
56	119
56	129
56	154
57	65
57	133
57	150
58	93
58	104
58	113
58	116
58	135
58	155
60	64
60	162
60	191
61	78
61	179
62	70
62	101
62	119
63	73
63	97
63	113
64	69
64	76
64	111
64	189
65	102
65	188
65	192
66	70
66	89
67	79
67	91
67	127
67	138
67	142
68	174
69	144
69	189
70	133
71	120
71	145
71	157
72	78
73	103
73	136
73	142
74	94
74	110
74	118
74	136
74	148
74	180
74	182
75	183
75	185
76	92
77	156
78	126
78	136
78	181
79	189
79	192
80	126
80	127
80	137
80	164
80	170
80	172
81	158
81	183
82	103
82	153
82	156
82	166
83	98
84	104
84	106
84	126
84	143
85	118
85	120
85	187
85	197
86	126
86	140
87	145
87	158
88	152
89	132
90	148
90	177
91	144
92	106
92	110
92	137
92	151
92	152
92	166
93	134
93	198
94	119
94	155
95	181
95	198
96	138
96	140
96	154
96	196
97	156
97	169
97	188
98	140
98	177
98	186
99	127
99	131
99	149
101	110
101	147
101	162
101	185
102	150
102	155
102	178
102	181
103	157
103	160
103	171
104	132
104	161
104	186
105	109
105	180
105	189
106	120
106	169
107	177
108	121
109	134
109	173
110	168
111	126
111	128
111	176
113	131
114	137
114	180
114	185
115	149
115	156
115	167
116	123
116	159
116	167
116	191
117	131
117	148
117	158
118	128
121	193
122	194
123	199
124	184
124	197
125	156
125	186
126	162
126	186
127	192
127	197
129	178
129	197
131	160
131	183
132	183
132	190
133	149
134	192
135	146
135	152
135	171
136	160
136	178
137	138
137	167
137	170
137	189
138	144
139	141
140	144
140	164
141	147
141	172
141	198
142	165
143	183
143	197
145	151
145	175
147	164
147	188
148	178
149	167
151	173
151	188
152	180
154	194
156	185
157	183
163	167
163	198
164	173
164	194
165	167
165	195
166	184
170	183
172	177
176	178
182	191
183	193
192	199