0	14
0	34
0	123
0	128
1	145
2	64
2	91
2	137
3	19
3	39
3	42
4	89
4	92
4	162
4	192
5	11
5	32
5	63
5	188
6	56
6	64
6	90
6	107
6	178
6	179
6	189
7	9
7	99
7	114
8	24
8	31
8	42
8	90
8	112
8	122
8	189
9	54
9	142
10	30
10	71
10	78
10	145
11	70
11	163
11	189
12	75
12	126
13	78
13	94
13	117
14	146
15	69
15	75
15	103
15	193
16	27
17	170
18	23
18	101
18	137
18	145
19	98
19	145
19	175
19	176
20	36
20	59
20	168
21	132
21	146
22	25
22	35
22	60
22	88
22	98
22	110
22	118
22	145
22	175
22	180
23	66
23	123
24	36
24	40
24	125
25	90
25	182
26	131
27	46
27	62
27	64
27	68
27	169
28	74
28	91
29	122
29	174
30	100
31	96
31	97
31	130
31	176
31	187
32	70
32	87
32	176
33	48
33	49
33	121
33	152
34	66
34	138
34	153
35	63
35	75
35	92
35	118
35	123
36	57
36	67
36	140
37	47
37	117
37	134
38	138
39	59
39	128
39	143
39	153
39	196
40	46
40	117
40	134
40	137
40	144
40	160
41	138
42	45
42	94
42	114
42	115
42	120
42	156
42	178
42	193
43	183
43	189
44	53
44	71
44	78
44	87
44	103
44	183
45	63
45	74
45	99
45	145
45	147
45	175
46	55
46	121
46	135
46	138
46	158
47	110
47	132
48	166
48	180
49	81
49	108
49	155
50	104
50	154
50	175
50	197
51	59
51	114
51	129
51	155
52	78
52	126
52	165
53	69
53	71
53	86
53	145
54	192
54	198
55	91
55	139
55	159
56	116
56	177
56	197
57	97
57	135
57	142
58	88
58	135
58	192
59	82
59	172
60	127
61	90
61	107
61	121
61	130
62	104
62	109
62	158
62	160
62	172
63	146
64	77
64	126
64	185
64	198
65	72
65	85
65	92
65	167
66	73
67	108
67	151
67	184
68	165
69	97
69	101
69	186
70	97
70	167
70	197
71	140
71	142
71	148
72	109
72	143
72	181
73	131
73	160
73	171
74	118
74	151
74	191
74	192
75	78
75	94
75	109
75	196
76	112
76	124
77	81
77	130
77	165
77	195
78	133
79	199
80	99
80	146
80	181
80	189
81	108
81	185
82	152
83	118
83	168
84	122
84	189
85	125
85	135
85	167
85	196
86	88
86	165
86	175
87	168
87	174
88	165
89	92
89	179
89	196
90	166
90	180
90	194
90	198
92	166
92	173
93	98
93	135
93	157
94	95
94	96
94	118
94	129
95	97
95	100
95	113
95	157
96	105
97	153
99	104
99	165
99	186
101	103
101	105
102	107
102	160
102	174
103	110
103	183
103	187
104	105
104	106
105	126
106	112
107	111
107	113
107	122
107	155
107	179
108	163
109	158
109	197
109	199
110	142
110	146
111	131
111	139
112	133
114	130
114	145
114	174
115	124
117	121
117	171
117	198
118	157
118	198
119	158
119	171
119	176
120	183
121	168
121	194
122	158
123	194
124	191
126	177
126	186
129	133
130	150
130	170
130	183
131	144
132	146
132	190
133	140
135	141
136	138
136	173
141	173
142	147
142	158
142	180
143	151
144	172
144	176
144	179
145	184
145	186
146	177
146	180
147	165
147	187
149	156
149	168
150	175
152	163
152	171
153	188
154	178
155	187
156	177
156	183
157	178
157	199
159	181
161	165
161	198
163	172
163	193
164	169
164	179
165	168
166	175
166	188
167	198
168	171
169	187
170	180
170	187
170	189
171	174
175	185
175	189
178	180
178	181
180	184
183	198
184	199
192	193
192	194
194	196