0	48
0	108
1	24
1	96
1	124
1	164
2	10
2	26
2	33
2	119
2	156
2	198
3	80
3	189
4	154
4	178
5	13
5	45
5	89
5	92
5	95
5	194
6	91
6	111
6	122
7	31
7	74
7	76
7	86
7	125
7	134
7	192
8	27
8	84
8	106
8	172
9	47
9	74
9	120
9	141
10	76
10	96
10	132
10	152
10	157
10	163
11	58
11	79
11	91
12	64
12	73
12	92
12	140
12	186
13	24
13	91
14	53
14	74
15	17
15	168
15	188
15	198
16	82
16	114
16	136
16	137
16	140
16	186
16	196
17	96
17	136
17	151
18	24
18	30
18	140
18	197
19	195
20	76
20	183
21	31
21	61
21	67
21	69
21	159
22	39
22	139
22	144
22	155
23	59
23	69
23	170
23	181
23	183
23	198
24	42
24	82
24	84
24	120
24	173
24	185
25	41
25	57
25	72
25	123
25	145
26	91
26	120
26	170
26	181
26	193
27	76
28	116
28	121
28	186
29	42
29	77
29	93
29	94
29	161
29	163
30	63
30	73
30	187
31	76
31	103
31	131
31	164
32	138
32	186
33	76
33	85
33	172
33	184
34	97
34	150
34	183
35	126
35	137
36	39
36	53
36	158
37	96
38	52
38	95
38	169
39	184
40	185
41	77
41	87
42	46
42	54
42	61
42	63
42	72
42	81
42	101
42	152
43	74
43	131
44	65
44	114
44	151
44	193
46	84
46	142
46	152
46	172
47	66
47	85
47	198
48	142
48	182
49	187
49	197
50	72
50	135
51	68
51	71
51	94
51	136
52	67
52	163
53	77
53	79
53	119
53	129
53	134
54	74
54	97
54	153
54	167
54	171
54	194
55	120
55	147
55	180
56	107
56	114
56	118
56	199
57	87
57	125
57	156
57	182
57	187
58	65
58	129
59	91
59	144
60	134
60	149
61	86
61	93
62	135
62	141
63	98
63	177
64	66
64	126
64	178
65	120
65	125
65	175
66	74
66	82
66	83
66	99
67	71
67	77
67	94
68	199
69	86
69	167
70	83
70	114
71	95
71	99
71	103
71	136
72	82
72	144
72	148
72	168
73	115
74	188
74	190
74	191
75	127
75	146
76	83
76	87
76	88
76	111
76	136
76	140
76	163
78	95
78	136
78	149
78	162
78	181
78	184
79	87
79	153
80	90
80	157
81	98
82	146
83	94
84	95
84	111
85	95
85	98
85	103
85	177
87	166
88	109
88	133
88	153
88	155
89	166
89	179
90	105
90	127
90	159
91	117
91	131
91	147
91	168
91	199
92	124
92	192
92	194
93	104
93	122
93	191
94	117
95	128
95	129
95	176
96	159
97	118
97	193
98	106
98	185
99	177
100	108
100	134
100	150
100	156
100	171
100	185
101	109
101	118
101	154
101	185
102	138
102	147
103	137
103	144
103	161
103	179
105	189
105	191
108	130
109	141
109	146
109	154
110	162
111	118
112	196
113	144
113	146
116	133
116	143
116	148
117	135
117	184
118	122
118	148
119	143
119	150
119	161
119	198
120	188
121	132
121	137
121	147
121	159
121	183
122	140
123	196
125	189
126	134
126	144
126	188
126	193
127	152
127	199
130	139
130	153
132	167
133	153
134	139
134	178
135	139
137	182
137	185
137	189
137	190
138	168
139	163
142	163
143	164
144	153
144	158
144	183
149	166
149	198
150	160
151	185
152	190
153	162
153	165
154	191
154	196
156	163
157	160
157	169
157	199
158	173
159	166
168	187
170	196
172	184
174	177
178	180
179	192
180	185
181	182
181	199
185	188
186	195
191	197