0	29
0	34
0	134
0	146
1	31
1	45
1	56
1	104
1	171
2	22
2	193
3	25
3	68
3	96
3	117
3	122
3	161
4	38
4	70
4	108
4	118
4	150
4	157
4	180
4	181
5	90
5	96
5	145
5	186
5	195
5	197
6	19
6	57
6	85
6	98
6	131
6	133
7	53
7	63
7	199
8	40
8	54
8	76
8	101
8	126
8	194
9	45
9	57
9	58
9	62
9	85
9	97
9	185
9	196
10	56
10	78
10	176
11	27
11	29
12	27
12	102
12	157
12	168
13	42
13	71
13	139
13	175
14	95
14	110
14	119
14	130
14	159
14	180
15	142
16	24
16	50
16	109
17	47
17	73
17	97
17	99
17	162
17	171
17	181
18	81
19	23
19	41
19	120
19	195
20	57
20	134
20	197
21	48
21	131
21	154
21	185
22	102
22	124
22	128
22	166
23	74
23	174
23	191
24	44
24	54
24	133
24	158
25	31
25	65
25	124
25	128
25	148
25	174
25	178
25	190
26	43
26	59
26	88
26	163
26	174
26	196
27	40
27	55
27	117
28	34
28	36
28	45
28	136
28	145
28	180
28	182
29	93
29	96
29	154
30	49
30	55
30	60
30	64
30	118
30	131
31	159
31	197
31	198
32	42
32	70
32	135
32	164
33	83
33	174
34	37
34	49
34	116
34	189
35	113
35	124
35	192
36	57
36	68
36	144
37	86
37	182
38	148
39	48
39	118
39	132
39	197
40	42
40	57
40	77
40	112
40	188
41	49
41	88
41	170
42	75
42	173
43	52
43	93
44	50
44	52
44	93
44	150
44	166
45	141
45	169
45	175
46	127
47	117
47	153
48	165
48	175
48	177
48	184
49	182
50	82
50	89
50	155
50	191
51	148
52	93
52	106
52	124
53	71
53	86
53	195
56	91
56	100
56	111
58	60
58	98
58	102
58	133
58	138
58	143
58	169
58	170
58	174
59	73
60	95
60	138
60	140
60	145
60	163
60	186
61	80
61	86
61	158
62	66
62	75
62	95
62	98
62	141
62	160
63	104
63	134
63	140
64	85
64	90
64	103
64	156
65	114
65	119
65	135
66	100
66	106
66	196
67	112
67	114
67	129
67	153
68	87
68	154
69	73
69	81
69	121
70	193
71	193
72	77
72	82
72	166
72	185
73	103
73	166
73	180
73	198
74	103
74	128
74	153
74	162
74	166
74	173
75	177
75	191
76	187
77	120
77	177
77	186
78	147
78	156
78	159
78	172
78	186
78	194
78	197
79	151
79	195
80	105
80	124
81	134
81	181
82	109
82	120
82	178
82	190
84	147
84	151
84	156
85	114
85	152
85	191
87	106
87	165
88	127
88	185
89	104
89	180
89	192
89	198
90	112
91	129
91	136
92	93
92	137
92	138
92	179
93	104
93	125
93	143
93	147
93	184
94	155
95	160
96	134
96	179
97	177
97	196
100	107
100	195
101	115
102	131
102	141
103	136
103	142
103	148
103	156
103	160
103	162
103	195
104	109
104	119
104	128
104	153
104	162
105	162
106	119
106	122
107	147
107	170
107	179
107	189
109	115
109	143
110	142
110	158
112	150
114	138
114	168
115	131
115	133
115	145
115	159
115	167
116	144
116	190
117	132
117	138
117	176
117	192
118	123
118	151
118	172
120	175
120	182
121	171
122	127
124	137
124	139
124	145
124	173
124	193
125	191
126	142
126	176
126	190
127	173
129	182
130	178
131	191
132	172
133	183
136	137
137	146
139	155
140	177
141	173
142	184
143	195
145	153
145	197
147	183
148	154
148	158
148	159
148	174
149	170
149	177
149	199
150	156
150	188
153	157
153	169
153	177
155	171
157	184
158	189
159	194
162	179
162	187
166	181
168	170
168	199
169	173
171	174
176	193
177	197
179	197
182	183