0	45
0	69
0	113
0	127
0	164
0	169
0	190
1	146
2	85
2	101
2	164
2	186
3	9
3	44
3	107
3	125
3	168
4	85
4	175
4	192
4	195
5	85
5	144
5	151
5	168
6	50
7	13
7	90
8	29
8	40
8	88
8	158
8	195
9	94
9	97
9	106
9	139
9	145
9	147
10	22
10	47
10	56
10	108
10	123
11	25
11	60
11	162
11	184
12	57
12	72
12	119
12	128
12	152
12	156
13	68
13	132
14	76
15	44
15	110
15	122
15	166
15	183
16	25
16	75
16	144
16	158
17	94
17	156
17	196
18	20
18	72
18	110
18	157
18	187
19	88
19	106
19	131
20	96
21	127
22	75
22	83
22	108
22	133
22	153
22	188
23	108
23	121
23	188
24	82
24	105
24	149
24	171
25	34
25	84
25	112
25	122
25	137
26	64
26	138
27	45
27	84
27	118
27	177
28	137
29	53
29	129
30	83
30	156
31	193
32	66
32	82
32	113
32	163
32	168
32	189
33	51
33	74
33	105
33	149
33	189
34	86
34	109
35	119
36	158
36	188
37	171
38	199
39	119
39	183
39	192
39	199
40	58
40	89
40	93
40	111
40	141
40	181
40	190
41	55
41	137
42	70
42	86
42	146
42	159
42	185
43	93
43	123
43	141
43	181
44	81
44	92
44	186
45	49
45	52
45	81
45	120
45	144
45	162
46	145
46	166
47	102
47	126
48	72
48	104
48	127
48	128
49	167
50	64
50	100
50	116
50	144
50	151
50	190
51	93
51	110
51	119
52	98
52	148
52	199
54	196
54	198
55	115
55	126
55	143
57	60
57	79
57	121
57	124
57	137
57	193
58	97
58	105
58	122
58	139
58	183
59	154
59	184
60	71
60	94
60	133
61	138
61	187
62	67
62	70
62	100
62	143
63	104
63	113
63	164
64	79
64	99
65	73
65	76
65	194
66	151
66	198
67	112
67	164
68	102
69	108
69	126
70	86
70	171
71	78
71	188
72	150
72	192
73	136
73	141
75	171
75	182
77	78
77	88
77	163
78	173
78	194
79	85
79	91
80	161
80	166
80	183
80	189
81	87
81	106
81	117
81	178
81	182
82	105
82	160
82	174
83	100
83	194
84	91
84	111
84	114
84	182
84	191
85	87
85	88
85	102
86	149
86	167
87	90
87	132
88	181
89	112
89	140
89	191
90	138
90	194
91	94
91	130
91	141
91	143
91	164
92	99
92	179
92	195
92	198
93	127
94	128
94	147
94	168
94	178
95	145
95	199
96	142
97	102
97	182
97	184
98	127
98	188
98	198
99	195
100	124
100	166
100	182
102	183
103	133
103	149
103	171
104	141
105	111
105	180
106	118
106	127
106	155
107	158
108	142
108	184
109	114
111	112
111	145
111	152
112	127
113	148
114	132
114	134
115	162
117	198
118	130
119	135
120	122
120	188
121	173
125	130
125	150
125	174
126	155
126	166
126	174
126	182
130	154
130	158
130	172
130	176
130	186
131	174
132	139
132	150
133	176
134	160
135	195
137	195
139	169
139	171
140	141
140	178
141	144
142	165
142	170
142	192
143	162
143	173
144	150
145	160
145	185
148	175
150	165
151	191
152	175
154	177
155	175
156	185
157	171
157	178
157	189
159	194
159	196
160	190
161	197
162	199
164	185
164	193
165	180
165	182
165	189
168	169
169	172
169	193
170	175
176	195
178	189
179	194
183	199
188	197