0	32
0	55
0	56
0	67
0	69
0	81
0	106
0	132
1	108
1	111
1	134
2	107
3	39
3	91
3	136
3	150
3	154
3	165
3	176
3	196
3	197
4	72
4	151
4	158
5	52
5	114
5	143
5	168
6	27
6	105
6	171
6	192
7	61
7	79
7	155
7	195
8	16
8	31
8	62
8	65
8	68
8	76
9	31
9	76
9	100
9	131
9	170
10	172
11	40
11	54
11	116
11	183
12	18
12	65
12	78
12	96
12	102
12	112
12	135
13	47
13	95
13	100
13	110
14	20
14	103
14	187
15	24
15	39
15	134
16	80
16	93
16	144
17	163
18	83
18	93
18	191
19	48
19	93
19	113
19	158
20	135
20	142
21	79
21	108
22	82
22	98
23	37
23	190
24	96
24	183
25	52
25	57
25	94
25	110
25	119
25	146
25	147
25	191
26	40
26	61
26	85
26	91
26	137
26	156
27	90
27	125
28	33
28	104
28	107
28	132
28	161
28	180
29	71
29	130
29	132
30	82
30	115
30	122
30	167
30	186
30	198
31	64
31	113
31	124
31	131
31	151
31	176
31	178
31	189
32	64
32	133
34	46
34	62
34	64
34	110
35	93
36	76
36	112
36	198
37	59
37	98
37	181
38	50
38	126
39	115
39	177
40	47
40	61
40	72
41	87
41	96
41	112
41	141
42	71
42	80
42	124
43	102
43	141
43	195
44	53
44	62
44	65
44	91
44	135
45	88
46	68
46	86
46	110
47	180
48	51
48	61
48	119
48	121
49	84
50	196
50	198
51	83
51	113
51	122
51	142
52	57
52	58
52	69
52	73
52	175
53	164
53	189
53	193
54	71
54	177
55	61
55	125
55	149
55	152
55	153
56	123
56	169
57	67
57	102
57	163
58	121
58	122
58	159
58	176
59	98
59	106
60	83
60	150
60	151
61	68
61	93
61	98
61	139
62	141
62	143
63	191
64	179
65	97
66	90
66	140
66	145
66	167
67	92
67	145
67	173
67	175
68	160
68	184
69	95
69	160
69	189
69	197
70	105
70	114
70	138
70	175
71	183
71	190
71	198
72	188
73	78
73	85
73	135
73	189
74	125
75	140
75	157
76	123
76	155
76	178
77	121
77	125
77	161
78	92
78	120
78	158
78	170
78	195
79	118
79	172
79	187
80	124
80	132
80	152
80	169
80	195
81	99
82	151
82	185
83	94
83	96
84	132
84	144
85	107
85	178
86	117
87	118
87	135
87	158
87	178
87	189
88	95
88	107
88	124
88	196
89	157
90	115
90	120
90	184
91	127
91	134
91	192
92	100
95	98
96	190
96	197
97	107
97	164
98	106
98	191
99	127
99	150
99	155
99	162
99	193
100	173
101	107
101	119
101	156
102	187
104	156
104	178
105	173
105	174
107	122
107	183
109	116
109	132
109	140
110	111
110	141
111	114
112	114
113	115
113	137
113	153
113	161
113	162
114	166
114	168
114	176
115	160
116	127
117	167
118	138
118	178
119	143
119	198
120	140
122	130
122	190
123	139
123	149
123	157
124	179
124	187
125	137
125	162
125	186
126	130
126	145
126	199
128	137
129	164
130	166
131	148
131	189
132	137
132	188
133	173
134	137
134	190
135	158
135	164
135	168
136	146
136	182
140	154
140	187
141	148
142	143
142	153
143	157
143	172
143	188
143	189
144	153
145	167
149	182
150	172
150	185
151	178
151	192
152	193
154	171
157	183
158	166
159	196
164	193
165	189
167	194
168	170
169	184
170	176
170	177
170	179
172	178
173	190
173	198
179	190
180	186
180	192
184	186
185	194
192	196