0	73
0	167
0	182
0	187
1	71
1	146
2	8
2	104
2	148
2	159
2	166
3	8
3	42
3	55
3	124
3	158
3	161
3	187
4	49
4	111
4	142
5	48
5	101
5	137
5	162
5	176
6	76
6	126
6	164
7	195
8	31
8	99
8	156
8	157
8	163
9	66
9	77
9	149
9	151
10	83
10	98
10	171
10	198
11	25
11	43
12	25
13	20
13	83
13	156
13	172
13	177
14	83
15	16
15	115
15	120
16	107
16	142
16	179
16	196
17	51
17	90
17	175
18	40
18	79
18	92
18	190
19	27
19	33
19	76
19	103
19	133
20	85
20	107
20	111
20	148
20	157
21	80
21	136
21	157
22	30
22	58
22	174
23	97
23	122
23	187
23	193
23	194
24	53
24	59
24	71
24	139
25	56
25	92
25	105
25	133
25	177
25	182
26	32
27	65
27	83
27	89
27	158
28	30
28	47
28	74
29	109
29	131
30	61
30	96
30	108
30	132
31	141
32	45
32	101
32	105
32	144
33	135
34	52
34	87
34	108
34	118
34	134
34	136
34	174
34	186
35	51
35	61
35	79
35	88
35	92
36	115
36	128
36	170
36	181
37	107
37	112
37	174
38	132
38	187
39	108
39	131
41	74
41	97
41	108
41	118
41	161
42	77
42	107
43	51
43	75
43	84
43	95
43	119
44	60
44	186
44	191
44	192
45	132
45	165
46	184
47	179
48	84
48	113
49	55
49	61
49	139
49	193
50	69
50	70
50	81
50	85
50	133
51	58
51	64
51	76
51	91
51	109
51	121
51	139
51	155
51	164
52	103
52	109
52	120
52	180
53	68
53	128
53	163
54	154
54	169
55	60
55	143
55	177
55	190
56	84
56	129
56	158
56	188
57	73
58	63
58	67
58	133
58	197
59	89
60	134
60	155
60	167
60	178
60	194
60	199
61	126
61	171
61	184
62	113
62	167
63	102
63	133
63	164
63	169
64	144
64	170
64	195
65	141
67	69
67	73
67	97
67	127
67	162
67	163
68	74
68	78
68	82
68	185
69	185
70	103
70	178
71	136
71	153
71	198
72	81
72	106
73	124
73	142
73	174
73	180
76	121
76	159
76	173
76	188
77	129
78	108
78	127
78	148
78	175
79	135
79	165
79	181
80	104
81	142
82	126
84	85
84	90
84	156
84	157
85	95
85	162
86	178
87	151
88	93
88	95
88	178
88	195
90	198
91	159
92	164
92	169
92	176
92	185
93	169
93	175
94	105
95	131
96	156
96	169
96	174
97	103
97	117
98	104
98	136
98	155
98	174
98	190
99	141
99	185
100	171
101	109
101	144
101	152
101	174
102	120
104	105
104	170
105	107
105	138
105	191
107	155
107	167
108	110
108	121
108	182
109	180
112	117
114	147
115	132
116	165
117	136
117	169
119	128
119	194
120	133
120	174
121	193
122	188
122	199
123	139
123	156
123	175
124	139
124	165
124	182
124	198
125	155
125	160
125	161
125	176
125	185
126	157
126	162
129	138
129	148
130	139
130	149
131	176
131	184
131	186
131	192
132	167
133	137
136	165
136	185
137	179
137	194
138	140
138	156
139	141
139	177
139	195
140	173
140	184
141	167
144	163
144	186
145	183
145	199
146	149
148	150
154	167
154	187
156	164
156	195
157	170
157	189
158	189
158	196
161	181
162	190
164	169
164	184
165	193
168	178
168	196
170	190
175	184
177	192
180	184
183	199
185	191
190	192