0	75
0	76
1	23
1	27
1	60
1	73
1	80
2	15
2	56
2	69
2	177
3	6
3	73
3	118
3	130
4	22
4	27
4	108
4	114
5	14
5	72
5	97
5	166
5	174
5	179
6	15
6	53
6	82
6	100
6	108
6	115
6	147
6	148
6	150
6	158
7	22
7	25
7	96
8	52
8	96
8	168
9	136
10	64
10	67
10	84
10	89
10	112
10	119
10	194
10	196
11	70
11	183
12	58
12	121
13	48
13	94
13	133
13	175
14	44
14	47
14	124
14	187
15	26
15	109
15	117
15	177
15	190
16	42
16	123
16	177
16	187
17	45
17	174
18	21
18	41
18	109
18	128
18	154
18	157
18	187
19	51
19	91
19	110
19	129
19	152
19	155
20	94
20	110
20	138
20	164
21	58
21	85
21	102
21	106
21	140
22	81
22	112
22	130
22	144
22	182
23	75
23	91
23	125
23	168
23	171
23	192
24	123
24	132
24	145
24	147
25	33
25	59
25	118
25	184
25	194
26	151
26	190
27	70
27	104
27	112
27	114
27	130
28	42
28	167
29	33
29	79
29	89
29	100
29	154
29	165
30	170
30	179
31	39
31	61
32	57
32	108
32	155
33	142
33	148
33	150
33	190
33	195
34	87
34	105
34	140
34	162
35	72
35	140
35	150
35	167
36	89
36	164
36	177
37	73
37	78
38	41
38	79
38	145
39	133
39	145
39	190
40	110
41	43
41	62
42	94
42	97
42	137
42	157
43	53
44	82
44	187
45	56
45	122
46	91
46	100
47	87
47	89
47	121
47	181
48	130
48	152
49	91
49	141
49	149
49	165
50	138
50	189
51	106
51	117
51	123
51	196
52	82
52	113
52	114
52	115
52	187
52	188
52	196
53	126
53	138
53	147
54	100
54	167
54	192
55	87
55	95
55	146
55	186
56	76
56	99
56	120
56	132
56	160
56	197
57	93
57	169
57	174
57	180
59	143
59	147
59	165
59	195
60	118
60	144
60	148
61	70
61	143
61	148
62	81
63	154
63	173
63	180
63	184
63	193
64	90
64	161
65	135
65	168
66	77
67	131
67	140
68	78
68	109
68	156
68	164
68	175
68	197
69	92
69	100
71	127
72	77
72	80
72	176
73	76
73	101
73	120
73	176
73	181
73	192
73	196
74	124
74	162
74	176
76	162
77	83
77	122
77	175
78	137
78	189
79	177
79	180
80	123
81	108
81	155
81	186
82	153
82	154
82	156
82	168
82	173
82	192
83	136
84	137
84	141
84	147
85	100
85	113
85	129
86	114
87	161
87	188
88	174
88	189
89	102
89	112
89	143
90	119
90	138
91	128
91	167
91	170
92	111
92	148
93	137
94	113
94	134
94	180
95	103
95	159
98	198
99	109
99	118
99	142
100	145
100	167
101	146
101	154
101	175
101	177
101	180
101	187
101	192
103	128
103	170
103	173
103	187
105	196
105	197
106	154
107	108
107	116
107	125
107	138
108	195
109	175
110	111
110	115
110	181
110	187
111	180
111	193
112	187
114	139
115	119
115	125
115	158
115	189
119	133
120	194
121	125
121	137
122	148
123	140
124	189
125	137
125	140
125	156
128	163
129	176
132	182
133	142
133	152
133	188
134	188
136	144
137	177
137	178
138	142
138	182
138	185
140	172
140	197
141	143
141	191
142	157
144	150
145	194
147	177
148	171
148	182
149	181
149	191
150	186
152	156
152	191
153	174
153	197
154	191
154	195
158	171
158	180
160	177
160	189
161	197
168	177
169	174
170	189
170	194
175	184
175	198
177	187
177	199
186	198