0	23
0	44
0	78
0	113
0	115
0	158
0	161
0	178
1	40
1	43
1	49
1	78
1	130
1	134
2	141
2	143
2	170
2	175
3	58
3	139
3	175
4	101
4	135
5	17
5	71
5	109
5	123
5	129
5	177
6	19
6	74
6	105
6	178
7	113
7	122
7	155
8	111
8	131
8	171
9	77
9	111
9	156
10	25
10	104
10	172
11	82
11	103
11	182
12	83
12	105
12	132
12	152
12	160
13	39
13	175
14	138
15	31
15	47
15	101
15	155
16	85
16	97
16	186
16	190
17	95
18	161
19	116
19	141
20	48
21	61
21	108
21	124
21	195
22	119
22	199
23	83
24	38
24	53
24	65
24	100
24	174
25	42
25	46
25	55
25	103
25	112
26	64
27	185
28	119
28	144
29	30
29	144
29	153
30	50
30	84
30	106
30	180
31	36
31	55
31	59
31	71
31	82
31	128
32	80
32	180
33	112
33	186
34	78
34	162
35	76
35	146
35	179
36	132
36	148
36	162
37	93
37	97
37	192
38	54
38	94
38	99
38	155
38	179
39	50
39	64
39	79
39	190
40	46
40	79
41	74
41	146
41	193
42	61
42	191
43	51
43	55
43	127
43	190
44	47
44	66
44	113
44	147
44	159
44	175
45	154
46	110
46	179
47	83
47	140
48	64
48	94
48	102
48	146
48	167
49	109
49	139
49	191
50	71
50	127
50	171
51	192
52	152
53	63
53	119
53	149
54	71
54	83
54	160
55	59
55	149
55	155
55	172
55	197
56	78
57	69
57	197
57	198
58	105
59	70
59	92
59	114
60	134
60	177
61	63
61	89
61	108
61	153
62	75
62	93
62	173
63	139
63	153
64	72
64	98
64	119
64	154
64	156
64	194
65	80
65	90
65	125
65	138
65	145
66	92
66	128
66	153
66	168
67	89
67	93
67	94
68	154
68	194
69	93
70	89
70	102
71	122
72	92
72	197
73	145
73	169
73	192
73	198
73	199
74	75
74	116
74	122
75	84
75	171
76	147
76	164
77	86
77	114
77	157
77	171
78	89
78	115
78	120
78	122
79	81
79	107
79	164
79	165
79	185
80	158
80	186
81	95
81	123
81	125
81	133
82	125
82	128
82	133
82	137
82	196
83	154
83	172
83	190
84	165
84	167
84	191
85	93
85	102
86	118
86	119
86	130
86	136
87	113
87	179
88	126
88	130
88	147
89	126
89	174
89	179
89	188
90	113
90	123
90	165
91	94
92	129
92	169
92	183
93	99
93	119
93	161
94	107
94	115
95	138
95	148
96	154
96	159
97	148
97	152
98	103
98	137
99	188
100	104
100	194
102	118
102	151
102	183
102	194
103	114
103	141
103	157
103	181
105	134
105	135
105	156
105	162
107	126
107	143
107	170
109	121
109	170
110	140
110	173
110	186
110	195
111	141
111	142
111	165
111	167
112	131
112	183
113	119
114	165
115	149
115	165
116	158
117	152
118	137
118	140
118	141
119	141
119	158
120	155
120	157
120	171
121	165
122	154
123	164
124	140
124	189
125	163
126	131
127	170
127	194
128	143
131	167
131	196
132	182
133	141
134	164
134	168
134	187
135	166
136	170
138	140
139	183
140	180
143	148
143	159
143	165
143	168
143	179
144	166
144	194
145	166
145	172
145	196
146	151
146	169
146	181
147	174
149	175
149	191
149	192
150	154
152	182
153	182
154	178
156	171
156	178
157	189
158	181
158	186
164	190
167	187
168	169
169	190
170	183
173	179
173	187
175	176
177	190
177	196
179	199
180	197
183	186
184	185
185	188
191	196
193	197