0	42
0	84
0	143
0	146
0	195
1	51
1	87
1	161
1	199
2	43
2	165
3	26
3	59
3	73
3	102
3	176
4	21
4	160
4	187
4	195
5	91
5	191
6	124
6	145
6	175
7	151
7	173
7	189
8	56
8	58
8	174
9	90
9	124
9	139
9	140
9	152
9	199
10	90
10	115
10	175
10	188
11	125
11	135
11	138
12	35
13	23
13	49
13	50
13	81
13	113
13	129
13	179
13	181
14	56
14	64
14	119
14	127
14	153
14	157
15	32
15	145
16	73
17	182
18	193
19	143
20	38
20	41
20	109
21	183
22	29
22	57
22	109
22	116
22	175
22	186
23	40
23	162
23	184
24	112
25	28
25	58
25	63
25	90
25	168
26	68
26	78
26	112
26	153
27	89
27	92
27	196
28	31
28	38
28	46
28	119
28	144
29	62
29	73
29	132
29	138
29	144
29	174
30	69
30	92
30	148
30	159
30	171
30	172
31	115
31	120
32	40
32	180
32	198
33	43
33	154
34	67
34	103
34	107
34	184
35	114
35	160
36	103
36	116
36	125
36	141
36	169
37	47
37	79
37	105
37	156
37	185
38	93
39	64
39	83
39	129
40	54
41	150
42	54
42	107
42	142
43	88
43	144
43	162
44	100
45	86
45	170
45	198
46	47
46	61
46	115
46	148
46	164
47	76
47	90
47	92
47	110
47	122
47	183
47	198
48	140
48	159
48	182
49	65
49	166
50	160
50	170
51	73
51	88
51	126
51	171
52	90
53	69
53	76
53	154
53	173
54	80
54	150
54	183
55	56
55	123
56	66
56	107
56	126
56	193
57	67
57	76
57	104
57	136
57	178
57	188
57	193
58	68
58	134
58	155
59	76
59	78
59	82
59	108
59	111
59	113
59	158
59	175
60	69
61	159
62	74
62	91
62	123
62	132
62	135
62	159
62	168
62	170
63	149
64	155
64	184
65	107
65	108
65	184
66	120
67	96
67	112
67	162
67	169
68	70
68	94
68	196
69	72
69	172
70	90
70	117
70	170
70	176
70	199
71	193
72	130
73	94
73	133
73	135
73	179
74	170
75	79
75	127
77	128
78	123
79	136
79	157
80	87
80	113
81	94
81	100
81	120
83	197
84	108
84	127
85	99
85	113
85	134
87	102
87	151
87	181
87	190
88	150
88	164
89	167
89	170
90	113
90	198
91	161
92	103
92	156
92	191
93	97
94	97
94	140
95	123
95	172
95	177
95	195
98	139
99	114
100	138
101	115
101	143
101	198
102	150
103	165
103	191
105	115
106	162
108	120
108	136
109	164
110	149
110	153
112	124
112	194
113	138
113	147
113	155
114	190
115	119
115	193
116	164
117	177
118	119
118	198
119	166
120	131
120	140
120	153
121	150
121	164
121	185
122	161
123	148
124	126
124	156
124	166
124	185
125	127
125	158
127	198
128	160
128	193
129	144
129	155
129	156
130	138
130	180
130	197
131	170
132	134
132	150
132	162
132	163
133	199
134	136
135	144
136	175
136	195
137	176
138	179
140	196
141	163
141	192
144	191
145	166
146	170
147	154
148	180
148	181
148	185
151	165
151	177
152	164
152	183
153	163
154	165
154	182
156	194
157	174
158	191
159	168
163	188
164	170
164	197
165	174
167	172
168	199
174	176
181	195
184	185
186	195
187	192