0	32
0	54
1	18
1	19
1	43
1	180
2	17
2	58
3	26
4	29
4	30
4	44
4	73
4	123
4	140
4	166
4	167
5	143
5	163
6	78
6	122
6	146
7	34
7	86
7	89
7	138
7	156
7	159
7	164
7	180
7	189
7	192
8	14
8	16
9	20
9	36
9	107
9	126
9	132
9	150
10	107
10	180
10	182
10	189
11	85
11	111
11	126
11	152
11	153
12	87
12	138
13	36
13	55
13	63
13	125
13	131
14	32
14	33
14	72
14	175
14	179
14	186
15	25
15	87
16	52
16	64
16	99
16	110
16	133
16	147
17	24
17	79
17	176
18	44
19	67
19	86
20	45
21	42
21	109
22	32
22	80
22	95
22	169
22	182
22	187
23	81
23	113
23	137
23	199
24	38
24	77
24	79
24	131
24	133
24	166
25	30
25	162
26	127
26	174
26	184
27	94
27	137
27	152
28	30
29	39
29	41
29	137
29	169
29	179
29	195
30	78
30	196
31	42
31	90
31	152
31	191
32	85
32	112
32	167
32	186
34	43
34	161
35	38
35	70
35	125
35	142
36	43
36	121
37	59
37	143
37	150
38	121
39	138
40	81
40	107
40	126
40	135
40	137
41	46
41	133
42	155
42	170
43	59
43	102
43	108
43	116
43	168
44	154
45	48
45	175
46	71
46	186
47	48
47	57
47	132
47	190
48	80
49	121
49	160
49	185
50	169
51	71
51	84
51	110
52	90
52	114
52	123
52	184
53	65
53	130
54	171
54	194
54	199
55	132
55	169
56	93
56	128
57	149
58	107
58	126
58	163
59	77
59	79
59	84
59	134
59	156
60	84
60	140
61	75
61	128
62	117
62	120
63	83
63	108
64	99
64	102
64	130
64	156
64	173
66	115
67	132
68	160
68	197
69	138
69	174
69	191
70	111
70	170
70	189
71	163
71	184
71	191
72	109
73	93
73	135
74	136
74	158
74	198
75	146
75	148
75	170
75	182
75	194
76	143
77	93
77	120
77	139
77	197
78	93
78	103
78	115
78	119
78	139
78	184
78	191
79	121
79	136
79	137
79	187
80	112
81	133
81	185
82	120
82	196
83	87
83	89
83	98
83	155
84	125
85	138
85	190
86	118
86	153
87	89
88	114
88	191
89	116
91	183
91	194
92	95
92	102
92	136
93	102
93	108
94	111
94	163
96	114
96	135
96	184
96	187
97	115
97	176
98	166
100	128
101	117
101	157
102	106
102	133
102	136
103	125
103	134
103	139
104	151
105	128
105	132
105	156
105	171
105	176
105	184
107	133
107	182
107	184
109	178
111	132
112	145
113	116
113	156
115	177
115	178
116	151
117	161
118	175
118	185
119	130
122	144
123	133
123	146
123	176
124	154
125	158
125	165
126	191
129	131
129	143
129	151
129	169
129	184
130	173
131	149
131	184
132	156
132	161
132	175
133	193
134	140
134	142
134	176
137	183
138	149
140	197
141	160
141	166
142	198
144	167
144	194
146	189
147	186
149	190
152	161
153	177
155	156
155	194
158	199
163	184
164	187
165	175
165	188
167	182
168	182
168	196
169	181
172	195
178	190
180	192
188	194
189	191