0	43
0	106
0	133
0	160
0	180
1	55
1	58
1	142
1	144
2	3
2	63
2	73
2	146
2	156
3	6
3	146
3	190
4	28
4	116
4	127
4	133
5	34
5	92
5	109
5	110
5	166
6	18
6	113
6	138
6	143
6	160
6	187
7	23
7	45
7	81
7	104
8	33
8	79
8	81
9	16
9	100
9	169
9	180
10	42
10	73
10	120
10	124
11	27
11	80
11	98
11	153
11	164
12	62
12	145
12	197
13	17
13	45
14	41
14	51
14	151
14	182
14	185
14	191
15	106
16	94
16	146
16	150
16	158
16	165
16	173
16	192
17	136
18	22
18	145
18	146
19	61
19	83
19	87
19	179
20	58
20	109
20	116
21	23
21	37
21	87
21	89
21	122
21	175
22	91
22	155
22	161
22	162
23	49
23	179
24	91
24	141
25	143
25	149
25	150
25	169
26	47
26	58
26	115
26	157
27	40
27	44
27	80
28	29
28	68
28	84
28	124
29	33
29	150
30	92
30	160
31	45
31	97
31	166
32	39
32	74
32	167
32	194
33	55
33	71
33	129
34	110
34	150
34	183
34	194
35	117
35	158
35	172
36	52
36	70
36	120
36	143
37	42
37	57
37	92
37	146
37	157
37	166
37	197
38	58
38	76
38	107
38	165
39	119
39	128
39	159
39	196
40	72
40	198
41	43
41	115
42	46
42	165
42	176
42	195
43	64
43	74
43	132
43	178
44	99
44	109
44	126
44	187
45	95
45	148
45	179
46	165
46	178
47	70
47	75
47	131
48	119
48	135
48	171
49	139
50	78
51	87
51	122
52	75
52	152
52	188
53	91
53	111
53	114
53	118
53	146
54	190
55	101
55	178
55	193
55	197
56	66
57	185
57	192
58	71
58	103
59	125
60	92
60	155
61	64
61	107
61	185
61	192
61	195
61	196
62	181
63	156
63	167
64	109
64	115
64	191
64	194
65	132
65	169
66	102
66	105
66	115
66	190
67	95
67	182
68	76
68	85
68	92
68	116
68	118
68	122
68	123
68	144
69	145
70	134
70	143
70	146
70	183
70	190
70	196
72	179
74	109
74	138
74	153
74	192
76	107
77	112
77	179
78	155
78	164
78	188
79	110
79	135
80	88
80	123
81	136
81	187
82	84
82	89
82	111
82	152
82	185
83	90
83	195
84	142
84	188
85	161
86	116
86	195
87	157
88	90
88	111
89	103
89	129
90	133
91	121
91	186
92	105
92	137
92	145
92	146
93	132
93	158
93	188
94	151
94	156
94	161
94	164
95	97
95	188
96	112
96	139
96	177
97	110
97	126
98	121
98	125
98	178
98	189
99	138
100	115
100	179
101	102
101	109
102	183
102	184
103	147
103	161
104	151
105	160
105	190
106	144
106	169
108	186
109	147
109	170
111	115
111	144
112	126
112	180
112	187
113	125
113	140
113	163
114	121
114	133
115	145
115	164
115	179
116	129
116	135
118	137
120	161
120	166
120	170
120	171
120	172
120	179
121	152
121	176
122	151
123	166
123	195
124	133
124	137
124	190
126	178
126	184
128	198
129	182
130	179
130	187
130	191
132	160
133	183
134	154
134	167
135	178
136	170
136	197
137	139
138	143
139	161
140	172
140	197
141	199
142	144
142	145
143	157
144	161
146	163
146	188
147	151
148	155
152	197
153	158
153	183
154	189
155	175
159	172
167	168
169	183
169	185
170	178
174	182
175	198
176	185
179	188
182	196
186	199
190	192