0	23
0	39
0	47
0	77
0	103
1	72
1	74
1	99
2	55
2	83
2	186
2	197
3	53
3	83
3	125
3	180
4	105
4	198
5	37
5	43
5	52
5	142
6	25
6	66
6	87
6	115
6	182
7	31
7	32
7	62
7	87
7	106
7	182
8	171
9	140
9	191
10	163
11	138
11	180
11	183
12	35
12	65
12	81
12	106
12	126
13	20
13	39
13	50
13	54
13	57
13	79
13	94
13	137
13	173
14	80
14	93
14	144
14	167
15	78
15	117
15	147
16	116
16	127
16	165
16	177
17	23
17	161
18	92
19	167
20	35
20	51
20	62
20	64
20	175
20	178
21	28
21	30
21	130
21	146
21	181
21	190
22	63
23	87
23	106
23	195
24	132
24	184
24	193
25	37
25	140
25	155
26	99
26	195
27	41
27	45
27	64
27	115
28	51
28	82
28	160
29	83
29	106
29	125
29	168
30	36
30	68
30	74
30	116
30	140
30	156
31	133
31	159
31	183
32	86
32	160
33	127
34	58
34	164
35	56
35	86
35	114
35	175
35	179
35	180
36	134
36	167
36	172
36	184
37	124
37	138
37	157
37	185
37	195
38	61
38	71
38	79
38	89
38	149
39	78
39	101
39	116
39	142
39	147
39	166
40	76
40	108
40	120
40	158
41	94
41	139
41	141
42	84
42	139
42	155
42	174
42	177
43	92
43	105
43	115
43	136
43	185
44	46
45	56
45	71
45	144
46	55
46	97
46	148
46	160
46	162
47	161
47	181
48	61
48	81
48	84
48	92
49	60
49	81
50	137
51	62
51	114
51	152
52	63
52	76
52	91
52	113
52	170
53	114
53	135
53	164
54	133
55	85
55	129
56	158
56	182
56	191
57	143
57	189
58	78
58	161
58	189
58	190
59	169
60	71
60	75
60	95
60	103
60	113
60	196
61	71
61	145
62	83
62	125
62	177
63	78
63	104
63	162
63	168
63	199
64	74
64	148
64	175
64	181
65	139
65	156
65	164
65	181
65	189
67	70
67	85
67	100
67	129
68	75
68	87
68	172
68	178
69	103
69	176
70	75
70	180
71	185
71	199
72	82
73	112
73	133
74	123
74	176
74	182
74	190
75	104
75	106
75	110
75	115
75	153
76	89
76	106
77	165
78	153
78	192
79	125
79	131
79	132
79	136
80	119
80	133
80	187
81	136
81	141
81	153
81	167
82	90
82	163
83	112
83	197
83	199
85	88
85	165
86	105
86	148
87	107
87	160
87	196
88	91
88	97
89	118
89	125
90	142
92	102
92	106
92	149
92	155
94	146
95	182
96	132
97	174
98	108
98	116
98	166
98	170
99	109
100	107
100	143
100	164
100	172
101	121
101	124
103	141
103	145
103	151
104	195
106	194
107	145
107	178
107	196
108	166
110	124
111	124
111	182
113	130
113	179
114	129
117	150
117	173
118	159
119	159
119	180
121	184
121	188
121	199
122	194
123	126
123	127
123	138
124	138
124	178
125	137
125	193
126	170
128	165
128	199
129	197
130	136
131	192
132	164
133	156
134	168
135	156
135	165
137	178
138	160
138	166
139	153
139	170
140	144
141	180
141	181
144	149
145	171
146	157
146	173
147	168
148	180
150	168
150	173
153	160
153	163
154	191
155	156
155	183
155	184
157	176
158	163
158	181
159	190
159	197
160	181
161	179
162	192
164	191
167	185
168	191
169	181
169	188
171	176
171	181
176	189
178	186
188	193