0	47
0	122
0	170
1	35
1	92
1	134
1	185
1	189
2	31
2	159
3	10
3	93
3	106
3	134
3	141
4	137
5	58
5	76
5	139
5	161
5	199
6	39
6	68
7	83
7	98
7	136
8	166
9	123
9	156
10	16
10	54
11	23
11	24
11	32
11	34
11	188
11	191
12	116
12	140
12	183
13	35
13	43
13	106
13	188
14	112
14	171
15	34
15	77
15	124
15	179
16	54
16	57
16	144
16	146
17	51
17	81
18	99
18	100
18	180
19	117
19	163
19	174
20	162
21	46
21	61
21	79
21	134
22	36
22	38
22	39
22	137
23	46
23	85
23	164
24	51
24	64
24	130
24	188
25	108
26	31
26	36
26	104
26	131
26	154
26	171
27	64
28	62
28	99
28	142
28	175
28	183
29	72
29	81
29	98
29	100
29	111
29	131
29	168
29	187
29	195
30	98
30	126
31	89
31	187
32	47
32	54
32	118
32	122
32	161
32	178
33	94
33	99
33	161
34	144
34	148
35	37
36	104
36	124
36	143
36	181
37	54
37	114
37	139
37	189
38	76
38	87
38	90
38	167
38	170
39	48
39	77
39	182
40	76
40	151
40	156
40	168
41	98
41	121
42	118
42	120
42	197
43	55
43	71
43	160
43	195
44	50
44	74
44	155
44	160
45	144
45	194
46	137
46	154
46	177
47	129
48	146
49	111
49	116
49	127
49	153
50	176
50	185
51	121
51	160
51	176
52	106
52	128
53	84
53	90
53	161
53	169
53	178
53	179
54	59
54	136
54	177
54	178
54	187
55	100
55	104
55	105
55	109
56	112
57	170
58	69
58	110
58	195
59	103
59	126
59	187
60	93
60	95
60	151
61	137
62	68
62	79
62	86
62	152
63	67
63	129
63	144
63	152
64	78
64	93
64	97
64	162
65	188
66	95
66	134
66	147
66	160
67	80
67	115
67	163
68	74
68	169
69	170
70	98
70	110
70	122
70	140
70	149
70	150
70	160
70	169
70	186
71	86
71	94
71	135
71	144
71	177
71	190
72	75
73	116
73	183
74	89
74	182
76	180
77	140
78	116
78	198
79	105
79	156
79	182
80	124
80	139
81	107
81	123
81	169
81	192
81	196
82	122
83	133
84	93
84	115
84	125
84	130
84	136
84	137
84	149
84	154
85	128
85	130
85	171
86	110
86	140
86	185
87	128
87	133
87	140
87	165
88	96
89	116
89	124
89	137
89	179
90	95
90	141
91	99
91	170
92	106
92	168
92	186
93	134
93	170
93	196
94	115
94	147
95	152
97	145
98	126
98	132
98	155
99	108
99	116
99	178
100	115
100	117
100	152
101	129
102	156
103	179
104	167
104	178
104	192
106	117
106	120
106	165
107	124
107	130
107	145
110	144
111	123
111	138
111	148
112	122
112	134
112	199
113	130
113	137
113	149
115	140
115	180
115	194
116	144
117	154
118	119
118	146
118	160
118	187
119	133
119	174
119	198
121	190
122	162
124	133
124	144
125	144
126	127
126	132
126	135
126	157
128	130
128	194
129	145
129	146
131	140
131	155
131	156
131	158
131	187
132	153
133	142
133	158
134	198
135	142
136	149
136	151
136	172
136	187
138	140
138	171
140	160
142	146
142	149
142	178
142	195
143	162
144	169
144	189
146	165
147	164
148	163
149	150
149	152
151	189
152	186
153	163
153	196
154	186
157	181
159	198
160	173
160	191
161	168
161	170
163	186
163	196
164	195
168	173
171	174
171	184
176	178
176	194
177	197
180	198
181	194
182	186
186	197
188	195
191	193
191	198