0	5
0	23
0	60
0	122
0	125
0	165
1	54
1	75
1	138
1	154
1	160
2	3
2	149
4	9
4	66
4	69
4	88
4	101
4	154
5	43
5	181
6	33
6	46
7	8
7	14
7	38
7	110
7	135
7	148
7	185
8	77
8	98
9	93
9	126
9	159
10	18
10	31
10	152
10	188
11	71
11	107
11	124
12	99
12	132
12	159
13	20
13	158
14	15
14	84
14	187
15	73
15	172
15	191
16	122
16	171
17	19
17	75
17	168
18	22
18	164
18	169
18	178
19	21
19	27
19	56
19	136
19	193
20	36
20	73
20	77
20	182
20	193
21	42
21	69
21	120
21	125
22	36
22	63
22	66
22	91
22	169
22	198
23	38
23	80
23	158
24	48
24	91
24	165
25	74
26	28
26	82
26	112
26	164
27	127
27	131
27	134
27	195
28	31
28	148
29	53
29	95
29	140
30	86
30	96
30	133
30	145
31	111
31	115
31	152
31	177
32	111
32	142
32	159
33	80
33	84
33	116
33	139
33	164
34	103
34	122
35	53
35	58
35	75
35	93
35	101
35	113
35	127
35	130
35	167
36	50
36	96
37	43
38	70
38	151
38	167
38	176
38	179
39	89
39	110
39	142
39	145
40	132
40	144
40	147
40	174
41	93
41	198
42	43
42	186
43	70
43	118
43	133
44	47
44	79
44	145
45	52
45	92
45	93
45	111
45	161
45	178
45	187
45	191
46	56
46	125
46	133
46	141
47	96
48	49
48	62
48	77
48	91
48	122
48	198
49	54
49	68
49	186
50	179
51	143
51	172
51	175
52	69
52	119
53	65
53	104
53	124
53	132
54	70
54	126
54	139
54	155
55	73
55	189
55	196
56	57
56	90
56	123
56	142
56	175
56	195
56	196
58	145
58	195
59	62
59	83
59	102
59	150
59	152
60	69
60	139
60	144
60	193
61	90
61	195
62	69
63	66
63	118
63	165
64	157
64	168
64	170
64	176
65	198
66	77
66	134
66	142
66	191
67	124
68	90
68	142
69	93
69	139
69	149
69	172
70	82
70	178
71	103
71	152
72	73
72	152
72	154
73	109
73	113
73	160
74	104
74	107
74	109
74	112
74	147
74	153
74	174
74	193
75	86
75	125
76	176
77	104
78	161
78	197
79	188
80	89
80	179
80	183
81	192
82	130
82	158
82	191
83	88
83	104
83	159
84	121
84	179
85	87
85	90
85	105
86	146
87	108
87	120
87	140
87	177
87	199
88	96
89	133
89	150
94	179
94	181
95	179
96	102
96	106
96	172
96	193
97	101
98	104
98	139
98	158
98	182
99	160
99	164
99	185
100	114
100	148
100	193
101	142
102	107
102	121
102	162
103	197
107	114
107	118
109	131
109	187
110	127
110	144
110	163
110	193
111	117
112	131
112	161
113	134
114	172
115	128
115	185
115	190
116	151
117	173
119	130
119	190
120	156
121	157
121	196
122	137
123	152
123	154
123	167
123	185
124	180
125	130
126	128
126	136
126	143
127	155
127	197
129	131
130	133
130	188
131	175
135	178
136	149
136	160
139	163
139	168
140	170
142	189
143	193
145	165
147	180
149	160
149	172
151	188
153	185
154	191
156	178
156	191
157	166
159	199
160	186
161	176
162	194
163	179
167	170
167	175
170	174
173	190
174	199
177	196
179	183
179	193
184	196
184	197