0	72
1	14
1	28
2	17
2	30
2	35
2	36
2	47
2	49
2	87
2	97
3	14
3	19
3	70
3	79
3	83
4	77
4	92
5	52
6	7
6	48
7	33
7	89
7	91
8	34
8	85
8	94
9	31
9	35
9	44
9	46
9	51
9	94
10	41
10	71
10	95
11	13
11	58
12	13
12	16
12	19
12	38
12	39
12	47
13	99
14	55
14	63
15	28
15	32
15	35
15	52
15	65
15	97
15	99
16	19
16	33
16	36
16	38
16	68
16	97
17	30
17	38
17	42
17	44
17	81
18	52
18	58
18	83
18	86
19	62
19	65
19	71
20	26
20	41
21	32
21	33
21	44
21	73
21	78
21	82
21	84
21	87
22	95
23	34
24	32
24	61
24	92
25	52
25	67
26	89
26	90
27	45
27	71
28	76
29	94
29	98
30	56
31	41
32	61
32	88
33	39
33	81
33	84
34	53
34	64
34	74
34	82
35	59
35	90
36	45
36	61
36	65
36	76
37	58
38	51
39	46
39	73
39	85
40	59
41	42
41	79
41	83
41	91
42	44
42	56
43	47
44	66
44	81
45	48
45	68
46	72
46	91
47	70
47	72
48	52
49	80
49	92
50	70
50	82
51	93
52	63
52	67
52	99
53	56
53	59
54	61
56	61
56	73
56	85
57	58
57	85
58	71
58	95
59	71
59	94
60	80
60	86
60	89
62	66
62	90
63	85
64	99
65	79
65	80
65	87
66	75
66	87
68	78
69	78
70	87
70	93
70	96
72	78
72	83
72	94
72	99
73	92
74	89
75	99
77	88
78	94
80	87
81	82
84	99
90	97