0	6
0	42
0	62
0	71
0	88
1	21
1	24
1	42
1	51
1	65
1	92
2	3
2	10
2	28
2	32
2	34
2	79
2	87
2	95
3	54
4	11
4	53
4	75
4	76
5	6
6	7
6	11
6	35
6	63
7	24
7	32
7	37
7	43
7	48
7	52
7	60
7	61
7	71
7	75
7	92
8	74
9	30
9	40
9	73
10	42
10	58
10	60
10	76
10	81
10	94
10	98
11	44
11	95
12	29
12	41
12	56
12	75
12	76
12	97
13	59
14	42
14	61
14	63
14	90
15	21
15	30
15	93
16	41
16	67
16	96
16	98
17	51
18	57
19	51
19	60
20	77
21	41
21	50
21	53
21	84
21	90
21	94
22	50
22	83
23	62
23	75
24	39
24	64
25	42
25	62
25	68
25	83
25	84
26	41
27	64
27	75
27	85
28	34
28	49
29	75
29	82
30	37
30	98
31	70
31	71
31	90
31	96
32	38
32	91
33	43
33	53
33	60
33	69
33	76
33	89
34	62
34	73
34	97
35	57
35	85
35	94
36	95
36	98
37	50
37	79
39	63
39	77
41	51
41	99
43	94
44	58
44	96
45	56
45	69
45	73
46	47
46	61
46	68
46	75
47	51
47	75
48	67
48	71
49	57
49	60
50	84
50	93
51	68
51	94
52	63
52	80
52	84
53	87
54	78
54	85
55	79
56	84
57	82
57	85
57	94
58	67
59	68
59	73
59	85
60	63
60	65
61	98
64	80
64	93
65	95
66	76
67	96
68	80
68	97
69	85
70	80
70	81
70	84
70	91
72	90
73	94
73	98
75	90
76	79
77	86
79	87
80	85
83	84
86	94
89	93
97	98