0	6
0	8
0	75
0	81
1	21
1	22
1	23
1	65
1	66
1	83
2	11
2	52
2	53
2	54
2	67
2	68
2	72
2	99
3	28
3	32
3	52
3	62
3	64
3	83
4	7
4	9
4	42
4	64
4	70
4	91
4	92
5	76
5	79
5	84
6	25
6	56
7	18
7	40
7	43
8	18
8	29
8	50
8	68
9	32
9	33
10	47
11	21
11	28
11	56
11	72
12	28
13	48
13	95
14	20
14	21
14	41
14	97
15	17
15	25
15	49
16	34
16	67
16	73
16	93
17	32
17	35
17	54
17	55
17	66
17	93
18	67
19	42
19	48
19	59
19	85
19	90
19	91
20	38
20	46
20	50
20	67
20	72
20	76
21	25
21	28
21	79
21	81
21	83
21	86
22	34
22	59
22	92
23	30
24	93
24	94
24	98
25	35
25	45
25	55
26	50
27	65
29	44
29	60
29	87
29	91
29	95
31	36
31	57
32	37
32	54
33	51
33	98
34	82
34	97
35	52
35	77
36	48
36	86
37	75
37	77
37	88
37	92
38	74
38	86
39	84
39	93
40	44
40	58
41	70
41	78
41	83
41	98
42	56
42	71
42	75
42	79
43	53
43	56
44	60
44	65
44	88
44	95
46	54
46	88
48	51
48	93
49	51
49	94
51	63
51	64
51	87
52	59
53	65
53	88
53	99
54	72
54	84
55	94
56	69
57	90
58	91
60	76
60	94
60	95
61	84
62	77
62	86
63	70
64	65
64	80
65	92
68	96
69	76
69	79
70	73
70	97
71	86
75	84
75	87
75	90
79	90
79	98
82	96
82	97
83	84
87	89
88	89