0	13
0	23
0	26
0	39
0	47
0	73
1	5
1	6
1	38
1	41
1	78
1	88
2	52
2	86
3	6
3	29
3	38
3	60
3	64
3	84
4	53
4	69
4	75
4	86
5	27
5	35
5	38
5	39
5	53
5	87
5	96
6	12
6	17
6	36
6	52
6	78
7	10
7	49
7	55
7	76
8	52
8	69
8	73
8	75
8	78
8	97
9	20
9	28
9	30
9	40
9	54
9	72
9	82
9	97
10	22
10	24
10	25
10	28
10	30
10	45
10	79
11	25
11	88
11	98
12	62
12	97
13	63
13	69
14	17
14	31
14	44
14	75
14	81
14	94
15	21
15	31
15	49
15	52
15	66
16	43
16	59
16	62
16	77
17	39
17	84
18	54
18	62
18	66
19	28
20	33
20	39
22	34
22	71
22	90
22	91
23	67
24	36
24	57
24	64
24	91
25	26
25	27
25	55
25	80
25	87
25	88
26	51
26	68
26	78
26	84
26	89
26	99
27	59
27	67
27	94
28	42
28	68
28	71
28	85
29	44
29	53
29	63
30	31
30	48
30	86
31	52
31	53
31	61
31	71
31	72
31	88
31	94
31	98
32	85
33	68
33	93
34	38
35	50
36	65
36	83
36	88
36	99
37	39
37	96
38	43
38	76
38	78
38	88
38	91
38	95
39	52
39	57
39	68
39	84
40	44
40	50
40	54
40	87
41	95
42	72
43	67
43	81
43	86
43	90
44	63
44	72
45	78
46	63
46	67
46	73
48	53
48	66
51	67
53	68
53	88
54	73
55	78
55	88
56	65
57	72
57	99
58	75
58	79
59	73
60	74
60	83
61	98
62	70
63	98
65	90
65	92
66	97
67	86
67	89
68	80
70	72
70	74
72	77
73	93
75	85
75	92
76	77
76	85
77	85
78	96
79	93
80	94
80	97
84	86
84	97
87	96
91	96
93	95