0	35
0	96
1	28
1	55
1	57
1	62
2	39
2	42
2	75
2	86
3	5
3	19
3	97
4	22
4	23
4	26
4	35
4	37
4	39
4	46
4	67
5	11
5	30
5	65
5	84
6	12
6	26
6	32
6	46
6	94
7	61
7	91
8	19
8	77
8	89
9	66
9	69
10	13
10	41
10	51
10	84
10	86
10	93
10	97
11	35
11	48
11	67
12	18
12	93
13	14
13	17
13	29
13	54
13	57
13	85
14	90
14	94
15	16
15	34
15	66
15	67
15	72
15	77
15	86
17	82
18	49
18	82
19	56
19	88
20	28
20	80
20	86
20	93
21	46
21	86
22	34
22	58
23	32
23	66
24	41
24	82
24	83
25	54
26	64
26	71
26	83
26	96
26	97
27	32
27	41
27	89
28	29
28	61
29	44
29	45
29	59
29	66
30	83
31	33
31	61
31	88
32	38
32	39
32	86
32	90
33	99
34	50
34	63
34	66
34	78
35	56
35	80
35	98
36	48
36	52
36	74
36	89
36	97
37	76
38	90
38	97
39	49
39	51
39	56
40	54
40	65
41	58
41	77
42	58
42	92
43	74
43	86
44	98
45	83
46	58
46	87
46	92
47	63
47	91
48	86
49	65
50	72
50	74
50	80
51	85
52	56
52	63
52	79
53	54
54	85
55	85
55	94
55	98
56	76
57	64
57	66
58	59
58	64
58	84
58	88
58	95
58	97
60	67
60	90
61	80
61	87
61	91
62	97
63	64
63	70
63	78
64	75
65	90
66	99
67	83
67	95
68	78
69	88
69	89
70	71
70	93
71	77
73	91
75	78
78	90
81	82
83	93
84	85
84	88
87	97
95	99