0	11
0	30
0	47
0	73
0	96
1	36
1	52
1	67
2	17
2	72
2	98
3	91
4	18
4	74
4	76
4	87
4	98
5	57
5	64
5	81
6	48
7	24
7	46
7	60
7	61
7	94
7	98
8	16
8	24
8	28
8	46
8	70
8	71
8	81
8	91
9	17
10	64
10	82
10	86
10	89
11	21
11	25
11	43
11	54
12	36
12	56
13	14
13	43
13	77
13	82
13	85
13	86
13	88
14	21
14	42
15	49
15	83
15	86
15	97
16	26
16	44
16	66
16	77
17	20
17	27
17	38
17	80
18	27
18	71
19	68
20	32
20	40
20	47
20	57
20	94
21	35
21	40
21	47
22	31
22	34
22	42
22	59
22	88
23	30
23	57
23	71
24	64
24	70
25	55
25	69
25	78
25	80
27	36
27	37
27	66
27	72
27	86
27	91
28	31
28	53
29	65
29	66
29	71
29	84
30	36
30	78
30	79
30	87
30	94
31	52
31	63
31	70
31	94
32	72
32	78
32	82
32	85
33	40
33	52
33	57
33	73
33	80
34	55
35	43
36	60
36	68
37	50
38	53
38	68
38	88
39	67
39	76
39	83
39	88
39	98
39	99
40	65
40	92
41	49
41	86
42	53
42	75
43	52
43	61
44	55
45	52
45	86
46	84
46	92
47	60
47	61
47	79
47	91
48	53
48	57
48	97
49	54
49	63
51	58
51	95
52	83
53	86
53	95
54	65
54	78
54	97
57	63
57	68
57	80
57	82
58	88
59	61
61	62
61	83
62	64
63	73
65	71
65	79
65	84
67	71
69	79
69	83
70	85
71	78
71	90
71	94
72	87
77	95
78	83
78	90
79	93
80	91
81	84
81	98
83	85
84	86
86	92