0	6
0	15
0	54
1	14
1	37
1	67
1	71
1	80
2	87
3	14
3	63
3	79
3	90
3	92
4	48
4	64
4	75
5	53
5	55
6	17
6	45
6	91
7	14
7	15
7	19
7	27
7	28
7	42
8	30
8	60
8	67
8	72
8	78
8	80
8	83
9	36
9	92
9	94
10	24
11	19
11	66
11	70
11	82
11	93
12	28
13	19
13	30
13	38
13	80
14	24
14	30
14	46
15	35
15	59
16	24
16	62
16	84
17	19
17	56
17	87
17	99
18	29
18	33
18	38
18	40
18	58
18	73
19	45
19	70
19	82
20	25
20	40
20	41
20	60
20	65
20	82
20	84
21	27
21	55
21	68
21	85
22	32
22	41
22	43
22	78
22	83
23	25
23	55
23	86
23	87
23	99
24	46
24	97
25	45
25	76
25	77
26	36
26	82
26	85
27	37
27	55
27	71
28	47
28	89
28	90
28	97
29	43
29	54
29	62
29	76
29	86
30	58
30	70
31	44
31	81
32	56
32	74
33	84
33	95
34	50
34	73
34	80
35	48
35	62
35	78
36	64
37	58
37	68
37	95
38	91
39	64
39	96
40	51
40	52
40	91
41	68
41	77
41	98
42	50
42	63
42	87
43	80
44	62
45	55
45	99
48	52
48	75
49	61
50	63
50	88
50	96
50	99
52	72
52	87
52	90
53	55
53	75
53	83
53	85
54	57
54	63
54	67
54	68
54	73
54	76
57	64
57	90
58	84
58	93
58	96
59	75
61	64
61	67
61	68
61	92
62	92
63	82
63	86
64	71
64	77
64	88
64	94
64	96
65	83
65	92
66	78
67	97
68	89
68	92
69	72
69	75
69	80
69	83
69	90
70	79
71	76
71	91
72	78
73	84
76	82
76	86
77	91
79	93
83	86
84	95
87	91
88	92
89	90
89	96
92	99
97	98