0	24
0	32
0	38
0	42
0	63
0	92
1	2
1	60
2	5
2	9
2	20
2	73
3	16
3	25
4	20
4	39
4	51
4	70
4	89
5	19
5	60
6	12
6	47
6	54
6	71
6	92
7	29
7	35
7	43
7	85
8	59
8	67
8	79
9	35
9	64
10	11
10	30
10	38
10	43
10	47
10	73
10	83
11	15
11	59
11	66
11	73
11	83
11	91
12	72
12	97
13	67
13	84
13	87
13	99
14	20
14	32
14	33
14	45
15	25
15	74
16	30
17	18
17	45
17	49
17	75
18	52
18	57
18	66
19	63
19	73
19	91
19	97
19	99
20	25
20	33
20	41
20	54
20	82
21	62
22	27
23	59
23	74
23	77
23	81
24	27
24	46
24	53
24	65
24	80
24	86
24	87
26	73
27	97
28	35
28	63
28	67
29	48
29	79
29	92
30	41
30	46
30	62
31	54
31	55
31	90
32	36
32	73
32	90
33	46
33	51
33	62
33	89
33	94
34	80
34	94
35	56
35	73
35	81
35	92
36	73
36	77
36	90
37	38
37	70
37	77
37	84
38	39
38	41
38	78
38	90
39	96
40	92
41	79
42	57
43	51
43	55
43	61
44	69
44	88
45	49
45	79
46	48
46	55
46	66
46	81
46	93
47	75
47	92
48	51
48	87
49	50
49	56
49	95
50	63
51	63
51	77
51	99
52	73
52	80
52	82
53	58
54	56
54	68
54	71
54	73
54	92
56	62
58	79
58	87
58	98
60	66
60	84
60	99
61	83
64	87
64	93
64	96
65	73
65	81
66	72
69	82
70	79
70	90
71	79
72	74
72	82
74	93
74	97
76	88
76	94
78	94
79	83
79	88
81	85
82	84
82	93
82	98
84	85
88	98
89	98
90	99
97	99