0	41
0	68
0	87
1	30
1	50
1	52
1	97
2	19
2	23
2	37
2	96
3	14
3	29
3	39
3	53
3	82
3	90
3	93
4	24
4	45
4	56
5	14
5	83
6	10
6	24
6	33
6	79
6	92
7	72
8	17
8	52
8	73
9	34
9	62
9	69
10	28
10	36
10	41
10	62
10	68
10	85
10	98
11	77
12	13
12	32
12	83
13	14
13	64
13	90
14	63
14	83
15	56
15	63
15	89
16	20
16	22
16	32
16	89
17	49
18	45
18	49
18	66
18	92
19	36
19	67
19	73
20	41
20	48
20	49
20	92
21	50
21	85
21	92
22	65
22	77
22	86
23	38
23	49
23	64
23	86
24	26
24	46
24	64
24	93
24	98
25	27
25	39
25	63
25	71
25	94
26	58
27	66
27	74
27	78
27	86
28	49
28	72
28	87
29	40
29	58
29	59
29	81
29	92
30	54
30	76
30	92
30	96
31	80
31	98
32	92
33	49
33	51
33	54
33	87
34	59
34	63
35	36
35	41
35	77
35	87
35	95
36	50
36	64
36	85
36	93
37	51
37	65
37	91
37	99
38	45
38	98
39	58
39	73
39	84
39	87
40	56
40	59
40	60
42	90
42	96
43	63
43	94
44	68
44	76
44	94
45	46
45	76
45	83
46	70
46	76
47	58
47	60
47	65
47	78
47	81
48	51
48	54
48	90
48	94
48	95
49	73
49	83
51	75
51	84
51	98
52	68
52	71
53	74
53	75
53	89
53	95
54	93
55	86
56	68
56	86
56	88
57	79
57	94
59	74
59	76
59	97
61	95
62	72
65	74
65	88
65	96
66	68
68	69
68	73
69	84
69	88
70	71
70	87
71	82
72	91
73	81
73	99
76	87
77	78
77	82
79	84
79	91
80	94
80	98
81	93
83	88
87	97
87	99