0	3
0	11
0	18
0	42
0	56
0	92
1	22
1	79
2	68
2	72
2	95
3	44
3	62
3	80
3	93
4	50
4	74
4	77
5	19
5	45
5	67
5	69
5	90
5	92
6	18
6	67
7	11
7	28
7	67
7	78
8	19
8	49
8	67
8	70
8	75
8	76
8	91
8	92
9	11
9	26
9	38
9	47
9	64
9	66
9	76
9	94
10	41
10	68
10	95
11	65
12	15
12	19
12	50
12	55
12	90
13	23
13	40
13	47
14	67
14	85
15	99
16	23
17	22
17	32
17	35
17	58
17	63
17	79
17	94
18	59
18	90
19	89
20	26
20	48
20	79
21	30
21	51
21	92
21	94
22	61
22	66
22	96
23	58
23	70
23	92
24	64
24	65
24	75
24	89
24	92
25	48
25	63
25	75
25	81
25	86
25	95
25	98
26	43
27	34
27	41
27	50
27	80
28	75
28	97
29	51
29	63
29	88
29	96
31	71
31	99
32	34
32	71
33	39
33	46
33	81
34	36
35	43
35	77
35	92
35	94
35	98
36	54
37	67
38	49
38	57
39	54
39	72
39	92
39	96
40	71
40	72
40	79
41	56
41	73
42	51
42	99
43	63
44	61
44	96
45	71
45	80
46	65
47	59
47	63
47	82
47	98
48	56
48	59
48	64
49	64
49	67
49	91
49	94
49	96
50	57
50	66
51	79
51	98
52	53
52	59
52	66
54	68
56	72
57	77
58	61
59	69
59	72
59	90
59	93
59	98
60	61
60	67
61	63
61	66
61	91
61	93
62	89
62	90
63	92
64	68
64	95
65	77
65	88
68	75
68	76
68	92
69	72
69	90
71	92
72	77
73	86
75	89
79	82
82	85
82	87
82	91
83	98
84	96
84	99
90	97
91	94