0	24
0	61
1	84
2	6
2	16
2	36
2	56
2	89
3	5
3	10
3	24
3	34
3	58
3	71
3	77
4	12
4	19
4	47
4	49
4	71
4	78
4	86
5	63
5	65
5	85
5	97
6	54
6	81
7	58
8	34
8	82
9	27
10	13
11	21
11	30
11	43
11	48
11	49
11	50
11	80
11	88
12	80
12	82
13	79
14	60
14	75
15	20
15	23
15	37
15	72
15	75
16	40
16	76
17	19
17	49
17	84
17	87
18	47
19	32
19	50
19	61
19	69
19	71
19	87
20	24
20	80
20	90
21	25
21	53
22	32
23	40
23	86
24	26
24	37
24	76
24	84
25	29
25	53
25	63
25	93
26	38
26	95
27	94
28	35
28	73
29	43
29	45
29	57
29	62
29	63
29	84
29	98
29	99
30	39
30	68
31	61
31	71
32	51
32	63
32	65
32	77
33	67
33	83
34	37
34	57
34	95
35	38
35	53
35	70
35	74
36	79
36	88
37	72
38	44
38	50
38	54
38	57
39	66
39	68
39	78
40	49
40	51
40	54
40	70
41	55
41	65
42	57
42	72
42	90
42	98
43	72
43	78
44	53
44	68
44	71
44	90
45	49
45	77
46	80
48	84
48	89
50	73
51	56
51	63
51	82
52	78
52	89
53	90
53	92
53	96
54	79
55	68
55	91
56	66
57	62
57	69
57	72
58	67
59	77
61	62
62	68
62	84
62	89
64	92
65	92
67	73
67	82
68	93
69	84
69	91
70	95
71	80
71	81
71	87
72	87
74	84
74	90
76	80
77	81
78	86
78	96
79	85
79	97
81	95
85	96
87	89
89	91
92	94