0	12
0	52
0	61
0	69
0	71
1	19
1	27
1	49
1	52
1	75
1	84
2	98
3	7
3	19
3	29
3	48
3	67
3	72
4	15
4	39
4	40
4	88
5	11
5	23
5	39
5	45
5	61
6	57
6	70
6	75
6	91
6	92
7	17
7	59
7	70
7	81
7	88
8	26
8	28
8	90
9	24
9	33
9	58
10	15
10	22
10	56
10	76
11	17
11	23
11	30
11	53
11	54
11	55
12	79
12	87
13	24
13	25
13	34
13	40
13	78
14	25
14	52
14	89
15	20
15	70
16	46
16	68
16	82
16	94
17	21
17	35
17	46
17	56
17	80
18	20
18	47
18	64
18	65
18	80
19	49
20	25
20	40
20	72
20	80
21	36
21	61
21	90
22	26
22	31
22	48
22	63
22	90
23	33
23	37
23	39
23	58
23	75
23	77
24	56
25	34
25	43
25	64
26	28
26	45
26	70
26	86
27	73
27	79
28	40
28	48
28	64
28	68
28	79
29	76
29	80
29	92
30	52
30	60
30	73
30	81
30	87
30	88
31	58
31	74
31	86
31	94
32	46
32	61
32	74
32	77
33	36
33	43
33	55
33	90
34	40
35	58
35	71
35	91
35	98
36	53
36	69
36	72
37	42
38	47
38	54
39	45
39	49
39	50
39	53
39	81
39	89
40	45
40	54
40	59
40	66
41	48
41	62
42	49
42	66
42	99
43	54
43	65
43	70
43	81
43	85
44	86
44	97
45	54
45	91
45	95
46	72
46	86
47	50
47	75
47	96
48	51
48	94
49	77
50	71
50	86
51	88
51	99
52	76
52	89
53	91
53	94
54	75
55	93
57	63
57	67
57	70
57	74
57	83
57	94
58	66
58	73
58	96
59	73
59	90
60	73
60	96
61	76
61	87
61	97
62	91
62	92
63	67
63	70
64	87
65	82
66	97
68	97
69	79
69	97
72	75
73	84
74	85
74	98
74	99
75	85
76	96
77	79
78	85
81	95
83	85
85	91
88	99
90	95