0	30
0	41
1	19
1	21
1	60
1	96
2	24
2	35
2	70
2	76
2	87
2	99
3	51
3	65
4	10
4	19
4	26
4	77
4	97
5	20
5	24
5	35
5	50
5	79
5	87
5	93
6	49
7	77
8	14
8	26
8	27
8	43
8	46
8	47
8	52
8	74
8	91
9	17
9	43
9	58
9	64
10	28
10	42
11	24
11	55
12	23
12	74
12	75
13	57
13	62
13	63
13	79
14	20
14	26
14	39
14	64
15	30
15	32
16	47
16	88
17	51
17	74
17	80
18	30
18	56
19	34
19	67
19	81
19	89
20	74
21	26
21	32
21	42
21	47
21	81
22	23
22	40
22	59
22	83
23	50
23	62
24	46
24	48
24	69
24	95
25	28
25	49
25	66
26	44
27	28
27	79
28	46
28	56
29	43
29	46
29	69
29	72
30	34
30	92
31	32
31	93
31	94
32	38
32	42
33	37
33	66
33	67
33	96
34	50
34	74
35	63
36	38
36	39
36	61
36	79
36	81
37	77
37	90
38	41
38	78
38	84
39	42
39	58
39	60
39	93
40	52
40	57
41	54
41	93
42	56
43	76
43	79
44	51
44	65
44	71
45	77
47	55
47	59
47	63
47	81
48	96
49	54
49	86
50	58
50	65
50	78
51	61
51	87
52	61
52	76
53	81
54	95
56	87
58	64
58	93
59	93
60	68
60	94
61	68
61	74
61	75
61	87
63	72
63	78
64	65
64	73
66	96
67	83
67	86
68	90
71	87
71	96
74	99
76	98
77	82
77	85
77	88
77	96
78	87
80	86
81	84
81	98
83	89
83	99
84	91
84	93
87	95
94	95
94	98