0	26
0	29
0	48
0	53
0	84
0	96
1	34
1	35
1	52
1	70
1	72
2	38
2	52
2	55
2	62
3	23
3	28
3	38
3	74
3	77
4	5
4	66
4	83
4	89
5	13
5	36
5	42
5	73
5	94
5	96
6	12
6	22
6	42
6	45
6	59
6	77
7	18
7	60
8	24
8	31
8	43
8	56
8	63
8	66
8	70
9	14
9	23
9	49
9	50
9	51
9	73
9	75
9	78
10	29
10	37
10	74
10	98
11	35
11	47
11	52
11	87
12	33
12	39
12	44
12	71
12	91
12	98
13	29
13	77
13	80
13	92
14	24
14	46
15	31
15	33
15	52
15	82
16	43
16	60
16	80
17	43
17	70
18	25
18	79
19	75
19	80
20	25
20	85
20	98
21	36
21	47
21	52
21	74
21	95
22	49
22	67
22	79
23	25
23	27
23	51
24	53
24	99
25	26
25	28
25	59
26	76
26	89
27	78
28	51
28	66
28	94
29	72
29	78
29	81
30	33
30	50
30	66
30	78
30	84
31	48
32	51
32	92
32	95
33	58
33	68
35	54
35	56
35	79
36	96
37	56
37	73
38	51
38	55
38	66
38	98
38	99
39	41
39	61
39	72
39	73
40	83
40	95
41	44
41	56
41	96
41	99
42	46
42	53
42	59
42	71
42	80
42	91
43	44
43	51
43	62
44	82
46	49
46	57
46	61
46	72
47	97
48	63
48	74
48	77
48	91
48	94
49	90
50	61
50	81
50	92
51	64
52	84
52	99
55	72
55	93
55	99
56	79
59	93
59	96
61	71
62	69
63	77
63	84
65	71
65	83
66	79
69	87
70	81
76	98
76	99
77	84
77	94
77	97
79	80
79	94
86	91
87	89
87	94
88	93
92	97