0	29
0	82
0	98
1	77
1	88
2	9
2	13
2	20
2	33
2	70
2	86
3	4
3	57
3	63
3	99
4	12
4	19
4	61
4	86
4	90
4	98
5	23
5	24
5	30
5	32
5	35
5	46
5	48
5	58
6	16
6	31
6	58
6	62
7	69
7	78
7	90
8	16
8	24
9	31
9	44
9	82
9	83
9	97
10	51
10	67
10	74
10	99
11	17
11	67
11	87
12	25
12	37
12	47
12	58
12	62
12	71
12	86
12	90
13	14
13	50
13	94
14	58
15	44
15	58
15	78
15	84
15	98
16	55
16	56
16	68
16	90
17	44
17	64
17	72
17	99
18	28
19	48
19	50
19	84
19	99
20	78
21	50
21	51
21	57
21	96
22	27
22	55
22	70
22	91
23	59
23	81
23	86
24	31
24	51
24	53
24	64
24	69
25	42
25	86
26	32
26	87
26	91
26	96
27	63
27	66
27	75
28	34
28	42
28	46
28	48
28	57
28	78
29	55
29	92
29	99
30	55
31	56
31	81
31	82
31	85
32	48
32	74
33	34
33	42
33	78
34	61
34	80
34	85
35	36
35	48
35	51
36	86
37	39
37	41
37	50
37	73
37	86
37	89
37	92
37	99
38	43
38	52
38	55
38	76
39	97
40	49
40	72
41	42
41	77
41	81
41	91
42	85
43	76
43	89
44	58
44	67
44	70
44	79
44	93
45	65
46	50
46	65
46	75
46	81
46	91
47	77
48	52
48	67
48	95
49	62
50	89
50	95
50	97
51	74
52	93
53	57
53	69
54	58
54	63
55	80
55	87
55	91
56	79
56	92
57	63
57	81
57	95
58	69
59	61
59	85
59	87
59	89
60	81
60	82
61	76
61	96
62	85
63	69
63	70
63	77
63	84
63	97
64	74
64	81
65	71
65	73
65	80
66	72
66	99
67	98
70	73
70	85
71	88
71	94
72	82
72	98
73	93
74	80
76	83
78	80
78	90
78	92
80	84
80	99
81	88
81	95
82	84
82	89
82	99
83	88
85	99
89	95
92	95
97	98