0	34
0	71
0	90
0	97
1	67
1	81
2	19
2	38
2	52
2	72
2	83
3	8
3	10
3	11
3	15
3	29
3	50
3	53
3	79
3	99
4	9
4	16
5	13
5	38
5	67
5	90
6	15
6	19
6	56
6	76
7	67
8	35
8	45
8	78
9	11
9	31
9	59
9	83
9	88
10	64
10	75
10	81
11	50
11	79
11	92
11	98
12	13
12	18
12	23
12	45
12	59
12	99
13	18
13	66
14	19
14	43
14	45
14	52
14	62
15	21
15	32
15	42
15	59
15	84
16	40
16	56
16	65
17	18
17	40
17	51
17	62
17	72
18	20
18	96
18	97
19	29
19	91
19	99
20	86
21	59
21	85
21	91
21	94
21	96
22	83
23	43
23	77
23	86
23	88
23	92
24	80
25	43
25	48
25	76
25	87
26	45
26	87
27	44
27	46
27	53
27	56
28	50
28	59
28	70
28	73
29	33
29	35
29	54
29	59
29	76
29	95
29	98
30	41
30	82
30	96
31	80
31	98
32	73
32	76
32	79
33	39
33	41
33	49
33	52
33	81
33	88
33	91
34	57
34	76
34	94
35	50
35	51
35	53
35	62
35	69
36	39
36	40
36	59
37	38
37	42
37	85
38	46
38	47
38	69
39	47
40	51
40	60
40	69
41	99
42	44
42	45
42	58
42	72
42	82
43	59
43	74
44	80
45	99
47	64
47	92
48	57
48	61
48	63
51	85
52	68
52	89
52	96
54	82
55	83
55	99
56	73
56	76
57	66
58	79
58	84
58	87
58	91
58	97
59	67
59	78
60	87
60	93
61	81
62	85
63	66
64	98
65	80
65	91
66	69
69	95
70	78
72	79
72	84
72	94
73	74
74	83
74	85
76	97
77	94
78	99
80	93
80	98
81	84
81	93
84	92
89	94
90	94
93	97