0	78
0	95
1	14
1	16
1	23
1	26
1	52
1	89
2	15
2	49
2	83
3	4
3	27
3	36
3	39
3	49
3	51
3	81
4	13
4	25
4	28
4	34
5	21
5	62
5	71
5	96
5	99
6	20
6	52
6	57
6	78
7	38
7	50
7	69
7	70
8	81
8	82
9	41
9	94
10	24
11	47
11	94
12	23
12	70
12	87
13	37
13	82
13	98
14	23
14	28
14	34
14	43
14	57
15	16
15	23
15	49
16	22
16	62
16	82
16	83
17	29
17	62
18	22
18	24
18	43
18	69
19	34
19	50
19	64
19	70
20	37
20	56
20	95
21	55
21	83
21	84
22	36
22	94
23	45
24	30
24	52
24	59
24	60
24	65
24	98
25	54
25	62
25	91
25	95
26	27
26	64
26	83
26	88
27	51
27	76
27	94
28	49
28	91
29	31
29	42
29	71
29	76
29	90
30	32
30	65
31	32
31	44
31	82
31	93
32	55
32	85
32	95
33	85
34	78
35	61
35	96
36	47
36	63
36	81
37	81
38	47
38	49
38	73
38	81
38	86
39	51
40	65
41	42
41	73
41	80
42	46
42	60
42	70
42	79
43	46
43	47
43	54
43	58
43	66
43	73
44	94
45	50
45	80
45	88
47	52
48	70
48	73
48	80
49	67
49	85
49	88
50	79
51	73
51	78
53	67
53	71
53	80
55	64
55	89
56	61
57	63
57	67
59	82
59	89
59	93
60	80
62	68
62	79
63	72
64	65
64	87
64	90
64	99
65	79
65	84
67	89
67	94
68	70
68	71
70	71
70	79
71	84
73	92
74	94
74	95
75	77
75	80
76	88
76	96
77	85
78	83
81	89
82	99
88	89
88	97
89	90