0	62
1	76
1	88
1	97
2	45
2	72
2	76
2	87
3	18
3	36
3	52
3	92
4	13
4	68
4	70
5	25
5	28
6	14
6	16
6	29
6	67
6	77
7	23
7	29
7	34
7	59
7	66
7	71
8	18
8	41
8	58
8	81
9	19
9	24
9	55
9	74
10	54
10	59
10	75
11	22
11	41
11	62
11	71
11	81
11	95
12	16
12	18
12	82
13	35
13	43
13	44
13	60
13	61
13	89
13	93
14	59
14	66
14	82
15	19
15	75
16	25
16	33
16	38
16	40
16	43
16	63
16	83
16	98
17	61
17	68
17	81
17	93
18	59
18	64
18	79
19	20
19	52
19	76
19	85
19	97
20	34
20	46
20	48
21	28
21	53
21	67
21	70
21	76
22	25
22	81
23	37
23	57
24	25
24	33
24	46
24	97
25	28
25	41
25	98
26	39
27	49
27	78
27	80
27	93
28	29
28	83
28	88
29	84
30	57
30	91
31	39
31	55
31	56
31	57
31	66
31	86
32	37
32	81
32	89
33	34
33	62
34	65
34	82
34	83
35	57
35	60
35	73
36	38
36	68
36	88
37	55
37	72
37	77
38	59
38	62
39	50
39	63
39	97
41	58
41	65
41	87
41	97
42	75
42	80
42	96
43	49
43	61
43	68
43	92
45	51
45	60
45	82
45	98
46	69
47	70
48	83
48	97
49	98
50	59
50	74
50	90
50	93
51	52
51	91
52	57
52	98
53	69
54	69
54	70
54	78
54	96
54	98
55	66
55	76
55	93
56	57
56	87
56	90
57	68
57	72
58	67
58	69
58	76
58	86
58	98
59	83
60	64
60	87
61	80
61	90
62	63
62	74
63	70
63	72
65	79
65	88
67	80
67	87
68	81
70	82
71	84
72	75
73	83
74	80
75	91
77	81
79	95
80	90
80	96
81	99
82	97
86	98
87	98
89	94
90	98