0	18
0	61
0	78
0	80
1	66
2	24
2	52
3	93
4	17
4	72
4	91
5	23
5	45
5	49
5	62
5	63
5	97
5	99
6	63
7	49
7	57
7	93
8	14
8	17
8	56
8	82
8	83
8	93
9	44
9	56
9	83
10	16
10	18
10	56
11	23
11	46
11	76
12	15
12	61
12	62
12	76
12	81
12	91
13	26
13	48
13	62
13	72
14	50
14	73
16	43
16	53
16	56
16	81
16	85
17	56
17	89
18	33
18	36
18	37
18	65
18	84
19	54
19	69
19	86
20	38
20	40
20	52
20	65
20	77
21	64
21	77
21	83
22	96
23	73
25	63
25	68
26	62
26	66
26	70
26	88
26	91
27	36
27	38
27	58
27	98
28	40
28	51
28	71
29	64
29	81
29	97
30	54
30	91
30	97
31	50
31	54
32	41
32	43
33	43
33	67
33	80
34	55
34	68
34	81
35	52
35	57
35	81
37	45
37	91
37	97
38	58
38	63
39	60
39	69
39	87
40	97
41	77
41	78
41	97
42	52
42	53
42	64
43	53
43	68
44	63
45	50
45	61
45	99
46	47
46	64
46	79
46	91
46	99
47	84
47	88
49	58
50	62
50	65
50	82
51	62
51	98
52	75
52	80
52	81
52	87
52	92
53	68
53	69
53	91
54	79
55	87
57	61
57	70
57	86
58	61
58	92
59	97
61	71
61	98
62	78
62	79
62	94
63	95
64	75
64	93
65	85
66	70
67	90
68	80
69	95
70	76
70	81
71	95
72	73
72	88
72	99
73	86
74	75
74	77
74	88
74	92
74	98
76	93
77	89
78	87
79	82
81	88
82	94
83	84
86	94
87	93
87	95
88	95
89	94