0	1
0	6
0	7
0	15
0	25
0	31
0	36
0	37
0	50
0	51
0	54
1	4
1	18
1	27
1	35
1	50
1	64
1	65
1	80
2	24
2	40
2	59
3	24
3	45
3	88
4	6
4	13
4	97
5	14
5	18
5	37
5	86
6	78
7	64
8	20
8	22
8	45
8	81
9	34
9	51
9	54
9	61
9	69
9	70
9	98
10	75
11	60
11	93
12	93
13	23
13	42
13	57
13	80
13	90
14	18
14	30
14	59
14	67
15	58
15	80
15	99
16	51
16	54
16	63
16	79
17	19
17	35
17	85
17	88
18	66
19	49
19	61
19	70
19	87
20	36
20	39
20	56
20	68
20	80
20	95
21	42
21	62
21	74
22	41
22	42
23	65
24	49
24	56
24	72
24	93
25	31
25	90
26	57
26	85
27	64
28	45
29	53
29	71
29	81
30	54
30	82
30	91
30	94
31	54
32	38
32	42
32	45
32	47
32	56
32	81
33	52
33	53
33	77
33	99
34	98
35	47
35	60
35	83
36	48
36	62
36	63
36	76
37	63
38	55
38	56
38	57
38	74
39	41
39	86
40	52
40	89
41	72
42	53
42	57
42	74
43	86
43	98
44	50
44	89
44	90
45	66
45	73
45	99
46	62
46	96
47	99
48	57
48	73
48	94
49	84
50	59
50	62
50	77
51	92
53	95
53	98
54	89
54	91
55	80
56	64
56	66
56	81
56	84
56	89
57	58
57	66
57	85
58	66
58	72
59	73
59	98
60	70
60	93
61	77
61	78
61	88
61	92
62	84
62	97
62	99
64	72
64	78
65	98
67	76
68	75
69	71
70	94
72	74
76	90
76	97
77	88
79	80
79	99
80	96
81	84
83	93
84	96
89	98