0	6
0	43
0	60
0	75
1	52
1	85
2	30
2	37
2	78
2	79
2	94
2	97
3	9
3	38
3	50
3	85
4	12
4	32
4	33
4	74
4	85
4	95
5	48
5	60
5	90
6	32
6	64
6	68
6	69
6	78
7	28
7	80
7	84
8	49
8	71
9	68
9	88
9	93
10	29
10	43
10	78
10	88
10	90
11	24
11	34
11	67
11	75
11	94
12	58
13	22
13	53
13	57
13	60
13	86
13	87
14	57
14	65
14	67
14	83
14	97
15	30
15	43
15	47
15	58
15	82
15	95
15	99
16	17
16	22
16	26
16	31
16	48
16	49
16	97
17	41
17	76
18	25
18	36
18	41
18	57
18	77
19	28
19	47
20	57
20	94
21	48
21	57
21	81
22	32
22	67
22	79
22	84
23	39
23	61
24	48
24	63
24	68
25	59
25	61
25	62
25	72
25	83
25	86
25	88
26	43
26	50
27	67
27	73
27	86
28	49
28	87
29	53
29	67
29	71
29	80
29	93
30	90
31	34
31	43
31	65
31	76
31	79
32	58
33	53
33	57
33	67
33	82
33	99
34	70
34	83
35	74
36	43
36	86
36	88
37	76
37	84
38	50
38	73
40	94
41	57
41	77
42	87
43	55
43	76
43	79
43	99
44	76
44	82
44	91
45	79
46	57
47	84
48	64
48	78
48	83
49	74
49	95
50	90
50	98
51	52
51	59
51	83
52	73
52	74
52	97
53	93
53	99
54	59
54	60
54	64
54	95
55	96
56	65
56	66
57	61
57	91
58	59
58	76
58	80
59	85
61	76
61	87
61	97
63	86
64	72
64	84
65	80
65	85
65	96
65	99
66	67
68	81
68	90
71	83
72	83
73	91
73	95
74	92
75	76
76	96
77	85
77	89
77	95
77	97
79	83
79	84
79	99
81	98
82	95
84	89
85	86
95	99