0	6
0	8
0	50
0	56
0	77
0	99
1	19
1	53
2	29
2	40
2	71
2	80
2	90
2	92
3	22
3	91
4	13
4	35
4	37
4	49
5	31
5	46
5	60
5	70
5	97
6	44
7	35
7	55
7	78
8	24
8	50
9	52
9	97
10	24
10	25
10	30
10	32
10	39
10	62
10	79
11	16
11	73
11	90
12	52
12	66
13	53
13	77
13	78
13	94
14	24
14	30
14	62
14	68
14	82
15	25
15	50
15	96
16	40
16	88
17	23
17	25
17	69
17	94
18	25
18	34
18	45
18	77
18	87
19	76
19	93
19	98
20	24
20	52
20	75
20	85
21	35
21	61
22	23
22	51
23	25
23	40
23	53
23	61
23	66
23	69
24	28
24	31
24	55
24	71
25	35
26	37
26	61
26	90
27	52
27	84
27	95
28	33
28	47
28	51
28	55
28	93
29	63
29	90
30	35
30	74
30	85
30	89
31	35
31	68
31	96
32	34
32	50
32	54
32	80
32	91
32	92
33	48
33	57
34	49
34	61
34	67
34	71
34	75
35	50
35	67
36	43
36	61
36	64
36	88
37	55
37	61
37	64
37	82
38	58
38	65
39	54
39	56
39	78
39	95
40	62
40	77
40	83
41	44
41	57
41	73
41	74
42	45
42	51
42	52
43	64
45	90
46	49
47	54
47	58
47	82
49	52
49	66
49	75
49	78
49	96
51	54
52	71
52	78
53	66
53	90
54	56
54	81
54	82
56	91
57	87
57	94
58	81
58	90
58	92
59	66
59	91
60	78
60	88
61	65
61	88
65	69
65	90
65	98
65	99
66	78
66	84
66	92
68	98
69	78
69	97
69	98
71	88
72	79
72	90
73	96
74	81
74	84
74	95
75	80
75	95
77	99
78	85
78	95
79	96
80	96
81	91
84	98
86	92
90	94