0	21
1	25
1	26
1	58
1	72
1	76
1	91
2	4
2	19
2	31
2	33
2	79
2	86
2	93
3	48
4	14
4	15
5	14
5	35
5	40
6	38
6	55
6	71
6	73
6	93
7	24
7	53
7	68
7	71
8	11
8	87
9	34
9	55
9	98
10	37
10	41
10	52
10	55
10	64
10	65
10	88
11	33
11	60
11	86
12	28
12	57
13	49
14	42
14	52
14	54
15	18
15	65
16	56
16	59
16	62
16	78
17	30
17	38
17	46
17	66
17	69
17	94
18	31
18	35
18	93
19	82
19	83
19	84
19	88
20	35
20	62
20	89
21	29
21	39
21	65
22	38
22	40
22	70
22	72
22	79
23	24
23	49
23	61
23	62
23	95
24	81
24	89
24	96
24	98
25	31
25	44
25	51
25	77
25	90
26	61
27	31
27	50
27	88
28	29
29	39
31	65
31	77
31	78
32	48
32	74
33	58
33	74
34	70
34	71
34	95
35	43
35	56
35	86
36	59
36	86
36	91
37	39
37	60
37	71
38	58
38	65
38	82
38	89
38	94
39	52
39	69
39	71
39	89
40	43
40	51
41	55
41	72
41	77
41	83
41	85
41	89
42	44
43	51
43	53
43	91
44	57
45	84
46	69
46	70
46	73
47	66
47	73
48	56
48	74
49	79
49	93
50	85
51	97
52	65
52	72
52	90
52	95
54	86
57	74
58	73
58	77
59	70
61	84
63	73
63	78
64	75
64	79
64	80
65	91
65	97
66	85
67	74
67	85
69	97
70	89
70	93
71	84
71	97
72	74
75	87
75	92
77	92
79	92
81	93
82	91
82	94
83	96
84	90
92	99