0	476
1	89
1	285
1	439
2	45
2	65
2	261
2	599
2	634
2	635
3	155
3	403
3	519
3	569
3	708
3	851
4	44
4	200
4	268
4	684
5	355
5	515
5	750
5	771
6	88
7	280
7	526
7	638
7	743
8	87
8	125
8	297
8	322
8	488
8	634
8	829
9	325
9	424
9	594
10	202
10	892
11	22
11	344
11	603
12	226
12	398
12	430
12	433
12	805
12	811
13	150
13	154
13	195
13	504
13	624
13	794
13	820
14	102
14	230
14	423
14	594
14	610
14	706
14	771
15	397
15	475
15	868
16	61
16	637
16	829
17	158
17	817
18	20
18	445
18	468
18	567
18	608
18	853
19	151
19	617
19	646
19	823
20	56
20	251
20	415
20	556
20	756
20	859
21	62
21	207
21	564
22	52
22	319
22	420
22	472
23	307
23	854
24	429
24	444
24	671
25	211
25	463
25	781
26	262
27	407
27	654
28	170
28	225
28	265
28	517
28	542
28	543
28	788
29	47
29	759
30	63
30	152
30	161
30	692
31	34
31	83
31	291
31	308
31	449
32	298
33	496
33	700
34	247
34	298
35	105
35	593
36	173
36	339
36	607
37	90
37	739
38	160
38	448
38	735
39	45
39	86
39	403
39	520
39	837
39	847
39	877
40	238
40	421
40	641
40	679
41	209
42	242
43	99
43	603
44	585
45	208
45	244
45	363
45	455
45	493
45	667
45	809
46	145
47	57
47	322
47	344
47	427
48	174
48	235
48	293
48	311
48	382
48	785
49	293
49	378
49	543
49	773
49	810
50	257
50	266
50	327
50	659
50	768
50	793
51	198
51	552
51	661
51	881
52	70
52	628
53	332
53	614
53	779
53	841
54	613
55	269
55	392
56	178
56	283
56	714
57	189
57	315
57	350
57	710
58	163
59	852
60	229
60	269
60	338
60	686
60	719
61	217
61	499
61	864
62	73
62	770
62	820
63	84
63	325
63	592
64	111
64	228
64	361
64	757
65	232
65	444
65	675
65	699
66	466
66	634
67	266
67	465
67	878
68	116
68	300
68	594
68	631
68	667
69	500
69	587
69	777
70	262
70	426
70	481
70	637
71	249
72	631
72	677
72	850
73	583
73	734
74	249
74	354
74	442
74	475
75	236
75	249
75	510
75	661
75	703
76	285
76	797
76	898
77	283
77	295
77	385
77	510
77	705
78	88
78	100
78	353
78	619
78	731
78	808
79	249
79	726
79	875
80	203
80	748
80	786
81	226
81	602
81	804
82	136
82	323
82	342
82	477
82	495
82	496
82	576
82	613
83	99
83	457
84	167
84	595
84	814
84	857
85	332
85	511
85	529
85	588
85	591
85	852
86	119
86	435
86	650
87	295
87	345
87	430
87	784
88	117
88	379
88	411
88	461
88	466
88	497
88	581
88	683
89	245
89	558
90	183
90	209
90	746
90	769
91	505
92	238
92	334
92	688
93	150
93	461
93	484
93	595
93	651
94	208
94	240
95	124
95	425
96	368
96	485
96	618
96	823
97	131
97	180
97	182
97	379
97	696
98	259
98	572
99	617
101	274
101	286
101	661
101	878
101	887
102	418
102	560
102	706
103	292
103	459
104	210
104	657
105	118
105	202
106	178
106	221
106	340
106	571
107	431
107	445
107	518
108	301
108	637
108	847
108	896
109	310
109	690
109	861
110	784
111	195
111	444
112	589
112	783
113	312
113	321
113	330
113	364
113	491
114	544
114	686
115	229
115	386
115	699
115	754
115	776
115	853
116	538
116	864
117	286
117	440
118	346
118	511
118	743
118	801
118	845
119	175
119	595
119	699
119	783
120	229
120	382
120	437
120	735
120	764
121	123
121	236
121	541
121	847
121	853
122	129
122	197
122	396
122	422
122	544
123	705
123	772
123	819
123	881
124	215
124	358
124	368
124	635
124	696
125	607
126	201
126	387
127	659
127	752
128	320
128	451
128	834
130	248
130	254
130	336
130	363
130	380
130	613
131	341
131	486
131	526
131	809
131	823
132	420
132	616
132	714
133	297
133	815
134	186
134	226
134	265
134	315
135	375
135	485
135	546
135	554
135	578
136	518
136	719
136	868
137	662
137	676
137	762
137	815
137	898
138	202
138	431
138	518
138	629
138	646
138	835
138	836
139	489
139	611
139	629
139	660
140	148
140	875
141	301
141	772
141	870
142	159
143	403
143	491
143	556
144	177
144	339
144	511
144	682
145	327
145	510
145	628
146	714
146	780
147	179
147	316
147	403
147	450
147	497
148	790
148	824
149	267
149	383
149	463
149	475
150	154
150	260
150	722
150	765
150	792
151	775
151	882
152	174
152	328
152	339
152	585
153	198
153	332
153	516
153	518
153	862
154	566
154	812
156	166
156	249
156	653
157	367
157	494
157	694
157	798
157	841
158	690
158	832
158	858
159	198
159	418
159	672
159	725
160	179
160	359
160	531
160	669
160	706
160	710
160	822
161	367
162	740
162	838
162	852
162	858
163	286
163	373
163	548
164	217
164	238
164	482
164	655
164	813
165	602
165	790
165	865
166	217
166	233
166	779
166	815
167	448
167	477
167	500
167	862
168	515
168	563
169	171
170	209
170	246
171	226
171	288
171	427
171	723
172	258
172	396
172	526
172	529
172	644
172	723
172	818
173	796
174	210
174	403
174	577
174	664
174	675
175	580
175	674
175	724
176	304
176	621
177	870
178	823
179	242
179	585
179	733
180	388
180	398
181	350
181	499
181	511
181	665
181	713
181	741
182	389
182	470
182	660
182	765
182	838
183	222
183	337
183	345
183	442
183	454
183	623
184	220
184	460
184	516
185	220
185	613
186	410
187	475
187	665
188	819
189	370
189	502
189	594
189	783
189	866
190	707
190	846
191	468
191	591
191	863
192	614
192	643
192	764
193	705
193	837
194	610
194	641
195	414
195	491
195	527
195	646
196	285
196	342
196	370
196	754
196	773
197	266
197	524
197	825
198	587
198	853
199	261
199	268
199	364
199	375
199	606
200	226
200	303
200	855
201	768
202	256
202	401
202	635
202	799
203	262
203	302
203	313
203	578
204	800
205	517
206	222
206	241
206	447
206	655
206	710
206	786
207	327
207	424
207	443
207	831
208	746
209	577
210	256
210	454
210	815
211	656
211	719
211	729
211	772
212	826
213	576
214	388
214	472
215	260
215	891
216	381
216	624
216	668
216	710
217	270
217	336
217	354
217	448
217	695
218	547
219	524
219	639
220	235
220	309
220	332
220	541
220	821
221	664
221	820
222	441
223	358
223	662
224	258
224	471
224	779
224	899
225	700
225	880
226	782
227	327
228	789
228	800
229	296
229	313
229	503
229	519
229	853
230	407
230	851
231	753
232	886
233	297
233	339
233	495
233	524
233	686
234	358
234	547
234	564
234	647
234	839
234	858
235	514
235	637
237	359
237	464
237	676
238	402
238	481
238	489
238	509
238	595
238	772
238	835
238	845
239	317
239	323
239	392
239	406
239	634
239	839
240	272
240	432
240	442
240	683
241	602
241	608
241	715
241	819
241	850
242	272
242	561
242	709
242	765
242	857
243	488
243	572
243	615
243	720
243	759
243	800
244	423
244	470
244	554
244	639
244	758
244	806
245	556
245	739
246	770
247	405
247	700
247	790
248	321
249	579
250	260
250	520
250	627
250	709
250	714
251	303
251	635
252	255
252	417
252	463
252	558
252	870
253	262
253	467
253	548
253	554
253	559
253	593
253	616
253	826
254	255
254	591
254	747
254	874
255	375
255	468
255	478
255	748
255	762
255	875
256	357
256	879
257	282
257	556
258	295
258	793
259	750
260	551
260	597
260	707
260	877
261	271
261	327
261	671
261	745
262	410
262	463
262	668
262	710
262	740
263	491
263	852
264	360
264	548
265	487
265	731
266	407
266	679
267	528
267	620
268	401
268	661
269	489
269	774
269	823
270	340
270	763
271	378
271	512
271	566
271	792
271	820
272	390
272	475
272	552
272	758
272	767
272	790
273	542
273	707
273	746
273	796
273	875
273	881
274	316
274	487
274	538
274	658
275	825
276	394
276	727
277	439
277	558
278	414
278	512
278	889
279	447
279	554
280	282
280	787
281	289
281	359
281	631
282	408
282	430
282	685
283	681
283	785
284	400
284	513
284	602
284	889
285	366
285	370
285	423
285	818
286	432
286	454
286	590
286	830
287	380
287	626
287	659
287	724
288	340
288	380
288	395
288	476
288	762
288	775
289	627
289	674
290	495
290	685
291	327
291	720
292	402
293	883
294	448
294	684
295	557
295	576
295	647
295	709
296	812
297	395
297	457
297	509
297	812
297	824
298	552
298	604
298	711
299	382
299	499
299	663
299	666
299	770
299	884
299	889
300	479
301	752
302	722
302	774
302	804
303	322
303	492
303	663
304	406
304	682
305	812
306	462
307	408
307	440
307	512
307	607
307	665
308	809
309	479
309	584
309	725
310	353
310	362
310	568
310	672
311	625
311	895
312	372
312	524
312	758
313	477
313	531
313	624
314	336
314	637
314	655
315	578
315	713
315	731
315	792
316	448
316	858
317	811
317	890
318	897
319	392
319	584
319	801
319	884
320	443
320	754
320	867
321	376
321	378
322	370
322	424
322	667
322	865
322	871
323	856
324	508
324	780
324	843
325	529
326	430
326	480
326	551
326	564
327	439
328	435
328	660
329	457
329	670
329	831
330	423
330	505
330	583
330	638
330	644
331	578
331	631
332	425
332	765
333	761
334	358
334	873
335	560
335	636
335	808
337	764
338	596
338	661
339	401
339	545
339	673
339	817
340	343
340	427
341	404
341	449
341	500
341	785
342	394
342	462
342	533
343	382
343	647
343	859
344	399
345	457
345	616
345	659
345	663
345	802
346	350
346	477
346	777
346	784
346	890
347	397
347	547
347	633
347	681
347	721
347	824
347	860
348	625
348	645
349	434
350	386
350	488
350	509
351	451
351	504
352	401
353	425
353	653
353	866
354	387
354	600
354	879
355	380
355	511
356	830
357	712
357	895
358	531
358	742
358	767
358	815
359	838
359	842
360	429
360	537
360	804
360	892
361	425
361	440
361	708
361	743
361	784
361	858
362	538
362	663
362	878
363	486
363	604
363	758
364	875
365	479
365	489
365	576
365	606
366	444
366	467
366	574
366	585
366	714
366	783
367	369
367	524
367	583
367	779
367	784
367	850
368	411
368	423
368	511
368	570
370	443
370	817
371	660
371	869
373	653
373	691
374	444
374	523
375	719
375	753
375	754
376	465
376	689
376	744
376	821
376	832
377	488
378	485
378	531
379	696
380	417
382	528
382	542
382	718
383	386
383	598
384	490
385	533
385	694
386	437
386	573
387	485
387	643
388	592
389	532
390	485
390	527
390	729
390	772
391	419
391	668
391	678
391	872
392	609
392	704
393	514
393	615
393	855
394	400
394	445
395	890
396	874
397	516
397	796
398	459
398	786
398	810
399	648
399	730
399	781
399	848
399	895
400	780
400	869
401	569
401	593
401	600
402	430
402	591
402	797
402	810
403	620
403	840
405	455
405	737
405	780
407	562
407	642
407	664
407	867
408	626
408	702
408	730
408	769
409	443
410	441
410	469
410	767
410	799
411	464
411	468
411	734
412	670
413	447
413	540
413	842
414	467
414	500
414	657
414	833
415	726
415	844
416	438
416	553
417	488
417	501
417	720
417	772
418	645
420	441
420	532
422	684
422	707
422	737
423	686
424	493
424	553
424	610
424	700
425	439
425	854
426	505
426	605
426	644
426	721
428	622
429	604
429	816
431	507
431	548
431	686
431	741
431	873
432	435
432	547
432	609
432	691
432	777
432	873
433	566
433	593
433	642
433	651
435	705
435	751
435	849
436	465
436	483
436	828
437	745
437	758
437	764
438	518
438	636
438	643
438	836
439	496
439	803
440	643
440	707
440	733
440	798
440	828
441	474
441	542
441	565
441	613
441	801
442	718
443	724
443	768
446	618
447	526
448	835
448	859
448	895
449	531
449	689
449	799
449	898
450	451
450	504
450	511
450	745
450	873
451	593
451	625
451	733
451	787
452	587
452	894
453	592
454	481
454	558
454	714
454	897
455	505
455	605
455	702
455	791
456	666
456	831
456	835
457	578
457	778
458	590
458	655
458	729
458	766
458	825
459	529
460	526
460	545
460	559
460	656
461	720
461	859
461	873
462	704
462	868
463	468
464	563
465	619
466	665
467	680
467	845
467	876
468	484
469	651
469	685
469	754
469	771
470	547
470	896
471	620
472	625
473	477
473	601
473	652
473	736
475	573
475	632
475	779
477	650
477	672
477	674
477	694
478	818
480	518
480	866
481	614
482	595
482	718
482	740
482	808
482	815
483	584
483	678
484	513
484	731
485	677
485	691
485	756
486	642
486	849
487	735
487	869
488	875
490	591
491	507
491	517
491	547
491	812
491	829
493	799
494	524
495	656
495	707
495	731
495	768
495	868
496	688
496	702
497	838
498	552
498	735
498	855
498	889
499	647
499	657
499	686
500	527
504	517
504	630
504	867
505	648
506	868
507	731
507	756
507	844
509	730
509	817
510	529
510	674
511	604
513	793
513	806
514	532
514	560
514	596
515	563
515	861
516	734
516	793
516	816
516	876
517	640
519	674
519	898
521	623
521	767
522	597
522	690
522	875
524	609
524	857
525	732
526	569
526	848
527	656
527	789
528	768
528	884
528	891
529	748
529	869
529	882
530	647
530	796
531	704
531	714
531	856
532	654
533	555
533	730
534	553
534	570
534	798
535	884
536	542
536	878
536	894
537	811
537	847
538	724
538	762
539	715
539	786
539	887
541	628
541	689
541	705
542	899
544	557
544	565
544	576
544	674
544	823
545	592
545	618
545	640
545	673
546	807
547	587
547	792
547	819
548	680
549	896
550	574
550	579
550	816
550	887
551	582
552	789
553	613
553	878
554	811
555	703
556	877
559	725
561	822
563	624
563	629
563	821
564	604
565	786
565	830
565	885
567	855
569	598
570	627
570	637
570	734
572	665
572	894
573	589
575	580
575	621
575	637
575	659
576	861
576	886
579	695
579	756
579	897
580	747
580	875
581	715
581	716
582	681
582	825
583	886
584	726
584	758
584	762
584	848
585	661
585	727
586	869
587	767
588	720
588	728
589	660
589	890
591	722
592	617
592	744
592	898
593	783
594	699
594	701
594	763
595	832
596	710
596	757
597	820
597	824
598	783
599	713
600	823
601	798
601	889
602	621
603	899
604	646
604	709
604	857
606	641
606	845
607	778
608	645
608	673
608	770
608	842
609	752
609	841
610	789
611	709
612	878
613	819
613	829
614	825
615	670
616	773
617	762
618	840
618	866
619	649
619	664
619	857
623	640
623	665
625	677
626	703
626	808
627	661
627	678
627	711
627	725
629	736
629	755
630	719
630	797
630	821
630	867
633	721
637	672
639	799
639	812
639	819
640	739
640	784
642	687
643	833
644	652
644	775
644	847
645	849
645	891
646	797
646	885
647	658
648	668
648	734
648	828
649	787
649	846
650	893
651	693
651	811
653	867
654	797
655	660
658	742
659	827
661	679
664	771
664	789
664	872
665	757
666	703
666	778
667	717
667	847
667	883
669	699
669	778
670	695
670	876
671	686
672	698
673	784
674	794
675	754
676	890
677	863
678	764
678	788
678	829
680	831
680	892
681	826
682	750
682	804
683	760
684	701
685	823
685	884
686	796
686	864
688	843
690	792
690	815
691	776
691	819
691	886
692	702
694	733
695	785
696	755
697	785
698	717
698	718
699	743
702	848
703	705
704	712
704	833
705	744
707	724
707	753
708	883
709	812
710	789
710	799
710	815
711	824
712	759
712	794
712	805
713	776
714	763
716	798
717	731
717	824
720	842
721	764
721	874
722	872
723	735
724	879
725	818
725	842
727	871
727	886
728	820
731	767
732	748
732	894
734	793
738	791
738	818
740	764
742	794
748	773
748	820
749	767
751	755
754	756
754	839
755	788
755	842
756	843
756	867
758	834
758	856
761	789
765	858
765	885
767	795
767	848
772	773
774	854
776	822
776	863
777	811
777	818
779	801
784	816
785	794
785	893
786	865
786	866
788	822
794	812
794	827
800	859
803	897
811	858
820	879
821	849
822	890
824	877
826	858
832	882
840	896
841	897
842	875
842	888
849	897
855	858
857	869
858	890
868	871
870	891
873	894
894	899