0	86
0	367
0	626
0	782
1	62
1	442
1	556
2	36
2	45
2	179
2	820
3	41
3	100
3	275
3	879
4	221
4	311
4	614
5	78
5	247
5	260
5	371
5	439
5	598
5	693
6	156
6	207
6	642
7	276
7	460
7	768
8	205
9	49
9	418
9	537
9	818
10	104
10	517
10	632
10	644
10	677
10	709
11	120
11	210
11	219
11	482
11	521
11	704
12	112
12	362
12	564
13	175
13	570
14	162
14	852
15	302
16	236
16	322
16	338
16	515
16	566
16	764
17	390
17	408
17	635
18	540
19	55
19	467
19	769
19	866
20	243
20	267
20	386
20	877
21	80
21	331
21	461
21	741
21	770
21	861
22	68
22	550
22	723
22	779
22	842
23	50
23	61
23	169
23	353
23	506
23	774
23	871
24	158
24	339
24	686
24	704
24	786
24	832
25	217
25	365
26	217
26	228
26	446
26	529
27	30
27	102
27	557
27	564
27	707
27	785
28	840
29	256
29	280
29	286
29	378
29	493
29	601
29	646
30	221
30	447
30	553
30	879
31	617
32	598
32	787
33	300
33	332
33	496
33	558
33	762
34	82
34	744
34	876
35	778
36	397
36	483
36	548
37	351
37	380
37	396
37	816
38	230
38	369
38	505
38	711
38	809
38	868
39	670
40	160
40	228
40	429
40	608
40	731
40	875
40	896
41	269
41	346
41	477
41	745
41	822
41	862
42	117
42	162
43	593
43	781
44	84
44	178
44	229
44	618
45	55
45	144
45	162
45	354
45	743
45	827
46	560
46	574
46	769
47	541
47	598
47	836
48	528
48	723
49	434
49	555
49	596
49	656
49	658
50	77
50	330
50	664
50	870
51	205
51	474
51	476
51	813
52	107
52	388
52	487
53	185
53	423
53	524
53	675
54	59
54	78
54	190
55	527
56	517
56	636
57	171
57	273
57	349
57	354
57	392
57	495
57	607
57	814
58	253
58	495
58	612
58	769
59	254
59	330
59	383
59	592
59	659
59	824
60	255
60	689
60	709
61	194
61	741
62	141
62	175
62	645
63	76
64	170
64	402
64	443
64	465
64	558
65	80
65	207
65	243
65	272
65	281
65	750
66	285
66	508
66	657
66	658
66	693
67	136
67	577
67	827
68	205
68	391
69	481
69	677
69	798
69	824
69	834
70	225
70	309
70	380
70	396
70	750
70	820
71	172
71	311
71	376
71	578
71	705
72	245
72	465
72	496
72	547
72	592
72	724
73	540
73	898
74	270
74	639
74	835
74	875
75	84
75	113
75	620
76	427
76	546
76	683
77	359
77	804
78	257
79	195
79	206
79	350
79	685
79	814
80	104
80	116
80	816
80	843
81	108
81	425
81	772
82	130
82	334
82	532
82	536
82	775
83	185
83	226
83	229
83	281
83	519
83	606
84	219
84	734
85	267
85	286
85	509
85	633
85	703
85	753
86	289
86	363
86	427
86	814
87	238
87	305
88	146
88	195
88	348
88	353
89	111
89	312
89	487
89	806
90	160
90	230
90	256
90	433
90	588
90	612
90	635
91	460
91	549
91	608
91	663
91	742
91	799
91	898
92	104
92	181
92	556
92	617
93	130
93	556
93	834
93	883
94	151
94	256
94	530
94	596
94	667
94	865
95	269
95	562
95	603
95	609
96	603
96	768
96	834
96	858
97	151
97	203
97	517
97	684
97	705
98	166
98	426
98	586
98	817
99	397
99	858
100	496
100	561
100	629
100	738
101	166
101	306
101	498
101	510
101	636
101	884
102	125
102	205
102	250
102	296
102	308
102	353
102	810
103	271
103	319
103	403
103	760
104	448
104	531
104	760
105	127
106	304
106	487
106	717
107	148
107	464
107	565
107	806
108	268
108	500
108	777
108	877
109	170
109	182
109	223
109	401
109	885
110	222
110	328
110	335
110	514
110	669
110	801
111	138
111	217
111	601
111	765
111	829
112	623
112	748
112	758
114	115
114	246
114	273
114	336
114	527
114	608
114	657
115	189
115	281
115	863
116	211
116	794
117	122
117	565
117	691
117	700
118	397
118	677
119	322
119	628
119	671
119	710
119	880
120	840
121	158
121	299
121	546
121	580
122	290
122	316
122	647
122	827
123	446
123	519
123	637
124	208
124	325
124	694
125	550
125	630
125	666
126	214
126	409
126	421
127	240
127	624
127	805
128	442
128	612
128	787
129	248
129	337
129	832
130	544
130	726
130	815
131	203
131	674
131	882
132	484
132	552
132	897
133	186
133	415
133	685
134	344
134	481
134	695
134	709
135	291
135	384
135	480
135	516
135	570
135	735
136	219
136	269
136	351
137	191
137	229
137	420
138	185
138	187
138	642
139	175
139	190
139	250
139	258
139	398
139	720
139	829
139	834
140	320
141	376
141	397
141	427
141	524
141	637
141	778
142	280
142	621
142	664
142	701
143	171
143	250
143	292
143	835
144	296
144	584
145	497
145	570
145	754
146	185
146	362
146	366
146	570
146	639
147	522
147	635
147	809
147	897
148	192
149	864
149	876
150	214
151	232
151	457
151	489
151	816
151	861
152	301
153	478
153	802
154	442
154	497
154	732
154	786
155	383
155	543
155	593
155	714
155	786
157	287
157	455
157	534
158	283
158	320
158	378
158	608
159	399
159	690
160	568
160	583
161	576
161	729
162	313
162	862
163	351
164	531
164	745
164	790
165	361
165	712
166	230
166	332
166	532
166	660
166	784
166	898
167	241
168	303
168	507
168	539
168	595
168	814
169	393
169	755
170	233
170	274
170	414
170	492
170	598
170	893
171	200
171	239
171	705
172	267
172	345
173	502
173	525
173	868
174	874
175	251
175	307
175	402
175	462
175	672
175	753
175	761
175	854
176	410
176	411
176	444
177	250
177	336
177	393
177	574
177	622
177	655
177	697
178	350
178	424
178	594
180	558
180	652
180	715
180	728
181	304
181	355
181	388
181	661
182	270
182	292
182	516
182	524
182	838
183	190
183	214
183	447
183	490
183	523
183	552
183	814
184	207
185	247
185	317
185	866
186	252
186	631
186	806
187	203
187	862
188	462
188	523
188	753
188	780
188	838
189	211
189	562
189	880
190	454
190	481
190	586
190	684
190	741
191	337
191	346
191	383
191	475
191	578
192	828
193	314
193	596
193	827
194	242
194	634
194	663
194	689
194	745
196	386
196	494
196	881
197	580
198	381
198	425
198	441
199	571
199	891
200	354
200	486
201	464
201	469
201	480
201	661
201	672
201	735
202	234
202	534
202	774
203	242
203	324
203	382
203	396
203	734
203	796
203	896
204	217
204	511
204	798
205	448
205	459
205	659
205	766
206	417
207	291
207	378
207	494
207	542
207	609
207	823
208	269
208	482
209	595
210	365
210	448
210	667
210	833
210	842
210	848
211	313
211	730
211	777
212	320
212	448
213	275
213	691
215	257
215	299
215	567
215	663
215	788
215	859
216	474
217	278
218	424
218	599
218	701
218	816
219	393
219	504
219	521
220	370
220	564
221	429
221	588
221	620
221	688
221	745
221	770
223	363
223	530
223	746
223	873
224	504
225	286
225	308
225	721
226	398
227	299
227	432
227	531
227	890
228	305
228	310
228	383
228	748
229	389
230	501
230	572
230	796
231	464
232	414
232	541
232	822
233	330
233	435
233	691
233	725
233	773
234	439
235	256
235	407
235	449
235	570
235	848
236	387
236	473
237	491
237	555
237	851
238	284
238	406
238	555
239	250
239	707
241	433
241	697
241	747
242	507
242	625
242	693
243	676
243	815
243	857
244	265
244	384
244	395
245	555
245	635
246	403
246	546
246	743
246	863
247	262
247	503
247	559
247	587
247	667
247	681
248	384
248	401
249	309
249	421
249	430
249	629
249	868
251	263
251	528
251	790
252	840
253	323
253	452
253	610
253	652
253	737
254	324
254	368
254	410
254	670
254	726
255	475
255	717
256	529
256	652
256	702
256	843
257	293
257	407
257	425
257	426
257	433
257	826
258	764
258	770
259	725
260	285
260	341
260	512
260	557
260	848
260	898
261	494
261	582
262	274
262	593
263	448
263	593
263	865
264	864
265	360
265	737
265	782
265	870
266	290
266	750
267	383
267	440
267	445
268	327
268	841
269	526
269	626
270	329
270	331
270	449
270	500
270	780
271	411
271	517
271	524
271	774
272	479
272	562
272	700
273	805
273	874
274	703
275	437
275	757
276	507
276	570
276	684
277	368
277	382
277	574
277	820
278	541
278	836
279	293
279	448
279	477
279	490
280	359
280	797
281	771
281	796
282	482
282	743
283	450
283	470
283	505
283	838
284	392
284	504
284	527
284	796
284	876
285	427
286	291
286	335
286	636
287	401
287	612
288	536
288	607
288	756
288	868
289	507
290	658
290	831
291	344
292	363
292	377
292	443
293	600
293	674
293	704
293	772
294	790
295	338
295	414
295	462
295	838
296	801
297	319
297	393
297	418
297	692
297	779
298	326
298	844
298	861
299	382
299	474
299	553
299	605
299	879
300	319
300	675
300	802
301	425
301	699
302	362
302	547
302	701
302	752
303	371
303	419
304	354
304	367
304	507
304	610
305	314
305	437
305	506
305	817
305	852
306	436
306	707
306	804
307	589
307	771
308	310
308	573
308	642
309	731
309	779
310	687
312	499
312	576
312	607
313	374
314	836
315	394
315	439
315	569
315	744
315	817
316	341
316	378
316	661
316	857
317	563
317	847
318	395
318	409
318	431
318	592
318	623
319	843
319	847
320	403
320	548
320	656
321	549
321	693
321	714
321	729
321	883
322	587
322	630
322	883
324	642
324	773
324	877
325	340
325	400
325	406
325	845
326	406
327	631
328	724
328	755
328	866
328	872
329	617
329	620
329	741
329	773
330	333
330	739
331	621
331	665
332	566
332	827
333	862
334	483
334	814
335	420
336	898
338	591
338	685
338	828
339	635
340	646
340	826
341	769
341	828
341	846
341	873
342	762
343	401
343	545
344	595
344	677
345	808
346	505
346	551
346	747
347	494
347	574
347	697
347	876
348	378
348	612
348	642
348	800
348	823
350	351
350	562
350	895
351	498
351	737
352	749
353	511
353	637
353	708
354	537
354	548
355	502
356	519
356	755
356	851
357	398
357	638
357	741
357	879
358	490
359	459
359	494
360	463
360	472
360	476
360	515
361	519
361	722
362	370
362	815
363	411
363	777
364	784
365	610
365	661
365	758
366	659
367	446
368	440
368	594
369	563
369	642
370	569
370	713
370	772
371	657
371	719
372	509
372	710
372	750
372	861
373	523
373	534
373	621
374	467
374	475
374	505
374	569
374	770
374	884
375	533
375	865
377	542
377	781
377	883
378	507
378	676
379	567
380	543
380	613
380	831
381	406
381	545
382	385
382	553
382	635
382	663
382	829
383	695
383	893
384	394
384	412
384	687
385	428
385	595
385	718
386	831
387	531
387	701
387	842
388	478
389	514
389	872
389	897
391	563
392	569
392	605
392	613
392	686
393	474
393	669
393	719
394	449
395	428
395	440
395	683
397	811
398	686
398	687
399	554
400	630
401	480
401	615
403	525
403	528
403	531
403	587
403	631
404	503
404	850
405	518
407	506
407	571
407	875
407	883
408	425
408	441
408	673
408	685
409	715
409	738
410	612
410	670
411	854
412	522
412	655
413	539
413	883
414	632
414	849
415	539
415	593
415	676
415	783
416	574
417	663
417	755
418	454
419	827
421	503
421	737
421	835
422	773
422	787
423	782
423	878
424	769
425	730
425	780
426	443
427	662
427	667
428	467
428	612
428	817
428	868
429	527
429	633
429	862
430	588
431	856
432	773
432	819
433	600
433	841
434	472
434	559
434	652
435	517
435	721
435	859
436	564
436	601
438	656
439	570
440	544
440	780
440	810
441	616
441	674
442	480
442	620
443	510
443	648
443	663
443	739
444	546
444	551
444	581
444	613
444	677
444	851
445	869
446	626
446	764
446	877
446	892
447	638
447	874
448	629
448	763
449	588
449	633
449	846
450	500
451	628
453	744
454	705
454	775
455	628
455	672
455	895
456	461
456	699
456	803
456	834
457	638
457	887
458	615
458	786
459	468
459	629
459	862
460	483
460	516
460	800
460	898
461	718
461	797
461	860
462	515
463	722
463	812
464	728
465	645
466	758
466	851
468	720
468	754
468	803
469	500
469	810
469	812
469	884
470	480
470	547
471	480
471	487
471	806
472	707
473	542
474	498
474	502
475	682
476	768
476	833
477	581
477	632
477	655
477	700
477	860
478	704
479	679
479	794
480	563
480	675
480	733
481	579
482	615
482	652
482	662
482	832
482	837
484	551
484	760
484	792
484	812
485	506
485	674
485	802
486	720
487	534
488	580
488	585
488	671
488	845
489	735
490	559
490	621
490	704
490	752
490	794
491	665
491	667
491	765
491	848
492	586
492	620
492	852
493	719
494	690
494	782
495	543
495	665
495	707
495	822
496	776
500	614
500	711
500	733
500	805
500	895
502	630
502	631
502	720
503	741
503	834
504	687
504	803
505	690
505	702
505	858
507	706
507	884
507	894
508	666
508	713
508	747
508	884
509	528
510	513
510	864
511	820
512	615
512	780
513	681
513	808
514	549
514	554
514	563
516	884
517	872
518	617
519	725
519	857
520	553
520	662
520	807
522	737
522	746
522	806
523	808
524	716
525	598
525	779
525	781
525	794
526	650
526	660
526	702
527	674
527	795
528	607
528	627
529	852
530	895
531	648
531	858
532	652
532	896
533	614
533	691
534	716
534	831
534	869
535	536
535	868
536	556
536	627
537	551
537	868
538	572
538	640
539	622
539	816
540	556
540	666
540	802
541	655
543	626
543	631
544	584
545	765
545	768
546	694
546	778
547	599
547	685
547	778
547	807
549	664
549	833
550	564
550	602
550	861
551	637
552	566
553	760
553	887
554	875
555	587
556	603
556	772
556	799
556	836
556	890
557	773
558	743
560	753
560	836
560	895
561	675
561	727
561	731
561	850
562	724
562	815
565	600
565	693
565	696
565	723
566	605
566	629
566	785
567	864
568	686
568	827
569	599
570	575
570	671
570	778
570	818
570	832
571	729
571	780
572	599
574	696
575	692
575	740
577	692
577	729
577	750
577	853
578	871
579	618
580	614
580	794
581	740
582	740
583	800
584	897
585	695
586	644
586	851
588	600
590	615
590	653
592	748
592	861
593	630
593	650
593	811
594	798
595	796
596	814
597	702
597	804
599	762
599	775
599	878
600	687
602	633
602	741
603	605
603	811
603	834
604	628
604	729
604	818
605	783
606	729
606	760
607	752
607	879
609	872
611	868
612	874
613	666
613	701
613	779
613	835
614	709
615	666
615	675
616	649
616	653
618	884
619	733
619	810
619	877
620	724
621	744
621	805
622	666
622	876
623	678
624	859
625	894
626	807
627	795
629	735
633	815
636	764
637	806
638	692
639	738
640	646
641	703
643	681
643	842
643	863
645	862
645	872
646	828
646	897
647	705
647	762
647	823
647	869
647	888
648	834
649	768
650	808
650	889
651	737
651	745
651	789
654	790
655	660
655	764
657	658
658	711
658	775
658	852
658	865
659	712
659	723
660	784
663	744
663	767
664	680
665	738
666	733
666	820
666	867
668	682
668	749
670	678
671	701
671	721
671	771
671	859
671	870
671	886
673	687
675	682
678	711
678	852
679	870
680	689
680	855
681	774
682	700
683	829
684	705
685	785
688	799
690	775
691	734
691	777
692	757
693	795
694	896
695	700
695	834
697	762
697	897
698	755
700	725
700	884
702	793
702	854
703	803
705	736
705	809
705	897
711	721
713	836
714	894
715	816
717	726
717	759
718	776
719	897
720	894
722	758
723	724
723	877
727	738
728	783
728	804
728	842
729	795
731	865
735	881
735	897
736	777
736	811
737	752
737	777
737	862
738	790
738	821
740	896
743	842
746	813
747	870
750	866
751	879
752	777
756	899
757	774
761	831
762	875
764	782
765	836
766	863
767	858
767	877
770	832
771	808
771	830
776	873
784	786
785	889
786	791
789	868
790	826
797	877
799	882
800	813
801	849
801	854
806	863
810	835
811	835
817	864
817	866
818	837
819	838
825	839
825	854
825	876
825	887
844	899
848	855
849	872
852	890
853	892
865	883
867	898
871	878
871	894