0	33
0	429
0	492
0	598
0	839
1	111
1	184
1	353
1	365
1	470
2	249
2	531
2	551
2	682
2	819
3	314
3	359
3	664
3	789
4	34
4	724
5	299
5	379
5	413
5	578
5	726
6	682
6	890
7	201
7	254
7	531
7	710
8	835
9	252
9	356
9	457
9	730
10	148
10	256
10	284
10	409
10	563
10	643
11	36
11	87
12	136
12	178
12	245
12	847
12	895
13	115
14	25
14	571
14	679
14	683
14	700
14	748
15	304
16	262
16	303
16	318
16	541
16	690
16	843
17	630
17	691
17	737
18	283
18	320
18	457
18	680
19	191
19	304
19	338
19	588
19	612
19	809
20	29
20	60
20	248
20	251
20	511
21	596
21	644
21	891
22	466
22	544
23	486
23	495
23	681
23	714
23	773
24	653
25	673
26	384
27	332
27	412
27	500
27	863
28	606
28	808
28	810
29	158
29	890
30	229
30	259
30	291
30	586
30	701
31	225
31	865
32	334
32	410
32	429
32	540
33	165
33	444
33	464
33	663
33	815
34	43
34	444
34	759
34	868
35	57
35	784
36	101
36	108
36	109
36	121
36	242
36	388
36	390
37	855
38	49
38	555
38	695
38	807
39	152
39	222
39	491
39	533
39	600
39	732
40	136
40	321
40	468
40	555
40	743
40	836
41	188
41	326
41	349
41	533
41	554
42	87
42	675
43	317
43	438
43	467
44	363
44	364
44	468
44	566
44	578
45	77
45	132
45	299
45	515
46	291
46	293
46	477
46	816
47	257
47	385
47	713
48	68
48	642
48	796
49	50
49	123
49	185
49	201
49	204
49	232
49	292
49	295
49	619
49	889
50	74
50	282
50	441
50	593
50	616
50	624
50	772
51	354
51	561
51	633
51	636
51	876
52	327
52	473
52	670
52	858
52	869
52	880
52	881
53	230
53	618
53	652
53	759
54	237
54	715
54	892
54	898
55	75
55	168
55	209
55	238
55	459
55	572
55	687
55	778
56	766
57	86
57	161
57	240
57	584
57	619
58	141
58	170
59	579
60	364
60	497
60	769
60	855
61	207
61	210
61	256
61	267
61	277
61	589
61	758
61	791
62	87
62	196
62	281
62	387
62	536
62	626
62	848
62	866
63	384
63	616
63	803
64	76
64	375
64	451
65	165
65	307
65	560
65	792
65	867
66	105
66	323
66	615
67	324
67	390
67	519
67	695
68	137
68	369
68	766
69	242
69	498
70	137
70	182
70	280
70	285
70	321
70	409
70	634
70	663
71	82
71	399
72	333
72	377
72	563
73	423
73	436
73	474
74	156
74	187
74	422
75	600
76	173
76	251
76	696
76	891
77	890
78	245
78	379
78	615
78	758
78	788
79	87
79	90
79	356
79	469
79	481
80	259
80	331
80	350
80	388
80	400
80	528
80	586
80	623
80	798
81	320
81	323
81	762
82	84
82	374
82	588
82	625
82	666
83	207
83	254
83	503
83	556
83	732
83	834
83	878
84	422
84	496
84	890
85	503
85	741
86	272
86	374
87	231
87	421
87	721
88	385
88	767
88	780
89	551
89	638
89	888
90	798
91	257
91	679
92	202
93	203
93	208
93	252
94	117
94	128
94	177
94	322
94	324
94	347
94	372
94	556
94	856
95	210
95	543
95	832
95	847
96	116
96	132
96	337
96	525
96	765
97	308
97	397
97	696
97	879
97	890
98	576
98	611
99	186
99	221
99	224
99	230
99	353
99	481
99	517
99	538
99	649
99	821
100	355
101	704
101	729
101	822
101	884
101	888
102	473
102	646
102	860
103	359
103	679
103	804
104	292
104	732
105	653
105	811
105	815
105	879
106	357
106	532
107	149
107	176
107	204
107	869
108	375
108	438
108	572
108	653
109	343
109	367
109	459
109	686
109	724
109	729
109	804
110	385
110	619
110	650
110	670
110	725
110	737
111	120
111	346
111	446
112	344
112	485
112	623
112	707
112	732
112	878
113	768
114	127
114	247
114	332
114	661
115	181
115	432
115	521
115	525
116	319
116	348
116	532
117	267
117	478
117	532
117	534
117	733
117	770
118	336
118	617
118	644
118	721
119	520
119	728
119	855
120	213
121	132
121	437
121	484
121	559
121	620
121	636
121	791
122	125
123	769
124	675
124	799
124	839
125	355
125	421
125	548
125	553
125	671
126	131
126	327
126	446
126	659
126	869
127	508
127	602
127	884
128	174
128	213
128	360
128	400
128	581
129	384
129	497
129	637
129	765
129	797
130	405
131	506
131	697
131	701
132	299
132	692
132	701
133	736
134	136
134	229
134	348
134	812
135	333
135	405
136	187
136	229
136	342
136	348
136	542
137	325
137	518
137	573
138	368
138	614
138	715
138	883
139	251
139	324
139	365
139	467
139	471
139	502
139	812
139	893
140	198
140	711
141	254
141	377
141	490
141	623
142	298
142	701
143	393
143	603
143	631
143	712
143	808
144	251
144	415
144	468
144	861
145	190
145	440
146	332
147	169
147	563
147	625
148	442
148	545
148	584
149	317
149	758
149	813
150	673
151	663
152	314
152	442
152	586
152	658
152	692
152	727
153	255
153	727
153	780
154	289
154	711
155	379
155	572
155	707
156	398
157	167
157	240
157	574
158	266
158	295
158	439
158	488
158	846
159	521
159	824
160	292
160	501
160	524
160	859
161	428
161	719
162	362
162	405
162	439
162	612
163	306
163	493
163	578
163	793
164	385
164	574
164	606
164	810
165	376
165	657
165	717
165	732
166	406
167	355
167	596
167	600
168	477
168	675
168	827
168	841
169	322
169	659
169	707
169	842
169	866
170	206
171	715
171	775
172	297
172	442
173	231
174	295
174	332
174	487
174	582
174	688
175	198
175	437
175	476
175	681
175	777
175	891
176	266
176	504
176	526
176	876
177	249
177	351
177	371
177	394
177	406
177	459
177	611
177	806
178	403
178	763
178	803
178	831
179	387
179	695
180	264
180	554
180	668
180	795
181	435
181	449
181	719
182	364
182	392
183	347
183	745
183	861
184	224
184	359
185	332
185	354
185	396
185	534
185	570
185	572
186	439
186	489
186	733
187	375
187	511
187	570
187	667
187	721
187	738
188	371
188	409
188	436
189	506
189	564
189	827
189	862
190	393
190	469
190	805
191	286
191	298
191	389
191	527
191	603
191	703
191	772
192	377
192	469
192	648
193	314
193	350
193	351
193	362
193	770
194	316
194	366
194	394
194	464
194	580
194	697
194	815
194	830
195	382
195	518
196	316
196	598
196	610
196	708
196	758
197	294
197	429
197	570
197	777
199	307
199	477
199	660
199	712
199	776
200	866
202	242
202	373
202	513
202	573
202	636
203	478
203	668
204	423
204	443
204	892
205	424
206	860
207	276
207	500
207	503
207	785
208	250
208	392
208	586
208	873
210	361
210	378
210	412
210	551
210	743
210	762
211	232
211	503
211	690
211	852
211	873
212	229
212	247
212	281
212	510
212	562
212	678
213	408
213	430
213	451
213	620
213	667
213	868
214	422
214	450
214	578
214	715
214	719
215	564
216	343
216	501
216	865
217	235
217	508
217	632
217	650
217	653
217	661
218	261
218	266
218	328
218	803
219	283
219	310
219	403
219	552
220	707
221	405
221	764
221	777
222	363
222	583
223	374
223	503
224	541
224	552
225	237
225	429
225	479
225	745
226	365
226	660
226	677
226	744
227	324
227	361
227	626
228	750
228	789
229	386
229	486
229	497
229	698
229	808
230	244
230	299
230	392
230	427
230	492
230	493
231	583
231	638
231	640
231	761
231	838
232	401
232	521
232	573
233	801
234	448
234	825
235	762
236	369
236	410
236	800
236	883
237	264
237	478
237	481
238	358
238	409
238	595
238	768
238	812
238	889
239	588
239	687
239	717
239	779
239	788
239	886
240	739
240	888
241	341
241	390
241	457
241	629
241	682
241	752
241	854
242	312
243	301
243	400
243	452
243	703
243	710
243	791
243	828
244	275
244	318
244	380
244	463
244	685
244	709
244	828
245	351
245	412
246	482
247	413
247	433
247	496
247	539
248	454
248	635
248	661
248	740
248	844
249	452
251	257
251	722
251	740
252	356
252	507
252	584
252	591
252	899
253	365
253	455
253	545
253	555
253	619
253	740
253	825
253	850
254	358
254	578
254	704
255	422
255	629
256	519
256	742
256	840
256	883
257	455
257	541
257	544
257	715
257	765
258	293
258	454
258	485
258	869
258	899
259	287
259	391
259	601
259	641
259	867
260	576
261	512
262	303
263	552
264	361
264	641
264	660
265	859
266	807
266	822
266	826
267	498
268	398
269	678
270	342
270	388
270	424
270	592
270	690
270	871
271	297
271	812
271	817
272	313
272	331
272	424
272	475
272	633
272	689
273	429
273	590
273	614
273	765
273	883
274	363
274	427
274	623
274	664
274	695
274	853
275	340
275	468
275	587
276	706
278	308
278	328
278	409
278	798
279	781
279	807
279	843
279	893
280	295
280	315
280	600
280	723
282	862
283	350
284	304
284	363
284	495
284	656
284	663
285	290
285	672
285	694
285	749
286	390
286	537
286	641
286	734
286	897
287	758
288	339
288	389
289	435
289	780
289	831
290	334
290	408
290	789
291	326
291	354
291	843
292	311
292	586
293	397
293	514
293	801
293	809
294	318
294	384
294	527
294	850
295	729
296	502
296	558
296	763
296	832
297	406
297	528
297	543
298	403
298	493
298	560
298	662
298	671
298	720
299	409
299	429
299	647
300	409
300	613
301	564
301	657
302	522
302	607
302	818
304	615
305	335
306	464
306	626
306	716
307	356
307	397
307	715
308	679
308	830
308	841
309	325
309	529
309	757
310	367
310	748
311	597
311	747
312	335
312	396
312	683
313	410
313	657
313	771
313	854
313	881
314	402
314	600
315	396
315	403
316	450
316	615
316	705
317	535
318	651
318	827
318	853
318	891
319	365
319	743
319	774
319	898
320	719
321	383
321	601
321	833
321	846
321	881
322	413
322	428
322	595
323	466
323	686
323	719
323	788
323	795
323	898
324	419
324	533
324	812
325	403
325	604
327	376
327	517
327	519
327	544
327	578
327	625
327	815
327	856
328	704
329	435
330	611
331	532
332	341
332	390
332	557
332	610
332	896
333	410
334	862
335	415
335	443
335	681
335	771
335	878
336	355
336	401
336	642
336	665
336	749
338	393
338	425
338	526
338	548
338	756
339	423
339	477
339	677
339	886
340	445
340	733
340	891
341	582
342	626
342	844
343	585
344	487
344	534
344	711
345	530
345	746
346	486
346	691
346	774
346	798
347	899
348	402
348	629
348	823
348	874
349	360
349	392
349	442
349	634
350	419
350	468
350	659
350	678
350	799
350	851
351	444
351	635
351	730
352	435
352	852
353	557
353	580
353	838
354	429
354	456
354	653
356	703
356	875
357	467
357	837
357	854
358	752
359	419
359	431
359	723
361	454
361	617
361	678
361	715
362	534
362	705
363	510
363	686
364	600
364	741
365	366
365	435
365	444
365	476
365	585
365	626
365	652
366	423
366	793
366	884
367	382
367	630
368	485
368	510
368	548
368	827
369	392
369	427
369	428
369	559
369	764
369	850
370	590
370	818
371	405
371	502
371	759
372	471
372	556
372	769
372	888
374	457
374	683
375	701
375	789
375	889
376	491
377	705
377	854
378	805
379	557
380	392
380	655
380	843
381	508
381	696
381	717
382	609
382	708
382	771
383	557
383	731
384	827
386	553
387	526
387	817
388	517
388	791
391	635
392	528
392	805
392	894
393	473
393	814
394	684
394	873
395	523
395	622
395	692
395	777
395	825
396	535
396	597
396	809
396	897
397	528
397	802
398	401
398	445
398	601
398	701
398	778
400	594
400	625
400	742
400	828
400	835
401	600
401	803
401	836
402	639
403	544
403	571
403	614
403	625
403	628
403	703
403	842
404	493
404	575
404	885
404	891
406	539
406	795
407	707
408	619
410	473
410	777
411	848
412	716
412	775
412	856
413	781
414	497
414	696
415	732
416	573
417	435
417	523
417	808
417	864
418	429
418	442
418	806
420	557
420	684
420	855
422	574
422	800
423	466
423	626
423	628
423	770
424	504
424	664
424	790
425	896
426	502
426	812
427	654
428	602
428	704
428	726
429	775
430	642
431	493
431	577
434	675
436	502
436	523
436	754
437	580
437	584
437	599
438	466
439	537
439	660
439	669
440	522
441	487
441	633
442	584
443	702
444	459
444	831
445	529
445	594
445	745
445	856
445	877
446	590
446	611
446	719
447	574
448	768
448	834
448	898
449	575
449	746
450	851
451	643
451	711
452	550
452	769
452	848
453	467
453	584
453	592
453	693
454	824
454	886
455	700
455	712
458	603
459	529
459	715
459	746
459	845
460	639
460	660
461	572
461	738
462	565
462	590
462	597
462	633
462	778
464	511
464	512
464	559
464	610
464	653
464	660
464	881
464	888
465	788
465	836
465	854
466	829
466	886
467	531
468	544
468	803
471	601
471	704
471	711
471	776
471	858
472	507
472	770
472	835
473	628
474	614
474	627
474	661
475	749
476	485
476	633
476	761
476	855
478	637
479	548
480	566
480	795
481	539
481	596
481	622
481	751
481	782
481	830
483	674
483	712
483	783
484	494
485	591
485	758
486	567
486	589
486	802
487	705
487	876
488	563
489	541
489	659
489	744
489	748
489	766
490	520
490	621
490	664
490	666
490	809
490	816
491	651
492	507
492	582
492	665
493	497
493	849
495	499
495	500
495	873
496	551
496	593
496	879
498	599
498	627
498	740
499	535
499	618
499	772
500	841
501	744
502	516
502	757
503	591
503	694
503	795
504	608
505	571
506	697
507	534
507	753
509	651
510	567
510	792
512	661
513	572
514	705
514	761
515	639
515	742
515	771
515	831
516	842
517	588
517	713
517	722
517	727
518	602
518	650
518	740
518	754
519	643
520	692
522	556
523	720
525	703
526	813
527	640
529	863
530	728
530	865
531	782
533	547
534	644
534	711
534	769
536	675
536	782
537	833
539	573
539	628
539	675
539	825
540	558
540	632
540	642
542	549
542	791
543	605
544	680
545	811
545	826
545	842
545	848
545	870
546	558
546	629
546	794
548	567
548	691
550	630
550	782
550	809
551	719
552	695
553	863
554	586
554	889
555	610
556	739
558	617
559	790
560	791
561	600
561	847
562	692
562	727
563	620
563	628
563	723
563	783
566	874
567	849
567	890
568	803
568	822
569	581
570	840
572	782
572	818
573	753
574	619
574	851
575	892
579	610
580	758
580	777
582	585
582	645
583	683
584	588
584	619
585	724
585	762
587	724
587	737
588	878
589	762
590	831
591	671
591	752
591	815
591	862
594	678
596	741
597	701
597	707
598	689
598	740
598	747
598	794
599	802
599	853
600	633
602	621
606	804
608	652
611	791
612	729
612	772
612	877
613	621
613	735
613	739
613	800
614	823
614	878
615	786
615	838
618	647
621	688
621	890
623	659
623	763
623	799
623	887
624	769
625	691
625	737
625	851
627	646
627	713
627	741
627	747
628	738
628	865
629	778
630	761
632	697
632	898
633	748
636	770
637	876
637	897
638	665
638	764
638	766
638	842
642	731
642	841
643	737
643	805
643	888
644	885
648	675
648	742
648	875
649	899
650	725
650	860
651	801
653	682
653	693
654	792
654	847
655	744
656	755
656	799
657	725
657	791
657	825
658	700
659	683
659	690
661	879
661	882
662	747
663	783
665	776
666	855
667	750
667	836
667	864
670	762
673	700
673	802
675	677
675	774
675	855
676	758
678	684
678	792
678	857
681	778
681	848
684	737
686	725
686	726
686	858
689	886
691	879
692	764
693	817
694	783
694	828
695	751
697	714
697	818
697	898
699	781
701	724
702	859
703	843
705	844
705	862
706	766
707	804
707	890
708	779
712	869
715	765
718	825
719	825
720	764
725	867
727	805
727	823
733	788
736	762
736	814
736	866
740	864
741	862
743	813
743	893
746	885
748	750
748	839
749	857
750	866
751	780
752	787
752	824
755	809
757	762
760	861
761	762
763	872
764	821
764	832
765	812
765	881
766	862
768	853
769	775
772	810
772	815
773	818
773	853
773	891
775	777
775	807
776	883
777	843
780	869
781	867
785	871
786	894
789	809
790	795
790	842
796	828
797	853
798	799
802	814
804	815
804	860
806	835
806	859
807	823
808	811
809	872
810	811
810	858
820	855
821	855
827	897
828	851
828	871
830	858
833	837
835	892
839	845
848	862
855	871
856	890
864	894
868	876
882	897