0	776
0	875
1	381
1	470
1	510
1	600
1	694
1	829
2	33
3	613
3	709
3	733
3	843
3	899
4	55
4	264
4	439
4	803
4	823
4	863
5	156
5	442
5	470
5	500
5	679
5	694
5	751
6	160
6	194
6	335
6	378
6	632
6	680
7	183
7	450
7	522
7	884
8	576
8	857
9	219
9	423
9	840
10	30
10	598
10	788
11	121
11	313
11	597
11	600
12	361
13	17
13	251
13	280
13	656
13	663
13	897
14	163
14	582
14	795
15	452
15	585
15	634
15	767
16	152
16	178
16	656
16	803
17	80
17	226
17	400
17	495
17	555
18	895
19	251
19	289
19	437
19	472
19	777
20	523
21	241
22	46
22	54
22	220
22	272
22	316
22	459
22	564
22	797
22	875
23	52
23	132
23	139
23	274
23	367
23	402
23	601
23	623
24	62
24	421
24	453
24	497
25	173
25	606
25	693
26	197
26	258
26	588
27	160
27	333
27	441
27	856
28	521
28	705
28	864
29	892
30	141
30	200
30	235
30	342
31	545
32	177
32	259
32	579
32	667
32	774
32	872
33	482
33	658
34	311
34	570
35	77
35	295
35	469
35	563
35	668
35	808
35	818
36	53
36	556
37	60
37	113
37	178
37	219
37	240
37	795
37	860
38	208
39	493
40	279
40	326
40	414
40	426
40	716
40	791
40	804
41	78
41	244
41	296
41	569
41	725
41	844
42	137
42	665
43	107
43	540
43	548
43	564
44	160
44	394
44	407
44	550
44	556
44	851
45	149
45	263
45	586
45	751
46	48
46	84
46	226
46	241
46	864
47	223
47	287
47	420
47	624
48	284
48	630
48	805
49	114
49	131
49	265
49	317
49	749
50	449
50	715
50	729
50	829
50	843
51	582
52	194
52	199
52	619
52	725
53	274
53	513
54	162
54	222
54	439
54	472
54	645
54	698
54	704
55	332
55	341
56	135
56	702
57	90
57	176
57	793
58	102
58	152
58	167
58	233
58	523
58	688
59	287
59	479
59	641
59	721
60	523
60	665
60	752
61	193
62	76
62	350
62	385
62	571
63	788
63	824
64	90
64	108
64	362
64	511
64	781
65	77
65	151
65	164
65	442
65	703
66	131
66	290
67	330
67	624
67	638
67	758
68	148
68	153
68	240
68	450
68	733
68	878
69	159
69	362
69	550
69	729
69	744
70	364
71	358
71	373
72	101
73	93
73	508
74	237
74	269
74	475
74	557
74	573
74	640
75	97
75	497
76	182
76	233
77	249
77	869
77	896
78	115
78	732
79	137
79	414
81	677
82	206
82	287
82	556
82	598
83	211
83	817
84	208
84	231
84	710
85	501
85	564
85	841
86	172
86	212
86	407
86	520
86	671
86	837
87	459
88	392
88	672
88	872
89	349
89	585
89	611
89	690
89	794
89	856
90	225
90	236
90	672
91	95
91	364
91	423
92	445
92	475
93	410
93	568
93	586
94	525
94	585
95	182
95	199
95	670
96	424
97	572
97	593
98	324
98	408
98	597
98	617
98	836
99	241
99	383
99	384
99	406
99	493
99	876
100	359
100	701
101	623
101	758
101	773
101	828
102	196
103	411
103	463
103	776
104	215
104	249
104	668
105	499
105	845
106	644
106	737
107	249
107	251
107	354
107	428
107	599
107	649
107	673
107	684
107	733
108	396
108	728
108	803
109	645
110	169
110	174
110	417
110	562
111	464
111	592
111	779
112	179
112	600
112	679
113	236
113	664
113	675
114	420
114	485
115	156
115	580
115	722
115	810
116	121
116	215
116	312
116	862
117	280
117	328
118	252
118	415
118	491
118	813
119	223
119	304
119	574
119	814
119	821
120	262
120	701
121	258
121	305
121	324
121	769
122	601
122	775
123	347
123	416
123	793
124	693
125	647
125	667
125	776
126	150
126	781
127	383
127	529
127	622
127	782
128	413
128	639
128	649
128	683
128	749
129	630
129	752
130	428
132	159
132	288
132	468
133	319
133	355
133	594
133	851
134	793
135	597
135	611
136	264
136	327
136	377
136	648
136	832
137	419
137	515
137	874
138	530
138	648
138	670
138	735
138	762
138	789
138	827
139	179
139	506
139	595
139	631
140	641
140	800
140	818
141	366
141	426
141	440
141	708
142	567
142	569
142	692
143	220
143	451
143	578
143	821
144	187
144	512
144	607
144	654
144	706
144	781
145	838
145	869
146	604
147	174
148	152
148	249
148	341
149	203
149	227
149	850
150	222
150	264
150	285
151	280
151	451
152	268
152	303
152	384
152	390
152	536
152	551
152	563
152	824
153	500
154	727
154	845
155	172
155	180
155	470
155	475
155	523
155	562
155	577
155	756
155	766
155	803
156	393
157	192
157	309
157	323
157	373
157	386
157	516
157	715
157	801
157	803
158	322
158	422
158	596
158	701
158	787
158	871
159	234
159	334
159	336
159	768
160	444
160	699
161	218
161	460
161	634
161	715
162	230
162	465
162	471
162	681
163	247
163	800
164	471
164	601
164	746
165	396
165	421
165	467
165	582
165	706
166	585
167	607
168	172
168	292
168	365
168	478
168	803
169	189
169	593
169	824
170	629
171	353
171	664
171	803
172	664
172	695
172	776
173	216
173	372
173	615
173	618
173	743
174	666
175	210
175	646
175	647
175	667
175	821
176	193
176	242
176	355
176	500
177	514
177	730
177	763
178	632
178	642
179	196
179	627
179	769
179	791
180	189
180	332
180	348
181	301
182	327
182	552
182	847
183	254
183	339
183	554
183	779
183	896
184	412
184	474
185	356
185	414
185	749
186	888
187	200
187	346
187	598
187	830
188	535
189	528
189	678
189	752
190	198
190	232
191	513
191	692
191	834
192	379
192	413
192	449
193	232
193	476
193	665
193	703
194	219
194	716
194	796
195	527
195	580
195	699
195	760
196	601
197	232
197	356
197	498
198	436
198	694
199	328
199	544
200	281
200	327
200	366
201	560
202	332
202	431
202	432
202	433
202	687
202	754
203	379
203	406
203	631
204	218
205	488
205	687
205	808
205	817
206	407
206	821
207	321
207	777
207	778
208	220
208	275
208	637
208	669
208	789
209	278
209	488
209	497
209	848
210	235
210	263
210	526
210	533
210	649
210	744
210	772
210	824
211	534
211	641
211	696
212	290
212	444
212	737
213	255
213	527
213	531
214	519
214	790
215	788
216	224
216	591
216	615
216	627
216	835
217	339
217	383
217	465
217	521
217	582
217	656
217	840
218	362
218	567
218	615
218	711
218	712
218	716
218	788
219	661
220	355
220	378
220	661
221	562
222	266
222	478
222	728
222	782
223	499
223	782
223	899
224	350
224	563
224	751
224	796
225	561
225	727
225	741
225	759
226	390
226	467
227	347
227	380
227	499
227	669
227	784
227	895
228	446
228	524
228	620
228	881
229	383
229	745
230	436
230	578
230	681
230	799
231	352
231	374
231	688
231	888
231	890
232	743
232	852
233	401
233	506
233	577
233	623
234	349
234	421
234	485
234	658
234	712
235	745
236	286
236	391
236	632
236	634
237	522
237	677
237	877
238	655
238	754
239	300
239	766
239	779
240	494
240	597
240	789
241	439
241	629
242	827
243	294
244	368
245	258
245	470
245	504
245	609
246	281
246	326
246	352
246	414
246	458
246	509
246	611
246	761
247	305
247	354
247	467
247	892
248	255
248	489
249	298
249	881
250	746
250	810
251	616
252	340
252	349
252	402
253	268
253	316
253	394
253	556
254	349
254	495
254	746
255	733
256	361
256	500
256	558
257	280
257	741
258	638
258	659
258	730
258	849
259	283
259	696
259	718
259	736
259	769
259	794
259	815
260	361
260	463
260	542
260	588
260	762
260	806
261	648
261	658
261	716
262	697
262	822
262	877
263	303
263	509
264	518
264	522
264	688
265	552
265	891
266	500
266	752
267	384
267	394
267	570
267	628
267	664
267	672
267	701
267	784
268	409
268	651
269	742
269	755
270	455
270	691
271	320
271	843
272	474
272	549
273	581
274	324
274	641
274	863
274	893
275	306
275	430
275	803
276	504
276	587
276	680
277	473
277	572
277	711
277	838
278	369
278	869
279	399
279	514
279	624
279	641
279	807
280	586
280	877
281	367
281	689
281	811
282	309
282	778
283	309
283	336
283	724
284	486
284	729
285	709
285	746
286	415
286	565
287	342
287	428
287	597
287	599
287	603
287	726
288	801
288	857
289	407
289	756
290	549
290	621
291	509
291	543
291	780
291	848
292	585
292	660
293	302
293	481
293	587
294	503
294	608
294	709
295	477
295	660
295	686
296	592
296	622
296	841
297	339
297	647
297	888
298	324
298	448
299	350
299	535
299	635
299	669
300	559
300	579
301	707
301	785
302	424
302	562
302	725
303	848
304	324
304	340
304	495
304	853
305	457
305	490
305	714
305	760
305	868
306	751
306	764
307	411
308	346
308	863
308	892
309	317
309	447
309	567
309	831
310	830
311	389
311	516
311	517
311	821
311	841
312	548
312	674
312	724
313	756
313	838
314	809
315	474
315	501
315	687
315	775
315	856
316	388
316	419
316	703
316	755
316	759
316	857
316	873
317	425
318	328
318	382
318	502
318	544
318	558
318	869
319	449
320	360
320	593
320	809
320	840
321	422
321	538
321	628
321	629
321	707
321	790
322	425
322	653
323	337
323	605
323	676
324	344
324	605
324	608
324	633
324	698
325	373
326	379
326	814
326	819
326	830
327	364
327	736
327	804
328	842
329	750
330	335
330	355
330	415
331	426
332	451
332	457
332	761
332	767
333	352
333	459
333	530
333	601
333	664
335	822
335	888
336	587
337	427
337	446
337	817
338	490
338	540
338	636
338	674
338	814
338	820
338	876
339	422
339	499
339	502
339	616
339	740
339	810
340	580
342	456
342	666
342	891
343	358
343	412
343	490
344	373
344	387
344	606
344	720
345	499
345	713
345	860
345	894
346	811
347	465
347	813
348	421
348	645
348	775
348	815
348	850
349	387
349	627
349	745
349	841
351	459
352	497
353	565
353	638
353	737
353	857
354	656
354	677
354	839
355	494
355	625
355	839
356	448
356	479
356	638
357	463
358	441
358	491
358	589
358	778
359	549
360	619
360	791
361	684
362	494
362	502
362	522
362	573
363	807
363	858
364	493
365	585
365	896
365	898
366	401
366	424
367	440
367	726
367	789
368	693
369	598
370	442
370	762
371	375
371	456
372	680
373	436
373	532
373	769
374	547
374	578
374	604
374	626
374	865
375	713
375	743
375	815
376	548
377	719
379	445
379	669
379	899
380	589
381	595
381	778
382	583
382	723
383	459
383	520
383	587
383	647
383	702
384	565
385	596
385	667
385	724
385	871
386	501
386	581
387	428
387	530
387	753
388	460
388	750
389	744
390	468
390	772
390	871
390	887
391	404
391	797
392	430
392	713
393	492
393	680
394	593
394	793
394	891
395	428
395	497
395	802
397	428
397	462
397	505
397	709
397	826
397	879
397	889
398	418
398	526
398	617
398	672
398	673
398	735
399	549
400	617
400	621
400	629
400	750
401	519
401	582
401	673
401	802
401	858
402	652
403	888
404	731
404	854
405	572
405	703
405	803
405	880
406	474
406	620
407	484
407	630
408	439
408	536
409	835
410	701
411	887
412	527
412	750
412	795
412	845
413	466
413	607
413	704
413	709
413	843
416	590
418	667
418	689
418	750
418	789
418	859
418	866
419	794
420	796
420	861
421	424
421	463
421	529
421	585
421	699
421	881
422	442
422	479
423	514
423	715
423	729
424	463
425	528
425	757
425	790
425	830
426	863
427	571
427	780
428	747
429	473
429	499
429	882
430	558
430	789
431	827
432	522
434	492
434	585
434	602
434	678
434	872
435	490
435	532
435	642
435	708
435	804
436	594
436	661
437	478
437	590
437	592
438	696
438	875
439	885
441	511
441	760
441	814
442	709
442	866
443	490
443	753
443	818
443	834
444	445
444	477
444	530
444	726
445	774
446	753
447	647
447	682
447	786
448	550
448	586
449	536
449	576
449	745
449	886
450	843
451	602
452	798
452	864
453	526
453	651
454	692
454	862
455	688
456	623
456	803
456	836
456	880
457	576
458	531
459	539
459	593
459	773
459	833
460	482
460	574
460	840
460	895
461	881
464	664
464	828
464	829
465	549
465	580
466	494
466	680
467	647
467	832
468	533
468	704
468	812
468	858
469	476
470	708
471	883
472	524
473	503
473	606
473	740
473	840
474	593
474	761
474	805
474	834
474	846
474	899
475	558
475	669
475	845
476	645
476	665
476	803
478	876
479	577
479	727
480	620
480	709
480	772
481	720
481	862
483	673
483	680
484	510
484	708
484	771
484	815
485	667
486	741
487	507
487	544
487	621
487	647
487	758
487	781
487	897
488	674
489	897
490	651
491	598
494	595
494	649
494	793
495	621
495	750
496	538
496	651
497	504
497	541
497	652
497	726
499	568
499	836
500	525
501	568
501	632
501	774
502	733
503	629
505	583
505	634
505	700
505	831
506	784
507	709
508	642
508	663
509	635
509	691
509	839
510	646
510	785
510	876
510	886
513	741
513	742
513	862
517	557
517	741
517	774
517	875
518	688
518	704
519	681
520	557
520	724
520	869
521	616
521	711
521	722
522	667
522	844
523	703
524	604
524	704
524	743
525	537
527	536
527	578
528	537
528	570
528	793
528	898
529	714
530	600
531	652
531	693
533	595
533	765
533	790
534	867
535	768
537	570
538	704
539	615
539	712
539	892
540	714
540	799
541	569
541	595
541	720
542	544
542	797
543	611
543	826
544	582
544	705
544	750
545	572
545	851
545	864
546	563
547	580
547	825
548	819
550	642
551	674
552	581
552	864
552	874
552	882
553	739
554	823
555	605
557	858
558	775
559	599
559	613
559	852
560	573
561	612
561	737
562	682
562	766
562	803
562	882
564	644
564	859
565	644
566	575
566	695
567	726
567	789
568	597
569	607
570	672
570	829
571	761
572	809
574	741
575	710
575	759
576	600
576	714
577	735
577	818
578	604
578	885
579	776
580	634
580	758
580	843
581	661
581	696
581	747
582	860
583	702
584	614
584	778
584	811
585	780
585	897
589	689
589	819
590	645
590	669
590	830
591	760
591	851
591	863
591	870
592	618
592	699
592	785
593	745
593	780
594	682
594	810
596	730
596	828
596	833
597	725
597	758
597	849
598	657
598	713
598	739
598	765
599	715
599	779
599	861
599	888
602	708
603	661
603	703
603	710
603	863
606	786
607	677
607	758
609	637
609	775
609	831
610	739
611	755
612	624
612	689
613	800
613	819
613	885
614	649
614	826
614	899
615	663
615	826
616	685
616	707
616	800
618	799
619	723
621	723
621	889
622	647
622	773
623	763
624	665
625	752
627	687
627	807
627	848
629	683
630	733
631	726
631	859
632	763
635	652
636	714
636	769
637	881
639	646
639	649
640	675
640	751
642	721
643	731
643	848
643	877
644	702
645	747
645	870
645	874
647	774
648	685
648	862
649	678
650	888
651	671
655	865
656	756
657	735
657	773
657	799
657	847
658	680
660	725
661	759
662	689
662	738
663	739
664	796
666	682
667	751
668	776
669	811
670	857
670	871
670	886
671	793
671	870
672	736
673	706
673	734
675	833
676	802
677	809
677	859
679	807
680	714
681	864
682	792
682	831
684	843
685	881
686	889
687	719
687	723
687	814
688	709
689	708
689	743
694	887
696	766
696	871
698	737
699	869
702	882
703	739
704	815
705	897
707	826
710	811
710	820
711	760
713	884
714	727
714	809
715	852
716	867
717	750
718	724
719	745
721	770
722	812
722	848
725	732
725	840
726	768
726	799
726	824
727	788
731	788
733	771
733	790
736	868
739	763
739	862
742	811
743	816
746	794
748	814
748	867
749	781
750	804
751	802
752	841
752	899
755	761
755	763
755	837
758	761
759	871
768	869
772	791
774	894
775	852
776	872
777	844
779	869
781	799
783	809
792	829
795	893
797	829
800	884
801	899
804	820
809	893
810	873
814	878
820	830
821	858
823	887
828	835
829	841
835	867
840	874
849	871
855	876
857	859
857	864
859	892
860	891
861	887
867	890