0	45
0	61
0	198
0	674
0	706
0	839
1	193
1	197
1	357
1	385
1	594
2	669
2	686
2	736
2	785
2	878
3	112
3	211
3	447
3	544
3	582
3	883
3	886
3	896
4	346
5	198
5	752
6	96
6	162
6	337
6	434
6	511
6	592
6	785
7	287
7	479
7	569
7	596
7	760
7	848
8	37
8	80
8	260
8	545
8	581
8	876
9	93
9	227
9	432
10	163
10	519
10	697
10	787
10	885
11	25
11	366
11	491
11	896
12	19
12	83
12	197
13	154
13	202
13	313
13	483
13	876
14	437
15	683
16	46
16	396
16	536
16	876
17	207
17	583
18	21
18	466
18	475
18	805
19	198
19	886
19	893
20	44
20	517
20	716
21	274
21	526
21	751
22	29
22	117
22	220
22	291
23	128
24	245
24	255
24	553
24	856
24	874
25	47
25	401
25	594
25	652
25	878
26	168
26	355
26	687
26	704
26	837
27	106
27	270
27	375
27	443
27	603
27	810
28	227
28	233
28	296
28	453
28	526
28	555
28	661
29	538
29	578
29	679
29	699
30	193
30	659
30	707
30	828
31	180
31	431
31	489
31	590
32	151
32	469
33	353
33	595
33	687
34	149
34	243
34	320
34	477
34	593
35	291
35	742
35	849
36	37
36	282
36	422
36	452
36	701
36	803
37	277
37	286
37	625
38	58
38	391
38	533
38	569
39	350
39	595
39	670
39	698
39	752
39	809
39	852
40	138
40	368
40	737
41	263
41	365
41	455
41	540
41	619
42	220
42	409
42	446
42	508
42	511
43	374
43	462
44	123
44	307
44	688
44	690
44	801
45	136
45	163
45	171
45	212
45	895
46	387
46	708
47	339
47	600
47	633
47	781
48	316
48	777
49	98
49	515
49	724
50	58
50	213
50	592
50	752
50	859
51	195
51	201
51	473
51	482
51	566
51	590
51	735
51	764
52	161
52	252
52	320
52	521
52	889
53	109
53	318
53	521
53	829
53	862
54	66
54	285
55	271
55	327
55	408
56	346
56	483
56	525
56	749
57	808
58	283
58	629
58	759
59	754
60	239
60	575
61	550
61	599
61	639
62	87
62	274
62	657
63	175
63	242
63	520
63	577
63	580
63	661
64	301
64	818
64	879
65	396
66	357
66	817
67	102
67	209
67	380
68	232
68	350
68	457
68	551
68	574
68	880
69	521
69	542
69	582
69	593
69	620
69	661
69	715
70	78
70	127
71	173
71	239
71	255
71	353
71	555
72	202
72	666
73	95
73	228
73	343
73	740
74	455
74	861
75	399
75	573
76	99
76	249
76	851
77	280
77	309
77	382
77	391
77	440
77	565
77	757
78	133
78	377
78	680
78	770
79	195
79	845
79	858
80	229
80	274
80	560
80	604
80	724
80	846
81	187
81	458
81	875
82	314
82	324
82	390
82	498
82	819
82	892
83	877
84	147
84	760
85	283
85	347
85	542
85	711
85	769
85	884
86	92
86	252
86	589
86	829
87	192
87	341
87	447
87	704
88	440
88	747
88	886
89	232
89	367
89	395
89	572
89	637
89	736
89	790
89	798
89	846
89	857
90	178
90	645
90	659
90	775
91	586
91	685
91	728
92	196
92	318
92	323
92	544
92	634
92	845
93	274
93	558
93	591
93	641
93	829
93	874
94	105
94	274
94	292
94	807
95	152
95	686
95	716
95	843
96	163
96	238
96	249
96	254
96	261
96	304
97	166
97	734
97	767
98	99
98	133
98	459
98	628
98	826
99	588
99	607
99	716
99	827
100	434
100	570
100	637
101	518
102	176
102	632
102	637
102	782
102	888
103	684
104	137
104	451
104	546
104	556
104	571
105	131
105	517
105	659
105	678
106	238
106	351
106	543
106	643
106	843
107	355
107	436
107	782
108	123
108	180
108	542
108	709
108	793
108	872
109	169
109	176
109	289
109	434
109	477
109	517
110	147
110	190
110	725
110	836
111	640
111	843
112	751
112	822
112	871
113	338
113	619
113	877
114	298
114	322
115	146
115	155
115	305
115	841
116	291
116	733
117	433
117	539
117	628
117	848
118	297
118	331
118	359
118	585
118	696
119	681
119	800
119	899
120	385
120	432
120	764
120	776
121	182
121	581
122	236
122	515
122	866
123	182
123	186
123	391
123	479
123	830
123	839
124	488
124	529
124	820
125	301
126	343
126	462
126	468
126	741
127	190
127	737
127	763
127	800
127	899
128	411
128	484
129	233
129	242
129	687
129	840
129	841
129	875
130	753
130	783
130	849
131	143
131	407
131	470
131	563
131	783
131	867
132	618
133	428
133	463
133	802
133	833
134	178
134	312
134	313
134	502
134	565
134	686
134	733
134	782
135	202
135	260
135	677
135	731
136	230
136	447
136	512
136	552
137	429
137	442
137	685
137	836
138	434
138	598
138	646
138	896
139	173
140	453
140	463
140	554
140	598
141	612
142	155
142	328
142	330
142	498
142	501
143	183
143	192
143	218
143	265
143	679
143	758
143	835
144	421
144	548
145	311
145	381
145	396
145	623
145	871
146	325
147	305
147	391
147	460
148	685
148	710
149	407
149	446
150	490
150	539
150	593
150	703
151	211
152	404
152	755
153	632
153	868
153	870
154	263
154	319
154	349
154	380
154	882
155	239
155	362
156	383
157	305
157	640
157	696
157	892
158	695
159	249
159	320
159	386
159	453
159	685
159	737
159	834
160	414
160	547
160	743
160	772
160	852
161	441
162	199
162	559
162	638
162	762
162	819
163	459
164	432
164	447
164	617
165	461
165	694
166	255
166	324
166	600
166	787
167	215
167	357
168	547
168	693
169	687
170	690
170	786
171	233
171	614
171	809
172	188
172	308
172	535
172	658
172	789
172	795
173	210
173	244
173	362
174	195
175	259
175	574
175	581
175	614
175	640
175	781
176	315
176	432
177	624
178	226
178	402
178	762
178	802
179	327
179	497
179	546
179	753
181	294
181	492
181	575
181	680
181	868
182	756
183	608
183	614
183	620
183	639
183	841
184	202
184	213
184	384
184	462
184	490
184	802
184	846
185	243
185	265
185	299
185	633
185	755
186	381
186	637
187	321
187	519
187	778
188	336
188	732
188	802
189	197
189	200
190	247
190	287
190	816
191	238
191	364
191	752
191	805
192	341
192	542
192	808
193	705
193	754
194	478
195	856
195	890
196	321
196	525
196	748
197	247
197	301
197	492
197	718
198	490
198	654
198	672
198	795
199	396
199	620
201	234
201	552
202	286
202	363
202	681
202	890
203	406
203	541
204	479
204	693
205	536
206	733
206	806
206	896
207	534
207	560
207	694
207	784
208	246
208	457
208	717
209	646
209	695
210	269
210	317
210	432
210	625
210	646
210	869
211	291
211	744
212	527
212	561
212	801
213	271
214	252
214	276
214	349
214	354
214	362
214	755
214	870
215	279
215	349
215	358
215	786
216	290
216	641
216	656
216	851
217	579
217	633
219	587
219	795
219	895
220	263
220	272
220	334
220	884
220	896
221	300
221	536
222	775
223	727
224	522
224	680
224	810
225	550
225	877
226	529
226	845
227	652
227	746
228	263
228	452
228	637
228	755
228	809
229	312
229	359
229	376
229	609
229	806
230	460
230	725
231	293
231	399
231	558
231	858
232	286
232	439
232	525
233	341
233	396
233	405
233	446
233	468
234	639
234	687
234	689
234	735
234	799
235	660
235	804
236	590
236	729
237	358
237	522
237	636
237	798
238	378
238	430
238	516
239	301
239	340
239	408
240	433
240	549
240	656
241	358
241	522
241	631
241	692
241	783
241	803
242	334
242	511
242	617
242	860
242	879
243	292
243	613
243	728
243	887
244	578
244	602
244	646
246	267
246	286
246	512
246	605
246	621
247	330
247	497
247	764
248	315
248	782
249	465
249	484
249	663
249	704
250	634
251	281
252	424
252	543
252	571
253	381
253	639
253	664
253	768
254	364
254	492
254	613
256	419
256	631
256	857
257	351
257	561
257	572
258	303
258	559
258	564
259	394
259	595
260	457
260	522
260	532
260	580
261	275
261	827
262	578
262	584
262	828
263	577
263	676
263	694
263	875
264	311
265	589
265	611
265	784
265	800
266	588
266	691
267	515
268	322
268	374
268	384
268	439
268	578
268	588
268	637
269	379
269	702
270	502
270	626
270	673
270	769
272	449
272	517
272	634
272	860
273	355
273	591
273	594
273	627
274	622
274	889
275	520
275	617
275	660
275	707
275	794
275	831
275	892
276	797
277	311
277	448
278	296
278	480
278	891
279	478
279	705
281	623
281	872
282	348
282	514
282	552
282	639
282	688
283	334
284	621
284	642
284	720
285	317
285	536
285	616
286	401
286	570
286	741
286	758
287	474
287	557
287	600
287	836
288	333
288	340
288	764
288	765
289	357
289	359
289	436
290	340
290	454
290	521
290	700
290	771
291	316
291	478
291	542
292	379
293	701
293	723
293	854
294	422
294	447
294	528
294	722
295	304
295	533
295	729
296	352
296	436
296	550
296	717
296	867
298	314
298	489
298	689
298	711
298	749
298	810
298	868
299	538
301	491
301	594
301	836
302	719
303	724
303	778
304	405
304	509
305	674
305	712
305	759
305	788
306	486
307	412
307	586
308	552
308	763
309	447
309	804
309	875
310	547
311	330
311	476
311	657
312	400
312	650
312	815
312	853
313	536
313	787
314	470
314	592
314	605
314	884
315	391
315	439
315	525
315	560
315	738
316	562
317	413
317	576
318	697
319	784
319	881
320	421
320	437
320	463
321	553
322	536
322	554
323	410
323	645
323	672
324	326
324	344
325	852
325	879
326	380
326	479
326	510
326	608
326	781
327	387
327	481
327	615
327	651
328	458
328	551
329	532
329	549
330	336
331	503
331	727
331	767
332	687
333	790
334	496
334	638
335	547
335	718
335	833
336	561
336	713
336	714
336	773
336	789
336	841
337	368
337	436
337	554
337	805
338	341
338	430
338	507
338	824
338	862
339	820
339	854
339	881
340	365
340	566
340	581
340	820
340	857
340	899
341	693
341	737
342	627
342	723
342	740
344	379
344	726
344	734
345	833
346	504
346	515
346	826
347	372
347	437
347	793
348	394
348	768
348	809
348	864
349	429
349	430
349	606
349	847
350	776
350	813
351	364
352	393
352	412
352	541
352	568
352	857
353	558
353	758
355	661
355	684
355	835
356	357
356	539
357	393
357	591
357	780
358	370
358	465
358	486
358	578
358	742
359	464
359	676
359	695
360	673
360	741
361	400
362	806
362	843
362	857
364	367
364	855
365	850
366	461
366	500
366	597
366	853
367	525
369	387
369	657
369	728
369	847
370	873
371	712
372	806
373	421
373	480
373	582
373	600
373	645
373	799
374	453
374	636
374	654
375	447
375	572
375	610
375	891
376	590
376	810
377	745
377	812
377	818
378	606
378	639
379	443
379	655
379	725
379	897
382	525
382	543
382	745
382	814
383	535
383	574
383	689
383	835
383	837
384	423
384	633
384	650
385	813
386	597
387	411
387	463
387	468
387	824
388	505
389	759
390	431
390	810
391	541
392	421
392	448
392	743
392	763
392	772
393	497
393	613
393	737
393	865
394	509
394	742
394	779
395	813
395	895
396	580
397	489
397	504
397	794
398	688
398	854
399	432
399	511
399	719
399	759
400	403
400	620
400	692
401	587
401	622
401	626
402	626
402	726
402	875
403	631
403	641
404	618
404	834
405	680
406	430
406	501
408	833
409	423
409	657
410	492
410	789
411	515
411	623
411	658
412	470
412	482
412	772
412	784
412	810
412	888
413	449
414	640
414	665
414	859
415	438
415	533
415	541
415	598
416	485
416	723
417	554
417	842
418	438
418	471
419	502
420	763
420	791
420	885
421	764
422	854
422	890
423	501
424	798
424	800
425	590
426	529
427	665
428	487
428	542
428	555
428	763
429	487
429	614
429	660
430	602
431	484
431	762
432	552
432	657
433	780
433	794
435	533
435	738
436	759
437	500
437	545
437	691
437	718
438	496
438	520
439	510
439	648
440	818
441	791
443	782
444	459
444	471
444	511
445	671
446	468
446	548
446	675
446	823
447	496
447	515
448	455
448	479
449	650
450	660
450	667
450	773
450	807
450	862
451	833
452	491
452	496
452	499
452	749
454	564
454	720
455	771
456	881
457	605
457	657
457	811
458	532
459	691
459	782
460	686
461	634
462	532
465	599
466	751
466	865
467	539
467	677
468	750
468	785
469	719
470	499
470	555
470	648
470	750
470	809
470	817
471	858
472	648
472	745
476	495
476	632
476	872
477	593
477	667
477	782
478	805
478	806
478	888
480	599
480	628
480	668
480	798
482	553
482	691
484	642
484	729
484	741
484	761
485	673
486	540
486	704
487	494
487	501
487	828
488	778
489	872
490	842
491	531
491	690
491	803
492	752
492	845
493	635
493	673
493	727
493	798
494	697
495	520
495	620
496	667
496	680
496	857
497	686
498	521
498	557
498	779
498	876
500	781
501	510
501	756
502	721
502	734
503	613
504	652
504	804
505	647
505	738
505	794
506	734
506	793
507	518
507	672
507	789
508	806
509	526
509	576
509	808
510	719
510	744
510	894
511	685
511	716
512	546
512	629
512	790
512	862
513	758
513	790
515	696
515	738
515	752
517	659
517	721
518	615
518	845
519	520
519	525
519	656
519	727
522	737
523	752
524	619
525	726
526	826
527	571
527	625
527	824
527	856
529	681
530	899
531	542
531	835
531	849
532	548
532	575
533	804
534	585
534	591
534	832
534	868
535	724
535	809
535	830
535	889
536	640
536	778
536	838
537	669
537	695
538	604
538	649
538	719
541	776
541	835
541	840
541	842
542	550
542	877
542	878
543	684
544	577
545	551
545	643
545	648
545	713
545	826
546	673
547	567
547	627
547	723
548	604
548	706
549	736
550	626
551	725
551	809
551	832
551	879
552	785
552	786
552	843
553	558
554	590
554	601
555	685
555	739
556	748
557	631
557	662
557	849
558	831
559	642
559	711
559	790
559	791
560	572
560	708
560	802
560	809
560	836
560	891
561	566
562	777
563	615
563	738
565	658
566	635
566	719
567	585
567	832
568	601
568	668
570	610
570	852
571	717
571	746
572	715
573	770
573	858
574	838
575	751
577	612
577	717
577	831
578	587
578	626
578	658
578	763
579	895
581	648
581	662
585	704
585	789
586	853
587	833
587	844
588	621
588	634
588	770
588	891
589	769
590	749
590	895
591	613
591	811
593	720
594	659
595	672
595	754
596	627
597	668
598	663
598	697
599	893
600	611
600	848
601	789
601	790
601	841
601	890
603	888
604	892
606	629
607	662
610	632
610	849
611	856
612	709
612	734
612	799
613	679
613	703
613	733
613	751
614	660
614	783
616	802
617	636
617	643
617	815
618	848
619	672
620	703
621	751
622	676
624	728
626	805
627	781
628	687
628	780
629	697
630	763
630	843
631	698
631	799
633	726
633	752
633	855
634	836
638	869
639	680
640	817
641	722
643	645
644	788
645	665
645	681
649	746
650	861
652	674
652	724
652	818
653	689
653	757
653	859
654	764
654	873
654	885
655	665
655	794
655	895
656	870
657	703
657	834
659	837
662	899
663	805
664	715
665	694
665	856
667	760
668	851
670	684
671	774
672	677
672	743
672	807
672	826
672	886
674	792
674	797
674	811
675	763
675	857
677	866
681	891
682	774
683	766
683	863
684	780
684	882
687	715
687	760
687	846
688	847
693	797
695	764
697	836
698	775
699	777
701	892
707	723
708	789
709	752
710	785
712	801
714	873
715	796
717	892
718	780
719	753
722	785
726	750
726	846
728	832
730	770
734	742
735	742
736	790
737	744
737	763
742	899
743	773
743	802
744	830
744	834
745	898
746	793
746	839
747	852
749	821
750	824
751	753
754	799
756	784
756	825
757	823
760	821
761	769
763	866
765	790
765	859
766	833
767	802
767	834
768	836
771	870
773	837
774	785
774	798
776	832
777	781
777	804
777	817
783	808
785	859
788	845
791	854
793	809
798	832
803	874
803	877
804	868
804	891
808	846
811	855
812	833
815	829
817	874
823	883
826	874
826	886
827	885
836	838
836	890
839	884
839	892
850	856
854	885
865	876
874	887
893	895