0	195
1	263
2	302
2	504
2	717
3	201
3	516
3	717
4	617
4	864
5	350
5	407
5	534
5	620
6	15
6	59
6	260
6	706
6	791
7	42
7	117
7	133
7	403
8	34
8	68
8	122
8	139
8	163
8	412
8	685
8	736
9	113
9	116
9	419
9	583
9	683
10	77
10	424
10	531
10	627
10	663
10	782
11	341
11	428
12	195
12	374
12	419
12	841
13	33
13	448
14	509
14	737
14	802
14	868
14	886
15	254
15	627
15	649
16	225
16	353
16	629
17	296
18	337
18	503
19	39
19	110
19	737
20	308
20	704
20	756
21	35
21	239
21	511
21	616
21	722
22	115
22	194
22	389
22	391
22	682
22	799
22	811
23	329
23	843
24	227
24	428
24	605
25	86
25	320
25	738
26	300
26	349
26	402
26	428
26	753
26	817
27	634
27	684
28	106
28	168
28	567
28	607
28	631
28	652
29	194
30	215
30	787
30	791
31	146
31	173
31	259
31	744
32	49
32	315
32	324
32	438
32	649
32	878
33	268
33	270
33	608
33	695
33	787
33	851
33	896
34	167
34	376
34	453
34	731
34	835
35	165
35	288
35	399
35	530
35	534
35	695
35	767
35	791
36	179
36	439
37	673
37	885
38	65
38	238
38	402
38	827
38	838
39	288
39	328
39	333
39	567
39	892
40	79
40	94
40	338
40	748
41	153
41	553
41	755
41	785
42	478
42	600
42	667
43	487
43	521
43	597
43	643
44	97
44	511
44	613
44	697
44	717
44	726
45	52
46	618
47	205
47	445
47	594
47	624
47	791
47	827
48	70
48	406
48	682
49	165
49	336
49	478
49	610
49	781
50	51
50	242
50	453
50	549
51	410
51	522
51	643
52	386
52	461
52	513
52	648
52	684
52	691
53	261
53	647
54	90
54	738
55	689
55	768
56	69
56	225
56	370
56	724
57	103
57	218
57	291
57	350
57	463
57	577
57	721
57	792
58	95
58	179
58	425
58	599
59	193
59	785
60	529
60	605
60	629
60	669
60	695
61	215
62	72
62	143
62	258
63	520
63	585
63	594
63	644
64	161
64	213
64	271
64	547
64	637
64	747
65	379
65	564
65	820
66	164
66	281
66	667
66	896
67	465
67	487
67	865
68	177
68	368
68	388
68	541
68	615
68	747
69	239
70	134
71	646
71	846
72	278
72	433
72	703
73	417
73	681
74	392
74	471
74	550
74	596
74	717
75	209
75	387
75	722
76	97
76	576
76	638
76	694
77	123
77	368
78	88
78	229
78	495
78	598
78	820
79	135
79	397
79	718
80	540
80	545
80	852
80	889
80	896
81	363
81	486
81	616
81	640
81	713
82	152
82	707
83	329
83	498
83	501
83	642
83	790
84	591
84	749
85	276
85	690
85	697
86	109
86	215
86	256
86	264
86	602
86	710
86	856
87	420
88	145
88	508
88	654
88	661
89	238
89	395
89	502
89	685
90	793
91	188
91	391
91	429
91	680
91	688
91	808
92	503
93	463
93	483
93	506
93	613
94	107
94	141
94	686
95	202
95	291
95	477
95	539
95	795
95	841
95	844
96	131
96	445
96	581
96	833
97	106
97	155
97	842
98	126
98	402
98	794
99	469
99	642
99	656
100	195
100	243
100	347
100	445
100	461
100	478
100	524
100	736
101	284
101	420
101	465
101	537
101	560
101	820
101	883
102	221
102	253
102	365
102	517
102	552
102	636
102	800
103	132
103	148
103	258
103	788
104	178
104	394
105	126
105	368
105	645
106	126
106	248
106	668
106	708
107	208
107	252
107	433
107	580
107	594
107	660
107	816
108	467
108	896
109	474
109	689
109	866
110	736
111	274
111	676
111	684
111	718
112	126
112	860
113	158
113	748
114	527
114	586
115	329
115	467
116	175
116	317
116	342
116	353
116	521
116	634
117	489
117	633
117	781
118	175
118	307
119	865
120	430
120	495
120	569
120	697
120	740
120	741
120	826
120	837
121	157
121	446
121	514
121	558
122	181
122	305
123	694
123	750
123	838
124	192
124	368
124	809
125	795
126	503
126	682
126	757
126	825
127	292
127	623
127	749
127	824
128	225
128	252
128	519
128	703
129	330
129	875
130	573
130	589
130	751
131	142
131	854
132	844
133	550
134	156
134	199
134	282
134	520
134	638
135	459
135	808
136	252
136	353
136	811
137	370
137	505
138	140
138	275
138	668
138	712
138	796
139	630
140	321
140	379
140	465
140	642
140	736
141	154
141	253
141	529
141	637
141	686
142	181
142	299
142	643
142	660
142	709
142	882
143	172
143	174
143	192
143	728
144	323
144	482
145	388
145	416
145	722
146	611
146	711
146	730
146	832
146	861
147	273
147	380
147	570
148	157
148	366
148	450
148	593
148	609
148	643
148	781
148	845
149	630
150	175
150	406
150	685
151	280
151	651
152	459
152	760
153	188
153	298
153	664
154	750
155	195
155	218
155	253
155	294
155	324
155	491
155	498
155	789
156	736
156	765
157	753
158	387
158	478
158	525
158	649
158	762
158	894
159	675
160	500
160	582
161	245
161	318
161	490
161	790
161	895
162	500
162	723
163	335
163	874
164	465
164	515
164	676
164	703
165	708
166	190
166	785
166	832
167	406
167	566
168	244
168	251
168	536
168	609
168	779
168	821
169	385
170	173
170	630
170	647
170	682
170	760
171	552
172	326
172	391
172	775
173	247
173	360
173	690
173	694
173	750
174	496
174	545
174	739
175	324
175	350
175	470
175	590
175	719
176	202
176	523
176	867
176	882
177	292
177	636
177	840
178	321
178	373
179	250
180	341
180	347
180	554
180	791
180	852
181	469
181	818
182	313
182	404
183	246
183	367
183	687
183	756
184	436
184	458
184	561
185	206
185	238
185	430
185	519
185	712
186	218
186	399
186	620
187	391
187	600
187	687
187	873
188	770
188	789
189	773
190	375
190	389
190	398
190	587
191	337
192	202
192	464
193	576
193	646
194	519
194	673
194	849
195	762
196	636
197	333
197	385
197	792
198	781
199	251
199	744
199	889
200	214
200	417
200	512
200	545
200	563
201	329
201	476
201	558
201	785
202	481
202	824
202	878
203	317
203	528
203	656
203	671
203	739
204	723
205	292
205	316
205	328
205	373
205	409
205	841
205	868
206	432
206	438
206	783
206	875
207	308
207	446
207	491
207	840
208	457
208	618
208	773
209	334
209	340
209	412
210	824
210	876
211	283
211	644
211	650
212	479
212	602
213	274
213	436
213	823
214	271
214	273
214	349
214	485
214	520
214	859
215	261
215	523
216	306
216	536
217	286
217	472
217	608
217	609
217	763
217	821
218	522
218	681
218	699
219	321
220	485
220	649
220	675
221	728
221	791
222	650
222	671
223	485
223	886
224	628
224	759
224	834
225	234
225	269
225	328
226	245
226	591
226	718
227	400
227	855
228	236
228	293
228	491
228	579
228	672
229	402
229	609
229	727
229	769
230	256
231	247
231	452
231	466
231	571
231	816
232	387
233	410
233	579
233	661
233	704
234	728
234	847
235	283
235	379
235	551
235	781
236	728
237	264
237	852
238	452
238	719
238	794
239	700
239	709
239	791
239	856
239	867
240	784
240	839
241	393
241	420
241	765
241	847
242	481
244	494
244	501
244	735
245	840
246	297
246	893
247	463
247	496
247	891
248	436
248	644
248	648
248	766
249	391
249	404
249	431
249	497
250	269
250	351
250	397
250	510
250	638
250	775
250	797
251	348
251	392
251	560
251	648
251	854
252	578
252	648
253	567
253	581
253	698
253	747
254	296
254	322
254	383
255	275
255	353
255	476
255	712
255	855
256	429
256	886
257	602
257	619
257	647
257	732
258	283
258	542
258	884
259	382
259	566
259	577
259	654
260	349
260	489
260	711
260	879
261	374
261	420
261	503
261	744
262	567
262	614
263	602
263	746
263	800
263	880
264	307
264	548
264	896
265	514
265	828
266	275
266	302
266	389
266	557
266	690
266	793
267	616
267	701
268	379
269	384
269	432
269	534
270	420
270	509
270	654
271	723
272	687
272	697
272	851
272	856
272	891
273	714
273	760
274	409
274	666
274	781
274	818
275	552
275	557
275	739
276	330
276	572
276	719
277	587
277	675
277	780
277	889
278	697
278	864
279	435
279	493
279	699
279	858
280	443
280	674
280	716
281	322
281	386
281	551
282	478
282	619
282	751
283	471
283	513
284	581
285	372
286	395
286	605
286	793
287	501
288	489
288	663
289	731
289	761
289	842
289	846
290	299
290	381
290	413
290	436
290	846
291	650
291	682
291	830
291	856
292	541
292	706
292	816
293	429
295	619
295	673
296	310
296	447
296	752
298	584
298	701
299	348
299	368
299	831
300	377
300	475
300	541
300	654
301	518
301	667
301	734
302	380
302	387
302	389
302	552
302	579
302	674
302	829
303	616
304	543
304	604
304	867
305	523
305	606
305	755
306	426
306	795
306	823
307	337
307	372
307	460
307	607
308	535
308	862
309	374
309	381
309	455
309	457
309	819
310	505
310	526
310	539
310	723
310	821
311	672
312	472
312	656
312	809
313	500
313	538
313	577
313	730
313	838
313	891
314	549
314	680
314	876
315	394
315	524
315	660
316	319
316	467
316	741
316	873
316	883
317	645
317	666
317	747
318	352
318	705
319	454
319	652
319	776
320	512
320	633
320	636
320	896
321	346
322	499
322	549
322	685
323	756
323	795
324	428
324	477
324	500
324	790
324	825
325	549
326	845
327	565
328	799
329	805
329	854
330	558
330	574
330	727
330	738
331	350
331	534
331	544
331	623
331	715
331	823
332	644
333	435
333	579
333	674
333	758
334	348
334	397
334	508
334	519
335	740
335	782
336	596
336	644
336	768
337	418
339	380
339	412
339	449
339	533
339	566
339	573
340	562
340	664
340	699
340	776
340	896
341	499
341	769
341	814
341	840
342	352
342	355
342	615
343	699
343	875
344	567
345	638
345	700
345	705
345	853
346	470
346	566
346	583
347	543
350	400
350	726
351	523
351	700
351	797
352	391
352	484
352	821
353	426
353	531
353	578
354	467
354	488
354	527
354	686
354	849
355	525
355	811
356	409
356	417
356	711
356	783
357	604
357	828
358	877
359	391
359	548
359	738
360	464
360	625
360	793
360	831
361	557
361	676
361	730
361	757
361	823
362	571
362	643
362	742
363	480
363	845
364	680
365	430
365	520
365	773
366	372
366	784
366	789
366	791
367	527
367	687
367	751
367	768
367	793
368	707
369	693
369	710
369	750
371	422
371	549
371	752
371	801
371	813
372	686
373	380
373	768
373	792
373	805
374	398
374	688
375	430
375	519
375	686
376	400
376	469
376	713
376	721
376	804
377	737
377	828
378	543
379	501
379	701
380	610
380	693
381	609
382	509
382	517
382	536
382	684
383	820
384	400
384	447
384	824
385	480
385	761
386	889
387	826
388	505
388	804
389	413
389	436
390	464
390	672
390	880
391	522
391	618
392	418
392	583
392	812
394	456
394	722
395	544
396	538
396	565
397	758
397	839
398	847
399	468
400	433
400	520
401	475
401	616
401	700
401	847
402	592
403	543
403	570
403	885
404	804
405	430
405	748
406	810
407	431
407	544
407	878
408	417
408	484
408	671
408	734
409	636
410	434
410	461
411	852
413	536
413	567
413	592
413	896
414	500
414	570
415	423
416	498
416	879
417	748
417	786
418	782
418	870
421	509
423	492
423	776
423	858
423	864
424	495
424	729
425	602
425	654
425	783
427	493
427	542
427	616
427	690
427	746
428	607
428	707
429	517
429	822
429	831
430	598
430	618
431	584
432	499
432	525
432	552
433	446
433	526
433	582
433	624
433	881
434	895
435	881
437	758
438	496
438	555
438	842
438	890
439	608
439	668
440	760
440	863
441	583
441	654
442	472
442	678
443	745
444	859
445	455
445	511
445	583
445	889
446	515
446	563
446	687
446	847
448	620
448	695
450	571
450	659
450	703
451	685
451	782
451	792
452	742
453	616
453	622
453	890
454	739
454	873
455	658
458	494
458	504
459	473
460	605
460	612
461	552
461	579
462	506
463	482
463	645
463	661
463	745
464	743
464	898
465	662
466	610
466	650
466	856
467	537
467	768
469	518
470	636
470	698
470	824
471	700
471	754
472	636
472	798
473	649
473	685
473	744
473	816
474	481
475	510
476	510
476	632
476	897
477	564
477	802
478	529
478	580
479	591
479	743
479	848
481	571
481	847
481	855
482	499
482	546
482	703
483	677
483	815
483	849
484	532
484	644
484	660
486	642
486	818
486	885
487	805
487	889
488	502
488	642
489	659
489	758
490	670
490	830
491	736
492	518
492	710
492	852
494	641
495	529
495	658
496	654
496	705
497	620
497	669
497	671
497	895
498	572
498	601
498	782
498	796
499	531
499	596
499	626
499	732
499	756
499	779
500	548
500	641
500	798
502	514
502	685
502	797
502	870
503	508
503	600
503	806
504	663
504	790
504	856
505	576
506	564
507	545
507	552
507	655
511	524
511	573
511	626
511	752
514	566
515	674
515	833
516	578
516	781
516	821
518	520
518	730
518	748
519	543
519	549
520	787
520	796
522	850
524	528
524	601
525	623
525	662
527	715
527	802
529	540
529	651
530	582
530	832
531	664
531	794
532	805
533	558
533	646
534	756
536	782
536	843
537	549
537	849
538	675
538	871
539	630
539	660
539	719
539	803
540	662
541	712
544	639
544	669
544	677
544	740
544	804
545	620
546	584
546	662
548	623
548	743
548	844
549	604
549	838
550	618
550	692
550	764
551	584
551	789
551	805
551	810
551	854
552	591
552	688
552	696
552	752
552	800
553	571
555	568
555	648
555	701
555	740
555	748
556	614
556	647
557	664
557	718
558	645
559	745
560	606
560	651
560	705
560	755
561	603
562	818
564	604
565	721
566	816
568	588
568	728
569	886
570	635
570	833
571	702
571	707
572	762
572	856
572	861
573	712
573	779
573	869
574	827
575	583
575	643
575	665
575	688
576	577
576	755
576	886
577	866
578	634
578	679
580	585
580	662
580	758
580	896
582	816
582	832
584	599
584	859
584	866
585	592
585	617
585	630
586	727
586	805
586	893
588	792
588	822
588	884
589	807
590	752
590	840
592	829
594	613
594	620
594	730
594	742
594	883
595	851
596	609
596	723
596	731
597	659
597	772
597	855
598	674
599	699
601	788
602	809
603	820
604	780
604	864
605	672
605	739
605	768
605	827
606	800
606	827
607	739
607	748
609	883
610	720
610	877
611	678
612	638
613	680
614	747
614	787
615	870
616	697
617	854
617	871
618	626
619	707
621	690
622	646
624	671
625	686
626	630
626	765
626	772
626	857
628	636
628	735
629	799
630	651
632	736
633	649
633	849
634	710
634	877
637	828
637	851
638	749
641	781
641	813
642	696
644	655
645	834
645	861
645	892
646	839
646	861
648	661
648	755
650	662
651	895
653	675
653	842
653	890
655	709
656	806
657	821
659	671
659	673
660	667
664	778
664	796
665	684
666	811
667	860
671	690
671	747
673	693
674	716
676	756
679	704
679	853
682	812
683	756
684	762
684	817
687	723
691	776
693	742
693	780
695	792
696	895
697	733
697	788
698	773
699	772
700	731
702	709
702	850
703	824
705	861
706	746
707	738
707	749
707	802
707	858
708	805
708	818
709	832
709	850
710	743
712	818
713	765
715	778
715	805
717	831
718	757
719	802
720	795
720	891
722	860
723	730
723	819
724	858
725	799
730	778
735	747
736	793
736	874
738	753
743	773
747	833
749	858
750	772
750	825
751	880
753	880
758	888
761	828
761	872
762	885
765	779
767	826
771	813
772	846
773	889
774	866
777	854
777	864
779	826
780	871
783	845
784	802
785	861
785	870
786	850
787	806
787	875
798	801
810	899
815	836
815	856
818	838
825	885
826	850
828	832
829	878
830	831
839	887
841	859
843	857
847	853
848	864
848	893
850	865
852	895
855	883
861	893
862	870
864	869
865	878
866	877
868	870
869	878
875	879
875	888
888	894
890	893