0	208
1	46
1	188
1	264
1	556
1	562
1	688
1	786
2	214
2	480
2	661
2	670
2	831
3	202
3	562
3	761
3	809
3	873
4	344
4	411
5	294
5	377
5	450
5	577
5	596
5	700
5	702
6	297
6	321
6	531
7	153
7	186
7	367
7	525
7	797
7	897
8	180
8	325
8	591
8	821
8	861
9	245
9	306
9	428
9	523
9	772
9	832
9	878
10	208
11	359
11	897
12	161
12	380
12	808
13	156
13	245
13	268
13	402
13	436
13	527
13	630
13	708
14	150
14	305
14	375
14	539
14	652
14	854
15	154
15	568
15	777
16	44
16	729
16	877
17	588
17	663
17	684
17	761
17	814
18	60
18	297
18	409
18	524
18	792
18	875
19	302
19	382
19	469
20	139
20	404
20	594
20	885
20	886
21	92
21	207
21	313
21	485
21	731
21	835
22	101
22	169
22	200
23	141
23	286
23	473
23	688
24	296
24	339
24	575
24	603
25	58
25	391
26	117
26	289
26	463
26	567
26	634
26	646
27	133
27	189
27	411
27	534
27	542
28	153
28	867
29	161
29	333
29	541
30	101
31	54
31	636
31	642
32	357
32	442
33	156
33	735
33	822
33	863
33	870
34	123
34	520
35	191
35	716
35	787
35	876
36	597
36	768
37	191
37	206
37	322
37	328
37	355
37	494
37	819
37	870
38	68
38	216
38	411
38	575
39	193
40	500
40	512
40	577
40	643
40	881
41	166
41	313
41	465
41	580
41	681
41	838
42	394
42	747
42	794
42	846
43	137
43	171
43	365
43	488
43	497
43	501
43	634
43	748
43	779
43	824
44	810
45	334
45	545
45	777
46	84
46	622
47	469
48	130
48	251
48	418
48	619
48	890
49	289
49	404
50	261
50	288
50	573
50	625
51	177
51	758
52	168
52	227
52	294
52	357
53	84
53	250
53	372
53	421
53	543
53	658
53	722
54	402
54	508
54	534
54	710
54	756
55	98
55	376
55	801
56	277
56	664
57	314
57	486
57	497
57	554
57	593
57	734
58	167
58	648
58	669
58	736
58	741
59	270
59	361
59	547
59	701
59	703
60	156
60	456
60	587
60	762
61	69
61	413
61	459
61	495
61	884
61	888
62	683
63	623
64	135
64	167
64	212
64	328
64	763
64	847
65	183
65	208
65	652
65	673
65	748
66	289
66	469
67	87
67	126
67	330
67	437
67	853
68	112
68	381
68	789
69	99
69	275
70	175
70	462
70	509
71	175
72	731
73	335
74	185
74	219
74	364
74	509
74	566
74	707
74	863
75	360
75	589
75	660
75	819
76	511
76	710
77	298
77	553
77	624
77	731
77	777
78	229
78	507
78	536
78	853
79	185
79	448
79	645
79	691
79	785
80	152
80	242
80	273
80	328
80	412
80	421
80	781
81	175
81	652
82	673
83	202
83	482
83	732
84	187
84	312
84	714
85	536
86	372
86	486
86	550
86	642
86	832
87	307
87	592
87	594
88	472
89	104
89	523
89	611
89	677
90	627
90	847
91	133
91	194
91	244
91	798
92	103
92	225
92	322
92	348
92	508
92	530
92	670
92	732
92	772
92	813
93	358
93	376
94	198
94	280
94	878
95	268
95	415
95	541
95	673
95	772
96	155
96	243
97	194
97	277
97	497
97	695
97	809
98	515
98	525
99	312
99	485
99	502
100	124
100	182
100	342
100	667
101	493
101	597
102	188
102	478
102	731
102	859
102	893
102	899
103	251
103	302
103	493
103	564
103	690
103	691
103	773
104	295
104	368
104	860
105	206
105	211
105	519
105	534
105	619
105	863
106	270
106	306
106	370
106	652
106	754
106	817
106	824
106	874
107	147
107	291
107	359
107	800
108	206
108	843
109	145
109	755
109	823
109	878
110	130
110	199
110	421
110	508
110	510
110	581
110	694
110	708
111	112
111	147
111	443
111	710
111	828
112	394
112	728
112	898
113	228
113	229
113	240
113	382
113	405
113	717
113	864
114	364
114	617
114	692
114	769
115	246
115	482
115	612
115	668
115	870
116	143
116	748
117	230
117	707
117	771
118	289
118	494
118	520
118	577
118	602
118	625
118	640
118	882
119	204
119	230
119	282
119	620
119	893
120	225
120	356
120	380
120	548
120	673
120	810
121	179
121	664
121	858
122	292
122	505
122	640
123	349
123	411
123	546
124	129
124	199
124	333
124	495
124	533
124	546
124	567
124	778
125	197
125	628
125	638
125	818
126	214
126	596
126	750
127	509
127	589
127	668
128	211
128	259
128	298
128	391
128	757
129	761
129	865
130	226
130	262
130	299
130	367
130	499
130	712
130	851
131	313
131	752
131	809
131	839
131	852
131	859
132	471
132	600
133	277
133	310
133	426
133	575
133	638
133	725
134	423
134	854
135	454
135	837
135	840
136	172
136	473
136	743
136	749
136	833
136	888
137	363
137	695
137	791
138	480
139	400
139	479
139	557
139	649
140	264
140	388
140	398
140	770
141	202
141	299
141	455
141	741
141	854
142	702
142	852
142	866
143	557
143	620
143	833
144	197
144	325
144	381
144	770
144	843
145	152
145	671
145	673
146	213
146	322
146	374
146	433
146	476
147	404
147	481
147	732
147	852
148	155
148	431
148	499
148	524
149	310
149	695
150	382
150	577
151	176
151	650
152	561
153	342
153	378
153	433
153	721
153	763
154	563
154	578
154	590
154	751
155	723
156	408
156	420
156	489
156	579
156	595
156	630
156	772
156	813
157	278
157	533
157	696
158	429
158	521
158	784
159	823
160	275
161	284
161	688
161	824
161	880
161	882
161	886
162	212
162	303
162	544
162	557
163	204
163	211
163	481
163	635
163	770
164	440
164	511
164	580
164	688
165	277
165	458
165	643
165	802
166	417
166	518
166	592
166	887
167	356
167	466
167	599
167	628
167	713
167	830
167	840
168	399
169	279
169	579
169	757
170	339
170	828
171	497
171	894
172	287
172	378
172	766
173	893
174	455
174	485
174	547
175	291
175	431
175	526
175	557
175	694
175	869
175	874
176	362
176	874
177	340
177	368
177	664
177	717
178	487
178	669
178	674
178	773
178	812
178	817
179	395
179	646
180	212
180	263
180	480
180	571
180	682
180	698
180	718
180	799
181	463
182	392
182	739
183	251
183	346
183	403
183	509
183	548
184	226
184	269
184	651
185	557
185	558
185	687
185	757
185	782
186	623
186	678
186	692
186	737
187	217
187	585
187	710
188	500
188	643
188	725
189	880
190	293
190	887
191	236
191	243
191	294
191	381
191	507
191	597
191	657
192	755
192	795
193	321
193	354
193	372
193	421
193	465
195	409
196	778
196	820
197	315
197	337
197	585
198	277
198	379
198	455
198	514
198	561
198	738
198	739
199	358
199	475
199	668
199	897
200	415
200	569
200	668
200	680
200	704
200	775
200	803
201	819
202	406
202	534
202	667
202	882
203	395
203	460
203	734
203	828
204	362
204	387
204	512
204	641
204	661
205	301
205	617
205	747
206	794
206	880
207	305
207	500
207	561
207	738
207	782
207	786
208	306
208	879
209	230
209	313
209	438
209	785
209	791
210	442
210	663
211	485
211	861
212	384
212	493
213	463
213	583
214	676
215	762
215	888
216	487
216	692
216	854
217	262
217	359
217	770
217	877
218	262
218	790
219	275
219	428
220	474
220	591
220	854
221	246
221	386
222	677
222	779
222	834
223	851
224	491
224	701
224	820
225	400
226	229
227	247
227	293
227	622
227	768
228	538
228	565
228	753
228	852
229	661
230	252
230	558
230	582
230	837
230	841
231	287
231	357
231	521
231	522
231	569
231	739
231	792
232	658
233	854
234	565
234	719
234	763
235	257
235	381
235	429
235	469
235	473
235	644
235	727
236	292
236	710
237	361
237	504
237	528
237	552
237	793
237	883
238	240
238	256
239	384
239	552
239	705
239	878
240	645
240	833
240	849
241	289
241	323
241	615
241	650
241	886
242	551
242	610
242	833
243	492
244	637
244	864
244	866
245	336
245	566
245	636
245	775
246	272
246	436
246	599
246	751
246	870
247	531
247	586
248	349
248	646
249	383
249	507
249	546
249	744
250	323
250	757
250	799
251	366
251	403
251	436
251	569
252	300
252	447
252	716
252	734
252	745
252	790
252	865
253	423
253	853
254	380
254	641
255	425
255	876
255	881
256	275
256	465
256	530
256	546
256	618
256	637
256	756
257	362
257	390
258	389
258	430
258	586
258	599
258	647
259	292
259	818
260	636
260	741
261	355
262	285
262	378
262	496
263	626
263	745
264	308
264	344
264	359
264	595
264	827
265	512
265	858
266	848
267	270
267	304
267	611
267	740
267	870
268	302
268	632
268	882
269	373
270	308
270	392
270	404
270	700
271	503
272	472
272	894
273	282
273	384
273	713
273	760
274	499
274	642
274	870
275	418
275	437
275	449
275	487
275	581
275	761
275	762
276	344
276	485
276	569
277	366
277	508
278	299
278	375
278	470
279	301
279	825
280	501
280	593
280	736
280	772
280	894
281	310
281	340
281	380
281	511
281	742
282	574
282	588
282	600
283	365
283	457
283	506
283	549
283	651
283	702
284	396
284	402
284	729
284	820
284	861
285	369
285	597
285	642
285	654
286	596
286	601
286	620
286	662
286	681
286	819
287	291
287	533
288	443
289	392
289	577
290	631
290	634
291	707
291	810
292	558
292	662
293	452
293	536
293	600
293	664
293	770
293	802
294	301
294	477
294	525
295	456
295	505
295	627
296	317
296	335
296	445
296	809
297	416
297	469
297	602
297	807
297	809
298	466
299	409
300	788
301	448
302	349
302	617
302	860
304	448
304	512
304	618
304	663
304	701
304	716
304	793
305	429
306	346
306	564
307	483
307	647
307	877
308	597
308	602
308	676
308	728
308	843
309	394
311	360
311	516
311	517
311	551
311	561
311	588
312	614
312	823
313	372
313	683
314	397
314	494
314	553
314	782
315	728
315	775
315	880
316	419
316	466
316	716
317	695
317	746
317	803
318	669
319	329
320	479
320	698
320	735
321	362
321	461
321	706
321	769
321	851
322	513
322	627
322	639
322	824
322	880
323	347
323	423
323	696
323	711
323	719
323	850
324	844
324	853
325	646
325	897
326	626
326	841
327	376
327	558
327	690
328	784
328	876
329	500
329	777
329	880
330	375
330	407
330	685
330	775
330	787
331	391
331	890
332	453
332	667
332	801
333	483
333	548
333	610
333	654
333	718
334	338
334	429
334	710
334	716
334	894
334	896
335	460
335	724
335	728
335	771
335	895
336	399
336	568
337	637
337	748
337	791
338	411
338	802
338	808
339	417
339	815
339	855
340	425
340	491
341	535
342	355
342	748
342	796
343	646
344	462
344	666
344	679
345	417
345	420
345	811
345	856
346	529
346	654
347	360
347	708
348	418
348	570
348	853
349	425
349	546
349	574
350	517
351	422
352	528
352	823
352	844
353	520
353	533
353	771
354	399
354	824
354	843
355	463
355	760
355	842
356	697
357	377
358	555
358	647
358	662
359	577
359	604
360	517
360	681
360	834
361	424
362	550
362	763
362	842
363	432
363	464
363	855
364	692
364	836
365	476
365	627
365	751
365	878
367	888
368	672
368	736
368	871
369	378
369	770
370	713
371	416
371	489
371	823
371	845
373	400
373	598
373	660
373	729
373	828
374	599
374	822
374	873
375	760
376	481
376	714
376	838
377	487
377	661
377	722
377	777
377	894
378	676
378	801
378	880
379	594
379	621
379	724
379	758
380	384
381	807
381	868
382	506
383	469
384	421
384	510
384	728
385	699
385	800
385	859
386	606
386	763
387	459
387	493
387	613
387	799
389	455
389	482
389	606
389	623
389	660
389	764
390	485
391	522
391	572
391	589
391	609
391	686
391	729
392	581
393	427
393	654
394	443
394	518
394	879
395	682
395	826
396	696
396	839
397	486
397	568
397	575
397	789
398	429
398	586
399	468
399	609
399	620
400	744
400	805
400	826
401	570
401	841
404	785
404	809
405	501
405	602
405	641
405	728
405	758
405	847
406	516
406	763
406	797
406	821
407	746
407	798
408	625
409	412
409	503
409	542
409	627
409	745
409	868
410	472
410	560
411	724
411	842
412	419
412	522
412	548
412	745
413	548
413	797
414	427
414	508
417	672
417	710
419	506
419	552
419	568
420	704
422	458
423	630
423	732
423	766
423	836
425	513
425	759
425	820
426	523
426	727
427	466
427	555
427	761
428	541
428	549
429	621
430	471
431	451
431	581
432	540
432	724
432	751
432	772
434	607
434	631
434	680
434	778
434	822
434	837
435	815
437	453
437	494
437	532
437	534
437	805
438	513
438	614
438	809
439	778
439	818
439	885
440	506
440	870
441	596
441	706
442	626
442	805
443	654
443	692
444	497
444	611
444	675
444	711
444	775
445	779
445	814
446	678
446	688
447	741
448	703
450	874
451	764
451	822
451	848
451	865
451	889
454	650
454	713
454	729
454	792
455	629
455	742
456	468
456	501
456	542
456	822
457	754
458	475
458	521
458	721
459	534
459	648
459	872
460	549
460	593
460	720
461	476
461	508
461	787
462	532
462	729
462	731
462	878
462	897
463	540
463	559
463	599
464	706
465	484
465	549
466	477
466	696
466	740
467	800
467	803
468	873
469	847
470	886
471	513
471	514
471	630
472	675
473	519
474	783
475	701
475	714
477	617
477	677
478	784
479	519
479	776
479	805
479	853
480	668
480	685
480	736
480	781
480	875
482	538
482	770
485	665
485	773
485	852
486	822
487	744
487	880
488	510
488	634
489	742
490	596
490	642
490	760
490	805
490	861
491	501
491	812
492	730
493	586
493	794
494	783
496	568
496	591
496	812
497	526
497	656
497	878
498	692
498	772
498	799
500	564
500	575
500	578
500	750
501	657
501	854
503	770
504	518
504	701
505	580
505	643
505	831
506	779
507	527
507	606
508	515
508	547
508	792
508	797
508	854
509	772
510	697
511	552
511	670
512	870
515	633
516	665
516	751
516	848
518	570
521	548
521	590
522	765
523	641
524	623
524	640
524	700
525	679
526	738
527	707
527	713
528	687
528	733
528	797
529	672
529	877
530	647
530	814
531	656
531	661
531	876
532	582
532	622
532	799
533	585
533	638
533	640
533	647
533	738
533	752
534	822
535	857
537	576
537	663
537	846
538	844
539	833
539	856
540	635
540	644
541	618
541	684
541	693
541	745
542	648
542	662
542	665
542	688
543	624
543	670
545	741
545	873
546	651
546	683
546	734
546	808
546	837
547	612
548	611
548	697
549	782
549	877
550	556
550	856
551	572
551	742
551	828
551	844
552	831
553	563
553	729
554	651
555	722
555	842
556	564
556	733
557	636
558	665
558	699
559	860
560	568
560	870
561	680
561	888
562	602
563	854
564	787
564	899
566	825
567	734
567	882
568	627
568	655
568	788
569	685
570	775
572	802
575	671
575	814
575	891
576	626
576	815
577	652
578	600
578	761
578	818
579	816
580	806
581	868
582	585
584	726
584	822
584	846
585	785
586	700
588	689
589	659
589	668
589	711
590	698
591	695
591	697
591	831
592	651
592	727
592	746
593	632
593	797
594	630
594	698
594	776
594	831
594	868
595	714
596	782
597	699
598	676
599	877
601	612
601	826
603	783
603	821
603	832
603	878
604	827
605	742
606	695
606	787
608	808
609	831
610	877
613	766
613	828
614	651
615	714
615	722
615	783
615	820
615	834
615	884
616	743
617	649
619	700
619	720
619	855
620	814
621	796
623	723
623	739
624	696
625	843
626	714
626	784
626	842
629	797
631	645
631	806
631	841
631	851
632	743
634	887
635	844
636	886
638	692
638	778
639	670
639	720
639	804
641	724
641	781
642	657
642	782
642	796
642	831
643	863
643	871
643	892
646	782
646	877
647	658
647	755
647	869
647	875
648	713
648	727
648	736
648	756
650	886
651	678
651	704
651	741
652	677
653	797
654	753
654	784
654	840
657	675
657	765
657	871
658	692
658	725
660	742
661	802
661	831
662	666
663	740
663	753
663	882
664	887
665	730
665	763
665	795
666	768
668	700
668	864
669	736
671	726
671	733
671	815
671	879
672	829
674	697
674	777
675	682
675	722
676	732
677	710
678	837
680	827
682	784
684	884
685	731
686	739
687	803
688	894
689	703
689	711
689	735
689	838
689	870
690	788
690	865
691	709
692	761
693	706
693	779
693	861
695	790
696	715
696	812
696	853
696	862
697	774
697	793
698	760
698	814
698	830
699	899
700	823
700	884
702	756
702	811
703	732
703	780
703	785
703	822
705	792
705	877
707	780
708	791
710	843
711	776
712	880
715	870
715	873
716	738
717	796
718	833
719	767
719	858
720	742
720	746
720	789
720	821
723	861
724	799
725	783
725	841
729	762
729	840
730	883
733	862
734	827
736	857
739	890
743	761
744	833
744	883
751	844
752	764
753	820
754	884
756	770
763	778
763	845
765	873
766	793
770	777
772	816
773	811
777	779
783	842
785	851
785	858
790	801
791	809
791	861
792	818
792	889
797	830
805	818
815	839
815	870
816	836
817	847
823	850
824	854
826	897
827	850
827	885
827	887
829	880
837	881
839	876
846	881
854	875
856	885
859	867
859	880
861	865
876	892