0	3
0	275
1	401
1	509
1	531
1	562
1	640
2	236
2	523
3	275
3	580
3	895
4	77
4	300
4	419
4	639
4	658
4	688
4	818
4	843
5	43
5	231
5	396
5	429
5	617
6	663
6	665
6	841
7	294
8	719
9	52
9	96
9	383
9	786
9	830
10	108
10	145
10	245
11	12
11	103
12	67
12	98
12	232
12	308
12	351
12	631
13	322
13	372
13	474
14	298
14	476
14	704
15	152
15	639
16	50
16	412
17	420
17	520
17	865
18	754
18	828
18	892
19	318
19	572
19	639
20	319
20	775
20	884
21	70
21	201
21	284
21	289
21	687
21	865
22	73
22	565
23	208
23	624
24	69
24	116
24	425
24	694
24	828
25	456
25	814
26	644
26	887
27	40
27	122
27	163
27	224
27	300
27	385
27	771
28	58
28	302
28	480
29	194
29	319
29	396
29	470
30	292
30	434
30	832
31	85
31	145
31	246
31	407
31	433
31	484
31	710
32	63
32	488
32	751
32	771
33	181
33	381
34	433
34	624
34	823
35	73
35	149
35	293
35	327
35	698
35	859
36	216
36	221
36	568
36	639
37	91
37	109
37	394
37	589
37	766
38	119
38	120
38	275
38	289
38	414
38	558
38	666
39	55
39	435
39	595
39	773
41	573
42	45
42	158
42	204
42	289
42	293
42	531
42	759
43	436
44	782
44	839
45	70
45	140
45	149
45	210
45	518
45	529
45	859
45	891
46	97
46	642
46	826
46	851
47	49
47	110
47	496
48	323
48	331
48	491
48	507
48	564
49	416
49	433
49	553
50	530
50	727
50	729
50	750
51	305
51	378
51	808
51	846
52	399
52	853
53	88
53	323
54	136
54	438
54	451
54	736
54	837
54	883
55	540
56	640
56	806
57	412
57	438
57	459
57	581
57	590
57	597
58	69
58	167
58	222
58	575
58	634
58	715
58	821
58	844
59	171
59	296
59	514
59	524
59	749
60	100
60	198
60	205
60	461
61	196
61	640
61	672
61	682
62	179
62	484
62	630
62	858
63	231
63	298
63	627
63	635
63	785
63	801
63	860
63	876
64	185
64	706
64	760
65	152
65	341
65	354
65	380
65	823
66	431
66	506
67	478
68	99
68	383
68	434
68	855
69	179
69	626
69	683
70	244
70	264
70	388
70	852
71	353
71	376
71	455
71	696
72	126
72	533
72	546
72	674
72	677
72	712
72	719
72	799
73	98
73	318
73	662
73	835
73	869
74	83
74	167
74	178
74	223
74	769
74	871
75	121
75	149
75	155
75	361
75	727
76	216
76	241
76	804
76	816
78	387
78	440
78	520
78	611
78	650
78	802
78	874
79	99
79	477
80	155
80	199
80	244
80	331
81	310
81	330
81	582
81	736
82	202
82	303
82	579
82	585
83	149
83	252
84	164
84	296
84	714
84	897
85	204
85	803
85	812
85	844
86	471
86	783
87	96
87	272
87	316
87	797
87	832
88	667
88	692
88	826
89	506
89	579
89	655
90	288
91	272
91	520
91	550
91	662
91	741
91	788
91	815
92	156
92	379
92	773
93	212
93	453
93	680
93	899
94	107
94	145
94	201
94	283
94	830
94	859
94	873
95	96
95	106
95	392
95	475
95	504
96	184
97	110
97	331
97	407
97	414
97	683
97	833
98	138
98	150
98	851
99	278
99	455
99	531
99	558
99	627
99	638
99	797
100	139
100	268
100	611
101	220
101	867
102	315
102	862
102	863
103	211
104	279
104	822
105	588
106	411
106	688
107	432
107	511
107	579
108	512
108	847
109	369
109	448
109	566
109	823
109	866
110	425
110	459
110	842
111	580
111	818
112	137
112	329
112	396
112	683
112	855
113	620
113	795
113	805
114	420
114	696
115	315
115	553
115	670
115	719
115	764
116	238
116	280
116	800
117	303
117	745
118	809
119	456
119	502
120	581
120	701
121	128
121	638
121	801
122	235
122	249
122	349
122	670
122	878
123	208
123	760
123	765
123	894
124	161
124	356
124	890
125	220
125	338
125	631
127	303
127	400
128	390
128	587
128	814
128	840
128	897
129	681
130	251
130	257
130	331
130	558
131	264
131	308
131	706
131	711
131	758
131	803
132	227
132	812
133	413
133	689
134	290
135	215
135	292
135	370
135	595
135	603
135	682
135	749
136	221
136	561
136	621
137	815
138	464
138	525
138	683
138	795
138	825
138	870
139	537
139	593
139	723
139	810
140	182
140	595
140	708
141	189
141	365
141	528
141	739
141	770
142	299
143	238
143	516
144	253
144	373
144	545
144	785
145	415
145	512
145	699
145	760
145	841
146	190
146	766
147	206
147	250
147	392
147	513
147	640
147	714
147	823
147	834
148	286
148	690
148	841
149	209
149	293
149	813
149	862
150	307
150	313
150	317
150	804
151	756
152	437
152	856
153	820
153	855
154	260
154	360
154	559
154	744
154	819
155	166
155	285
155	880
156	270
156	487
156	502
156	758
156	847
157	419
157	489
157	496
157	873
158	361
158	634
158	775
158	801
158	826
159	237
159	513
159	596
159	789
160	258
160	303
160	320
160	454
160	519
160	824
160	857
161	198
161	349
161	364
161	570
161	891
162	627
162	733
162	775
163	352
163	722
164	185
164	383
164	561
165	541
165	557
165	572
165	608
165	697
166	754
166	796
166	823
166	892
167	204
167	292
167	326
167	366
167	391
167	685
168	390
168	568
168	590
169	552
169	774
170	291
170	585
171	354
171	490
172	262
172	472
172	728
172	735
173	219
173	410
173	651
173	652
173	797
174	336
174	490
175	180
175	194
175	501
175	828
175	870
176	254
176	331
176	590
176	729
176	749
176	791
176	839
177	267
177	319
177	526
177	798
178	874
178	896
179	307
180	219
180	316
180	357
180	610
180	757
180	775
180	809
181	485
181	540
182	278
182	488
182	578
183	204
183	374
184	296
184	650
185	352
185	506
185	571
185	615
185	718
186	400
186	416
186	461
187	220
187	328
188	372
188	773
188	798
188	805
189	355
189	549
189	786
190	829
191	775
192	274
192	385
192	467
193	437
193	767
193	888
194	445
194	467
194	840
195	607
195	736
195	747
195	870
196	306
196	498
197	632
197	637
198	630
198	830
198	897
199	394
199	539
199	849
200	223
200	503
201	328
201	375
201	776
201	799
202	225
202	329
202	398
202	868
203	388
203	544
203	857
204	413
204	626
205	630
205	894
206	244
206	283
206	369
206	390
206	452
206	567
207	571
208	672
208	880
209	216
209	877
211	498
211	664
213	303
213	336
213	602
213	622
214	273
214	306
214	518
214	545
214	616
215	475
215	807
216	391
216	399
216	651
216	679
217	623
218	395
218	513
218	829
219	268
219	477
219	487
220	222
220	642
220	899
221	419
222	517
222	636
222	790
223	523
223	648
223	655
224	772
224	816
224	817
225	278
225	317
225	318
225	322
226	385
226	740
227	723
227	863
228	576
228	663
228	725
229	663
230	328
230	424
231	850
231	877
232	691
233	554
233	644
234	375
234	418
234	530
235	587
235	709
235	731
236	303
236	405
236	537
236	660
237	442
237	720
237	774
238	398
238	499
238	538
238	678
238	776
238	871
238	885
239	397
239	472
239	608
239	675
239	736
240	528
241	426
241	553
241	596
242	392
242	424
242	542
242	544
242	724
243	287
243	480
243	512
243	579
243	599
243	644
243	675
243	757
243	894
244	246
244	276
244	436
245	432
245	538
245	678
246	701
246	806
246	812
246	865
247	484
247	495
247	531
248	282
248	766
249	553
249	572
249	599
249	657
249	867
250	408
250	652
251	258
251	461
251	590
251	682
252	682
252	790
253	306
253	645
254	367
254	836
254	887
255	291
255	843
256	356
257	280
257	452
257	573
257	590
258	447
259	283
259	786
259	798
261	267
261	349
261	481
261	674
261	739
262	437
262	520
262	691
262	829
262	898
263	510
263	529
263	614
264	686
265	316
265	534
265	579
266	319
266	372
267	322
267	351
267	455
268	337
268	572
269	427
269	496
269	500
269	648
269	824
270	359
270	826
271	682
272	869
273	386
273	728
274	346
274	368
274	463
274	516
274	517
274	765
275	523
275	547
275	738
276	657
276	718
277	539
277	780
278	406
278	688
279	537
279	661
279	718
279	790
280	335
280	780
281	343
281	660
282	476
283	288
283	436
283	685
283	693
284	333
284	451
284	685
284	803
285	371
285	818
286	339
287	487
288	476
288	867
289	465
289	880
290	330
290	455
290	463
291	323
291	542
291	725
291	751
291	785
291	895
292	329
292	667
292	699
292	727
293	591
293	635
293	636
294	341
294	365
294	443
294	567
294	686
295	644
295	842
296	339
297	777
297	881
298	558
299	435
299	495
299	739
300	483
301	354
301	523
301	536
301	781
302	577
303	321
303	410
303	466
303	508
303	538
303	859
304	306
304	341
304	376
304	411
304	454
304	541
304	627
304	662
304	876
305	677
305	692
305	794
307	350
307	546
307	893
308	425
308	442
308	659
308	834
309	528
309	634
310	524
311	409
312	481
312	648
313	409
313	664
313	759
314	600
314	785
314	838
315	469
315	492
315	581
315	692
316	441
316	534
316	729
317	496
317	805
318	415
318	741
318	760
319	404
319	446
319	536
319	569
319	713
319	899
320	410
320	879
321	467
321	468
322	397
322	411
322	413
322	843
323	845
324	656
324	757
324	891
325	377
325	506
325	529
325	719
326	362
326	443
326	477
326	556
327	677
328	601
328	651
329	433
329	455
329	615
329	619
329	886
332	388
332	439
332	509
332	819
334	559
334	578
334	748
335	353
335	573
335	828
336	367
336	431
336	619
336	626
336	739
336	795
336	873
337	450
337	559
337	806
337	879
338	615
338	796
339	344
339	404
339	479
339	695
340	553
340	609
340	839
341	350
341	466
341	560
342	629
342	673
343	511
344	363
344	452
345	509
345	767
346	421
346	787
346	798
346	840
347	636
347	663
347	789
347	880
348	359
348	513
348	598
348	653
350	501
350	589
350	796
351	463
351	556
351	766
351	771
351	794
351	836
352	383
352	569
352	797
353	489
353	602
353	688
353	693
354	498
354	580
354	605
354	727
354	844
354	862
355	443
355	448
355	731
356	370
356	537
356	612
357	744
358	394
358	549
359	532
359	652
359	869
360	508
361	364
361	651
361	724
361	740
361	749
361	785
362	561
363	631
364	807
366	482
366	508
366	562
366	728
367	382
367	399
367	850
367	885
368	615
368	718
369	431
369	508
369	694
370	794
371	383
371	406
371	407
371	421
371	468
371	506
371	772
371	789
373	701
374	524
374	875
375	515
375	892
376	735
376	891
377	417
378	464
378	509
378	517
378	522
379	464
379	740
379	773
380	676
380	830
380	869
380	887
381	588
383	444
384	472
384	480
384	539
384	566
384	800
384	809
384	821
386	538
386	682
386	755
386	876
387	685
387	815
388	423
388	673
388	870
389	413
390	503
390	602
390	883
392	477
392	796
393	603
394	601
394	612
394	648
394	664
394	720
395	439
395	587
395	746
396	618
396	651
397	473
398	482
398	500
398	513
398	590
398	612
398	655
398	709
398	753
399	520
399	615
401	595
401	720
401	881
402	689
403	649
403	804
404	651
405	415
405	505
405	545
406	410
406	456
406	529
406	587
406	778
407	592
407	605
408	410
408	582
408	613
408	758
409	734
409	764
409	888
410	656
410	683
411	526
411	697
411	774
412	555
412	595
412	769
412	861
413	881
414	667
415	611
415	614
416	722
417	429
417	578
417	607
417	637
417	806
418	465
418	473
418	798
419	474
419	687
419	812
419	872
420	540
420	718
421	502
422	483
422	530
422	551
422	722
422	751
423	646
424	444
424	569
424	866
425	480
425	825
426	722
428	498
429	527
429	824
430	702
431	494
431	754
431	784
431	834
431	857
433	810
434	551
434	626
435	449
435	658
435	887
436	718
437	498
437	596
437	620
439	585
440	574
440	591
440	718
440	731
442	488
442	784
443	610
443	642
444	726
444	774
444	822
448	474
449	486
449	562
450	472
451	864
452	872
452	893
453	570
453	668
453	841
453	872
454	456
454	509
454	608
454	750
456	517
456	636
456	752
457	502
458	520
458	534
458	627
458	718
459	809
460	566
460	581
460	628
461	496
461	884
462	724
462	790
462	878
463	511
463	603
465	540
465	854
466	469
467	710
467	811
467	891
468	659
470	499
470	609
470	765
470	771
471	734
473	816
473	848
474	595
474	700
474	835
475	520
478	542
478	577
479	578
479	644
479	877
480	727
480	757
481	524
481	669
481	709
481	884
482	582
482	891
483	672
483	766
484	622
484	680
484	812
485	500
485	601
485	793
488	523
489	575
489	861
489	895
490	611
490	767
491	746
491	772
492	689
492	695
492	719
493	524
493	778
494	579
495	672
495	833
496	528
496	549
496	609
497	637
499	581
499	738
500	731
500	888
501	716
501	753
503	734
504	550
505	570
505	691
506	568
507	569
507	627
507	642
507	663
507	855
508	537
508	865
509	592
510	518
510	896
511	878
512	532
512	619
513	570
513	700
513	785
514	608
517	559
517	570
517	724
517	770
517	842
518	614
518	621
518	794
518	874
520	596
520	700
520	759
520	871
521	663
521	782
522	653
522	745
523	651
524	545
524	575
524	780
524	789
525	751
525	853
525	864
526	531
526	533
527	548
527	609
527	737
528	800
528	863
528	870
528	877
529	763
530	568
530	746
530	762
530	821
531	702
531	833
531	838
532	898
534	660
534	798
535	762
535	839
535	843
536	585
536	628
536	793
536	800
537	726
538	803
540	674
541	574
541	663
543	665
543	813
544	631
544	662
544	843
545	614
545	736
545	888
546	630
546	664
546	708
546	726
549	765
551	697
551	860
552	879
553	794
554	723
556	738
557	823
558	698
559	676
560	634
560	772
562	580
562	671
562	733
562	740
563	821
563	889
564	633
564	666
565	706
565	734
565	807
565	827
565	898
566	742
567	725
567	864
567	886
567	887
568	792
569	782
569	829
570	606
570	615
570	722
571	814
571	883
573	614
573	896
574	829
575	612
575	792
575	795
576	800
577	797
578	812
578	813
579	781
580	667
580	728
580	804
580	807
580	888
581	634
581	683
581	706
581	778
582	649
583	788
583	796
583	858
584	727
586	829
588	648
588	729
588	744
589	606
590	623
590	640
590	731
590	800
591	695
591	768
592	695
592	832
593	599
593	629
593	660
593	757
594	811
595	627
595	726
595	885
596	671
596	783
596	893
599	761
599	775
599	898
600	646
600	770
601	636
601	665
602	621
602	625
602	769
602	813
602	857
602	869
604	607
604	695
604	739
604	893
605	703
605	782
607	685
607	870
608	666
608	699
608	760
608	817
609	769
610	783
611	643
611	673
612	788
614	743
614	757
616	694
616	739
618	838
618	866
620	746
620	839
621	657
622	649
622	689
623	654
623	671
624	683
624	690
626	768
627	701
627	747
628	840
628	854
629	670
629	686
629	766
631	889
632	873
633	735
634	670
637	729
638	679
638	782
639	860
640	664
640	806
640	808
640	884
641	664
642	647
642	838
643	743
644	700
644	849
646	654
648	732
649	866
649	869
650	862
650	875
651	819
653	877
654	755
655	762
657	698
658	721
659	770
660	784
661	710
662	742
662	882
663	771
666	680
666	867
667	725
667	877
668	780
670	740
671	894
672	760
672	891
673	785
674	803
676	761
677	809
679	714
679	793
681	724
681	789
684	785
684	848
685	743
685	749
687	746
688	805
690	803
693	764
699	739
701	807
704	876
704	894
705	848
706	716
707	761
707	775
707	781
707	839
708	770
708	894
709	859
711	767
711	850
712	861
716	811
717	842
718	852
720	747
720	809
721	742
722	872
722	881
723	732
724	839
726	758
727	786
728	752
729	829
730	736
731	758
736	770
741	783
743	871
745	807
746	767
749	766
749	822
750	756
750	865
753	758
755	839
760	791
760	815
762	771
763	818
763	843
764	844
766	789
770	773
774	791
776	864
779	780
779	886
783	853
785	820
785	895
788	791
790	804
790	886
793	826
798	823
798	838
798	848
799	803
799	820
800	828
801	861
803	824
804	899
807	831
809	859
812	838
814	852
815	850
821	893
831	894
833	858
843	896
846	892
847	862
849	889
852	868
858	888
864	893