0	163
0	776
0	883
1	680
2	510
3	286
3	293
3	457
3	500
3	702
4	25
4	320
4	420
4	431
4	534
4	621
4	741
4	827
5	37
5	54
5	76
5	190
5	263
5	526
6	234
6	484
6	563
6	872
7	119
7	583
8	130
8	784
8	838
9	402
9	643
9	808
9	856
10	43
10	61
10	338
10	345
10	367
10	449
10	553
10	780
10	785
10	844
11	14
11	103
11	376
11	531
11	715
12	102
12	163
12	332
12	749
13	290
13	318
13	780
14	225
14	450
14	553
14	588
15	274
15	326
15	612
15	630
15	653
16	536
16	561
17	230
17	550
17	605
17	812
17	851
18	759
19	422
20	149
20	539
21	85
21	249
21	261
21	266
21	618
22	603
23	113
23	355
23	660
23	735
24	166
24	350
24	510
24	726
25	85
25	385
25	413
25	525
25	579
25	617
25	785
26	493
27	187
27	435
27	615
27	690
28	192
28	234
28	356
28	429
28	452
28	471
28	555
28	637
28	728
29	147
29	376
29	442
29	511
29	710
29	725
29	841
30	413
30	431
30	441
30	704
30	817
31	85
31	195
31	518
31	595
31	739
32	279
32	597
32	834
33	685
33	741
33	885
34	130
34	436
34	786
35	122
35	226
35	479
35	565
35	700
35	728
35	732
35	781
36	93
36	180
36	292
36	726
36	771
36	808
37	173
37	398
37	596
37	640
38	180
38	513
38	609
38	742
38	876
39	212
39	243
39	321
39	546
40	195
40	262
40	281
40	624
40	663
41	353
41	584
41	757
42	98
42	304
42	315
42	366
42	498
42	565
42	821
42	876
43	137
43	248
43	670
43	707
44	153
44	579
44	642
45	209
45	248
45	307
45	749
46	330
47	204
48	111
48	342
48	343
48	506
48	836
49	463
49	550
50	658
50	807
51	243
51	373
51	443
52	106
52	314
52	767
53	165
53	745
54	366
54	377
54	465
54	513
54	648
55	394
55	482
55	509
55	677
55	880
56	209
56	562
56	889
57	167
57	393
57	422
57	453
57	525
57	552
57	595
57	623
57	759
57	775
58	80
58	105
58	261
58	375
58	838
59	388
59	545
59	812
60	626
60	652
60	675
61	244
61	409
61	621
61	756
61	873
62	371
62	502
63	80
63	632
64	190
64	279
64	422
64	788
65	315
65	504
65	717
66	692
67	75
67	330
67	560
68	95
68	789
69	309
69	329
69	390
69	625
69	643
69	806
70	179
70	327
70	395
70	457
70	473
71	745
72	214
72	464
72	515
72	682
72	731
72	874
73	171
73	278
74	194
74	305
74	815
74	833
75	277
75	515
76	404
76	708
76	731
76	734
77	213
77	306
77	448
77	708
77	715
78	85
78	126
78	328
78	553
79	132
79	381
79	449
79	616
79	816
79	827
80	672
81	636
82	176
82	192
82	403
82	450
82	490
82	861
83	546
83	591
84	642
85	272
85	336
85	381
85	397
85	709
86	110
86	273
86	318
86	493
87	583
87	783
87	799
88	130
88	383
88	415
88	421
88	789
89	376
90	200
91	303
91	419
91	648
91	658
92	103
92	311
93	179
93	386
93	576
93	611
93	894
94	96
94	455
94	504
94	746
95	114
95	246
95	286
95	428
95	547
95	580
95	658
95	798
96	715
97	148
97	318
97	546
97	589
97	754
97	766
97	864
97	872
97	876
98	460
98	536
98	600
98	695
99	119
99	191
99	364
99	549
99	884
100	260
100	579
100	889
101	318
101	379
101	575
101	681
101	855
101	859
102	360
102	399
102	427
102	574
102	683
102	744
102	820
103	208
103	320
103	324
103	729
104	375
104	497
104	522
104	661
105	659
106	156
106	413
106	496
106	529
106	663
106	799
106	839
107	154
107	423
107	448
107	757
108	411
108	521
108	598
109	192
109	827
110	776
111	361
111	381
111	579
111	580
112	814
113	131
113	551
113	604
113	703
113	788
114	685
115	449
115	491
116	129
116	296
116	501
116	608
116	771
117	123
118	223
118	739
119	182
119	225
119	233
119	365
119	513
120	364
120	417
120	562
120	583
120	742
121	319
121	418
122	260
122	459
122	487
122	746
122	823
123	307
124	227
124	276
124	734
124	824
125	153
125	190
125	216
125	653
126	155
127	158
127	330
127	408
127	690
128	617
128	734
129	185
129	263
129	375
129	383
129	517
129	535
130	283
130	348
130	819
131	223
131	248
131	347
131	675
131	710
132	595
132	844
133	441
133	501
133	771
134	156
134	477
134	506
134	679
135	358
135	578
136	305
136	520
136	613
136	711
136	896
137	360
137	821
138	168
138	473
138	474
138	625
138	747
138	853
139	243
139	286
139	491
139	521
139	597
139	625
139	862
140	158
140	207
140	364
141	530
141	881
142	143
142	185
142	281
142	339
142	426
142	534
142	719
142	737
143	201
143	209
143	288
143	300
143	440
144	198
144	241
144	348
144	366
144	763
144	812
145	443
145	463
145	535
145	792
145	815
145	856
146	249
146	335
146	341
146	600
147	289
147	640
148	567
148	655
148	793
149	474
149	530
150	179
150	393
150	685
151	325
151	488
151	587
151	649
151	675
152	253
152	393
152	546
152	644
152	797
152	818
152	870
153	178
154	161
154	284
154	292
154	303
154	405
154	675
154	732
155	291
155	418
155	614
156	248
156	395
156	523
156	540
156	808
156	896
157	463
157	565
157	671
157	791
158	554
158	612
158	673
158	845
159	296
159	369
159	726
159	785
160	184
160	431
160	495
160	587
160	646
160	711
161	324
161	827
162	231
162	232
162	381
164	391
165	184
165	252
165	504
165	531
165	634
165	696
166	291
166	329
166	444
166	613
166	785
167	244
167	700
168	214
168	246
168	665
168	831
168	841
169	558
169	671
169	776
169	877
170	703
170	723
170	744
170	749
170	825
171	368
171	582
171	775
172	323
172	409
172	432
173	663
174	225
174	243
174	272
174	537
174	784
174	787
175	197
175	421
175	476
175	707
176	382
176	587
176	612
176	773
177	458
177	462
177	855
177	899
178	331
178	349
178	357
178	687
178	731
178	779
178	810
179	363
179	609
179	700
179	706
179	817
179	888
180	209
180	724
181	765
182	354
182	836
183	572
184	326
184	610
184	777
186	259
187	471
187	870
188	220
188	285
188	383
189	701
190	259
190	282
190	308
190	448
190	597
190	652
192	311
192	414
192	671
193	258
193	260
193	612
194	284
194	360
194	555
194	738
194	771
195	826
196	631
196	643
196	702
196	814
196	817
196	828
197	642
197	780
198	506
199	448
200	308
200	567
200	673
200	754
201	817
202	343
202	367
203	256
203	356
203	441
203	530
203	616
203	822
204	257
205	229
205	400
205	666
206	358
206	561
206	669
207	219
207	361
207	391
207	810
207	897
208	347
208	471
208	713
208	858
209	318
209	410
209	608
209	826
210	513
210	811
211	644
211	730
212	433
213	280
213	441
213	660
213	751
213	770
214	832
215	257
215	456
215	758
215	766
215	806
216	317
216	463
216	876
217	233
217	313
217	662
218	815
219	464
219	695
220	512
220	627
221	452
221	591
221	650
221	751
221	775
222	601
223	283
223	451
223	563
223	735
223	817
224	304
224	667
225	227
225	580
225	672
226	431
226	644
226	734
226	826
226	840
228	478
228	664
230	299
230	531
230	558
231	451
231	874
232	329
232	527
232	588
233	243
233	247
233	634
233	741
233	777
234	261
234	572
234	839
235	260
235	541
235	757
236	410
237	319
237	597
237	641
237	685
237	699
237	823
238	456
238	682
239	399
239	544
240	326
240	500
240	644
241	297
241	725
241	766
241	808
242	566
242	650
242	796
243	683
243	728
243	805
244	305
245	263
245	713
245	792
245	899
246	274
246	589
246	761
247	419
247	428
247	747
248	437
248	701
250	302
250	364
250	446
250	698
250	744
250	760
250	895
251	258
251	547
251	614
252	289
252	425
253	269
253	481
254	415
255	825
256	623
256	739
256	886
257	795
258	512
258	822
259	350
259	477
259	645
259	777
260	412
260	489
260	702
260	722
261	263
261	546
262	347
263	436
263	678
263	739
264	305
264	468
264	573
265	874
266	400
266	429
266	439
266	494
266	771
267	571
267	693
267	857
268	449
268	702
269	359
269	491
269	547
270	303
270	379
270	408
271	362
271	588
271	788
271	828
271	861
272	329
272	443
272	720
273	328
273	353
273	645
273	855
274	496
274	668
274	833
275	534
275	560
275	648
275	857
276	819
276	853
277	738
277	762
278	357
278	361
278	697
278	728
279	613
279	879
280	425
281	379
281	885
283	536
283	662
283	750
283	773
283	813
283	856
285	293
285	297
285	501
285	563
285	747
285	838
285	893
286	489
286	710
287	300
287	482
287	512
287	767
288	327
288	577
288	625
288	772
288	847
289	327
289	443
289	867
290	369
290	400
290	673
290	808
291	314
291	419
291	488
291	758
291	837
292	323
292	407
292	569
292	842
293	701
294	405
295	589
295	594
295	787
295	835
296	344
296	672
296	777
297	455
297	667
297	763
298	380
298	436
298	558
298	747
299	430
299	832
301	525
301	567
302	381
303	801
303	877
303	878
303	883
304	456
304	642
304	704
305	688
306	416
306	506
307	549
307	572
307	742
307	787
308	411
308	413
308	570
308	677
309	486
309	764
310	395
311	427
311	644
311	782
311	889
311	898
312	384
312	505
312	860
312	872
314	596
315	544
315	628
316	452
316	469
316	529
316	536
316	593
316	603
316	661
317	344
317	781
317	824
318	606
319	354
319	502
319	769
320	499
320	668
321	337
321	410
321	463
321	578
321	665
322	403
322	411
322	604
322	769
322	794
322	864
323	433
323	744
323	883
324	469
324	472
324	801
325	406
325	757
325	833
326	410
326	520
326	552
326	601
326	646
326	692
326	697
327	422
328	528
328	542
328	665
328	733
329	363
329	387
329	399
329	575
329	633
329	662
329	769
329	858
330	425
330	673
330	763
330	813
330	883
331	349
331	425
332	373
332	497
332	673
332	885
333	354
333	865
333	880
334	416
334	546
334	555
335	358
335	484
335	549
335	770
336	539
336	664
336	682
338	663
339	341
340	556
341	368
341	717
341	760
342	491
342	631
342	870
343	530
343	713
343	736
343	809
344	346
345	516
345	768
345	892
346	399
346	576
346	862
347	497
347	783
347	835
348	511
348	663
349	586
349	707
349	867
350	382
350	655
350	884
351	485
351	550
351	627
352	626
352	677
352	680
352	681
353	571
353	754
353	835
354	534
354	877
355	854
355	870
356	401
356	611
356	771
357	503
357	565
357	684
357	751
358	449
359	391
359	453
359	569
359	777
359	837
360	409
360	574
360	891
362	623
362	885
363	682
363	852
364	839
365	505
365	574
366	444
366	843
366	853
367	395
367	678
367	794
368	389
368	633
368	698
369	450
369	471
369	759
370	468
370	721
370	860
371	731
372	571
372	702
372	748
373	804
374	383
374	425
374	477
374	569
375	572
375	748
375	759
376	526
376	572
377	516
378	528
378	567
378	718
378	754
379	540
379	543
379	560
379	566
379	579
379	740
379	782
381	688
381	736
381	778
383	564
383	654
384	466
384	726
384	874
385	651
386	416
386	462
386	474
386	564
386	693
388	565
388	673
388	691
389	864
390	608
391	787
391	892
392	489
392	579
392	593
392	846
393	410
393	497
393	499
393	686
394	465
394	481
394	633
395	619
395	739
396	610
397	444
397	592
397	872
398	755
400	502
401	415
401	428
401	453
401	517
401	542
401	628
401	872
402	512
402	617
403	520
403	665
403	821
405	427
405	458
405	697
405	698
406	666
407	481
407	483
407	556
408	556
410	726
411	651
412	491
412	545
413	881
414	515
414	782
415	508
415	676
416	739
417	481
417	517
417	581
418	474
418	512
418	527
418	882
419	436
419	533
419	556
419	633
419	763
420	553
421	710
421	881
422	638
422	710
423	490
423	572
424	585
424	825
425	504
425	700
426	657
426	752
426	806
428	495
429	474
430	478
432	562
432	843
433	563
434	644
434	896
436	751
436	801
436	802
437	634
438	484
438	556
438	837
439	711
440	463
440	498
440	598
440	732
440	754
441	483
441	855
443	523
443	623
443	657
443	821
443	879
444	745
445	532
445	715
446	510
446	656
446	705
446	752
447	758
447	804
448	487
448	498
448	840
449	479
449	542
449	836
450	492
450	519
450	586
450	716
450	741
452	676
452	760
453	540
453	577
453	694
454	548
454	723
454	732
455	497
456	556
457	538
458	710
458	768
459	615
459	851
460	723
461	638
462	615
462	864
463	617
464	889
465	510
465	525
465	651
465	707
466	523
466	704
467	721
467	830
468	569
468	593
468	821
470	489
470	833
471	650
471	833
473	525
474	836
475	778
475	830
476	483
476	547
476	745
476	800
476	898
477	552
477	587
478	507
479	481
479	484
479	649
479	655
480	695
480	786
480	810
481	625
481	770
482	674
482	721
483	511
483	673
484	695
486	763
486	766
486	771
488	528
489	654
489	718
489	790
489	871
490	766
491	559
491	741
491	894
492	690
492	780
494	618
494	619
494	705
494	763
495	663
496	535
496	565
496	584
498	570
498	714
498	731
499	820
500	537
500	673
501	634
501	878
502	767
504	680
504	817
504	827
505	634
505	728
506	651
507	597
507	683
509	712
509	740
509	803
510	554
510	597
510	692
511	558
511	812
513	830
514	696
517	539
517	696
518	642
519	543
519	647
520	740
520	838
521	712
521	765
521	889
522	554
523	632
523	699
524	556
525	603
525	668
528	542
528	789
528	883
528	894
529	649
530	893
532	663
532	722
532	866
533	535
533	764
533	788
534	551
535	741
535	746
535	789
535	818
537	731
542	589
543	855
544	656
544	711
545	651
546	651
546	804
547	617
547	710
548	690
548	706
548	798
549	671
549	728
550	604
550	645
552	563
552	601
552	700
552	711
553	612
553	701
554	634
554	859
556	613
556	714
557	601
557	882
557	891
558	845
559	683
560	710
560	728
560	746
560	783
561	622
561	764
561	880
564	655
564	681
564	687
564	701
565	695
565	708
565	886
567	736
567	781
567	819
568	734
568	789
568	873
569	579
569	840
570	719
570	744
571	714
571	777
573	582
573	641
573	781
574	638
574	681
574	869
575	814
575	830
576	761
576	838
577	597
577	686
578	701
579	663
581	689
581	848
582	708
582	792
582	830
584	586
584	660
584	687
585	865
585	888
586	591
586	640
586	803
586	897
587	828
588	835
588	836
589	723
590	774
590	826
590	871
591	772
591	851
593	678
593	804
594	612
594	615
594	799
595	665
595	772
597	744
598	670
598	810
599	639
599	644
599	800
599	817
600	651
601	752
602	662
603	622
604	607
605	816
605	886
606	654
607	756
607	796
607	809
608	887
609	778
610	885
611	798
611	856
612	781
613	813
614	650
614	792
615	855
618	879
620	684
621	750
622	795
623	829
625	742
625	760
626	680
626	895
627	651
627	682
627	763
627	899
629	753
630	859
630	896
631	847
631	884
633	667
633	703
633	735
634	831
634	846
635	875
636	648
638	729
638	757
639	879
640	876
641	828
641	829
642	757
643	727
644	792
646	815
647	678
648	664
649	688
649	720
649	746
649	881
650	847
654	740
654	770
654	789
654	836
655	787
656	815
657	728
660	760
661	709
661	836
662	757
662	808
664	708
664	802
664	861
666	842
667	868
667	877
672	745
675	790
675	822
675	831
676	823
676	863
678	830
681	748
681	880
683	745
683	848
686	826
687	765
688	755
688	867
691	700
691	747
691	874
692	773
696	764
696	883
699	762
699	802
699	870
699	891
701	837
702	722
703	732
705	721
705	731
705	846
706	824
708	810
709	765
711	798
713	785
714	817
715	743
717	787
717	861
720	869
720	889
720	890
721	805
721	886
722	836
722	848
723	758
728	896
729	831
731	783
734	742
735	748
736	816
736	863
738	788
746	770
747	800
751	854
754	761
755	816
755	829
755	871
757	828
757	834
757	880
759	809
761	836
761	878
764	767
765	814
765	857
769	836
769	876
770	828
770	836
770	846
771	813
771	847
772	777
773	824
773	829
774	856
776	839
780	849
783	859
788	854
790	805
792	881
799	895
801	846
804	820
806	850
810	814
810	878
813	844
814	851
816	850
816	875
817	826
817	889
820	862
823	895
829	899
830	851
845	846
846	852
846	853
847	857
863	887
868	884
869	874
870	894
879	892
880	894
889	892