0	214
0	251
0	475
0	882
1	546
1	743
1	818
2	328
2	341
2	358
2	495
2	579
3	70
3	77
3	309
3	385
4	53
4	155
4	204
4	238
4	269
4	674
4	693
4	825
4	896
5	100
5	222
5	343
6	486
6	543
6	555
6	601
7	269
7	306
7	469
7	772
7	842
8	111
8	302
8	434
9	64
9	562
9	896
10	350
10	564
11	196
11	237
11	263
12	80
12	104
12	143
12	234
12	567
12	636
12	666
12	762
13	268
13	636
13	786
13	888
14	130
14	181
15	236
15	429
15	896
16	591
16	847
17	45
17	133
17	616
17	779
18	20
18	309
18	361
18	467
18	713
19	382
19	488
19	695
19	764
20	205
20	373
20	673
20	725
20	858
21	143
21	484
21	516
21	632
22	43
22	454
22	486
22	851
22	895
23	200
23	430
23	473
23	590
23	634
23	884
24	312
25	166
25	282
25	344
25	449
25	633
26	148
26	271
26	406
26	519
26	866
27	156
27	392
27	530
27	645
28	77
28	452
28	461
29	492
29	508
29	800
29	835
30	241
31	122
31	144
31	290
31	754
32	71
32	315
32	471
32	692
33	208
33	268
33	567
33	642
33	893
34	280
34	302
34	399
34	504
35	134
35	213
35	364
36	291
36	575
36	717
37	109
37	211
37	298
37	340
37	620
38	441
39	213
39	428
39	790
39	899
40	124
40	159
40	678
41	185
41	221
41	395
41	618
41	723
41	738
42	547
42	879
43	774
44	178
44	344
44	413
45	155
45	431
46	374
47	521
47	652
47	665
48	333
48	519
48	611
48	645
49	106
49	204
49	477
50	154
50	275
50	328
50	824
50	880
51	61
51	297
51	320
51	561
51	754
51	798
52	337
53	352
53	396
53	620
54	298
54	415
54	566
54	888
55	134
55	256
55	308
55	321
55	326
55	417
55	493
55	654
55	693
56	229
56	240
56	334
56	666
56	805
56	812
57	96
57	103
57	260
57	311
57	373
57	640
57	696
57	788
58	660
58	694
58	714
59	233
59	236
59	694
60	78
60	153
60	279
61	88
61	167
61	592
61	594
61	672
61	876
62	183
62	348
62	670
63	98
63	153
63	690
63	763
64	599
64	868
65	293
65	387
65	453
65	798
66	158
66	347
66	521
66	564
66	615
67	550
67	761
68	147
68	486
68	489
69	232
69	345
69	517
69	667
70	317
70	412
70	581
70	659
70	703
70	799
71	475
71	743
72	288
72	434
73	483
73	711
73	764
74	537
74	818
74	850
75	270
75	295
75	409
76	78
76	388
76	528
77	167
77	246
77	469
77	496
77	650
77	750
77	832
78	147
78	153
78	413
78	647
79	537
79	652
79	666
79	707
79	710
79	743
79	746
79	855
80	514
81	316
81	885
82	346
82	591
82	593
83	229
83	330
83	362
84	873
85	532
85	753
86	353
86	758
87	515
87	686
87	794
88	554
88	852
89	90
89	232
89	467
89	634
89	699
90	160
90	249
90	273
90	514
91	288
91	351
92	503
92	613
93	304
93	466
93	838
94	205
94	273
94	274
94	335
94	429
94	476
94	483
94	791
95	180
95	306
95	430
95	647
96	298
96	606
96	625
96	693
97	465
98	133
98	321
98	667
98	725
99	182
99	485
99	710
100	301
100	642
100	719
100	799
101	178
101	305
102	789
102	853
103	327
103	748
104	197
104	615
104	774
105	331
105	409
106	445
106	759
107	584
107	786
108	157
108	309
108	862
109	198
109	614
109	624
110	836
111	264
111	685
112	294
113	196
113	208
113	375
113	851
114	204
114	307
114	313
114	448
114	724
115	238
115	387
115	431
115	456
115	551
115	581
116	354
117	392
117	647
117	738
118	164
118	170
118	402
118	490
119	126
119	231
119	302
119	693
120	324
120	558
120	573
121	210
121	597
121	713
121	894
122	194
122	499
122	894
123	425
123	686
124	793
124	819
125	362
126	186
126	465
126	843
127	177
127	823
128	209
128	404
128	737
129	844
130	667
130	872
131	289
132	164
132	270
132	350
132	579
132	700
132	774
133	305
134	711
135	289
135	328
135	373
135	389
135	668
135	708
136	701
136	854
136	889
137	214
137	228
137	265
137	285
138	381
138	813
138	829
139	309
139	310
139	385
139	482
139	515
139	799
140	259
141	302
141	369
141	419
141	527
141	533
141	603
142	521
142	525
142	656
142	824
143	288
143	465
143	608
144	329
144	504
144	645
145	273
145	357
145	569
145	732
146	318
146	383
147	157
147	191
147	263
147	856
148	529
149	209
149	567
149	829
150	225
150	718
151	205
151	607
151	682
152	189
152	271
152	445
152	467
152	582
153	254
153	679
154	576
154	678
154	879
155	291
155	293
155	321
155	562
155	752
155	853
156	376
156	402
156	484
156	526
156	560
156	638
156	714
157	444
157	569
157	893
159	252
159	628
159	748
159	840
160	380
160	665
160	764
160	854
161	240
161	272
161	342
161	541
161	585
161	661
161	871
162	683
162	835
162	872
163	402
163	582
163	791
164	220
164	385
164	452
164	502
164	584
164	878
165	199
165	213
165	303
165	349
165	397
165	556
165	692
165	699
165	720
165	893
166	276
166	779
166	854
167	622
167	711
167	876
168	354
168	381
168	423
168	588
169	279
169	434
169	502
170	199
170	321
170	415
170	498
170	520
170	766
170	838
171	534
172	573
172	612
173	372
173	563
173	685
173	693
174	282
174	637
174	712
174	737
174	743
175	495
176	219
176	295
176	472
176	520
177	179
177	240
177	384
177	395
177	618
177	709
178	389
178	723
178	785
179	294
180	256
180	525
180	641
180	835
180	864
181	294
181	403
181	514
181	653
181	870
182	277
182	673
182	709
183	483
184	207
184	408
184	537
184	597
185	530
185	578
185	802
185	887
186	462
186	519
186	703
186	813
186	873
187	206
187	231
187	309
187	785
187	804
187	864
188	293
188	605
188	647
189	379
189	508
189	634
189	772
189	849
189	856
190	426
190	468
190	682
190	720
190	734
190	760
190	780
190	823
191	526
191	693
191	748
191	889
192	408
192	414
192	758
193	267
193	314
193	549
193	562
193	697
193	705
193	888
193	890
193	897
194	351
194	480
194	846
195	199
195	253
195	306
195	560
195	578
195	625
195	705
195	876
196	271
196	400
196	771
196	812
197	303
197	642
198	591
199	330
199	448
199	645
199	840
200	320
201	424
201	467
201	541
201	589
201	774
202	676
202	786
202	849
203	294
203	423
203	639
203	667
203	730
203	765
204	474
204	559
204	617
204	622
204	727
204	762
206	353
206	376
206	456
206	855
207	245
207	415
207	543
207	613
207	651
207	706
208	630
208	797
209	378
210	249
211	451
211	532
211	594
211	678
212	409
212	423
212	440
213	234
213	275
213	511
213	704
214	436
214	830
214	882
215	297
215	434
216	335
217	245
217	428
217	565
217	647
218	427
218	438
219	512
219	521
219	759
219	780
219	849
219	870
220	334
220	547
220	638
221	239
221	302
221	465
221	590
221	633
222	440
222	694
223	678
224	239
224	447
224	694
224	861
225	372
225	420
226	668
227	501
228	313
228	480
228	559
229	397
229	445
229	448
229	852
230	515
230	869
231	270
231	381
231	701
234	454
234	495
234	532
234	842
235	600
235	800
236	282
236	453
236	591
236	617
236	640
237	298
237	511
237	515
237	675
237	681
237	721
237	724
237	757
237	829
238	488
238	638
239	394
239	523
239	889
240	742
241	412
241	469
241	641
242	410
242	482
242	569
242	708
242	808
243	339
243	478
243	713
243	738
243	792
244	245
244	378
244	893
245	272
245	403
245	542
246	277
246	784
247	608
247	783
248	405
248	438
248	471
248	673
249	604
249	715
249	768
250	855
250	884
251	588
251	683
252	534
252	608
252	717
252	771
252	838
252	840
253	483
253	518
253	553
253	634
254	582
254	661
254	694
254	830
254	893
255	568
255	635
255	676
255	832
256	420
256	546
256	689
256	726
257	855
257	891
258	429
258	708
258	882
259	274
259	507
259	544
260	642
260	868
261	279
261	381
261	434
261	816
261	899
262	614
262	834
263	336
263	370
263	645
265	447
265	660
265	708
265	878
266	461
266	693
267	396
267	688
267	783
267	840
268	573
269	333
269	409
269	439
269	673
269	896
270	438
270	455
270	554
271	559
271	666
272	467
272	474
272	604
272	706
272	835
273	722
274	302
274	589
274	665
274	898
275	558
275	814
276	561
276	651
276	803
276	848
277	340
277	743
278	467
278	544
278	759
279	593
279	659
280	448
280	476
280	627
280	811
281	496
281	698
282	402
282	442
282	488
282	490
282	494
282	529
283	676
283	687
284	464
284	499
284	500
284	766
284	848
286	609
286	611
286	663
286	665
286	673
286	689
286	706
287	568
288	567
288	653
288	734
289	348
289	439
289	478
289	479
290	347
290	592
290	864
290	892
291	296
291	374
291	644
291	718
292	441
292	818
293	418
293	679
294	752
295	423
295	502
295	665
295	706
296	575
296	899
297	874
298	380
298	531
298	789
298	810
298	884
298	892
299	724
299	763
300	645
300	871
301	337
301	386
301	828
302	556
302	659
303	695
303	879
304	702
305	732
306	371
306	427
306	499
307	461
308	521
308	659
308	808
309	420
309	626
309	662
310	876
311	426
311	503
311	683
311	780
311	847
311	887
312	754
313	459
313	554
313	694
314	434
314	436
315	349
316	377
316	679
317	538
317	606
317	717
317	758
317	872
319	689
319	703
320	503
320	659
320	781
322	503
322	633
322	716
322	893
323	397
323	492
323	677
324	630
324	633
325	343
325	628
325	884
326	682
326	771
327	362
327	579
327	717
328	661
328	699
328	890
330	582
330	642
331	649
332	556
332	564
332	793
333	585
333	872
334	464
334	553
334	808
335	388
335	587
335	621
335	626
335	843
336	395
336	420
336	421
336	476
336	590
336	707
337	715
338	342
338	666
338	697
338	785
339	699
340	448
340	499
341	668
342	818
344	531
344	790
345	383
345	483
345	555
345	658
345	733
346	422
346	626
346	772
347	398
347	744
348	349
349	600
349	660
349	801
349	815
350	431
350	662
351	387
351	432
351	503
351	615
352	369
352	377
352	631
353	587
353	813
354	578
354	745
355	398
355	427
356	450
357	392
357	632
358	409
358	515
359	637
359	712
359	727
360	661
360	777
360	886
361	586
361	828
362	711
363	545
364	395
364	428
364	466
364	731
365	599
365	896
366	556
366	605
366	838
367	632
367	781
368	717
368	734
369	714
369	876
370	706
370	766
371	441
371	527
371	878
372	514
372	541
372	574
372	624
372	731
372	854
373	817
373	855
374	560
374	592
375	609
375	643
375	669
375	824
377	841
378	434
378	522
378	728
378	806
378	829
379	736
379	783
379	835
380	488
380	541
380	643
380	675
380	889
381	591
381	687
382	852
382	869
383	555
383	790
384	505
384	658
385	421
385	746
385	782
385	810
386	415
386	436
386	502
386	853
387	493
387	566
387	875
388	453
388	690
388	818
389	395
389	481
389	486
389	815
390	406
390	457
390	613
390	647
390	717
391	486
391	537
392	811
393	641
393	758
393	768
393	816
394	429
394	566
394	581
394	630
395	428
395	751
395	894
396	605
396	654
396	669
396	746
397	497
397	597
397	605
398	408
398	548
398	733
399	446
400	537
400	546
400	557
400	591
400	666
400	737
401	539
402	677
403	436
404	676
404	887
405	431
405	577
406	433
406	649
407	548
407	554
407	847
408	463
408	531
409	459
409	560
410	583
410	758
411	479
411	534
411	578
411	627
412	634
412	678
412	844
413	495
413	554
414	585
414	604
415	448
416	778
416	783
416	801
417	450
418	423
418	481
418	783
418	854
418	858
419	680
419	776
419	851
420	616
420	722
420	725
420	820
421	463
421	862
422	527
422	661
423	443
423	596
423	801
424	762
427	604
428	442
428	637
429	790
429	797
430	779
430	869
431	714
431	879
432	528
432	595
433	623
433	631
433	670
433	882
434	564
435	466
435	655
436	531
436	766
436	774
437	749
438	441
438	559
438	658
438	865
439	476
439	708
440	446
440	514
441	575
441	677
441	862
442	595
444	733
445	457
445	690
446	583
446	625
446	671
446	860
447	523
447	855
448	669
448	721
449	526
450	853
451	560
451	726
451	772
452	574
452	721
452	750
452	800
453	658
453	673
453	739
454	767
454	792
455	678
456	815
456	819
456	821
457	629
458	499
458	695
458	715
458	761
458	773
458	838
459	643
459	726
459	814
459	877
460	808
460	869
461	580
461	590
463	548
463	759
463	795
464	517
464	571
464	745
464	801
464	869
465	599
465	611
465	762
465	800
465	836
466	570
467	608
467	630
467	716
467	759
468	802
468	850
470	526
471	614
473	602
473	860
474	726
474	820
475	704
476	531
476	563
476	674
477	598
478	482
478	545
478	865
482	506
482	740
482	817
483	756
483	830
484	607
484	669
484	833
486	579
486	687
486	749
487	567
487	654
488	495
488	536
488	733
488	851
489	529
489	689
489	743
489	784
490	509
490	720
491	618
491	793
492	583
492	586
492	637
492	747
493	537
493	831
493	841
493	863
494	556
494	634
495	854
496	549
497	600
498	832
499	552
499	883
500	567
502	748
503	851
503	880
504	609
504	713
506	630
506	802
507	751
507	886
507	887
508	513
508	652
508	753
508	796
508	884
509	552
509	738
510	624
512	516
512	615
512	884
514	552
514	694
515	528
515	562
515	848
515	882
516	596
516	616
517	669
517	822
519	817
519	862
520	596
520	657
520	718
521	616
521	879
522	561
523	651
523	654
523	829
523	884
524	695
524	727
524	765
525	560
525	722
526	623
526	668
526	678
527	550
527	671
527	747
528	812
530	836
532	601
532	718
533	561
534	822
535	588
535	680
536	789
538	573
538	854
540	582
540	685
541	619
542	757
542	820
545	676
547	558
547	642
549	708
549	758
549	763
549	793
554	636
555	792
556	621
557	661
558	569
559	774
559	777
560	664
560	711
561	631
561	886
562	636
564	713
565	622
567	781
570	584
571	888
572	592
572	803
573	850
574	772
576	730
576	877
577	604
577	695
577	792
578	791
578	876
580	742
580	821
580	884
582	710
582	876
583	860
584	748
584	867
586	595
587	763
587	801
588	613
589	666
589	821
590	592
591	777
591	793
593	705
593	826
595	675
596	608
598	697
598	756
598	884
600	646
600	722
602	606
602	660
602	801
603	679
603	805
604	735
605	654
605	667
606	870
606	879
608	771
609	676
609	687
609	693
610	655
610	675
610	750
611	882
613	870
615	631
615	726
615	811
615	882
616	626
616	894
618	891
619	826
620	627
620	685
621	646
622	839
623	869
626	640
626	817
627	807
627	849
628	633
628	666
628	715
629	700
629	735
629	833
629	836
631	813
632	714
633	694
633	800
634	788
635	748
636	654
636	740
636	821
638	723
639	792
640	724
640	851
641	696
641	708
643	657
646	682
646	692
646	816
646	890
647	838
648	657
648	723
649	769
650	762
651	849
652	749
654	791
654	796
655	735
655	736
655	845
656	827
657	707
658	880
658	899
659	796
659	853
660	662
661	797
662	699
663	784
664	768
664	850
665	700
666	804
669	855
670	816
672	774
672	859
673	773
674	726
676	707
676	735
677	705
677	748
678	881
682	696
683	807
684	838
684	842
685	752
685	769
685	841
685	886
689	845
691	764
691	793
692	750
692	758
693	831
695	724
697	700
699	707
699	720
701	821
702	724
702	879
703	799
703	839
705	756
705	791
705	834
706	830
707	823
708	882
710	732
710	761
711	780
711	789
713	832
714	799
714	857
715	887
718	761
721	809
722	888
723	809
725	766
727	814
728	741
728	816
728	826
728	876
729	769
730	768
732	805
736	777
736	816
742	821
742	834
742	840
742	852
744	847
745	804
745	831
746	804
747	834
748	782
748	836
748	850
749	786
750	804
755	890
756	793
757	811
760	761
761	807
761	828
765	856
765	886
765	887
769	892
770	899
771	829
771	840
772	838
775	832
776	823
780	852
784	809
785	838
787	896
789	856
790	816
797	861
797	873
798	815
798	893
801	889
801	890
802	831
806	868
807	841
814	888
815	821
815	864
816	880
816	881
818	821
818	873
828	829
828	837
828	843
832	837
834	841
853	854
853	875
855	879
857	871
875	888