0	71
0	854
1	565
1	623
1	654
2	242
2	517
2	545
2	591
2	761
3	202
3	437
3	562
3	639
3	826
3	831
4	260
4	304
4	570
4	739
5	34
5	524
6	22
6	143
6	152
6	454
6	474
7	181
7	446
7	479
7	595
7	679
8	25
8	440
8	465
9	395
10	86
10	165
10	255
10	428
10	518
10	545
10	558
11	188
11	241
11	307
11	688
11	755
11	826
11	875
12	279
12	413
13	364
13	437
13	536
14	100
14	210
14	283
14	307
14	717
14	807
14	873
15	76
15	566
15	583
15	600
15	896
16	35
16	90
16	116
16	303
16	698
16	746
16	868
17	321
17	698
17	835
18	264
18	293
18	381
18	469
18	793
18	837
18	887
19	494
19	822
19	827
20	248
20	779
21	50
21	128
21	296
21	357
21	420
21	463
23	63
23	219
23	273
23	350
23	641
23	822
23	871
24	43
24	92
24	304
24	363
24	632
24	691
24	809
24	840
25	167
25	450
25	667
26	418
26	670
26	725
26	897
27	76
27	141
27	598
27	726
27	765
28	57
28	301
28	444
28	511
28	837
29	203
29	218
30	34
31	284
31	424
31	531
31	826
32	481
33	54
33	75
33	198
33	384
33	522
33	695
34	89
34	217
34	233
34	353
34	658
35	334
35	845
35	884
36	166
36	276
36	309
36	464
36	725
37	175
37	566
37	806
38	53
38	331
39	134
39	161
39	423
39	564
39	676
39	775
40	154
40	571
40	592
40	595
40	642
41	143
41	719
41	772
42	371
44	59
44	91
44	120
44	267
44	287
44	718
45	429
46	211
46	397
46	545
46	554
46	589
46	631
46	685
46	745
47	646
47	870
48	239
48	302
48	326
48	439
48	563
48	651
48	806
49	245
49	649
49	674
49	859
50	229
50	807
51	508
51	584
51	792
52	57
52	214
52	271
52	411
52	432
52	671
52	676
52	862
53	145
53	458
53	477
53	650
54	342
54	361
54	548
54	753
55	460
55	552
56	357
56	376
56	636
57	842
58	229
58	303
58	726
59	338
59	485
59	798
60	140
60	440
60	813
60	842
61	102
61	148
61	510
61	579
61	633
61	677
61	752
61	753
62	537
63	295
63	534
64	148
64	441
64	609
65	477
65	779
66	87
66	357
66	612
67	76
67	201
68	225
68	237
68	523
68	524
68	689
68	739
68	786
68	819
68	852
69	294
69	624
69	853
70	490
71	415
71	472
71	692
72	359
73	197
73	290
74	299
74	434
74	745
74	874
75	502
75	510
75	587
76	91
76	109
76	403
76	505
76	593
76	604
76	611
76	623
76	849
77	246
77	265
77	302
77	375
77	426
77	468
78	254
78	262
78	277
78	364
78	454
78	492
78	572
79	254
79	436
79	709
80	266
80	518
80	715
81	291
81	388
81	825
81	877
82	544
82	654
82	877
83	173
83	518
83	638
84	98
84	381
84	894
85	98
85	421
85	639
86	577
86	605
86	774
86	785
87	95
87	223
87	418
88	274
88	284
88	321
89	414
89	439
89	753
89	890
90	135
90	428
90	512
90	596
90	637
90	691
91	170
91	230
91	234
91	361
91	618
91	657
91	740
92	139
92	364
93	229
93	246
93	273
93	330
93	461
93	493
93	738
94	198
94	247
94	314
94	761
94	792
95	579
95	680
95	866
96	259
96	332
96	402
96	580
96	584
96	590
96	603
96	628
97	127
97	725
98	99
98	214
98	277
98	322
98	407
98	568
99	222
99	357
99	539
99	842
99	893
100	266
100	314
100	496
100	880
101	306
101	477
101	607
101	736
102	127
102	594
102	719
103	262
103	394
103	639
104	282
104	658
104	659
105	106
105	215
105	493
105	642
105	794
106	120
106	283
106	345
106	848
107	181
107	421
107	487
107	622
107	624
107	640
107	801
107	844
108	235
108	339
108	396
108	432
108	730
108	892
109	150
109	477
110	174
110	232
110	437
110	487
111	542
111	594
112	306
112	314
112	321
112	410
112	641
112	704
113	622
114	177
114	354
114	682
115	284
115	774
115	856
116	159
116	417
117	335
117	562
117	799
117	864
118	271
118	684
119	133
119	342
119	401
119	711
119	893
120	440
120	551
120	552
120	665
120	771
120	804
121	277
121	411
121	467
122	426
122	461
122	727
122	897
123	306
123	386
123	705
123	719
124	323
125	127
125	648
125	721
126	180
126	299
126	788
126	838
127	390
127	611
127	759
128	246
128	719
129	475
129	613
129	649
129	885
130	136
130	147
130	743
131	287
131	416
131	662
131	671
132	306
132	470
133	716
134	400
134	644
134	710
134	865
135	159
135	529
135	628
135	669
136	382
136	533
136	707
136	811
137	308
137	442
137	589
138	242
138	488
138	586
139	350
139	504
139	837
139	864
140	301
140	324
140	414
140	484
140	582
140	585
140	892
141	319
141	466
142	468
142	516
142	701
142	715
143	235
143	700
143	774
144	372
144	526
144	897
145	425
145	484
145	508
145	608
146	343
146	449
146	639
146	705
146	827
147	307
147	401
147	468
147	608
147	856
148	156
148	715
148	786
148	802
149	185
149	821
149	848
150	204
150	243
150	476
150	525
150	569
151	292
152	369
152	723
153	273
153	706
153	774
153	778
153	800
153	829
153	843
154	299
154	481
154	667
155	471
155	511
155	714
155	798
155	846
156	579
156	621
157	680
158	408
158	488
158	502
158	578
159	206
159	231
159	281
159	312
159	465
159	567
159	658
160	764
161	270
161	609
161	701
161	772
162	203
162	854
163	523
163	691
164	231
164	504
164	786
165	534
165	643
165	868
166	499
166	544
167	312
167	650
168	473
169	222
169	326
169	587
169	607
169	878
170	534
170	882
171	516
171	577
171	668
172	277
172	863
173	184
173	451
173	695
173	824
174	245
174	254
174	615
174	630
174	840
175	210
175	270
175	353
176	271
176	620
176	648
176	677
177	232
177	720
178	313
178	401
178	455
178	502
178	687
179	205
179	542
180	511
181	353
181	544
181	549
182	546
182	842
183	296
183	573
183	637
183	792
184	222
184	266
184	288
184	308
184	504
184	575
184	759
185	386
185	549
185	559
185	605
185	679
186	525
186	532
186	560
186	591
187	401
187	724
187	756
187	801
188	614
189	274
189	401
189	408
189	514
189	556
189	581
189	702
189	803
189	833
189	840
190	261
191	274
192	633
193	675
193	888
194	424
194	498
194	616
194	661
195	211
195	244
195	309
195	460
195	493
196	497
196	842
196	894
197	287
197	457
197	565
197	778
197	786
198	667
199	261
199	519
199	685
199	716
199	800
200	218
200	417
200	498
200	762
201	287
201	417
201	897
202	337
202	410
202	540
202	543
202	630
202	780
203	521
203	779
205	289
205	532
205	720
206	698
206	761
207	229
207	245
207	664
208	480
209	291
209	589
209	684
209	768
210	388
210	393
210	658
210	829
211	330
211	577
211	671
211	815
211	849
212	533
212	594
212	621
213	489
213	641
213	777
214	220
214	337
214	480
214	821
216	266
216	666
216	792
217	346
217	411
217	585
217	835
218	435
218	532
219	531
219	812
220	243
220	247
220	254
220	569
221	749
221	804
221	874
222	255
222	536
222	635
223	464
223	599
223	652
223	823
224	309
224	801
225	416
225	730
225	778
226	294
226	519
227	360
227	489
227	545
228	581
229	422
229	711
229	876
230	237
230	346
230	498
230	525
230	673
230	760
230	838
231	233
231	592
231	871
232	458
232	795
234	418
234	519
235	338
235	733
236	400
236	415
236	450
236	458
236	474
236	667
236	747
237	455
238	356
238	636
239	242
239	278
239	417
239	424
239	432
239	561
240	302
240	493
240	684
241	310
241	373
241	568
241	669
241	670
242	430
242	438
242	474
243	258
243	273
243	306
243	630
243	736
244	507
244	570
244	654
244	709
244	768
245	293
245	761
247	389
247	420
247	436
247	605
247	757
247	859
248	262
248	444
248	459
248	478
248	712
248	804
249	266
250	435
250	502
250	580
250	744
250	819
251	522
251	833
252	258
252	354
252	386
252	855
253	395
253	403
253	649
253	878
253	899
254	333
254	392
254	393
254	425
254	604
254	651
254	757
255	796
255	821
255	836
256	272
256	848
257	526
257	558
257	585
258	383
258	485
258	651
258	708
259	278
259	634
260	398
260	484
260	630
260	669
260	797
261	701
261	728
261	784
262	545
262	568
263	322
263	502
264	315
264	666
264	750
266	349
266	613
266	732
266	838
267	389
267	447
267	591
267	643
267	741
267	811
268	367
268	703
268	724
268	817
269	423
269	496
270	299
270	581
270	684
271	344
271	397
271	547
271	557
271	645
272	794
273	641
273	701
274	686
275	310
275	393
275	718
276	346
276	744
276	847
277	842
278	405
279	314
279	481
279	558
279	659
279	873
280	728
281	456
281	688
282	429
282	579
282	803
283	713
283	807
284	594
284	644
284	741
284	843
285	389
285	435
285	715
286	449
286	724
288	605
288	655
288	759
288	790
288	886
289	410
289	508
290	630
290	826
291	728
291	767
291	830
292	365
292	814
293	405
293	501
293	863
293	886
294	493
294	531
295	320
295	562
295	733
296	343
297	658
297	797
298	539
299	428
299	634
299	641
299	690
299	735
300	416
300	496
300	695
300	726
300	864
301	668
301	899
302	395
302	508
302	567
303	607
304	312
304	395
304	504
304	584
304	639
305	541
305	549
305	764
306	392
306	421
306	504
306	645
307	485
307	563
308	353
308	495
308	660
309	650
310	334
310	336
310	579
311	368
311	639
311	754
311	801
312	404
312	522
313	444
313	504
314	338
314	350
314	788
314	878
315	623
316	465
316	509
317	338
317	809
318	454
318	535
318	572
318	578
318	734
319	515
319	611
319	699
319	798
319	854
320	530
320	632
321	417
321	850
323	445
323	675
323	724
323	837
324	397
324	486
324	737
325	327
325	525
325	618
326	350
326	537
326	542
326	549
326	664
326	805
326	860
327	823
327	889
328	381
328	474
328	602
329	418
329	665
329	728
330	515
330	683
330	822
330	899
331	455
331	472
331	838
332	405
332	461
332	548
332	687
332	781
333	338
333	471
333	513
333	686
333	807
334	408
334	467
334	825
335	520
336	769
337	461
338	361
338	800
339	372
339	440
339	520
339	683
339	809
340	803
340	898
341	451
341	524
342	533
342	653
342	764
342	885
343	563
343	589
343	688
343	821
343	871
344	591
344	634
344	683
345	597
345	758
346	830
347	695
348	438
348	542
349	483
349	762
350	376
350	412
351	394
352	506
352	827
352	840
353	757
354	550
355	362
355	392
355	526
355	548
355	702
355	858
356	459
356	472
356	631
356	713
356	798
357	388
357	662
357	698
357	887
358	522
358	557
358	618
358	681
358	816
359	536
359	761
359	786
359	788
359	818
360	583
360	718
361	434
362	546
362	572
363	659
364	430
364	493
365	811
365	867
366	430
366	432
366	442
366	673
366	680
366	690
366	802
366	805
367	390
367	501
367	862
368	411
368	756
369	555
369	580
369	741
370	509
370	860
372	653
373	457
373	480
373	634
374	421
374	573
374	640
374	879
376	537
376	759
376	872
377	792
377	800
378	893
379	673
379	808
380	766
381	447
381	643
381	650
381	741
381	894
382	736
383	523
384	789
384	863
385	605
385	701
385	829
386	469
386	686
386	764
387	426
387	828
388	403
388	604
389	800
389	804
391	851
392	604
392	678
392	706
392	748
393	671
394	493
394	702
394	847
394	872
395	666
396	405
396	505
396	666
398	629
398	809
399	572
399	795
399	837
400	403
400	713
400	883
401	650
401	801
402	708
403	432
404	545
404	550
404	643
404	701
405	446
405	511
405	744
406	711
406	739
406	768
406	803
406	844
406	878
407	510
408	603
408	844
409	441
409	500
409	682
409	885
410	439
410	672
410	798
410	844
410	876
411	419
411	791
412	607
412	826
412	836
412	883
412	886
413	499
413	700
413	893
414	431
414	467
414	547
414	750
414	784
414	890
415	606
415	619
415	850
415	884
416	455
416	508
416	717
416	867
417	492
418	488
418	713
418	826
419	560
419	891
421	500
422	663
423	506
423	827
424	489
424	554
424	780
424	885
425	465
425	617
426	605
427	437
427	479
427	485
428	753
430	527
430	780
431	745
432	455
432	861
433	491
434	480
434	693
434	755
435	500
435	705
435	765
435	857
435	884
436	820
436	874
437	732
437	849
439	575
439	723
439	744
439	878
440	792
440	850
441	482
441	503
441	598
441	661
441	692
441	839
442	527
442	744
443	652
444	484
444	581
444	787
445	491
445	534
445	535
445	632
445	798
446	448
446	881
447	604
447	738
448	457
448	485
448	852
450	634
450	674
450	838
451	504
451	619
451	682
451	834
452	515
453	810
454	589
455	639
455	725
455	773
455	819
455	876
456	514
456	642
456	733
456	836
457	689
457	768
457	771
458	675
458	729
458	755
459	479
459	484
459	750
459	824
460	471
460	807
460	854
461	752
461	790
462	870
464	468
464	645
464	690
464	816
466	560
466	635
466	636
466	802
466	842
467	540
467	768
468	530
469	765
469	838
470	532
470	676
470	775
471	771
472	537
472	825
473	815
474	555
474	640
474	663
474	730
475	738
475	799
476	717
476	776
476	892
481	665
482	854
483	495
483	605
483	664
485	699
486	527
486	532
486	572
486	576
487	685
488	626
489	569
489	631
489	645
490	620
490	895
491	843
492	571
493	763
494	533
495	571
495	805
496	691
497	510
497	695
497	832
497	873
498	785
499	503
499	628
499	668
499	884
500	869
501	556
501	573
502	547
502	659
503	589
505	623
505	673
505	814
507	713
508	527
508	766
509	639
509	650
510	819
510	883
511	660
511	718
511	867
512	532
512	558
512	663
514	616
514	801
515	688
515	886
516	659
516	861
518	543
518	553
518	610
519	716
519	784
519	817
520	614
520	633
520	797
521	540
521	584
521	590
521	731
522	598
522	781
523	534
523	707
523	744
523	755
524	722
524	762
525	730
526	889
526	899
527	657
527	693
527	699
527	783
528	871
529	565
530	714
530	736
530	869
531	741
531	850
532	533
532	659
534	647
534	787
535	581
535	661
535	711
535	863
535	897
536	551
536	553
536	587
536	641
538	777
538	896
540	789
541	562
541	794
542	818
543	546
543	696
543	773
543	825
544	764
546	698
546	783
546	808
546	849
547	635
548	689
548	728
548	804
549	692
549	811
551	717
552	780
552	792
553	604
553	697
553	750
553	898
555	788
555	838
556	764
557	651
558	564
559	795
559	844
559	894
560	619
560	739
562	774
562	867
564	789
566	695
567	638
567	739
567	895
568	575
568	636
569	626
569	860
570	658
570	813
571	676
572	604
572	649
573	646
573	736
573	744
574	801
575	762
575	795
575	850
577	694
577	727
577	842
578	632
578	666
578	755
580	587
580	633
580	672
580	865
581	593
581	764
581	837
583	615
583	712
583	753
583	787
584	732
584	778
584	888
587	659
587	842
588	795
589	699
590	624
590	709
591	761
592	710
593	882
595	805
596	700
598	638
598	724
599	728
600	612
600	817
601	815
602	619
603	851
604	728
604	793
604	848
605	635
605	842
606	681
606	747
607	771
608	624
608	661
611	814
612	792
612	821
613	769
613	818
614	626
614	656
614	696
614	732
614	864
617	646
617	777
618	728
618	801
619	678
620	736
621	630
622	817
622	888
623	840
623	892
624	874
625	772
626	803
626	869
626	896
627	783
627	867
628	701
628	756
628	785
628	816
628	884
630	648
631	883
632	729
634	676
634	822
635	877
637	687
638	754
640	656
640	849
640	883
644	662
645	659
645	696
646	787
646	810
651	678
651	699
651	706
651	835
652	810
653	715
655	664
655	814
655	878
657	827
658	687
658	720
658	857
660	677
661	692
662	836
663	845
665	895
667	706
667	843
667	866
668	719
670	730
671	853
671	887
672	701
674	729
676	781
677	793
679	758
682	694
683	788
684	702
684	777
684	802
684	889
685	843
686	785
686	879
687	751
687	860
687	863
689	894
691	699
694	759
696	762
700	728
700	791
701	762
701	873
702	841
703	852
704	753
704	777
705	820
707	741
707	766
710	742
711	820
712	767
715	731
718	770
721	752
721	760
721	776
721	869
722	813
724	760
726	868
727	742
727	748
728	783
732	760
732	789
733	788
735	867
739	806
739	870
741	832
745	816
746	859
747	750
747	874
749	752
749	820
749	897
750	863
751	842
753	757
754	811
756	801
757	790
760	863
761	898
762	771
763	820
763	878
765	778
766	789
766	795
772	882
777	810
777	842
777	880
778	811
778	851
779	820
780	847
782	789
785	847
786	788
787	851
788	852
789	813
791	803
794	803
795	859
795	889
796	840
796	862
797	864
799	834
800	814
800	837
802	878
809	840
811	829
814	830
814	872
815	882
815	898
820	828
824	886
833	890
837	890
846	859
853	898
860	869
864	875
883	893
894	899