0	16
0	326
0	479
0	752
1	82
1	416
1	588
1	713
1	791
1	858
2	628
2	773
2	858
2	869
3	138
3	249
4	47
4	56
4	171
4	358
4	461
4	721
4	878
5	114
5	115
5	157
5	176
5	603
6	217
6	384
6	410
7	391
7	672
7	735
8	20
8	278
8	486
8	530
8	544
8	574
8	697
8	836
8	849
9	74
9	261
9	298
9	503
9	678
9	863
10	187
10	785
10	829
11	176
11	250
11	398
12	538
13	52
13	650
13	742
13	773
14	145
14	649
14	751
15	103
15	182
15	436
15	762
16	152
16	190
16	407
16	606
17	152
17	515
17	521
17	592
18	79
18	691
18	740
19	134
19	385
19	417
19	810
20	193
20	228
20	271
20	499
20	614
20	623
20	899
21	92
21	125
21	137
21	393
22	183
22	223
22	684
22	770
23	410
23	674
23	780
23	849
24	189
24	463
24	564
24	740
24	881
25	146
25	231
25	273
25	366
25	578
25	859
26	242
26	247
26	422
26	531
26	821
27	106
27	163
27	477
28	267
28	340
28	866
29	31
29	234
29	393
29	622
30	153
30	169
30	182
31	72
31	483
31	854
32	159
32	214
32	284
32	326
32	374
32	392
32	395
32	571
32	794
33	515
33	663
33	889
34	301
34	530
35	432
36	229
36	384
36	408
36	471
36	508
36	509
36	634
36	848
37	253
37	402
37	579
38	52
38	79
38	234
38	509
38	699
39	114
39	181
39	417
39	507
40	115
40	252
40	540
40	786
40	859
41	531
41	569
41	597
41	709
42	749
43	213
43	323
43	459
43	686
43	779
44	121
44	191
44	323
44	721
45	72
45	213
45	432
45	805
45	830
46	389
46	792
47	113
47	132
47	235
47	236
47	631
47	644
47	805
48	302
48	553
48	616
48	668
48	878
49	118
49	372
50	312
50	772
51	70
51	326
52	72
52	584
52	620
52	867
53	437
53	533
53	783
53	872
53	887
54	163
54	279
54	302
54	347
54	485
54	729
54	827
55	237
55	535
55	628
57	95
57	307
57	438
57	623
58	218
59	242
59	644
60	285
60	470
60	577
60	598
61	70
61	352
61	380
61	816
61	832
62	186
62	593
62	661
62	832
63	156
63	663
63	778
64	114
64	323
64	498
64	508
64	775
65	180
65	200
65	362
65	365
65	373
65	718
65	778
66	262
66	535
66	595
67	184
67	273
67	415
68	175
68	192
68	834
68	877
68	894
69	112
69	239
69	361
69	886
70	82
70	106
70	136
70	552
71	576
71	855
71	866
72	518
73	126
73	321
73	429
74	253
74	268
74	492
75	244
75	351
75	539
75	597
76	266
77	495
77	544
77	668
77	730
78	160
78	385
78	558
78	567
78	858
79	203
79	322
79	745
80	183
80	403
80	464
80	677
80	818
81	223
81	295
82	122
82	301
82	537
82	585
83	489
84	133
84	265
84	468
84	506
84	669
84	740
84	789
84	832
85	446
85	477
85	717
85	760
85	878
86	99
86	672
86	732
87	569
87	762
87	782
88	220
88	718
89	402
89	481
89	576
89	721
90	93
90	391
90	816
90	834
91	256
91	579
91	658
92	94
92	248
92	652
92	743
92	834
93	175
93	603
93	755
94	314
94	667
94	788
95	150
95	475
96	181
96	485
96	704
96	878
97	192
97	424
98	252
98	345
98	385
98	743
98	878
99	116
99	149
99	470
99	855
100	184
100	291
100	411
100	733
100	835
101	467
101	489
101	706
101	712
102	234
102	612
103	233
103	758
103	811
103	843
103	871
104	245
104	329
104	539
105	368
106	416
106	574
106	859
107	292
107	378
107	493
107	739
108	137
108	433
108	450
108	542
108	709
108	876
109	147
109	181
109	589
109	857
110	203
110	579
110	737
111	548
111	686
111	725
112	762
112	844
113	281
113	386
114	322
114	765
115	591
116	707
116	723
117	347
117	482
117	774
117	777
117	788
118	475
118	589
118	863
119	143
119	280
119	502
119	719
119	853
120	128
120	302
120	423
120	486
120	602
120	780
120	871
121	501
121	804
122	322
122	549
123	291
123	325
123	813
124	134
124	198
124	476
124	753
125	370
125	467
125	624
125	675
126	159
126	307
126	549
126	592
126	605
126	738
127	438
127	595
127	673
128	268
128	513
128	593
128	771
129	678
130	212
130	229
130	398
130	705
131	439
132	669
132	720
132	747
132	885
133	521
134	193
134	553
135	191
135	194
135	438
136	260
136	359
136	368
136	531
137	315
137	340
137	441
137	500
137	676
139	277
139	858
140	492
140	537
140	589
141	223
142	306
142	457
142	664
142	686
143	308
143	415
143	480
143	495
143	551
143	859
143	882
144	168
145	760
145	861
146	297
146	428
146	437
146	441
146	469
146	562
146	810
147	517
148	276
148	378
148	402
148	414
148	714
148	841
148	861
149	205
149	805
149	869
150	160
150	383
150	406
150	608
150	610
150	614
150	711
150	798
150	813
151	314
151	613
152	467
152	843
153	214
153	591
154	375
154	545
154	772
155	310
155	667
155	708
155	734
155	847
156	545
156	781
156	783
156	843
157	285
157	380
157	593
158	206
158	317
158	321
158	337
158	443
158	464
158	622
158	793
158	797
159	160
159	169
159	339
159	390
159	395
159	663
159	856
160	174
161	398
161	471
161	484
161	696
161	896
162	235
162	286
162	553
162	761
163	414
163	459
163	553
163	805
164	235
164	253
164	466
165	270
165	300
165	397
165	643
165	844
166	251
166	520
166	568
166	682
167	174
167	336
167	481
167	571
167	577
168	773
169	185
169	480
169	720
169	756
170	616
170	667
171	342
171	398
171	408
171	494
171	675
172	389
172	509
172	689
172	828
172	863
173	174
173	289
173	783
174	176
174	184
174	422
174	442
174	749
174	873
174	888
175	244
175	341
175	395
175	422
176	614
176	681
176	748
177	230
177	523
177	778
178	436
178	459
178	530
178	598
178	777
179	504
180	577
180	673
180	789
181	240
181	246
181	328
181	414
181	683
182	218
182	289
182	523
182	759
183	396
183	665
183	899
184	707
184	740
185	295
185	896
186	376
186	741
186	837
187	645
188	325
188	528
188	560
188	561
188	601
189	353
190	507
191	233
191	326
191	608
191	821
193	333
193	442
193	711
193	821
194	202
194	342
194	414
194	475
194	536
194	718
194	852
195	670
196	270
196	374
196	580
196	594
196	809
197	429
198	616
198	790
199	426
199	832
200	476
200	611
201	310
202	599
202	710
203	575
203	874
204	574
204	806
204	841
206	592
206	790
207	224
207	347
208	395
208	449
208	648
208	809
208	845
209	264
209	307
209	421
209	642
209	668
210	347
210	453
210	488
211	863
212	384
212	685
213	226
213	302
213	362
213	732
214	394
214	589
215	421
216	420
216	746
216	758
217	329
217	897
218	396
218	622
219	320
219	679
219	808
219	840
219	867
220	244
220	270
221	343
221	353
221	623
221	677
221	783
221	842
222	224
222	315
222	754
222	759
223	232
223	407
223	734
223	862
224	258
224	504
224	711
225	312
225	527
225	743
225	819
226	267
226	396
226	613
226	702
226	757
226	774
226	825
226	835
226	857
227	446
227	630
227	633
227	892
228	257
229	299
229	438
229	541
231	259
231	660
232	350
232	666
232	754
232	757
232	868
233	285
233	350
233	354
233	398
233	538
233	709
234	263
234	424
234	486
234	698
235	241
235	277
235	343
235	354
235	480
235	557
236	240
236	550
236	605
236	791
237	256
237	304
237	575
237	865
238	245
238	426
238	670
238	899
239	267
239	303
239	398
239	702
239	826
240	318
240	434
240	891
241	630
242	420
242	737
243	306
243	601
243	791
243	829
243	876
243	886
244	373
244	393
244	461
244	534
244	561
244	807
245	361
245	772
246	606
246	792
247	383
247	453
247	777
247	786
248	841
249	307
249	359
249	404
249	423
249	446
249	462
250	815
250	893
251	255
251	471
251	730
252	680
253	271
253	873
254	757
255	423
255	434
255	648
256	386
256	891
257	428
258	329
258	422
258	898
259	467
259	484
259	578
259	597
259	722
260	284
260	319
260	703
260	706
261	585
261	731
261	829
263	358
263	606
263	786
263	845
263	852
264	302
264	732
265	310
265	359
267	289
267	501
267	525
267	527
267	741
267	872
268	301
268	312
268	411
268	524
268	589
269	771
269	866
269	873
270	596
271	382
271	464
271	723
272	435
273	328
273	529
273	795
273	853
273	884
274	394
274	561
274	580
274	624
275	378
275	494
275	811
275	821
275	862
275	877
276	318
276	357
276	558
276	730
277	314
277	361
277	538
278	330
278	498
279	435
279	641
280	296
280	317
280	554
280	865
281	374
281	561
281	635
282	462
283	439
283	514
283	547
283	548
284	587
284	658
284	752
284	861
284	895
285	602
285	633
285	677
285	745
285	802
285	884
286	307
286	540
286	756
286	800
286	832
287	412
288	383
288	510
289	360
289	407
289	569
290	386
291	401
291	576
291	783
291	847
292	329
292	606
292	632
292	656
293	381
293	414
293	701
294	598
295	299
295	400
295	481
296	530
297	329
298	426
298	433
298	560
298	669
298	700
299	849
300	377
300	667
300	675
300	871
301	395
301	456
301	541
302	428
302	493
302	684
302	763
302	899
303	359
303	392
304	484
305	306
305	521
306	807
307	510
307	558
307	647
307	851
308	369
308	893
309	689
309	855
309	870
310	531
310	652
310	896
311	599
311	792
312	485
312	742
312	804
312	874
313	373
313	376
313	850
314	507
314	572
314	576
314	833
315	317
315	405
315	442
315	536
315	624
316	437
316	855
317	319
317	347
317	519
318	381
318	385
318	474
318	644
319	435
319	446
319	539
319	702
320	497
320	733
320	891
321	406
321	722
321	867
321	868
322	520
323	772
324	583
324	658
324	706
325	354
325	454
325	462
325	520
325	608
325	632
325	805
325	858
326	382
326	458
327	510
328	721
329	625
329	675
329	684
329	846
330	358
330	839
331	585
332	333
332	628
332	784
333	348
333	463
333	493
333	670
334	559
334	799
335	891
336	743
337	367
337	465
337	522
337	559
338	859
339	390
339	425
339	553
339	573
339	768
340	440
340	770
341	417
341	433
341	690
341	884
343	836
344	729
344	861
345	561
345	795
346	370
346	613
347	364
347	559
347	580
347	642
348	350
348	373
348	509
348	605
348	741
348	774
348	846
349	555
350	560
350	723
351	451
351	659
351	791
352	639
352	665
352	728
352	738
353	409
353	499
353	529
354	433
354	501
354	536
355	397
355	419
355	460
356	486
356	583
356	687
356	870
356	872
357	479
357	607
357	714
358	482
358	583
358	622
358	645
358	725
358	735
358	845
358	895
359	402
359	446
360	472
360	623
360	649
360	799
361	730
362	624
362	674
363	390
363	474
363	627
363	657
363	686
364	441
364	488
364	764
364	823
365	476
365	558
365	590
366	448
366	569
366	623
366	667
367	653
367	667
367	865
368	406
368	568
369	820
370	538
370	596
371	607
372	527
372	837
373	673
373	715
374	390
374	540
374	627
374	669
374	796
374	844
375	445
375	533
375	553
375	585
375	602
375	778
377	536
377	633
377	814
377	848
377	873
378	417
378	592
378	641
378	789
379	626
379	733
380	531
380	565
380	848
381	455
381	573
383	647
383	717
383	866
385	402
386	568
386	656
386	680
386	694
386	714
386	858
387	591
387	856
388	481
389	415
390	770
392	640
392	707
393	541
393	866
394	541
395	583
395	774
396	455
396	519
396	705
396	789
397	446
397	649
397	651
397	860
398	508
398	666
399	592
399	618
399	724
399	831
400	576
401	462
403	527
404	619
404	639
404	872
404	874
405	570
405	632
405	793
406	486
406	829
407	419
407	453
407	731
407	871
408	761
409	860
410	663
410	798
411	638
411	818
411	894
412	498
412	763
413	418
413	467
415	824
416	710
417	435
417	506
417	756
417	794
418	633
418	876
419	424
419	430
419	640
420	460
421	579
422	835
423	547
423	621
423	665
423	668
424	577
424	649
424	810
425	561
425	703
425	896
426	604
426	833
427	529
428	470
428	758
429	459
429	477
429	537
431	487
431	531
431	629
431	893
432	654
432	885
433	646
433	823
433	867
434	439
434	488
434	527
434	556
434	603
434	710
434	829
435	553
435	643
435	720
435	775
436	468
436	708
437	528
437	755
438	645
438	863
439	682
440	579
441	673
441	743
441	761
442	543
443	786
444	459
445	492
445	498
445	505
445	576
446	863
447	780
448	524
448	562
449	576
450	494
450	495
451	541
451	579
451	627
452	491
452	617
452	678
452	719
453	553
453	602
453	789
454	711
454	879
455	863
457	634
458	760
459	871
460	600
460	622
460	656
460	676
461	471
461	729
463	760
464	494
464	655
464	774
464	839
465	470
465	522
465	592
465	635
467	480
467	678
468	489
468	696
468	877
469	887
471	508
471	520
471	622
471	764
472	682
473	647
475	595
476	501
477	512
478	582
478	699
478	719
478	726
481	634
481	688
481	763
481	896
482	640
483	491
483	858
484	544
484	545
484	853
485	632
486	825
487	523
487	593
487	708
487	729
487	792
488	693
488	796
489	698
490	716
491	658
492	624
492	845
493	592
493	859
494	757
494	811
494	854
495	574
495	580
495	637
496	542
496	724
498	578
499	578
499	642
500	726
500	809
501	685
502	572
504	707
504	829
506	788
506	854
507	569
507	808
508	730
509	533
509	586
509	745
509	746
510	569
511	521
511	723
512	641
513	562
513	896
514	795
515	716
516	765
517	819
518	695
518	754
519	550
520	840
520	849
521	737
522	567
522	843
524	741
524	889
526	576
526	833
527	528
527	831
528	529
528	883
531	726
532	831
533	642
533	833
534	825
535	636
536	597
536	883
538	645
538	890
539	723
540	570
540	883
542	575
542	810
542	852
543	574
543	685
544	552
544	698
544	713
544	744
544	781
545	699
546	683
548	766
548	814
549	713
549	726
550	696
550	815
551	606
551	723
551	894
552	560
552	730
554	773
554	853
555	888
556	720
556	767
556	796
557	584
557	829
558	772
558	775
558	799
558	890
561	712
563	653
564	737
564	824
565	709
566	737
566	770
566	783
566	878
567	572
567	645
567	670
567	678
569	699
570	698
570	720
570	868
571	614
571	654
571	716
572	574
572	634
573	670
574	682
574	889
575	596
575	599
576	728
578	766
579	621
579	641
579	726
579	875
580	585
581	586
581	776
581	897
583	767
583	866
584	629
584	834
585	592
586	761
587	709
588	647
588	754
589	654
589	697
590	616
590	684
590	735
591	637
592	820
593	594
593	616
593	640
593	739
593	794
594	762
594	782
595	738
595	792
596	697
596	860
597	655
598	826
598	897
599	667
599	738
599	887
600	838
601	789
602	671
602	681
602	687
602	822
603	620
604	734
605	826
605	869
606	607
607	691
607	832
608	622
608	797
609	642
609	705
609	822
611	700
611	787
611	898
612	682
614	746
615	653
616	764
617	658
617	726
617	843
617	866
620	721
621	789
622	715
622	841
622	877
623	804
623	875
624	637
624	784
625	738
625	862
626	795
628	879
629	742
631	839
632	683
632	724
632	814
633	734
633	807
633	820
634	649
634	728
634	763
634	773
634	889
635	846
636	754
636	769
638	658
641	827
641	851
643	710
644	669
644	840
644	870
645	755
646	678
646	841
646	843
646	859
648	773
650	813
651	715
651	756
651	769
653	736
653	747
653	819
653	897
654	732
655	804
657	685
657	719
658	744
658	793
660	721
661	718
662	729
663	687
663	782
664	886
667	696
667	815
668	739
669	841
670	674
670	679
671	798
671	836
673	674
673	714
678	688
679	871
680	866
681	890
687	717
689	821
690	714
692	722
692	792
692	804
692	861
693	748
693	812
697	733
697	890
698	727
698	846
700	795
701	735
702	709
702	713
705	834
707	746
707	752
710	750
710	862
711	712
711	827
713	727
714	814
715	722
715	859
717	779
718	722
718	744
718	803
721	808
721	878
722	817
723	729
723	753
723	795
724	769
724	830
724	889
726	756
728	775
728	836
728	848
729	821
730	802
730	872
730	877
731	801
738	871
739	799
739	833
739	883
741	885
742	837
744	784
744	860
745	880
748	784
751	853
753	804
765	782
765	815
765	873
765	876
768	891
769	822
771	838
771	871
772	776
773	824
773	858
774	837
775	788
775	885
778	787
778	828
779	838
783	839
784	833
786	837
786	849
788	835
793	800
793	859
793	867
796	801
798	843
799	862
799	890
800	864
803	827
805	890
810	816
811	843
819	823
819	879
826	893
832	835
835	846
836	859
845	889
847	853
847	884
850	896
852	893
858	865
860	878
862	882
878	896
882	897