0	295
0	532
0	830
0	897
1	281
1	356
1	818
2	256
2	505
2	507
3	56
3	68
3	664
3	680
3	807
4	266
4	276
5	253
5	804
6	32
6	440
7	433
7	827
8	78
8	103
8	318
8	584
9	611
10	147
10	285
10	351
10	415
10	675
11	109
11	381
11	656
11	713
11	851
12	296
12	530
12	718
13	216
13	372
13	405
13	865
13	890
14	77
14	248
14	556
14	633
15	356
15	359
15	425
15	448
15	475
15	628
15	706
16	25
16	547
16	622
17	162
17	209
17	477
17	582
17	691
18	241
18	473
18	820
18	831
19	388
19	475
19	675
20	511
20	596
20	741
21	207
21	529
21	560
22	328
23	236
23	687
23	720
24	37
24	208
24	215
24	220
24	458
25	747
25	859
26	68
26	364
27	360
27	374
27	698
27	721
28	122
28	159
28	316
28	585
28	653
28	781
28	840
29	660
29	697
30	42
30	375
30	570
30	670
30	788
30	858
31	79
31	106
31	424
31	817
32	652
32	734
33	135
33	186
33	433
33	661
33	769
33	859
34	704
35	143
35	374
35	513
35	570
35	715
36	886
37	64
37	154
37	324
37	361
37	406
37	769
37	892
38	156
38	284
38	677
38	700
39	99
39	218
39	322
39	557
39	731
40	57
40	87
40	143
40	460
40	892
41	538
41	759
41	792
42	139
42	299
43	433
43	509
43	579
43	666
43	668
43	703
44	117
44	180
44	402
44	512
44	699
45	380
45	409
45	471
45	482
45	816
46	75
46	289
46	297
46	382
46	408
46	421
46	445
46	659
46	722
47	175
47	234
47	429
47	456
47	561
48	285
48	517
48	776
49	673
50	131
50	209
50	336
50	448
50	451
50	768
51	129
51	270
51	413
51	461
52	112
52	122
52	540
53	134
53	242
53	319
53	442
53	533
53	603
54	218
54	304
54	585
55	520
55	681
55	815
56	122
56	269
56	280
56	336
57	310
57	389
57	508
57	669
58	295
59	214
59	572
60	274
60	414
60	636
60	708
60	737
60	836
61	500
62	369
62	638
62	667
62	734
62	784
63	121
63	585
64	121
64	424
64	511
64	787
65	88
65	255
65	610
65	644
65	811
65	816
65	886
66	192
66	492
66	540
66	676
67	226
67	655
68	69
68	95
68	174
68	325
68	578
68	697
68	864
69	490
69	628
69	706
69	866
70	196
70	384
70	447
70	455
70	466
70	825
71	258
71	373
71	452
71	608
71	729
71	893
72	245
72	294
72	343
72	456
72	459
72	482
72	644
73	178
73	363
73	791
74	179
74	246
74	423
74	448
74	477
74	713
74	840
74	870
75	479
75	533
75	774
75	835
75	873
76	863
77	165
77	230
77	797
77	861
77	889
78	247
78	280
78	441
79	244
79	591
79	729
80	306
80	341
80	351
80	664
81	115
81	437
81	664
81	671
81	870
82	407
82	605
82	627
82	637
82	865
82	887
83	256
83	261
83	328
83	395
83	470
83	686
83	752
83	793
83	827
84	664
85	108
86	435
86	740
87	179
87	239
87	305
87	348
87	349
87	372
87	546
87	719
88	168
88	411
88	615
88	679
88	873
89	285
89	603
89	649
90	347
90	432
90	434
90	529
90	616
90	716
90	846
91	322
91	543
91	862
92	213
93	461
93	809
94	101
94	266
94	280
94	507
94	545
95	470
95	769
96	136
96	310
96	357
96	368
96	537
96	780
96	879
97	607
97	632
97	655
97	894
98	253
98	590
98	748
98	835
98	845
99	327
99	334
99	461
99	509
100	109
100	724
100	832
101	151
101	184
101	233
101	640
102	252
102	400
102	442
102	495
102	812
103	330
103	476
104	599
104	703
105	219
105	409
105	466
105	488
105	545
105	568
105	663
105	722
106	397
106	705
107	287
107	527
107	613
107	636
108	152
108	657
108	892
109	180
109	288
109	547
109	561
110	215
110	683
110	842
111	242
111	296
111	477
111	564
111	739
111	806
111	842
112	222
112	300
112	842
112	894
113	524
113	536
113	656
114	160
114	314
114	409
114	628
114	738
115	152
115	550
116	380
116	771
116	826
117	461
117	894
118	496
118	545
119	196
119	513
119	854
120	167
120	323
120	365
120	390
120	512
121	168
121	334
121	344
121	627
121	732
122	128
122	174
122	445
122	515
122	520
122	577
123	377
123	416
123	682
124	426
124	860
125	204
125	220
125	384
125	741
126	334
126	386
126	598
126	795
127	413
127	547
127	835
128	458
128	472
129	265
129	349
129	857
129	859
129	899
130	287
130	313
130	509
130	826
131	798
131	861
132	316
132	535
132	817
133	160
133	314
133	436
133	611
134	209
134	362
134	561
134	625
134	671
134	714
135	826
136	500
137	306
137	345
137	435
137	494
138	222
138	331
139	594
139	667
139	875
140	551
140	727
140	899
141	215
141	413
141	427
142	466
142	633
142	691
143	285
144	198
144	209
145	790
145	862
145	887
146	484
146	588
146	616
147	179
147	396
148	631
149	203
149	333
149	483
149	721
150	831
151	340
151	381
151	810
152	232
152	244
152	299
152	310
152	490
152	506
152	527
152	623
153	233
153	294
154	879
155	174
155	245
155	592
155	893
156	508
156	628
157	241
157	292
157	340
158	584
159	442
161	266
162	337
163	448
163	643
164	373
164	381
164	419
164	449
164	499
164	544
165	539
165	581
166	231
166	491
167	264
167	278
167	492
167	847
168	207
168	807
169	180
169	373
169	573
170	379
170	508
171	535
172	497
172	605
173	742
174	219
174	272
174	388
175	481
175	491
175	658
175	749
176	194
177	239
177	405
177	500
177	722
177	737
179	509
179	840
180	560
180	568
181	218
181	225
181	256
181	667
181	827
182	556
183	211
183	217
184	274
184	301
184	304
184	525
185	357
185	792
186	510
187	701
187	726
188	569
188	588
189	233
189	473
189	658
190	331
190	585
190	710
190	804
191	602
191	637
191	647
191	802
191	852
192	260
192	667
193	249
193	443
193	469
193	559
193	634
193	738
194	604
194	701
195	617
195	733
196	210
196	253
196	293
196	359
196	399
197	359
198	306
198	509
198	627
198	802
198	858
199	236
199	388
199	611
199	630
199	765
200	201
200	212
200	444
200	473
201	208
201	265
201	453
201	487
201	530
201	723
202	380
202	497
202	515
202	625
203	308
204	312
204	508
204	553
205	222
205	288
205	623
206	284
206	286
206	327
206	358
206	393
206	638
206	677
207	221
207	301
207	394
207	564
207	626
208	450
208	553
208	604
208	799
208	863
209	300
209	393
210	883
211	513
211	526
211	574
211	789
212	230
212	374
213	251
213	572
213	744
214	241
214	283
214	600
214	813
214	828
215	414
215	717
216	295
216	440
216	670
216	778
216	825
217	599
217	728
218	377
218	443
218	448
218	477
218	552
218	580
219	662
220	352
220	391
221	311
221	642
222	658
223	229
223	554
223	561
223	675
223	801
223	876
224	369
224	562
224	668
225	378
225	407
225	491
225	542
225	646
225	651
226	867
227	313
227	326
227	374
227	402
227	530
227	876
228	550
228	637
229	329
230	386
231	509
231	510
232	451
232	487
232	593
233	856
234	285
234	397
234	490
235	236
235	403
236	336
236	385
236	523
236	865
237	673
238	463
238	574
238	718
238	808
239	291
239	849
239	879
240	582
240	631
241	806
241	860
242	384
242	597
242	772
243	319
243	430
243	444
243	541
243	862
244	323
244	419
244	613
244	869
245	466
246	259
246	274
246	465
246	566
246	898
248	273
248	783
248	788
248	844
250	326
250	362
250	471
250	633
250	855
251	280
251	416
251	530
251	778
251	820
252	548
252	841
253	302
253	759
254	469
254	885
255	371
255	883
256	368
256	378
256	544
256	695
256	781
256	831
256	852
256	898
257	620
257	700
258	424
258	616
258	850
258	895
259	416
260	682
260	799
261	405
261	457
261	614
261	799
262	619
262	637
263	523
263	682
263	685
263	799
265	277
265	550
266	283
266	679
267	437
267	698
267	742
267	765
267	871
268	291
268	569
269	285
269	320
269	327
269	736
269	812
270	781
271	770
272	362
272	402
272	427
272	619
272	811
273	621
273	826
274	338
274	416
274	476
274	644
274	665
275	356
275	655
275	696
276	286
276	586
276	753
278	844
279	505
279	534
279	727
280	379
280	671
280	804
281	363
281	700
281	811
281	822
282	630
283	471
283	514
283	656
283	711
283	863
284	484
284	832
285	315
285	421
285	647
285	701
286	447
287	442
287	462
287	487
287	650
287	759
288	611
288	819
288	871
289	644
290	687
290	791
291	746
292	487
292	712
293	470
293	544
293	548
294	503
295	829
296	342
296	506
297	540
298	767
299	720
300	685
300	735
301	415
301	671
301	683
302	844
303	822
304	309
304	553
305	499
305	725
305	735
305	857
306	415
306	645
306	797
307	431
307	775
308	538
308	581
310	573
310	607
310	779
311	444
312	348
312	456
312	746
312	866
313	398
313	456
313	508
314	689
314	790
314	884
315	334
315	439
315	768
316	772
316	778
316	811
316	888
317	502
317	630
317	736
317	827
318	359
318	426
318	429
318	471
318	505
318	621
318	682
319	446
320	475
320	582
320	603
320	729
321	389
321	823
322	350
322	476
322	589
323	325
323	415
323	696
324	827
325	804
326	568
327	364
327	444
327	624
327	664
327	746
328	331
328	663
328	711
328	716
328	775
328	816
329	487
329	535
329	565
329	872
330	598
330	691
330	834
331	431
331	468
331	760
331	764
332	375
332	663
333	357
333	641
333	663
333	717
333	727
333	851
335	336
335	381
335	448
335	477
335	767
336	683
336	883
337	551
337	614
337	663
337	739
338	417
338	554
338	597
339	602
340	520
340	876
341	661
342	408
342	563
342	630
343	369
343	680
343	740
343	764
344	415
345	570
345	763
346	458
347	400
348	528
348	601
349	564
349	683
350	659
350	686
350	707
350	741
350	796
350	817
350	837
350	891
351	397
351	753
351	855
352	488
353	399
353	521
353	884
354	456
354	549
354	657
354	696
354	701
354	712
355	609
356	511
356	714
357	496
357	655
357	780
357	800
358	656
359	420
359	723
360	674
360	847
360	895
361	486
362	387
362	488
362	501
362	629
363	410
363	651
363	776
363	804
363	818
363	839
363	845
364	434
364	596
365	587
365	747
365	889
366	416
366	641
367	681
368	432
368	486
369	390
369	790
369	833
370	399
371	518
371	646
371	727
372	459
372	538
373	446
374	707
374	753
374	756
375	377
375	792
375	802
376	602
376	618
376	747
377	612
377	630
377	692
378	552
378	740
379	565
379	595
379	759
379	826
379	888
381	608
382	496
382	759
382	825
382	848
383	629
383	774
384	445
385	438
385	470
385	479
386	491
386	735
386	739
386	890
387	576
387	590
387	643
388	891
389	653
389	736
389	755
389	824
390	478
390	480
390	663
390	665
390	729
390	884
391	654
391	839
392	515
392	522
392	679
392	831
392	889
393	465
396	629
397	724
397	884
398	522
398	668
398	825
400	563
401	412
401	540
401	610
401	835
403	607
403	632
403	736
404	777
404	864
405	430
405	509
405	638
405	720
406	680
406	682
406	866
407	465
408	468
408	544
408	880
409	426
409	446
409	448
409	874
410	690
410	812
411	612
412	425
412	574
412	881
413	730
413	755
414	676
415	431
415	568
415	863
416	467
416	575
416	610
417	469
417	474
417	685
417	740
418	776
419	699
419	701
419	825
420	559
420	769
421	523
422	846
423	509
423	517
423	553
423	732
424	552
424	830
425	661
425	688
425	689
426	627
426	736
427	507
427	805
427	809
428	569
428	670
428	843
429	442
429	877
430	850
431	762
431	845
432	547
432	700
434	844
437	833
437	850
438	486
438	525
438	546
438	552
439	519
439	523
439	634
439	667
440	463
440	570
441	862
442	466
442	744
443	521
443	823
444	779
445	453
445	524
445	645
445	784
446	513
446	686
446	738
447	453
447	581
448	625
448	634
448	668
448	734
449	754
449	792
450	564
450	573
451	553
451	778
451	892
452	590
452	840
454	501
455	521
455	735
455	810
455	815
456	726
456	856
457	494
457	668
457	741
459	830
459	851
460	567
460	625
461	828
461	863
463	524
464	826
464	887
465	492
465	574
466	493
466	549
466	709
466	775
466	837
466	863
467	498
467	506
467	527
467	854
468	492
468	538
468	833
469	649
469	685
470	554
471	825
472	601
472	642
473	511
473	715
473	889
474	476
474	786
475	661
475	794
476	679
477	734
477	765
478	488
478	527
478	660
478	766
479	769
479	782
480	583
480	633
480	719
480	874
481	714
482	484
482	759
483	598
483	798
483	894
485	659
486	524
486	714
487	690
487	841
488	629
488	760
488	891
489	516
489	556
489	638
490	593
490	711
491	724
494	618
494	798
495	505
495	862
496	797
497	535
497	697
498	567
498	725
499	535
499	657
499	850
502	503
502	575
502	717
502	739
502	821
503	805
503	839
504	747
504	810
504	864
505	630
508	678
508	699
508	829
508	880
509	532
511	648
511	703
512	570
512	587
512	609
512	665
514	877
515	586
515	667
517	577
517	676
517	873
519	878
520	610
521	709
522	542
522	677
522	812
524	649
524	749
524	878
526	641
527	854
528	649
529	803
529	873
531	648
531	671
532	728
532	799
534	795
534	856
535	561
535	648
535	776
536	565
536	854
537	730
541	580
542	866
542	877
542	882
542	893
543	728
543	775
544	772
544	822
544	855
545	667
546	649
546	836
547	744
547	832
549	786
552	575
552	634
552	721
555	657
555	806
556	828
558	768
558	863
558	879
560	734
561	705
561	815
562	593
563	721
564	590
564	642
564	815
565	661
565	840
566	599
567	625
568	735
569	624
569	841
570	701
571	792
572	575
572	720
572	823
573	589
574	810
575	641
575	737
577	626
577	725
577	734
578	650
578	772
578	785
579	663
579	722
579	807
579	873
582	589
582	685
582	774
582	783
582	802
583	662
583	792
584	690
584	789
586	629
586	851
587	658
588	811
588	872
589	883
590	596
590	764
590	817
591	669
592	657
593	643
594	653
594	858
597	623
597	884
600	625
600	797
600	844
601	714
601	897
602	895
603	644
603	730
603	807
604	786
604	893
606	808
610	852
612	827
614	635
614	865
615	664
616	617
617	632
617	637
617	864
619	680
619	739
620	796
621	860
622	896
623	767
624	641
625	783
627	738
628	855
630	790
630	841
630	844
631	706
631	723
632	739
633	734
633	809
634	745
634	859
634	862
635	849
638	814
639	711
640	758
645	659
645	786
646	743
646	832
647	827
649	701
650	684
651	886
651	899
654	709
655	842
656	718
656	732
656	899
657	679
657	708
657	835
658	712
658	714
659	677
659	708
659	859
659	888
660	736
660	814
662	819
665	889
669	747
669	778
670	764
671	769
672	809
678	783
681	747
681	812
681	899
683	892
684	722
685	850
688	738
688	891
690	874
693	717
693	865
694	832
695	876
696	713
696	718
697	708
697	753
699	851
700	772
700	888
702	703
704	749
705	784
706	843
707	775
707	811
707	852
708	746
709	714
710	726
714	812
714	895
715	797
716	773
717	765
717	773
717	818
718	745
718	844
719	851
720	725
720	888
726	757
728	742
728	897
731	761
733	887
737	858
738	765
738	846
741	760
742	823
743	782
746	840
747	854
748	794
748	861
750	768
751	864
754	899
756	781
756	851
756	863
757	836
758	846
758	870
758	883
760	779
761	841
761	846
764	874
767	829
771	844
774	865
775	848
783	830
788	841
790	890
791	829
796	866
796	868
797	863
799	843
799	887
804	809
807	858
811	872
812	874
812	880
814	845
814	853
814	854
814	871
816	840
819	824
827	829
827	894
830	876
831	838
832	834
836	885
839	863
839	894
842	863
843	863
845	898
864	866
889	892