0	109
0	210
0	392
0	493
0	600
1	166
1	192
1	418
1	730
2	390
2	550
2	788
2	815
3	82
3	101
3	744
4	94
4	167
4	288
4	360
4	589
5	432
5	507
5	653
5	661
5	715
5	718
6	114
6	348
6	405
6	695
7	247
7	443
7	759
8	283
8	374
8	465
8	767
9	180
10	600
11	270
12	101
12	323
12	445
12	462
12	635
12	645
12	828
12	888
13	58
13	456
13	460
13	639
13	722
13	753
13	899
14	37
14	156
14	335
14	392
14	539
15	478
15	556
15	659
16	164
16	330
16	475
16	773
16	876
17	220
17	616
17	878
18	75
18	373
18	813
19	195
19	388
19	794
20	248
20	479
20	523
20	541
20	559
21	84
21	383
21	489
21	758
22	289
23	107
23	398
23	447
23	760
24	286
24	420
24	700
24	739
25	152
25	169
25	201
25	701
25	790
26	29
26	376
26	444
26	604
26	722
27	120
27	172
27	280
27	860
27	892
28	221
28	466
28	687
28	883
28	894
29	95
29	157
29	242
30	151
30	216
31	46
31	375
31	399
32	292
32	441
33	234
33	323
33	383
33	546
33	856
34	228
34	644
34	875
35	302
35	668
36	396
36	446
37	120
37	220
37	302
37	438
37	441
37	641
37	749
37	843
38	168
38	190
38	220
38	280
38	287
38	323
38	351
38	417
38	487
38	619
38	761
38	851
39	82
39	147
39	267
39	424
39	615
40	592
40	684
40	821
41	134
41	222
41	376
41	405
42	80
42	797
42	805
42	869
43	143
43	283
43	389
43	418
43	446
44	583
45	97
45	136
45	303
45	329
45	346
45	488
45	609
45	842
46	385
46	507
46	510
46	756
47	168
48	116
48	393
48	574
48	689
48	733
48	761
49	339
49	396
49	698
49	717
49	869
50	183
50	317
50	640
50	684
50	730
51	187
51	352
51	364
51	526
51	554
51	873
52	79
52	135
52	249
52	261
52	273
52	487
52	627
53	124
53	198
54	264
54	324
54	528
55	162
55	638
55	670
56	139
56	188
56	278
56	397
56	449
56	475
56	651
56	670
56	830
56	867
57	254
59	131
59	198
59	433
59	468
59	743
59	756
59	764
59	875
60	312
60	506
60	523
60	758
60	887
61	818
62	557
62	831
63	263
63	463
64	238
64	582
64	685
64	719
64	800
65	138
65	506
65	749
65	884
65	899
66	300
66	745
66	862
67	197
67	389
67	456
67	521
67	557
67	584
67	616
67	713
67	755
67	856
68	296
68	323
68	347
68	439
68	481
68	490
68	875
69	195
69	301
69	758
69	856
70	262
70	401
70	610
70	627
70	858
71	230
71	232
71	430
71	745
71	869
71	882
72	441
72	481
72	786
73	91
73	102
73	148
73	646
74	104
74	156
74	855
74	872
75	155
75	421
76	221
76	436
76	755
76	769
76	792
77	159
77	184
77	369
77	554
77	763
78	93
78	506
79	164
79	345
79	417
79	778
79	887
80	171
80	518
81	226
81	522
81	679
82	132
82	157
82	358
82	445
82	559
82	786
82	848
83	117
83	213
84	89
84	151
84	381
85	294
85	554
85	597
85	788
85	803
85	875
86	349
86	718
87	112
87	187
88	418
88	501
88	865
88	880
89	577
89	684
89	768
89	792
90	230
90	753
90	780
91	304
91	407
91	608
92	496
93	586
93	663
93	839
94	147
94	415
94	424
94	861
95	105
95	511
95	579
95	820
96	285
96	401
96	577
96	819
96	888
97	330
97	513
97	589
98	297
98	324
98	409
98	543
98	707
98	725
99	177
99	454
99	501
99	524
99	679
100	143
100	233
100	433
100	477
100	571
100	576
101	224
101	309
101	550
101	713
101	853
102	271
102	410
102	728
103	194
103	302
103	564
103	707
104	223
104	370
104	896
105	214
105	275
105	762
106	247
106	470
106	594
107	237
107	376
107	465
107	610
108	347
108	455
108	527
108	737
108	805
109	173
109	703
109	799
110	383
110	640
110	811
110	862
111	120
111	147
111	295
111	297
111	429
111	680
111	840
111	886
112	345
112	711
113	209
114	172
114	388
114	595
115	266
115	369
115	596
115	629
115	650
115	866
116	568
116	834
116	861
117	258
117	668
117	723
118	231
118	529
118	651
118	715
119	172
119	353
119	397
119	610
119	622
119	806
120	143
120	400
120	487
120	678
121	239
121	261
121	576
122	160
122	259
122	587
123	141
123	319
123	420
123	790
124	343
124	426
124	428
124	575
124	730
125	855
126	426
126	432
126	600
126	702
126	733
126	849
127	225
127	271
127	331
127	376
127	847
128	302
128	358
128	360
128	508
128	528
128	537
128	636
128	685
129	199
129	849
130	668
131	193
131	266
131	281
131	479
131	502
131	650
131	667
131	837
132	249
132	463
132	494
133	565
133	570
133	670
133	742
134	382
134	386
134	418
134	535
134	815
135	561
136	496
136	752
136	778
136	888
137	312
137	623
137	704
138	301
139	162
139	163
139	256
139	656
140	427
140	524
140	656
140	818
141	380
141	672
141	754
142	177
142	256
142	430
142	724
142	749
143	185
143	191
143	358
144	184
144	375
144	729
145	158
145	642
146	264
146	413
146	792
147	699
147	733
148	220
148	608
148	670
148	715
148	858
149	281
149	436
149	480
149	649
149	816
149	838
150	306
150	340
150	476
150	478
150	636
150	812
151	442
151	476
151	635
151	866
152	866
153	327
153	761
154	164
154	413
154	893
155	261
155	297
155	450
155	615
155	622
156	253
156	310
156	500
157	232
157	548
157	870
157	889
159	372
159	695
160	501
160	539
160	643
161	417
161	540
161	586
161	630
161	735
161	852
162	204
162	208
162	501
162	621
162	743
163	375
163	403
164	487
164	822
165	439
166	349
166	553
166	755
167	169
167	550
167	657
167	680
168	265
168	587
169	871
170	458
170	547
170	587
170	789
171	715
171	849
172	211
172	332
172	599
172	728
172	890
173	359
173	563
173	603
173	632
174	184
175	217
175	275
176	406
176	410
176	834
177	247
177	283
177	285
177	301
177	512
177	678
178	251
178	309
178	741
179	709
180	196
180	388
180	492
180	780
181	603
182	245
182	294
182	589
182	736
182	776
182	899
183	855
184	258
184	319
184	432
184	548
184	635
184	831
185	249
185	701
186	228
186	265
186	509
186	892
187	285
187	374
187	753
188	450
188	509
188	726
188	800
189	253
189	406
189	701
189	753
190	734
191	675
192	241
192	773
192	807
193	358
193	694
194	570
195	278
195	315
196	411
196	549
196	616
196	825
197	632
198	457
198	465
198	530
198	582
199	403
200	247
200	354
200	536
200	582
200	701
200	794
200	895
201	330
201	662
202	358
202	360
202	814
203	459
203	476
203	543
203	740
204	289
204	309
204	550
204	762
205	739
206	269
207	276
207	454
207	552
207	628
208	683
208	817
209	238
209	759
209	859
209	888
210	353
210	736
211	249
211	347
211	682
211	797
212	400
212	492
212	711
213	377
213	475
213	665
213	781
213	791
214	768
214	894
215	355
215	782
215	899
216	234
216	264
216	561
216	801
217	387
217	403
217	422
217	761
218	879
219	529
220	456
220	628
220	769
221	481
221	525
222	244
223	763
223	840
224	446
224	573
225	607
225	863
226	512
226	561
226	578
226	737
227	414
228	292
228	306
228	437
228	752
229	582
230	636
231	567
231	665
231	724
232	309
232	513
232	560
232	794
232	874
233	590
233	764
233	779
233	798
234	347
234	437
234	653
234	835
235	253
235	392
235	475
235	498
235	499
235	623
235	819
236	252
236	613
236	648
237	600
237	709
237	712
237	819
238	375
238	585
238	761
239	598
239	812
240	387
240	618
240	722
240	741
242	262
242	432
242	479
242	630
242	632
243	296
243	306
243	413
243	553
243	842
244	441
244	702
244	729
245	526
245	616
245	857
245	874
246	434
246	466
246	564
246	693
247	256
247	305
247	462
248	490
248	588
248	800
248	825
248	862
249	292
249	317
250	300
250	631
250	636
250	757
251	497
251	654
251	813
252	385
252	756
252	818
253	424
253	719
254	521
254	704
254	725
254	764
254	778
255	256
255	334
255	832
256	367
256	521
256	528
257	430
257	506
257	561
258	560
259	287
259	551
259	680
259	759
260	802
261	322
261	610
262	503
262	560
262	728
263	674
263	748
264	345
264	828
265	438
265	453
265	748
265	851
266	285
266	298
266	797
267	365
267	426
268	457
268	885
269	472
269	499
269	622
269	827
270	740
270	789
271	846
272	652
272	856
273	761
274	330
275	739
275	888
276	318
276	367
276	396
276	433
276	654
276	751
277	380
277	643
278	330
278	378
278	690
278	733
278	774
278	821
279	393
279	889
280	472
280	605
281	621
281	699
282	327
282	511
282	695
283	876
284	721
284	876
285	563
285	598
285	775
286	550
286	629
286	825
287	400
287	475
287	635
288	306
288	584
288	637
288	783
288	807
288	824
289	313
290	511
290	685
291	646
291	786
292	519
292	542
292	557
292	584
292	762
292	780
293	410
293	862
294	671
295	330
295	334
295	474
295	514
295	661
296	532
296	608
297	302
297	484
297	509
298	362
298	457
298	494
298	580
298	883
299	772
300	328
300	577
301	840
301	876
302	398
303	540
303	559
303	662
303	868
304	332
304	495
304	659
305	399
305	430
305	509
306	360
306	469
306	763
306	799
306	849
307	416
307	801
308	541
308	555
308	718
308	758
310	728
310	856
311	346
311	494
311	561
311	571
312	625
312	696
313	378
313	598
313	640
313	772
313	843
313	854
314	412
315	547
315	677
316	514
316	552
317	414
317	702
317	780
318	343
318	560
318	694
318	706
318	723
319	377
319	821
320	730
320	774
321	490
322	372
322	374
324	762
325	505
325	616
325	674
326	345
326	612
327	455
327	790
328	706
328	893
329	729
330	646
330	880
331	403
331	489
331	553
331	713
331	824
331	891
332	630
332	833
333	445
334	421
334	471
334	497
334	553
335	460
335	504
335	510
335	785
336	877
337	435
337	761
338	343
338	496
338	589
338	640
338	740
338	872
339	393
339	831
340	383
340	549
341	528
341	803
341	840
342	664
343	463
343	563
344	544
344	635
344	685
344	774
345	867
346	750
347	435
347	470
347	578
347	616
347	862
348	422
348	625
348	759
349	397
349	483
349	571
349	590
349	691
350	388
350	523
350	703
350	756
352	401
352	615
352	698
352	789
353	363
353	479
353	486
353	693
353	765
353	791
353	817
354	603
355	655
355	751
355	884
356	598
357	461
358	538
358	889
359	533
359	540
359	773
360	477
360	586
360	614
360	875
361	568
361	724
363	497
364	421
364	455
364	871
365	660
365	736
365	751
366	445
366	631
366	727
366	822
366	853
367	372
367	651
367	652
368	458
368	541
368	859
369	389
370	504
370	562
370	796
371	389
371	702
371	726
372	470
372	500
372	560
373	515
373	805
374	500
374	686
375	742
375	871
375	883
376	593
376	647
377	409
378	643
379	578
379	830
380	747
381	403
381	408
381	479
381	584
382	435
382	650
382	710
382	887
383	491
383	838
384	718
385	894
386	532
386	696
386	734
386	815
387	554
387	727
388	432
388	468
388	522
388	641
388	686
388	857
390	862
391	504
392	528
392	630
393	750
393	837
394	501
394	661
394	753
395	454
395	880
396	598
397	827
398	439
398	536
398	640
400	706
400	718
400	849
402	742
403	552
403	738
403	742
404	510
404	564
405	434
405	504
405	800
406	792
406	863
407	809
408	688
408	704
410	519
411	448
414	496
414	528
414	686
415	612
416	504
416	855
417	518
418	633
418	691
419	576
420	595
420	768
420	883
421	777
422	705
422	879
423	829
424	595
425	707
426	503
427	557
427	718
427	811
428	471
428	509
428	536
428	846
429	451
429	509
429	521
430	700
431	465
431	626
431	671
431	893
432	458
433	713
433	733
433	840
434	657
434	661
434	746
434	812
435	540
435	749
435	847
436	499
436	806
436	888
437	552
437	646
438	492
438	519
439	531
439	578
439	675
439	729
439	815
440	664
440	872
441	520
441	636
441	679
441	735
441	748
442	758
443	596
443	652
444	792
444	864
445	452
445	454
445	630
445	821
446	558
448	545
449	484
449	601
449	847
450	473
450	672
452	625
452	756
453	456
453	519
453	570
454	850
455	499
455	795
455	892
456	577
457	583
457	702
457	714
458	512
458	568
458	652
458	673
459	588
459	625
459	732
459	788
460	723
462	466
462	608
462	725
462	762
462	820
464	735
464	831
467	532
467	591
467	817
468	546
468	556
468	776
469	651
470	559
470	766
471	881
472	526
472	808
473	586
473	695
474	502
474	519
474	558
474	559
475	542
475	681
475	688
476	607
476	619
477	674
478	543
478	770
479	539
479	826
480	614
480	737
480	738
481	697
482	603
484	551
484	561
484	794
485	488
485	724
486	550
488	555
488	840
489	538
490	626
491	554
491	683
491	854
492	506
494	611
495	526
495	745
495	763
496	646
496	822
496	854
497	661
497	806
499	504
499	599
499	633
500	512
500	590
500	694
500	887
501	560
501	856
502	764
503	566
504	669
505	899
506	594
506	684
506	687
506	816
507	554
507	867
508	546
508	804
508	813
508	841
509	751
509	799
509	844
510	574
511	587
511	740
511	891
512	579
512	655
512	667
512	786
513	604
513	692
513	731
514	531
514	658
514	688
515	658
515	781
516	800
517	832
519	589
519	799
520	644
520	719
521	828
522	604
524	819
524	820
525	739
525	791
525	874
527	623
527	735
528	867
529	697
530	589
530	754
530	757
533	574
533	762
533	796
534	568
534	690
534	789
536	713
538	655
539	677
539	881
539	887
540	669
541	647
541	766
542	809
543	856
544	547
544	633
545	621
545	687
545	849
546	823
548	659
548	772
548	779
550	573
550	808
551	649
551	769
552	603
553	818
553	850
554	600
554	617
554	668
554	843
555	795
557	607
557	618
557	814
557	854
559	690
559	803
561	582
561	598
562	683
562	800
563	774
564	839
564	863
565	703
565	820
566	725
567	647
567	899
569	633
570	652
570	685
571	658
572	614
573	687
574	587
574	858
575	629
575	667
575	759
576	587
577	620
577	723
577	857
577	862
578	765
579	892
581	885
582	723
583	620
585	794
588	662
588	713
588	757
591	878
592	850
592	856
593	641
593	830
593	848
594	695
595	753
595	794
596	839
597	752
598	698
599	709
602	862
602	888
603	647
604	801
604	843
606	672
607	627
607	852
608	629
608	677
608	701
608	733
609	752
612	657
612	669
612	710
612	780
615	627
616	642
616	816
619	754
619	839
620	675
621	667
624	683
624	694
624	726
625	695
629	720
631	637
631	738
633	844
633	881
634	691
634	817
635	658
636	897
637	666
638	866
638	879
638	895
640	690
640	698
640	837
641	792
642	686
644	751
647	676
647	686
649	795
653	708
653	868
655	810
655	836
656	799
656	825
656	847
660	883
661	752
663	703
665	771
665	813
666	677
666	848
666	883
667	881
669	798
670	688
670	735
671	869
674	708
675	683
675	708
676	701
676	720
676	743
677	815
677	835
677	859
679	711
679	771
680	761
681	843
681	891
683	820
683	862
684	845
685	793
687	783
687	880
690	829
692	854
693	855
695	705
695	785
696	784
700	836
701	898
702	706
703	858
706	854
708	729
711	718
714	846
714	893
715	727
716	767
718	753
721	789
728	746
728	848
729	869
732	797
734	817
735	770
735	777
736	768
737	762
737	763
739	740
740	885
741	814
745	828
747	798
748	820
749	804
750	856
751	774
753	865
757	826
757	855
758	899
762	776
763	791
764	845
765	799
767	806
774	865
775	794
776	836
779	789
780	854
784	870
787	803
789	897
792	861
793	873
804	830
806	832
807	849
814	831
819	857
827	858
828	833
833	845
838	874
838	878
839	849
847	857
850	855
862	893
865	877