0	38
0	45
0	48
0	229
0	736
1	842
2	100
2	246
2	339
2	583
2	624
2	699
3	339
3	400
3	472
3	685
4	124
4	283
4	324
4	637
5	283
5	611
5	769
5	851
6	109
6	630
6	647
7	334
7	586
7	614
7	704
8	77
8	149
9	362
9	514
9	517
10	548
10	758
11	350
11	392
11	435
11	547
12	237
12	465
12	750
13	51
14	45
14	420
14	484
14	564
15	242
15	427
15	627
15	635
15	668
15	805
16	282
16	548
16	738
16	823
16	883
17	35
17	82
17	195
17	301
17	747
17	770
18	137
18	244
18	316
18	614
18	818
19	370
19	661
19	665
19	754
20	151
20	260
20	649
20	708
21	159
21	167
21	204
21	763
22	234
22	413
22	791
23	43
23	161
23	231
23	349
23	705
23	719
24	133
24	347
24	446
24	450
24	654
24	663
25	112
25	387
25	422
25	815
26	110
26	204
26	369
26	638
26	750
26	774
27	69
27	164
27	323
27	394
27	473
27	609
27	795
27	811
27	822
28	61
28	192
28	203
28	628
29	45
29	223
29	478
29	565
30	340
30	579
30	595
30	706
30	735
30	745
31	327
31	540
31	639
32	228
32	612
32	715
33	130
33	172
33	268
33	601
34	255
34	329
34	416
34	661
34	797
34	842
35	73
35	275
35	455
35	464
36	569
36	613
36	663
36	801
37	184
37	410
37	727
37	893
38	127
38	144
38	751
39	432
40	437
40	818
40	897
41	116
41	224
41	257
41	314
41	846
42	323
43	167
43	251
43	408
43	439
43	718
44	58
44	81
44	187
44	203
44	215
44	776
44	863
45	361
45	558
45	664
45	668
45	682
45	807
45	826
46	267
46	571
47	775
47	819
48	368
48	461
48	672
49	194
50	347
50	361
50	450
50	658
50	755
51	88
51	230
51	278
51	856
52	140
52	462
52	699
52	764
52	795
53	260
53	371
53	482
53	609
54	141
54	246
54	648
54	841
55	318
55	476
55	499
55	576
55	653
56	292
57	600
57	683
58	126
58	167
58	644
58	682
59	119
60	282
60	345
60	532
60	601
61	85
61	517
61	573
61	861
62	156
62	261
62	452
62	515
62	565
62	585
63	111
63	241
63	426
64	497
64	859
65	299
65	382
65	710
65	745
66	84
66	103
66	336
66	352
66	472
66	521
66	636
67	206
67	543
68	418
68	498
68	509
68	656
68	805
68	842
69	122
69	378
69	559
70	127
70	414
70	633
70	752
71	90
71	511
71	678
71	704
71	710
71	785
72	349
72	453
73	795
74	172
75	323
75	383
75	502
76	650
77	580
78	468
78	510
78	588
78	692
79	123
79	562
79	682
80	286
80	556
81	168
81	232
81	442
81	815
82	221
82	291
82	522
83	231
83	285
83	359
83	386
83	478
83	479
83	794
84	107
84	213
84	259
84	814
84	893
85	357
85	391
85	479
85	848
86	346
86	535
86	603
86	605
86	692
86	697
87	130
87	151
87	255
87	451
87	464
87	499
88	326
89	143
89	376
89	483
89	828
90	138
90	831
91	106
91	295
91	331
91	716
91	798
91	819
91	824
92	184
93	598
93	628
93	723
93	824
93	842
94	196
94	775
94	780
95	416
95	470
95	602
95	868
95	871
95	894
96	292
96	474
96	596
97	710
98	195
98	436
98	543
99	324
99	888
100	274
100	678
101	399
102	443
102	619
103	477
103	837
104	193
104	355
104	398
104	507
105	193
105	279
105	395
105	504
105	562
105	897
106	145
106	740
106	847
107	241
107	811
108	840
109	180
109	340
109	510
110	595
111	265
111	469
111	745
112	120
112	502
113	346
113	444
113	560
113	682
113	894
114	357
114	493
114	580
114	674
114	723
114	725
115	315
115	862
115	893
116	394
116	725
116	858
117	140
117	243
117	408
117	715
117	757
118	155
118	748
118	813
118	874
119	249
119	526
119	592
119	604
120	254
120	284
120	697
120	877
121	154
121	532
121	687
121	712
122	176
122	396
123	823
123	863
124	394
125	226
125	324
125	424
126	369
126	601
127	593
127	883
128	288
128	740
129	470
129	517
129	785
129	812
129	836
130	178
130	412
130	447
130	687
131	374
131	472
131	775
131	858
132	249
132	361
132	441
132	443
133	732
134	253
134	274
134	389
134	586
134	603
134	685
134	737
134	780
135	211
135	238
135	732
135	841
135	859
135	879
136	253
136	363
137	436
137	472
137	587
137	593
137	640
138	437
138	636
138	698
138	803
138	870
139	224
139	274
139	334
139	432
139	786
139	859
140	147
140	162
141	828
142	548
142	587
142	595
142	842
143	349
143	512
144	627
145	370
145	536
146	290
146	712
146	765
147	542
147	576
147	700
148	695
149	455
149	716
150	497
150	519
150	825
150	837
151	470
151	663
151	692
152	166
153	155
153	258
153	820
153	823
154	452
155	197
155	214
155	740
155	807
156	287
156	433
156	694
157	214
157	464
157	474
157	653
157	686
158	649
159	238
159	347
159	375
159	540
159	605
159	702
160	497
160	712
160	846
161	360
162	238
162	662
162	762
162	767
163	274
163	543
163	651
164	314
164	724
165	173
165	248
165	373
165	709
166	823
167	232
167	404
167	506
167	597
167	624
168	717
168	792
168	859
169	469
170	341
170	372
170	407
171	461
171	476
171	770
171	819
172	320
172	510
173	278
173	365
173	825
174	280
174	290
174	515
174	805
175	335
175	368
175	418
176	302
176	400
176	569
177	343
178	313
178	424
179	262
179	580
179	838
179	851
180	455
180	546
180	585
181	504
182	261
182	570
182	629
183	230
183	603
183	730
184	432
184	454
184	587
184	775
185	613
186	211
186	299
186	399
186	543
187	337
187	375
187	629
188	249
188	620
188	775
188	888
189	315
190	397
190	468
190	478
190	608
190	799
191	206
191	293
191	314
191	489
191	838
192	242
192	501
192	748
193	416
193	787
193	840
194	607
194	653
194	781
195	207
195	281
195	547
195	574
195	602
195	718
195	761
195	830
195	840
195	893
196	465
196	743
197	215
197	333
197	339
197	441
197	719
197	851
198	723
199	222
199	263
199	611
199	673
200	255
200	332
200	382
201	224
202	303
202	446
202	590
202	740
202	785
203	211
203	640
204	234
204	749
205	426
205	482
205	593
205	692
205	726
206	379
206	692
207	578
207	612
207	637
207	654
207	728
208	254
208	262
208	387
209	439
209	709
210	222
210	439
210	573
211	328
212	268
212	287
212	413
212	434
212	873
213	249
213	258
213	361
214	419
215	543
215	602
216	628
217	870
218	320
218	752
219	280
219	383
219	779
219	876
220	370
221	677
221	819
222	316
222	380
222	625
222	653
222	660
223	322
223	553
223	720
223	846
224	294
224	429
224	519
224	550
224	877
225	241
225	859
226	290
226	428
226	489
226	879
227	668
228	237
228	458
228	719
228	808
230	249
230	313
230	561
230	814
231	585
232	314
232	556
232	582
232	778
232	879
233	339
233	456
233	772
233	850
235	364
235	382
235	440
235	742
236	478
236	855
237	404
237	557
237	587
237	608
237	645
237	777
237	813
238	265
238	346
238	352
238	527
238	658
238	698
239	374
239	651
239	689
240	345
242	332
242	664
243	247
243	332
243	493
243	646
243	816
243	826
244	548
244	656
244	726
244	775
245	258
245	336
245	667
245	753
246	437
246	530
246	535
246	598
246	618
246	695
247	566
248	768
248	801
249	340
249	367
250	776
250	836
251	852
252	479
252	557
252	738
253	813
254	612
254	704
255	584
255	729
256	692
256	839
257	426
257	514
257	522
257	821
258	318
258	547
259	478
259	586
259	786
260	384
260	711
260	822
261	682
261	685
262	495
262	662
262	759
263	286
263	499
263	716
264	340
265	869
266	399
266	440
267	457
267	637
267	647
267	702
268	522
268	708
269	349
269	772
270	285
270	475
271	487
272	523
272	608
272	616
272	618
272	642
272	709
273	476
273	547
273	716
273	777
273	834
273	838
274	315
275	566
275	572
275	741
275	771
276	304
276	378
276	670
276	753
276	758
276	780
277	482
278	388
278	774
278	842
279	405
279	500
279	580
279	612
279	683
279	725
279	807
280	632
280	783
280	850
280	885
281	364
281	369
281	858
281	871
282	561
282	568
282	724
282	853
283	422
283	423
283	484
283	543
283	769
283	819
284	338
284	567
284	753
285	327
285	369
286	573
286	622
287	666
287	682
287	846
288	768
289	407
289	518
289	613
290	303
290	454
290	562
291	719
292	457
293	328
293	375
294	759
294	775
295	578
296	329
296	517
296	726
296	808
297	441
297	616
297	815
298	333
298	748
298	752
299	690
300	352
300	550
300	561
300	573
300	786
300	880
301	394
301	427
301	501
301	780
302	822
302	898
303	760
304	333
304	492
304	672
304	688
305	403
305	604
305	611
305	647
306	471
306	488
306	811
307	403
307	735
307	859
308	330
308	684
308	804
309	452
309	709
309	789
309	848
310	502
310	507
311	446
311	505
311	524
311	565
312	413
313	530
313	532
314	456
315	616
315	798
315	858
316	528
316	666
317	347
317	811
318	465
318	758
319	652
319	667
321	504
321	619
321	667
321	714
321	797
322	554
322	563
322	719
323	636
324	785
324	805
324	882
325	509
325	779
325	875
326	393
327	791
328	767
328	788
328	897
329	330
329	344
329	523
329	624
330	484
330	529
331	400
331	603
331	829
333	680
333	716
334	560
334	822
334	855
335	394
335	881
336	638
336	659
336	673
336	752
337	482
338	892
339	359
339	571
339	697
339	859
340	487
340	628
340	771
340	790
341	354
341	358
341	714
341	722
341	880
342	718
343	461
344	542
345	585
345	710
345	768
346	371
346	450
346	469
346	562
346	585
346	874
347	604
348	491
348	701
348	852
349	593
349	776
349	838
351	435
351	519
351	560
351	644
351	737
352	691
352	773
353	462
354	384
354	617
354	637
354	772
354	805
355	669
356	448
357	567
357	583
357	672
357	802
358	397
358	718
360	368
360	490
360	561
360	675
360	748
361	629
361	711
361	744
362	436
363	459
363	742
363	820
364	516
364	572
364	847
365	388
365	483
366	567
366	693
366	828
366	869
367	453
367	525
367	585
367	690
367	889
368	611
369	465
369	594
369	830
370	444
370	496
370	497
370	555
370	661
370	784
371	460
371	869
372	421
372	600
373	498
373	582
374	601
375	523
375	838
376	571
376	616
376	687
376	719
377	438
377	646
377	892
379	882
380	857
381	889
382	626
382	695
382	869
383	461
384	713
384	816
385	438
385	636
385	744
385	755
386	389
386	656
387	869
388	494
389	493
389	519
390	460
391	620
391	685
392	399
392	534
393	582
393	604
394	597
394	746
394	811
395	468
395	503
395	634
396	577
396	605
397	429
397	550
397	574
397	756
398	611
399	541
399	878
400	421
400	536
400	768
400	834
401	541
401	553
401	885
402	731
402	755
402	850
402	871
403	694
403	804
403	829
404	502
404	572
405	506
406	512
406	650
406	739
407	528
407	599
407	776
408	531
408	621
408	848
409	500
409	756
410	486
410	697
411	787
412	450
412	598
413	414
413	592
413	655
413	813
414	837
415	580
415	630
415	792
416	445
416	799
417	667
417	677
417	819
418	734
419	462
419	878
420	725
421	590
422	491
422	585
423	663
424	494
424	664
424	801
425	581
425	608
425	808
425	869
427	485
427	514
428	537
429	459
429	624
430	575
430	897
431	543
432	680
432	706
433	843
433	890
434	761
435	844
436	743
436	795
437	467
437	806
437	854
437	884
438	557
438	769
438	834
439	693
439	758
439	858
440	676
441	452
443	560
443	623
443	724
443	750
444	455
444	682
444	705
444	877
445	448
445	480
445	611
446	702
446	866
446	899
447	553
447	683
447	804
447	862
449	838
450	887
450	889
452	562
452	627
452	645
452	655
452	751
453	531
453	604
454	541
454	710
454	747
454	854
455	696
456	818
457	583
457	600
458	748
458	859
459	846
459	876
460	616
460	689
461	799
462	597
463	581
463	726
463	798
463	855
464	812
466	513
467	536
467	750
468	550
468	642
468	715
468	883
469	661
469	739
469	757
469	845
470	498
470	657
472	533
472	693
472	735
472	748
472	794
473	789
474	612
474	645
474	769
475	519
475	649
475	656
476	628
476	666
476	860
477	719
477	754
478	479
479	750
479	761
481	563
481	844
482	508
482	763
483	729
484	489
484	896
485	607
487	680
487	696
488	498
488	622
489	582
489	785
489	847
490	493
490	683
490	727
490	783
490	817
491	585
491	638
491	648
491	677
492	499
492	504
492	838
493	579
493	692
493	769
493	854
494	514
494	730
494	752
495	551
495	880
496	568
496	852
497	662
499	838
499	888
500	727
500	804
501	577
501	833
502	704
502	709
502	710
502	848
503	585
503	609
505	742
505	846
506	647
506	685
506	743
507	596
507	765
509	510
509	618
509	665
509	889
509	896
510	705
512	707
512	816
513	628
514	789
515	549
515	646
518	545
518	586
519	631
519	729
520	728
521	637
521	884
522	685
522	848
523	563
523	578
523	628
523	740
524	549
524	668
524	786
524	837
524	871
526	591
527	584
528	690
530	852
531	596
532	681
533	584
535	726
535	831
536	616
536	857
537	561
537	630
537	719
538	669
538	878
539	722
539	894
540	855
541	735
541	807
542	884
543	702
544	584
544	818
544	827
545	770
546	550
546	845
547	601
547	603
547	776
548	736
548	817
549	643
550	557
551	607
551	644
551	695
552	833
554	742
554	784
554	796
557	614
559	610
559	623
560	797
561	564
562	661
563	570
564	881
565	622
565	816
566	597
567	717
567	862
567	893
568	608
568	753
568	867
569	859
570	735
572	896
573	697
574	701
576	591
577	617
579	801
582	738
583	720
585	699
585	758
588	811
589	661
589	681
589	742
590	711
591	759
591	860
592	593
592	680
593	622
593	743
593	891
596	627
596	869
597	654
597	798
598	626
598	650
599	753
599	892
600	611
600	684
600	769
601	716
601	827
602	716
602	751
604	743
605	845
606	610
607	629
607	638
608	652
608	752
609	709
609	776
610	727
612	645
612	870
615	705
615	767
616	629
617	647
617	833
617	867
618	710
619	795
620	623
624	850
625	677
625	791
627	813
627	850
627	890
628	633
629	721
630	864
631	691
631	754
631	766
631	895
634	823
634	895
635	747
635	899
636	660
637	803
638	647
639	732
639	869
640	871
641	704
641	809
642	724
642	877
643	720
644	800
645	682
645	702
645	757
647	847
649	872
649	897
651	720
652	809
653	761
654	708
654	744
655	763
656	778
656	779
658	806
659	762
660	733
660	737
660	749
661	782
661	865
662	708
662	850
663	672
663	679
663	705
664	738
666	734
668	710
669	791
671	735
671	754
671	772
671	809
672	874
674	841
674	861
674	864
674	865
678	754
679	684
679	708
679	824
679	837
680	723
681	802
683	801
683	890
684	881
686	777
686	796
687	703
687	864
688	720
688	785
689	788
689	849
689	872
689	887
690	728
692	775
692	834
694	780
694	828
696	796
696	844
698	708
698	736
698	765
698	849
699	736
699	837
702	728
702	841
704	712
705	814
705	874
705	895
707	722
708	729
712	752
712	780
713	742
713	793
714	891
717	836
718	759
719	765
719	813
720	733
721	775
721	785
725	736
726	783
727	805
729	810
729	833
731	873
732	823
737	779
743	838
744	885
747	816
748	843
750	790
752	770
753	762
754	804
754	820
756	839
757	793
762	827
764	847
765	880
767	859
769	832
773	831
774	867
775	830
777	857
777	891
779	786
780	800
780	848
781	832
786	838
788	814
788	835
790	810
790	812
791	857
795	841
797	808
797	817
799	890
799	891
810	890
811	886
824	862
834	865
840	852
852	898
864	869
867	873
867	899
870	889
876	897
880	893
890	897