0	30
0	151
0	159
0	379
0	710
0	792
1	71
1	237
1	245
1	790
2	193
2	289
3	77
3	318
3	687
3	707
3	725
4	410
4	542
4	581
4	666
4	749
4	795
5	174
5	181
5	286
6	165
6	218
6	293
6	509
6	600
6	603
6	623
7	164
7	205
7	247
7	835
7	870
8	32
8	79
8	153
8	201
8	225
8	877
9	273
9	534
10	290
10	325
10	682
10	685
10	805
11	519
11	830
12	199
12	469
12	695
12	859
13	206
14	91
14	325
14	464
14	603
14	675
14	706
14	816
14	837
14	851
14	864
15	180
15	401
15	458
16	289
16	367
16	705
17	75
17	140
17	183
17	540
17	872
18	30
18	696
18	847
19	180
20	262
20	570
20	727
20	745
20	822
21	479
21	624
22	291
22	669
23	174
23	176
23	216
23	623
23	790
23	871
24	122
24	137
24	373
24	434
24	638
25	315
25	899
26	296
26	649
27	367
27	415
27	678
28	95
28	186
28	196
28	222
28	261
28	273
28	284
28	549
29	295
29	576
29	740
30	315
30	322
30	388
30	521
30	767
31	602
31	853
32	81
32	667
32	833
33	723
34	39
34	87
34	106
34	167
34	307
34	598
34	616
34	675
35	292
35	730
35	811
36	37
36	109
36	147
36	423
36	503
36	720
37	407
37	484
37	524
37	774
38	289
38	486
38	490
38	510
38	886
39	257
39	398
39	500
39	531
40	303
40	399
40	427
40	830
40	849
40	898
41	160
41	304
41	775
41	826
42	311
42	430
42	715
42	891
43	63
43	110
43	115
43	375
43	441
43	698
43	799
43	804
44	168
44	435
45	150
45	516
45	780
45	788
45	790
45	791
45	891
46	384
46	610
46	837
47	113
47	164
47	211
47	503
47	702
48	86
48	390
48	856
49	320
50	328
50	426
50	570
51	122
51	405
51	477
52	324
52	335
52	354
53	66
53	150
53	171
53	185
53	264
53	470
53	567
54	221
54	295
54	807
54	845
55	97
55	338
55	406
55	482
55	581
55	728
56	496
56	537
56	785
57	61
57	340
57	489
57	591
57	592
57	645
57	672
58	200
58	215
58	268
58	517
58	598
58	806
59	235
59	265
59	508
60	96
60	257
60	426
60	617
61	129
61	402
61	496
62	172
62	782
63	402
63	818
64	308
64	694
65	221
65	270
65	391
65	794
66	580
66	639
67	387
67	584
67	891
68	357
68	583
68	825
69	411
69	731
69	762
70	75
70	326
70	569
71	321
71	410
71	704
71	888
72	190
72	196
72	257
72	736
72	871
73	306
73	358
73	680
73	727
73	844
74	270
74	392
75	109
75	478
75	741
75	800
76	872
76	878
77	247
77	287
77	455
77	626
77	696
77	854
78	85
78	281
78	455
78	596
78	646
78	743
79	294
80	323
80	791
81	90
81	243
81	318
81	412
81	478
81	579
81	782
81	821
82	371
82	808
83	101
83	200
83	246
83	784
83	858
84	800
84	870
85	760
86	279
86	361
86	401
86	441
86	595
86	853
87	200
87	589
87	617
88	158
88	210
88	432
88	456
89	160
89	324
89	402
89	569
89	598
89	674
90	100
90	390
90	645
91	132
91	284
91	585
91	588
92	252
92	392
92	588
93	151
93	507
93	643
93	762
93	788
94	149
94	604
95	197
95	359
95	584
95	873
96	300
96	476
96	583
97	259
97	354
97	402
98	109
98	197
98	612
99	228
99	538
99	827
99	870
100	215
100	411
100	445
100	542
100	885
101	229
101	305
101	312
101	458
101	480
102	412
102	563
102	669
102	698
102	792
103	188
103	321
103	351
103	627
104	377
105	217
105	548
106	396
106	499
106	504
106	534
106	684
107	179
107	451
107	468
107	821
108	166
108	251
108	268
108	398
108	611
108	898
109	165
109	219
109	340
109	395
109	474
109	501
109	622
109	705
109	728
109	803
110	169
110	554
110	770
111	635
111	651
112	143
112	187
112	384
113	223
113	530
114	664
114	841
114	894
115	828
116	202
116	601
116	845
117	146
117	332
117	408
117	416
117	550
118	188
118	237
118	341
118	816
118	868
119	415
119	693
119	835
119	880
120	338
120	451
120	552
121	299
121	356
121	643
121	719
121	768
122	290
123	167
123	495
124	272
124	703
124	768
125	162
125	203
125	368
125	635
126	321
126	446
126	637
127	461
128	189
128	252
128	315
128	337
128	608
128	666
129	198
130	191
131	421
131	447
131	806
132	570
133	582
133	690
133	868
134	291
135	155
135	199
135	279
135	384
136	197
136	635
136	885
137	174
137	322
137	376
138	339
138	437
139	270
140	523
140	540
140	544
140	751
141	191
141	238
141	318
141	679
142	554
142	797
143	485
143	642
143	733
144	151
144	422
144	437
144	622
145	382
145	621
146	415
146	832
147	220
147	277
147	551
148	247
148	360
148	781
149	293
149	424
150	197
150	253
150	422
150	488
150	610
150	800
151	224
151	570
151	775
151	895
152	407
152	484
152	890
153	249
153	265
153	268
153	357
153	641
153	711
154	251
154	277
154	422
154	444
154	666
154	746
155	164
155	233
155	361
155	539
155	818
156	361
156	521
156	587
156	675
157	638
158	298
158	698
158	735
159	194
159	488
159	658
160	768
160	771
160	864
160	877
161	557
161	622
161	757
161	873
162	206
162	250
162	554
162	563
162	825
163	248
163	345
163	411
164	168
164	192
164	202
164	543
164	649
164	676
164	714
164	782
165	661
165	755
165	758
166	234
166	262
166	440
166	451
166	889
167	789
168	267
168	881
169	201
169	407
169	669
169	723
169	793
170	181
170	277
170	356
170	547
171	183
171	287
171	600
172	175
172	230
172	733
173	380
173	434
173	492
173	534
173	685
173	768
173	771
174	238
174	602
175	247
175	418
175	513
175	709
175	794
176	188
177	192
177	194
177	660
178	305
178	325
178	524
178	896
179	228
179	636
179	756
179	817
180	545
181	198
181	212
181	291
181	489
182	184
182	440
182	789
182	871
183	206
183	272
183	403
183	555
183	896
184	676
184	860
185	540
185	637
185	639
185	820
186	507
186	663
186	736
186	856
187	317
188	329
188	427
188	534
189	257
189	298
189	768
190	223
190	272
190	463
190	744
190	838
191	195
191	315
191	422
191	570
191	630
191	746
191	835
192	224
192	254
192	434
193	260
193	289
193	384
193	524
193	687
193	792
194	495
195	352
195	368
195	600
195	602
195	658
195	827
196	554
196	632
197	349
197	355
197	402
197	606
197	665
198	367
198	648
199	599
199	882
200	759
200	799
201	381
201	884
202	511
202	541
202	811
202	876
203	277
203	304
203	468
203	554
204	545
204	567
205	332
205	674
206	236
206	370
207	251
207	323
208	214
208	241
208	596
208	726
209	238
209	387
209	389
209	495
209	623
209	652
210	244
211	519
212	312
212	387
212	724
212	741
212	762
213	469
213	524
214	265
214	336
214	446
214	465
214	757
214	888
215	251
215	357
215	388
215	601
215	693
215	759
216	282
216	439
216	889
217	323
217	503
217	533
217	827
217	837
218	275
218	408
218	528
218	532
218	641
218	773
219	688
220	367
220	438
220	510
220	573
220	737
221	499
221	832
221	837
222	270
222	416
222	720
223	325
223	585
224	800
225	323
226	427
226	449
226	709
226	848
226	865
226	886
227	539
227	621
227	683
227	751
227	752
228	258
228	290
228	336
228	824
229	589
230	365
230	499
230	692
230	718
230	764
231	483
231	708
231	719
231	741
231	778
231	795
231	818
232	234
232	457
232	483
232	529
232	643
232	741
232	843
233	308
233	502
233	538
233	779
234	403
235	400
235	439
235	633
235	890
236	297
236	448
236	488
237	733
238	568
238	679
239	258
239	447
239	639
239	896
240	516
240	572
240	891
240	898
241	333
241	525
241	736
241	780
241	822
241	843
242	477
242	521
242	791
243	520
243	567
243	791
243	798
244	255
244	313
244	896
245	359
245	590
245	679
246	741
247	590
247	648
248	330
248	496
248	753
249	335
249	433
249	520
249	663
250	565
250	620
250	757
250	828
251	290
251	847
251	868
252	281
252	566
253	534
253	601
253	650
254	768
254	796
255	344
255	408
255	472
255	595
255	669
256	741
257	520
257	634
258	371
258	408
258	516
258	683
258	833
259	488
259	886
260	308
260	736
260	815
261	339
261	740
261	879
262	376
262	509
262	520
262	746
262	777
262	866
262	879
263	279
263	329
263	671
264	631
264	878
265	715
265	740
266	402
266	886
267	342
268	334
268	349
268	754
269	544
269	585
269	729
269	876
270	303
270	414
270	428
270	486
270	830
271	401
271	433
271	463
271	782
272	489
272	546
273	281
273	329
274	613
275	289
275	316
275	601
275	823
276	315
276	751
276	778
276	781
277	608
278	313
278	542
279	341
280	368
280	372
280	603
280	612
281	311
281	376
281	385
281	394
281	690
282	438
282	498
282	536
282	559
283	322
283	485
283	676
284	589
284	674
284	834
285	556
286	387
286	716
287	400
287	566
287	720
288	510
289	461
289	751
289	758
289	765
290	319
290	380
290	381
290	387
290	517
290	611
290	736
290	743
290	876
291	840
292	793
292	880
293	681
294	405
294	480
294	776
295	301
295	598
295	607
295	856
296	322
297	349
297	737
298	312
298	428
298	679
300	329
300	642
301	499
301	807
302	401
302	722
302	780
303	851
303	871
304	662
304	704
305	786
305	845
306	323
306	783
307	640
308	507
308	793
309	401
309	440
309	479
309	491
309	497
309	540
309	564
309	682
309	787
310	782
311	403
311	434
311	532
311	656
311	744
311	783
312	377
312	564
312	620
312	649
312	683
312	730
313	366
313	521
313	841
313	870
314	408
314	409
314	711
314	715
314	769
314	862
316	780
316	879
317	620
318	557
318	757
318	837
319	341
319	354
319	544
320	532
320	536
320	556
320	812
320	851
321	772
321	841
321	893
322	411
322	426
322	442
322	588
322	765
322	895
323	609
324	458
324	699
325	384
325	430
325	543
325	725
325	731
325	737
325	765
325	799
325	881
327	481
328	820
328	872
329	481
329	595
329	738
329	814
329	819
330	586
331	678
333	381
333	582
333	851
333	864
334	448
334	575
335	396
335	569
335	576
335	624
336	479
337	651
337	716
338	392
338	843
338	865
339	417
339	492
339	630
339	763
339	806
339	841
340	678
340	807
341	510
341	647
341	757
341	770
342	439
342	624
343	487
343	524
343	654
343	875
344	468
344	485
344	510
344	742
344	797
344	885
345	598
345	726
345	772
346	373
346	681
347	361
347	829
347	841
347	849
347	892
348	628
348	839
349	644
349	677
349	886
350	368
350	830
350	858
351	363
352	390
352	407
352	432
352	601
352	753
352	874
353	400
353	786
354	675
354	858
355	472
355	721
355	880
356	390
356	422
356	636
356	694
357	721
357	854
357	891
358	588
359	383
359	583
360	596
360	598
361	500
361	642
361	714
362	489
362	702
362	792
362	881
363	567
364	444
364	578
364	725
364	834
365	689
366	498
366	556
366	850
367	436
367	669
368	763
369	512
369	733
370	575
371	473
372	449
373	457
373	554
373	799
374	845
375	394
375	620
375	748
375	751
375	806
376	415
376	432
378	830
379	641
379	662
379	668
379	861
380	402
380	444
380	743
380	801
380	854
381	578
382	607
382	634
382	792
382	810
382	858
383	421
383	844
384	534
384	632
384	691
385	567
385	686
385	701
386	532
386	806
387	466
388	614
389	504
389	596
389	607
389	662
390	461
390	571
390	706
390	812
391	439
391	442
391	540
391	664
391	790
393	472
393	483
393	600
393	660
394	399
394	459
394	539
394	745
394	756
395	459
395	675
395	783
396	403
396	503
396	599
396	632
397	466
397	562
397	666
397	744
397	774
398	767
398	854
399	486
400	401
400	530
401	507
401	678
401	841
402	525
402	815
403	764
404	492
405	513
405	563
405	670
406	420
406	439
406	511
406	527
406	891
407	721
407	723
408	596
408	826
409	605
409	743
409	898
410	716
410	887
411	469
411	596
412	594
412	680
412	693
413	437
414	541
414	656
414	715
414	749
415	763
415	863
416	891
417	891
418	680
419	483
420	679
420	850
421	566
422	755
422	871
423	424
423	693
423	772
423	891
424	538
424	714
424	729
425	542
425	548
425	745
425	850
426	554
426	693
427	709
428	712
428	852
428	859
429	479
431	656
431	657
431	720
433	673
434	543
434	589
435	503
436	625
436	711
438	460
438	497
439	587
439	622
439	814
441	525
441	554
441	614
441	798
441	823
443	674
444	515
445	642
445	728
446	666
446	683
446	792
447	504
447	518
448	601
449	589
449	878
449	884
450	490
450	738
450	894
452	582
452	618
453	539
453	613
453	863
454	641
454	652
456	498
456	862
458	854
459	708
459	788
462	534
462	607
463	479
463	863
464	636
464	821
464	899
465	763
466	501
466	575
467	582
467	641
467	752
468	507
468	510
468	647
468	697
468	858
468	878
469	572
469	698
469	821
470	700
470	732
470	800
471	482
472	589
473	553
473	611
473	887
475	603
475	691
476	523
476	552
476	876
477	660
477	662
478	726
478	799
478	898
479	538
479	571
480	602
480	863
481	660
481	785
482	489
482	839
482	846
482	884
483	619
483	711
483	898
484	593
484	865
485	570
485	602
485	619
485	854
486	565
486	596
486	798
486	850
487	561
487	684
487	724
487	867
488	657
488	869
489	547
489	622
490	555
490	772
490	895
491	640
491	709
491	816
492	585
493	546
493	808
494	543
494	586
494	748
496	716
496	765
496	880
497	668
497	720
497	826
497	844
498	647
499	632
499	694
500	578
500	685
500	805
501	882
501	886
502	503
502	751
502	822
504	514
504	523
505	751
505	848
506	612
507	656
508	831
509	617
509	640
509	665
511	661
512	689
513	852
513	883
515	583
515	588
515	650
516	627
517	688
517	724
519	576
519	713
519	898
520	702
520	885
521	646
521	648
522	621
523	526
524	583
524	616
525	708
525	714
526	630
526	705
526	853
527	772
528	691
530	680
530	879
530	899
531	677
531	681
533	576
533	608
533	726
533	728
534	826
535	601
535	764
535	785
536	784
536	831
537	722
538	651
539	644
539	666
539	774
541	644
541	736
541	820
542	594
542	600
542	631
543	596
543	746
544	586
545	651
545	684
545	846
546	798
547	558
547	747
547	877
549	680
549	856
549	883
550	845
551	670
552	618
552	651
552	898
553	580
553	590
554	585
554	806
554	819
555	637
555	795
556	824
556	849
557	577
557	854
560	731
560	874
562	567
562	807
563	607
563	613
563	827
564	578
564	665
564	789
565	594
565	644
565	745
565	877
566	607
567	793
570	609
570	648
570	670
570	859
571	834
572	647
573	765
573	855
574	801
575	587
575	887
576	740
578	633
578	775
580	694
583	744
585	654
585	819
588	807
588	857
589	792
590	656
590	726
590	845
592	597
593	671
593	700
594	818
596	627
598	658
598	739
599	740
599	813
599	860
599	897
600	759
600	825
600	892
601	880
602	614
602	690
602	850
604	686
604	766
605	766
605	898
606	848
606	876
607	779
607	819
607	853
609	716
609	848
610	761
611	692
611	705
611	890
612	794
613	777
613	797
614	810
614	811
615	631
615	711
616	789
616	843
617	697
618	661
619	672
620	799
620	871
620	874
621	691
622	663
622	880
623	794
623	819
624	658
624	786
625	631
625	643
625	652
626	783
629	837
630	634
631	699
631	761
631	778
631	868
633	649
633	657
633	724
634	859
634	869
635	683
635	781
635	875
635	884
637	669
637	737
639	648
639	742
639	791
639	834
639	836
639	889
640	732
641	650
641	790
641	863
643	648
644	722
644	859
645	878
647	690
648	723
650	736
650	762
652	794
653	872
655	737
655	764
655	840
656	699
656	870
657	818
657	896
659	742
659	837
659	897
660	681
660	745
660	824
660	866
662	698
663	759
664	758
665	749
665	806
668	806
668	843
669	750
669	883
670	689
671	801
671	805
672	676
672	824
672	865
675	739
676	735
676	852
676	880
677	839
679	692
680	723
681	775
681	820
682	696
682	762
683	878
685	696
685	799
685	809
685	859
685	879
686	768
688	706
688	761
691	838
692	775
693	706
693	773
693	785
695	806
696	775
697	764
697	797
697	807
701	762
706	711
706	763
707	759
707	877
708	787
710	734
714	739
714	896
716	759
717	742
719	853
725	754
727	888
728	752
730	826
732	781
735	833
735	884
740	801
743	776
743	840
743	880
744	873
745	865
746	812
748	888
749	776
749	848
750	798
751	782
753	764
754	839
754	895
755	810
756	787
756	827
757	850
759	889
760	872
762	863
763	842
766	791
766	855
767	807
768	771
768	802
771	778
771	793
772	816
776	875
776	887
777	815
777	831
779	784
780	864
781	785
786	812
787	817
794	816
800	807
800	866
804	841
804	868
805	834
808	867
811	820
813	843
816	837
816	863
817	850
817	855
820	886
821	848
822	863
825	899
829	863
832	835
832	889
833	836
835	896
837	879
838	867
840	851
845	868
846	877
852	863
861	892
863	876
864	888
866	877