0	21
0	478
0	532
0	582
0	784
0	851
1	59
1	209
1	231
1	239
1	478
1	745
2	154
2	228
2	385
2	411
2	517
2	660
3	71
3	225
3	238
3	262
3	518
4	310
5	50
5	135
5	223
5	500
6	165
6	362
6	443
6	445
6	535
6	808
7	574
7	841
8	309
9	95
9	100
9	115
9	275
9	308
9	340
9	610
9	672
9	677
10	351
10	391
10	458
11	106
11	343
12	258
12	317
12	322
12	434
12	463
12	823
13	795
14	204
14	770
15	36
15	182
15	192
15	441
15	451
15	600
15	626
16	150
16	770
17	230
17	355
17	465
17	557
18	121
18	236
18	274
18	548
19	24
19	149
19	256
19	456
20	101
20	205
20	309
20	395
20	518
20	677
21	270
21	546
21	559
21	859
22	439
23	31
23	664
23	681
24	449
24	773
25	163
25	537
25	731
25	750
26	178
26	241
26	632
26	723
26	842
27	279
27	474
28	785
29	103
29	447
29	462
29	464
29	485
29	626
30	158
30	204
30	251
30	386
30	720
30	728
30	853
31	332
31	466
31	467
31	780
32	535
32	541
32	641
33	239
33	254
33	287
33	387
33	490
33	500
33	765
33	782
33	866
34	64
34	391
34	551
34	751
34	830
35	112
35	784
36	196
36	611
36	698
37	218
37	411
37	671
38	103
38	157
38	471
38	554
38	579
38	663
38	730
38	736
38	824
38	858
39	221
39	245
39	710
39	872
39	889
40	280
41	43
41	192
41	248
41	363
41	385
42	76
42	163
43	93
43	156
43	170
43	200
43	412
43	699
43	839
43	884
44	93
44	351
44	643
44	705
44	711
44	736
45	90
45	488
45	537
45	724
46	151
46	374
46	410
46	638
46	657
47	83
47	156
47	173
47	211
47	254
47	256
47	280
47	591
47	831
48	256
48	547
48	582
48	839
49	103
49	463
49	706
50	239
50	675
51	241
51	634
51	775
51	832
52	243
52	860
53	290
53	324
53	357
53	482
53	579
53	883
53	889
54	224
54	228
54	377
54	578
55	406
55	423
55	710
56	378
56	439
57	553
58	79
58	459
58	535
58	652
58	820
58	821
59	173
59	356
59	448
59	781
59	809
59	884
60	118
60	391
60	405
60	752
60	807
60	837
61	244
61	397
61	433
62	91
62	164
62	251
62	362
62	599
63	68
63	89
63	605
63	721
64	120
64	258
64	583
64	711
65	475
65	642
65	712
65	896
66	314
66	362
66	565
67	115
67	326
67	440
67	461
67	675
67	696
67	815
67	849
68	92
68	181
68	218
68	374
68	507
68	659
68	806
68	882
69	110
69	138
69	257
69	346
69	539
69	779
70	157
70	205
70	695
70	801
70	837
71	317
71	441
72	99
72	244
72	290
72	451
72	637
72	893
73	466
73	509
73	522
74	127
75	111
75	397
75	884
76	320
76	382
76	535
76	622
77	115
77	368
77	550
78	725
79	340
79	585
79	858
80	169
80	898
81	786
82	107
82	856
83	395
83	506
83	530
83	899
84	384
84	845
85	149
85	572
85	719
86	566
86	725
87	96
87	161
87	316
87	326
87	631
87	638
88	511
88	536
88	679
88	820
89	136
89	660
89	670
90	238
90	269
90	457
90	752
91	204
91	569
91	653
92	617
92	825
93	272
94	268
94	295
94	358
94	391
94	436
94	854
95	191
95	216
95	338
95	525
95	541
95	590
95	680
95	689
96	244
96	330
96	342
96	366
96	491
97	157
97	263
97	525
97	620
97	650
98	208
98	225
98	252
98	634
98	813
98	816
99	221
99	265
99	350
99	452
99	583
100	702
101	103
101	114
101	186
101	244
101	361
101	685
101	752
101	801
101	831
102	633
102	716
103	167
103	209
103	296
103	367
103	556
103	771
103	858
104	567
104	682
105	141
105	190
105	228
105	652
106	267
106	302
106	351
106	621
107	340
107	650
107	704
107	742
108	482
108	756
108	888
109	770
110	509
111	386
111	725
111	831
112	179
112	327
112	563
112	704
112	782
113	324
113	401
113	853
114	117
114	524
114	896
115	128
115	196
115	223
115	263
115	877
116	152
116	184
116	323
116	688
116	695
117	149
117	299
118	258
118	282
118	315
118	578
119	229
119	679
119	815
120	427
120	714
120	833
121	189
121	445
121	606
121	684
121	693
121	894
122	386
122	672
122	729
123	220
123	559
123	569
124	281
124	486
124	604
125	193
125	390
125	663
125	867
126	192
126	207
126	305
126	563
126	676
127	188
128	566
128	582
128	596
128	633
128	779
128	804
129	635
129	890
130	433
130	553
130	879
131	377
131	407
131	609
131	772
131	832
131	835
131	896
132	188
133	287
133	457
133	560
133	614
133	695
133	791
134	185
134	270
134	515
134	531
134	844
135	219
135	274
135	524
135	642
136	240
136	659
137	336
137	450
137	610
137	671
138	351
138	396
138	476
138	513
138	843
139	252
139	309
139	417
140	400
140	548
141	615
141	782
142	318
142	395
142	456
142	877
143	179
143	731
143	782
144	293
144	738
144	888
145	218
145	558
145	598
145	862
146	259
146	495
146	693
147	539
147	591
147	612
148	241
148	447
148	482
148	489
148	739
148	876
149	374
150	172
150	808
151	874
152	435
152	670
152	793
153	283
153	516
153	522
153	550
154	260
154	368
155	183
155	253
155	894
156	556
156	872
157	753
157	818
158	353
158	391
158	877
158	897
159	183
159	211
159	569
160	361
160	377
160	730
161	297
161	393
161	439
161	807
162	170
163	168
163	407
163	498
163	538
163	621
164	421
165	239
165	454
165	550
165	729
165	732
165	859
166	386
166	522
166	662
167	725
168	275
169	276
169	386
169	465
169	620
169	773
171	469
172	463
172	606
173	589
174	352
174	451
174	645
175	380
175	432
176	285
176	360
176	496
177	199
177	769
179	216
179	260
179	603
180	840
181	678
181	878
182	332
182	424
183	244
183	253
183	588
183	597
183	674
184	309
184	675
184	754
184	798
184	833
185	688
186	656
186	685
186	744
186	789
186	859
187	284
188	572
188	656
188	666
188	773
188	845
188	860
189	250
189	710
190	199
190	680
191	196
191	197
191	276
191	385
191	577
191	620
192	549
192	557
192	632
192	736
192	776
192	814
192	837
193	560
193	681
194	395
194	736
195	203
195	341
195	373
195	473
195	517
195	764
195	801
196	786
198	371
198	660
198	809
199	442
200	420
200	575
200	601
201	272
201	413
201	471
201	688
201	716
202	368
202	384
202	461
202	761
202	857
203	294
203	427
203	891
204	468
204	520
204	606
205	349
205	876
206	308
206	434
206	536
206	639
206	830
206	861
207	427
207	567
207	603
208	476
208	542
208	602
209	552
209	590
209	763
210	291
210	297
210	736
211	320
211	520
211	568
211	609
212	246
212	708
212	820
213	433
213	526
214	462
214	669
214	829
214	872
215	492
215	523
215	705
215	735
215	789
216	366
216	826
217	495
217	675
217	704
218	305
218	594
218	667
219	283
219	360
219	507
219	630
219	796
220	265
220	292
220	433
220	504
220	626
220	665
221	293
221	388
221	698
222	287
222	458
222	669
222	723
222	822
222	847
223	747
223	892
224	264
224	587
224	688
224	859
225	301
225	333
225	362
225	568
225	792
225	856
226	504
227	242
228	280
228	309
228	497
229	236
229	771
229	838
230	623
230	705
231	364
231	441
231	470
231	565
231	634
231	726
231	788
232	342
232	362
232	423
232	795
232	817
233	477
233	651
233	697
234	416
234	555
234	617
234	678
235	568
235	611
236	321
236	380
237	329
237	365
237	597
237	675
237	813
237	847
237	893
238	371
238	578
238	732
239	254
239	583
239	614
239	816
239	899
240	516
240	667
240	688
240	724
240	755
240	844
241	295
241	337
241	801
242	303
242	358
242	372
242	462
242	677
242	863
243	411
243	536
243	589
243	701
243	707
243	743
244	424
244	622
244	718
245	249
245	785
246	697
247	311
248	350
248	436
248	876
249	298
249	546
249	709
249	857
250	687
251	377
251	466
251	641
253	405
255	479
255	550
255	604
255	619
256	554
256	781
257	282
257	418
257	640
257	737
258	727
259	275
259	620
259	820
260	668
261	432
261	556
261	844
262	644
262	683
262	743
262	823
263	321
263	457
263	795
264	531
264	602
264	660
264	671
265	504
265	660
265	793
265	852
265	877
266	397
266	483
267	298
267	463
267	698
268	426
268	533
268	589
269	293
269	346
269	625
269	757
270	344
270	402
270	640
271	433
271	580
271	738
271	832
272	317
273	482
273	579
273	790
274	413
274	464
274	558
274	616
274	830
275	329
275	389
276	384
276	557
276	587
276	662
276	682
276	873
277	546
278	482
278	698
280	514
280	632
281	391
281	438
281	470
281	762
281	769
281	816
282	375
282	561
282	784
282	886
283	631
283	840
283	875
285	396
285	567
285	609
285	615
286	509
286	646
287	318
287	338
287	423
287	818
287	872
288	558
288	619
288	695
288	821
289	551
289	870
290	294
290	497
290	503
290	865
291	317
291	333
291	447
291	733
291	898
292	299
292	322
292	359
292	417
292	796
293	450
293	461
293	734
293	757
293	850
294	877
295	296
295	534
295	663
295	666
295	833
296	350
297	515
297	823
298	557
298	750
299	366
299	392
299	415
299	576
300	313
300	536
300	623
301	395
301	725
301	839
302	347
302	562
302	755
303	421
303	587
304	311
304	696
304	760
305	634
306	517
306	744
307	440
307	541
308	523
308	721
309	456
309	723
310	400
310	471
310	493
310	661
310	825
311	495
312	425
313	801
314	526
314	529
315	360
315	572
316	737
316	743
316	873
317	331
317	400
318	426
318	444
319	333
319	681
319	806
319	835
320	330
320	501
320	532
320	559
321	372
321	819
322	342
322	459
322	566
322	700
323	399
323	429
324	480
324	650
324	663
324	818
324	849
324	861
325	428
325	484
325	710
325	778
326	591
326	624
326	739
327	487
327	498
327	548
328	753
328	818
329	436
329	530
330	551
330	595
331	576
331	871
332	571
332	799
333	677
333	696
333	757
334	636
334	642
334	870
335	734
336	524
336	560
336	586
336	693
337	571
337	601
338	412
338	512
338	596
338	710
338	789
338	808
338	817
339	344
339	462
339	600
339	723
339	886
340	438
340	688
340	730
340	894
341	525
341	586
341	871
341	897
342	350
342	880
342	892
343	367
343	405
343	437
343	565
343	632
343	829
343	869
344	452
344	470
344	576
344	615
344	848
345	373
345	600
345	695
346	348
346	556
347	405
347	467
348	499
349	532
350	425
350	595
350	597
350	645
350	679
351	393
352	464
354	693
355	363
355	569
355	706
355	757
356	487
357	488
357	594
357	624
358	572
359	668
360	490
360	642
360	797
361	466
361	792
361	847
362	622
362	837
363	615
363	626
363	729
364	517
364	741
364	747
364	781
366	390
366	709
367	838
369	559
369	661
370	386
370	402
370	535
370	731
370	750
370	889
371	727
372	750
373	500
373	534
373	597
374	596
375	853
376	549
376	727
376	737
377	718
378	634
378	689
378	692
378	840
379	747
380	588
380	675
381	496
381	623
381	657
381	740
382	694
383	391
384	512
384	640
385	504
385	826
386	441
386	570
387	390
387	418
387	540
387	587
387	676
387	812
388	475
388	875
389	478
389	519
389	776
389	828
390	758
392	545
392	556
392	634
393	559
393	668
394	410
394	611
394	722
395	510
395	755
396	477
396	518
396	780
396	893
397	540
397	571
397	877
398	681
399	449
399	499
399	502
399	864
400	474
400	774
400	809
400	836
401	735
402	557
402	675
402	732
403	674
403	685
404	606
404	895
405	656
405	810
405	870
406	432
406	765
407	799
407	866
407	880
408	567
409	854
410	695
410	885
411	693
411	712
411	779
412	689
412	701
412	742
412	799
413	504
413	547
413	557
413	673
413	687
413	743
413	753
414	746
415	427
415	662
415	784
416	689
417	475
417	660
418	581
419	481
420	467
420	610
420	631
421	436
421	446
421	602
421	615
421	685
422	450
423	483
423	624
423	694
423	848
424	641
424	857
425	429
426	452
426	531
426	542
426	854
427	428
427	848
428	729
429	529
429	703
429	709
430	494
430	558
430	733
431	594
431	793
431	814
432	698
432	806
434	511
434	567
434	575
434	613
434	838
435	852
435	864
436	466
436	556
436	843
437	456
437	604
438	775
439	578
439	744
442	461
442	677
443	490
443	758
445	455
445	456
445	526
447	503
447	645
447	805
448	657
449	591
449	703
451	582
451	710
451	829
452	508
452	814
453	807
453	873
455	604
455	673
456	622
456	865
458	603
458	875
460	477
460	867
461	702
461	756
462	488
462	627
462	628
462	763
463	565
464	619
464	832
465	473
467	579
467	585
468	497
468	741
469	517
469	580
469	607
469	644
469	776
469	789
469	868
470	651
470	691
470	810
472	667
472	849
473	619
473	694
474	597
474	722
474	777
475	477
475	552
475	707
475	762
476	759
476	772
477	770
477	793
478	540
478	722
478	850
479	488
479	811
480	712
480	718
480	769
481	650
481	841
481	857
482	876
484	489
484	795
486	805
487	560
488	799
488	842
489	549
489	571
489	767
490	766
490	834
492	558
492	561
492	630
492	710
492	816
492	843
493	515
493	581
493	601
494	690
495	584
495	604
495	662
496	777
497	622
497	634
497	662
497	706
498	662
499	696
500	583
500	893
501	604
501	610
501	733
501	897
502	513
502	710
503	527
504	625
504	660
504	661
504	729
505	622
505	659
505	672
505	683
507	520
507	705
507	845
509	511
510	695
511	549
511	639
511	852
514	556
514	861
515	555
515	659
515	794
515	804
516	556
516	771
517	838
517	840
518	592
518	689
518	750
518	797
519	583
519	859
520	587
521	595
521	651
522	688
522	854
524	728
525	619
525	645
525	727
526	730
527	687
527	776
527	805
528	613
528	776
529	893
530	660
530	809
530	855
532	603
532	638
532	669
533	603
534	870
535	712
536	809
536	832
536	890
537	893
538	593
538	595
538	649
538	802
539	610
539	675
539	790
540	679
541	585
542	557
542	799
542	825
543	859
543	872
544	618
544	656
544	757
545	573
545	774
546	898
548	859
549	797
550	726
551	555
551	838
552	597
554	575
554	703
554	736
555	564
556	649
556	799
556	877
558	678
558	705
558	899
559	646
559	664
560	606
561	898
562	602
562	854
564	578
564	650
564	672
565	619
565	779
565	869
566	684
566	753
566	838
567	693
567	787
568	649
568	670
568	685
569	667
569	740
569	845
570	576
570	591
571	858
571	874
572	626
573	618
573	718
574	615
574	621
574	861
575	629
576	666
576	702
578	701
579	628
579	674
579	765
581	738
583	714
583	753
583	759
583	848
584	620
584	757
585	643
585	656
586	649
586	788
587	634
588	849
589	816
590	598
590	660
590	781
591	788
592	781
593	828
594	873
595	786
595	842
596	752
597	680
597	845
598	606
598	846
600	654
600	715
600	774
600	776
600	795
601	749
602	639
602	756
604	658
604	755
605	628
606	702
607	630
608	632
608	855
608	877
609	726
609	866
610	717
611	802
613	696
614	870
615	801
615	823
617	631
618	841
618	874
620	639
620	785
621	650
621	685
621	695
621	813
622	726
622	869
623	696
625	766
627	722
628	767
628	772
628	804
630	759
631	674
633	884
634	655
634	675
634	748
635	705
635	785
635	852
637	741
637	894
638	734
639	854
639	898
640	720
640	869
640	887
641	776
641	801
642	800
643	782
645	796
645	842
646	776
647	747
648	809
651	804
652	786
652	867
654	790
654	872
654	885
655	895
656	834
658	789
659	671
659	805
660	674
660	710
661	772
662	702
662	778
663	790
666	837
670	737
671	806
672	832
674	806
674	859
675	796
679	804
679	871
680	722
680	768
680	799
680	832
680	883
681	721
682	762
683	732
683	881
684	700
684	848
685	702
685	827
685	837
686	726
686	865
687	864
688	893
690	762
690	810
691	811
694	797
697	724
698	708
700	764
701	756
704	775
705	731
705	773
705	774
711	852
713	869
717	755
717	867
719	734
719	821
720	829
720	833
723	780
723	879
726	780
727	737
727	772
727	846
729	783
734	776
736	768
736	802
739	892
742	755
748	898
750	859
750	896
752	863
754	857
755	862
756	785
757	779
758	759
758	808
766	786
767	810
767	847
770	801
773	799
774	839
775	789
775	831
775	837
776	803
780	845
788	818
788	890
790	806
790	878
793	807
794	850
794	894
795	799
796	806
796	888
799	809
802	823
802	882
807	879
808	851
808	880
813	860
818	845
818	858
825	891
826	850
827	849
827	869
829	852
831	837
832	851
835	874
835	882
835	890
836	864
837	876
838	870
840	878
841	866
848	873
849	882
850	873
852	858
869	892
873	896
883	895