0	330
1	455
1	523
1	677
1	730
2	80
2	428
2	524
2	580
2	765
3	83
3	194
3	402
3	824
4	256
4	317
4	658
5	59
5	347
6	576
7	92
7	239
7	527
7	711
7	829
8	258
8	301
8	329
8	863
9	107
9	268
9	355
9	668
9	760
10	359
10	648
10	690
11	69
11	353
11	539
12	150
12	598
12	776
12	839
12	894
13	146
13	851
14	73
14	113
14	719
14	746
14	812
14	874
15	135
15	157
15	466
15	507
15	884
16	101
16	191
16	263
16	440
16	489
16	553
17	190
17	420
17	625
17	636
18	302
18	319
18	500
18	626
18	679
19	50
19	166
19	191
19	701
20	93
20	109
20	209
20	423
20	494
20	521
20	546
21	377
21	834
21	889
22	170
22	534
22	826
23	446
23	744
23	878
24	42
24	48
24	49
24	141
24	547
24	733
24	757
24	779
25	74
25	130
25	311
25	547
25	741
26	90
26	703
26	881
27	283
28	445
28	586
28	885
29	402
29	598
30	50
30	124
30	366
30	479
30	695
30	721
30	743
31	109
31	156
31	430
31	551
31	704
32	656
32	761
33	49
33	78
33	182
33	312
33	438
33	517
33	623
33	635
33	824
34	516
35	84
35	360
35	570
35	892
36	141
36	390
36	559
37	209
37	276
37	564
37	770
37	876
38	657
38	709
38	883
39	427
39	551
39	604
39	625
40	185
40	264
40	479
40	877
41	124
41	412
41	650
42	527
42	565
42	667
43	337
43	381
43	577
43	804
44	790
45	60
45	291
45	581
46	133
46	148
46	889
47	388
47	402
47	444
47	708
47	709
48	329
48	445
48	576
48	693
49	491
49	535
49	765
50	216
50	230
50	743
51	432
51	522
51	894
52	124
52	298
52	313
52	552
52	612
52	615
53	104
53	301
53	627
54	117
55	206
55	682
56	75
56	472
56	656
57	738
58	97
58	142
58	587
58	840
58	891
59	229
59	655
59	687
60	412
60	556
60	700
60	815
61	607
61	749
61	895
62	67
62	196
63	539
63	653
64	805
64	862
65	252
65	399
65	446
65	485
65	821
66	239
66	508
66	516
66	616
66	788
67	121
67	427
67	429
67	438
68	110
68	819
69	215
69	226
69	566
69	799
69	829
70	602
70	631
71	214
71	680
71	882
72	254
72	302
72	336
72	490
72	747
73	96
73	439
73	683
74	104
74	117
75	141
75	273
75	606
75	653
75	751
75	823
75	838
76	427
76	579
76	623
76	771
77	105
77	705
78	108
78	214
78	351
78	417
78	456
78	483
78	494
78	519
78	740
79	117
79	158
79	813
79	855
80	183
80	347
80	366
80	531
80	596
80	630
80	771
80	885
81	163
81	331
81	411
81	435
81	550
81	682
81	885
82	104
82	112
82	228
82	707
82	718
82	743
83	93
83	154
83	315
83	353
83	867
84	191
84	233
84	483
84	614
85	779
85	792
86	786
87	275
87	357
87	374
87	493
87	497
87	749
87	805
87	899
88	374
88	406
88	598
88	642
89	410
89	429
89	545
89	597
89	745
90	176
90	256
90	278
90	345
90	450
90	814
91	119
91	457
91	803
92	803
93	718
93	777
93	838
94	170
94	480
94	552
94	672
94	689
95	189
95	223
95	665
95	668
95	825
95	882
96	102
96	457
96	873
97	163
97	428
97	445
97	666
98	115
98	216
98	606
98	621
98	799
99	195
99	200
99	581
100	284
100	355
100	400
100	436
100	628
100	745
101	102
101	159
101	396
101	842
102	117
102	143
102	378
102	437
103	533
103	535
103	685
103	829
104	184
104	250
104	270
104	328
104	508
105	172
105	249
105	336
105	497
105	508
105	609
105	722
105	868
106	117
106	674
107	362
107	617
107	720
108	351
108	410
108	470
108	498
108	734
109	149
109	432
109	548
109	712
110	117
110	146
110	154
110	456
110	656
110	731
111	465
111	593
111	649
111	686
112	281
112	309
112	545
113	175
113	179
113	278
113	337
113	368
113	592
113	893
114	340
114	647
115	589
115	626
115	722
115	728
115	819
116	257
116	394
117	412
117	419
117	775
118	191
118	307
118	490
118	565
118	623
118	886
119	601
120	225
120	439
121	304
122	479
122	570
122	628
123	144
123	235
123	526
123	759
124	246
124	865
125	185
125	393
125	447
125	600
125	620
125	774
125	793
126	236
126	718
127	534
127	634
128	162
128	246
128	443
128	589
129	858
130	132
130	501
130	539
131	162
131	658
132	477
132	638
132	670
132	709
132	798
132	886
133	656
133	668
134	199
134	212
135	252
135	612
135	745
136	298
136	545
136	550
137	545
137	751
137	775
137	896
138	248
138	279
138	349
138	387
138	635
138	756
138	844
138	888
139	192
139	228
139	236
139	276
139	587
139	659
139	775
140	205
140	339
141	326
141	352
141	427
142	305
142	478
142	680
142	768
143	280
143	356
143	720
144	642
144	760
144	804
145	193
145	467
145	578
145	607
145	676
146	297
146	353
146	420
146	523
146	819
147	608
147	626
147	876
148	676
148	735
148	742
148	757
148	827
149	543
149	553
149	801
149	853
149	884
150	565
150	832
151	233
151	581
151	843
152	212
152	298
152	709
152	744
152	760
153	233
153	305
153	320
153	639
153	770
154	361
154	590
155	698
155	781
155	851
157	761
158	307
158	462
158	697
159	431
159	448
159	486
159	758
160	208
160	228
160	292
160	518
160	664
160	790
161	399
161	575
162	232
162	382
162	749
163	236
163	599
164	607
164	688
164	841
165	249
165	286
165	434
165	525
166	228
166	274
166	611
166	727
167	222
168	269
168	310
168	432
168	851
169	306
169	792
169	811
170	238
170	541
171	182
171	240
172	300
172	865
172	881
173	576
173	710
174	237
174	730
174	821
177	333
177	493
177	596
177	879
177	884
178	419
178	807
179	194
179	204
179	326
179	556
179	591
180	435
181	325
181	332
182	376
182	496
182	709
182	746
183	769
183	808
184	845
184	873
185	229
185	749
186	658
186	829
187	596
187	723
188	264
188	525
188	576
188	604
188	775
188	893
189	265
189	316
189	414
189	519
189	577
189	631
189	648
189	696
189	742
189	783
190	225
190	360
190	407
191	512
191	736
192	220
192	315
192	435
192	504
192	589
192	818
192	860
193	329
193	634
193	668
194	279
194	558
194	647
194	698
195	447
195	522
195	552
195	766
196	455
196	862
197	445
197	488
198	520
200	328
200	548
200	688
200	704
200	894
201	212
201	264
201	357
201	527
201	698
201	709
202	424
202	524
202	597
203	364
203	482
203	556
203	656
204	323
204	450
204	618
204	639
204	652
205	578
205	590
205	814
206	392
206	450
206	542
206	633
206	652
207	533
207	589
207	696
207	708
207	795
208	606
209	221
209	224
210	836
211	214
211	344
211	740
212	635
213	304
213	739
213	740
214	330
214	551
214	675
214	875
215	644
215	891
216	335
216	582
216	606
216	752
217	353
217	659
218	227
218	330
218	451
218	663
219	331
219	351
219	418
219	548
219	681
219	859
220	390
220	572
220	864
221	719
221	816
222	526
222	537
222	623
222	632
222	739
222	784
223	357
223	581
223	624
223	707
223	844
223	896
224	389
224	599
224	677
224	709
224	835
225	558
225	604
225	881
226	568
226	863
227	410
227	575
227	649
227	669
228	743
228	775
229	362
229	410
229	507
229	530
229	884
230	335
230	817
231	253
231	876
232	321
233	307
233	322
233	813
234	306
234	400
234	544
235	291
235	533
235	565
235	640
235	647
236	453
236	728
237	253
237	645
237	746
238	286
238	393
238	400
238	668
238	712
238	772
239	525
239	742
239	791
240	597
240	835
241	532
241	543
241	610
241	627
241	631
242	257
242	485
242	827
243	323
243	437
243	858
244	378
245	339
245	450
245	457
245	494
245	632
245	698
245	821
246	501
246	520
246	781
246	788
247	265
247	380
247	561
247	595
248	485
248	697
249	615
249	744
249	770
249	871
249	879
250	254
250	552
250	589
250	667
250	832
250	838
251	406
251	880
252	518
253	305
253	378
253	435
253	448
253	585
253	884
254	508
254	581
254	872
255	286
255	544
255	641
256	503
256	540
256	541
257	490
257	821
258	664
259	824
260	364
260	473
260	715
260	812
260	864
260	868
261	517
261	778
261	823
261	898
262	657
262	854
263	464
263	469
263	570
264	279
264	381
264	723
265	443
265	471
265	530
265	677
265	735
266	835
267	475
267	795
268	463
269	765
269	876
270	584
270	648
270	760
271	656
272	452
272	634
273	311
273	329
273	444
273	458
274	295
275	395
275	763
275	803
276	521
277	478
277	481
277	781
278	877
278	883
279	429
279	826
280	444
282	284
282	860
283	605
283	663
283	703
284	638
285	632
285	752
285	814
285	865
286	359
286	543
286	557
286	651
286	782
286	785
287	450
287	482
287	725
288	292
288	514
288	524
288	549
288	631
289	795
289	815
290	305
290	633
291	569
291	739
291	835
291	877
292	301
293	385
294	327
294	537
294	863
295	340
295	354
295	803
296	384
296	730
296	763
296	819
297	456
298	827
299	362
299	375
299	397
299	408
300	366
300	443
300	674
300	676
302	435
302	812
302	832
303	835
304	458
304	533
304	624
304	673
304	730
305	392
305	660
305	728
306	327
306	405
306	413
306	715
306	724
307	320
307	516
307	755
308	352
308	440
308	780
310	446
310	625
310	710
311	483
311	893
312	613
313	351
313	494
313	590
313	786
313	811
314	360
315	585
315	855
316	437
316	485
316	821
316	896
317	798
318	588
319	597
320	324
320	338
320	408
320	613
320	833
321	359
322	485
322	761
323	451
324	401
325	373
325	461
325	878
326	340
326	622
326	666
326	762
326	829
326	841
327	533
327	571
327	577
327	688
327	755
328	640
328	747
328	794
329	472
330	386
330	388
330	487
330	608
330	703
331	432
331	530
332	495
332	521
332	599
332	825
332	873
332	889
333	777
333	833
334	550
335	544
335	568
335	589
335	751
335	877
337	404
337	468
337	520
337	835
338	389
338	556
338	860
338	890
339	524
340	574
340	748
340	807
340	851
341	487
341	507
341	590
341	648
341	788
341	801
342	408
343	435
344	375
344	663
344	674
345	394
345	492
345	751
345	896
346	405
347	546
347	585
347	714
347	761
348	418
348	484
348	685
348	834
350	401
350	649
350	741
351	470
351	776
351	893
352	371
352	374
352	466
352	587
352	682
353	388
353	717
354	386
354	620
354	700
354	716
354	889
355	561
355	809
357	546
357	572
357	792
357	852
358	486
358	565
358	628
358	797
359	549
360	521
360	664
361	535
361	731
361	770
363	543
364	470
364	573
364	704
365	428
365	771
366	455
366	553
366	707
367	586
367	734
367	791
368	369
368	677
368	828
369	396
369	411
369	782
370	384
370	492
370	525
370	749
371	463
371	751
372	448
372	630
373	382
373	417
373	554
373	744
373	883
374	564
374	738
374	758
375	424
375	447
375	687
375	738
375	763
376	500
376	576
376	699
376	744
376	746
376	792
378	875
379	853
380	503
380	733
381	384
381	825
381	828
382	412
382	416
382	624
382	677
382	691
383	639
383	779
384	602
384	711
385	438
385	863
386	443
387	681
388	395
389	429
389	558
389	578
389	651
390	411
391	614
392	516
392	654
392	701
392	837
392	864
393	413
393	556
393	564
393	704
393	820
394	546
394	745
395	518
395	638
395	717
395	723
396	412
396	443
397	539
397	877
398	629
398	824
398	884
399	552
399	805
399	890
400	887
401	563
401	890
402	660
402	687
403	537
403	615
403	708
403	716
404	665
405	450
405	727
406	518
407	624
408	790
408	853
409	427
409	783
410	545
410	784
410	899
411	439
411	629
412	510
412	607
413	416
413	478
413	649
413	708
414	749
415	886
416	476
416	499
416	505
416	628
416	702
416	772
417	527
417	586
419	518
419	608
419	756
420	486
420	595
421	637
421	864
421	896
422	606
423	728
423	867
424	543
424	807
425	653
425	673
426	505
426	529
426	660
426	678
426	692
427	442
427	465
427	503
427	711
427	856
427	887
428	765
430	531
430	643
430	834
431	783
432	473
432	609
433	707
433	823
435	451
435	453
435	664
436	644
436	660
437	734
437	829
438	480
438	654
438	709
438	848
439	480
439	563
439	820
440	762
440	813
441	589
441	700
442	678
442	862
443	568
443	772
444	549
444	575
444	707
445	646
445	884
446	821
448	653
449	828
450	477
450	623
450	729
450	745
451	754
451	800
452	545
452	629
452	758
453	871
454	553
455	523
455	603
455	863
456	540
456	707
456	754
456	836
456	888
457	814
459	671
459	743
460	570
460	691
460	897
461	555
461	571
461	750
463	577
463	720
463	751
463	842
464	522
464	555
464	711
465	508
465	571
465	709
467	571
467	579
467	785
468	508
468	561
468	605
469	662
469	792
469	827
469	867
470	838
471	549
471	616
471	690
472	545
472	738
472	759
472	790
473	476
473	734
474	604
474	783
475	548
475	749
476	751
476	876
477	892
478	652
478	868
479	511
479	547
479	618
479	759
479	783
480	595
481	729
481	824
482	682
482	738
482	767
483	603
484	688
484	746
485	532
486	819
487	639
487	674
487	679
488	863
489	549
491	710
491	877
493	773
494	868
496	660
496	697
496	840
497	615
497	864
499	589
499	766
499	881
500	642
502	714
502	747
503	549
504	812
506	838
507	669
507	692
507	797
508	530
508	541
508	892
509	846
509	874
510	759
511	644
511	698
512	654
512	716
513	876
514	521
515	524
515	637
515	795
515	857
516	599
518	600
518	627
518	864
519	885
521	726
522	692
522	696
522	706
523	586
523	822
524	716
525	571
525	892
527	587
527	666
527	780
527	822
527	862
528	619
528	805
530	651
531	622
531	678
531	807
532	641
532	806
532	830
533	571
533	581
533	644
534	702
534	889
535	585
535	628
535	728
536	717
536	859
537	572
537	725
537	867
538	597
539	806
541	878
542	672
542	719
542	727
542	791
543	737
544	548
544	721
544	738
545	667
546	643
546	702
546	866
547	765
548	880
548	893
550	726
550	816
552	644
552	753
553	568
553	605
553	608
553	729
553	786
553	811
553	870
554	589
554	590
554	672
554	696
554	865
555	697
555	723
556	616
556	743
556	774
557	661
557	707
557	829
558	798
558	849
559	608
559	805
560	889
561	663
561	858
562	663
562	828
562	834
563	647
564	593
564	638
564	842
566	888
567	635
567	789
567	883
568	767
570	889
572	594
572	667
572	856
574	744
575	801
575	826
576	693
576	708
577	779
577	780
578	701
579	792
580	754
582	639
583	695
584	590
585	855
586	593
586	679
586	740
587	712
587	805
588	741
588	854
589	678
589	799
589	844
589	868
590	636
591	832
593	809
596	867
597	601
597	633
597	790
597	807
598	630
599	705
600	806
601	671
602	689
603	749
603	807
605	630
605	676
606	877
606	878
609	659
609	787
610	632
610	642
610	769
611	894
612	792
612	842
612	851
613	695
613	825
614	680
614	761
614	844
616	778
618	630
618	766
619	624
619	628
619	860
620	802
620	887
622	672
623	834
624	689
625	848
625	871
625	882
626	651
626	835
626	867
627	693
627	699
627	824
628	636
628	755
629	788
630	723
631	798
635	772
636	656
636	722
636	874
637	855
637	864
640	689
640	838
640	869
641	681
641	740
641	769
645	893
648	831
651	719
651	796
652	695
652	704
652	831
652	865
652	885
653	782
653	817
656	775
657	675
657	705
657	888
658	716
658	802
658	841
658	866
659	760
659	863
661	732
663	838
664	830
665	682
665	800
665	835
669	837
670	700
670	896
671	684
671	744
671	795
672	802
672	811
673	689
673	716
674	810
675	676
676	788
676	789
677	734
677	895
678	861
679	691
681	697
681	732
687	789
688	747
689	836
691	694
691	711
693	694
693	829
694	807
696	711
697	787
698	781
698	877
698	881
700	721
701	799
702	825
703	720
704	730
704	847
705	892
708	713
708	741
709	817
712	717
712	773
713	773
713	818
713	823
715	884
716	806
717	785
719	730
720	735
720	775
721	798
721	858
723	752
723	866
724	752
724	788
724	799
725	764
727	768
728	890
729	745
729	780
729	866
731	738
731	748
732	827
732	841
732	870
733	741
733	794
734	759
737	858
738	834
740	856
741	760
744	834
746	752
747	815
749	817
750	883
751	767
752	777
757	848
758	784
760	856
763	837
766	794
769	847
770	838
770	839
771	775
771	833
772	851
773	774
774	851
775	884
776	842
777	782
780	823
781	811
781	822
782	896
784	814
784	842
787	858
788	843
790	888
793	808
795	849
796	851
800	835
802	851
803	817
806	810
806	811
808	878
809	840
814	868
819	862
824	850
825	876
836	892
837	896
841	846
842	883
843	844
845	848
850	882
852	859
855	865
864	866
870	879
875	882
881	890