0	71
0	126
0	207
0	349
0	499
0	506
0	796
1	68
1	444
2	30
2	577
3	18
3	123
4	16
4	139
4	464
4	810
5	150
5	312
6	230
6	529
6	570
6	879
7	26
7	289
7	422
7	577
7	626
7	693
7	694
7	815
8	52
8	308
8	604
9	159
9	319
9	428
9	682
9	800
10	96
10	440
10	480
10	568
11	64
11	316
11	825
12	363
12	894
13	137
13	418
13	582
14	150
14	579
14	864
15	155
15	240
15	417
15	525
15	759
16	120
16	273
16	562
16	742
16	761
16	879
17	121
17	362
17	558
18	255
18	454
18	618
18	692
18	713
18	863
19	350
19	385
19	650
19	657
19	682
20	127
20	348
20	495
20	735
21	41
21	84
21	537
21	560
21	738
22	35
22	260
22	345
22	380
22	571
23	124
23	144
23	764
23	789
24	313
24	331
24	687
24	863
25	501
27	31
27	230
27	588
27	650
28	759
28	789
29	30
29	90
29	267
29	605
29	704
29	882
30	437
30	560
30	852
31	108
31	583
31	608
31	710
31	729
31	791
32	780
32	889
33	42
33	129
34	605
34	661
35	284
35	306
35	456
35	522
35	698
35	831
35	847
36	96
36	390
36	754
36	780
37	65
37	446
37	701
38	99
38	570
38	605
38	898
39	47
39	322
39	575
40	106
40	703
40	878
41	464
41	734
42	176
42	244
42	337
43	91
43	432
43	782
44	194
44	321
45	163
45	187
45	758
46	288
46	320
46	699
47	88
47	125
47	222
47	241
47	755
48	549
48	712
48	867
49	210
49	764
49	771
50	461
50	676
51	206
51	240
51	368
51	555
51	838
52	213
52	355
52	513
52	645
53	182
53	257
53	339
53	401
54	106
54	332
54	678
54	766
55	348
55	809
55	837
56	200
56	224
57	62
57	585
58	272
58	296
58	636
58	680
58	870
59	378
59	479
59	640
59	695
60	577
60	771
61	72
61	138
61	263
61	597
61	669
62	87
62	197
62	299
62	415
62	566
62	640
62	663
62	821
63	776
64	881
65	177
65	558
65	639
65	672
65	757
66	217
66	504
66	866
67	397
67	452
67	626
67	738
67	851
68	212
68	299
68	386
68	629
69	488
69	526
69	557
70	228
70	772
71	95
71	136
71	173
71	189
71	458
72	389
72	893
73	194
73	228
73	681
73	868
74	99
74	391
74	498
74	794
75	408
75	731
75	809
75	898
76	832
77	741
77	749
77	845
78	261
78	276
78	584
78	669
79	152
79	393
79	430
79	488
79	605
79	630
80	136
80	145
80	326
80	468
80	744
80	807
81	200
81	236
81	813
81	864
81	899
82	162
82	748
82	873
83	101
83	187
83	206
83	257
83	342
83	354
83	581
84	451
84	744
84	804
85	274
86	224
86	520
86	696
86	794
87	206
87	543
87	871
88	113
88	396
88	436
88	612
88	682
89	260
89	433
89	519
89	875
90	120
90	248
90	273
90	414
90	476
90	846
91	605
91	689
91	718
92	114
92	490
92	720
93	601
93	742
94	580
95	169
95	214
95	317
95	325
95	598
95	600
95	702
95	754
96	173
96	736
96	815
96	838
97	516
97	526
97	894
98	197
98	359
98	782
99	177
99	529
99	619
99	758
99	785
100	323
100	449
101	229
101	240
101	281
101	379
101	544
101	745
101	769
101	841
102	572
102	789
102	846
102	896
103	230
103	517
103	740
103	837
104	221
104	318
104	325
104	487
104	639
104	646
105	173
105	514
106	159
106	626
106	695
106	787
107	114
107	133
107	260
107	877
108	264
108	371
108	644
108	857
109	816
110	186
110	218
110	715
110	829
111	126
111	439
111	482
111	556
111	804
111	833
112	286
112	335
112	430
112	463
112	806
112	830
112	880
113	139
113	150
113	202
113	729
113	753
114	129
114	180
114	229
114	369
114	771
114	802
115	349
115	738
115	884
116	183
116	361
116	891
117	319
117	549
117	638
118	285
118	315
118	325
118	418
118	545
118	645
119	292
120	349
120	374
120	446
120	636
120	725
120	859
121	227
121	300
122	355
122	395
122	404
122	730
122	839
123	760
124	155
124	161
124	163
124	501
124	553
124	597
124	782
124	832
125	361
125	895
126	328
126	391
126	500
126	704
127	213
127	504
127	610
127	616
128	180
128	283
128	387
129	844
130	268
130	407
130	525
130	714
131	227
131	279
132	226
133	320
133	815
134	311
135	231
135	515
135	696
135	808
136	317
136	393
136	522
136	552
136	607
136	677
136	764
136	776
136	859
137	210
137	217
137	233
137	294
137	308
137	487
137	785
137	821
138	188
138	717
138	841
139	169
139	366
139	455
139	869
140	205
140	664
140	741
140	790
140	898
141	310
141	426
141	884
142	590
142	864
143	298
143	365
143	386
143	741
143	804
143	811
144	192
144	298
144	481
145	164
145	341
145	514
145	571
145	778
145	835
145	854
146	156
146	167
146	447
146	803
147	251
147	365
147	770
148	782
148	804
149	252
149	472
149	488
149	545
149	567
149	725
151	238
151	454
151	522
151	638
151	752
152	743
152	849
152	890
153	419
153	564
153	673
153	760
154	189
154	321
154	493
154	523
154	586
154	674
154	724
155	176
155	233
155	365
155	407
156	714
157	385
157	541
158	239
158	458
158	732
159	290
159	321
159	554
159	632
159	744
159	878
160	610
161	327
161	783
161	837
162	394
162	627
162	699
162	722
162	755
163	279
163	543
163	846
164	339
164	881
165	357
165	440
165	743
166	410
166	489
166	662
166	768
166	808
167	339
167	375
167	533
167	570
168	369
168	454
168	460
168	810
168	838
169	522
169	896
170	469
170	876
171	232
171	556
171	621
172	461
173	585
173	619
173	865
174	535
174	577
174	609
175	377
176	222
176	867
177	234
177	250
177	352
177	874
178	305
178	639
179	501
179	816
180	497
181	394
181	424
181	816
182	233
183	345
184	275
184	391
184	436
184	571
184	709
184	716
184	743
184	785
185	760
186	206
186	207
186	392
186	462
186	546
186	700
187	390
187	465
188	193
188	271
188	370
188	699
188	752
189	279
189	471
189	566
190	407
190	709
191	232
191	419
191	420
191	471
191	768
192	262
192	337
192	705
192	717
193	795
194	401
194	466
194	761
195	242
195	896
196	666
196	714
196	891
197	219
197	339
197	389
198	322
198	354
198	521
198	689
198	831
199	218
199	294
199	314
199	433
199	516
200	527
200	533
200	602
200	792
200	861
201	520
201	611
201	835
201	843
201	885
202	231
202	359
202	366
202	425
202	498
203	363
203	845
204	248
204	325
204	363
204	420
204	511
205	744
205	868
206	232
206	318
206	729
206	888
207	457
207	762
207	878
208	302
208	337
208	574
208	621
208	622
208	668
209	653
209	699
209	899
211	329
211	463
212	455
212	459
212	489
213	259
213	329
213	618
213	686
214	246
214	320
214	681
214	845
215	536
215	680
215	773
215	809
216	521
218	421
218	468
218	848
219	295
219	786
220	221
220	519
220	645
221	288
221	367
221	502
221	547
222	228
222	239
222	464
222	510
222	539
222	586
222	793
222	835
222	871
223	320
224	406
224	673
225	334
226	402
227	262
227	278
227	361
227	509
227	647
227	669
227	738
228	424
229	317
229	529
229	617
230	340
230	427
230	479
230	557
231	588
231	595
231	607
231	700
232	745
232	865
233	521
233	627
233	882
234	679
235	651
236	447
236	497
236	571
236	712
237	333
237	454
239	638
239	785
239	860
240	257
240	668
240	776
240	781
242	443
242	820
243	480
244	395
244	425
245	270
245	358
245	467
245	779
245	887
246	739
246	812
247	431
247	501
247	532
247	639
247	697
248	324
248	339
248	592
249	331
249	884
250	252
250	630
250	751
251	298
251	402
251	425
252	391
252	600
252	607
252	730
252	795
253	320
253	374
253	877
254	257
254	409
254	557
254	747
254	833
255	553
255	864
256	312
256	604
256	693
256	766
258	310
258	603
258	690
259	684
259	744
260	437
261	384
261	508
261	738
261	795
262	281
262	284
262	297
262	378
262	564
263	296
263	453
263	583
263	659
263	677
263	777
264	329
264	626
264	845
265	869
266	421
266	567
266	861
268	305
268	540
268	672
268	720
268	765
268	849
269	422
269	540
269	567
269	896
270	544
270	595
270	822
271	307
271	612
271	635
271	684
271	807
271	809
272	353
272	540
272	577
272	655
272	761
274	378
274	464
274	849
275	323
275	446
275	668
275	756
275	779
276	650
276	874
277	740
278	369
278	536
278	617
278	694
278	718
278	758
278	894
279	366
279	560
279	756
280	521
280	704
281	383
281	415
281	658
281	887
282	287
282	557
282	689
282	797
283	803
284	353
284	604
285	543
285	577
285	596
285	689
285	735
285	839
285	852
286	548
286	787
286	890
287	315
287	399
288	384
288	472
288	824
289	678
289	780
289	813
289	876
289	895
290	614
290	893
291	352
291	645
291	871
292	409
292	577
292	705
292	818
293	701
294	347
294	382
294	435
294	462
294	729
294	794
295	446
295	865
296	364
296	517
297	756
298	329
298	405
298	618
298	730
298	761
298	816
299	581
299	714
299	745
300	592
300	613
300	859
300	875
301	665
302	578
302	591
302	807
302	845
303	401
303	575
303	621
303	870
304	577
304	612
304	614
304	714
304	780
304	839
304	889
305	517
305	713
305	759
306	319
306	745
306	864
307	470
307	546
308	366
308	525
308	882
309	674
310	351
310	416
310	430
311	334
311	694
312	551
312	715
312	846
313	611
313	734
313	757
313	797
314	799
314	828
315	474
315	565
315	721
315	770
316	418
316	590
317	352
317	759
317	823
318	341
318	423
318	566
318	726
318	759
319	507
319	546
319	819
320	754
320	877
321	388
321	513
321	740
323	686
323	714
324	510
324	689
324	876
324	899
325	351
325	589
325	851
327	778
327	784
328	708
328	805
329	421
329	619
329	854
330	338
330	343
330	499
330	506
330	549
330	608
331	462
331	485
331	680
332	433
332	786
332	889
333	619
333	663
333	808
334	505
334	531
334	741
336	437
338	642
338	696
338	893
339	545
340	800
341	515
341	645
342	508
342	753
342	783
342	801
343	486
343	712
344	528
344	619
345	426
345	703
346	408
346	508
347	638
348	681
349	430
349	535
349	746
350	393
350	450
351	411
351	718
352	442
352	571
353	606
353	809
354	509
354	594
355	383
355	421
355	542
355	627
355	629
355	859
356	615
356	780
357	466
357	541
357	597
357	629
357	634
358	561
359	567
359	641
359	820
360	550
360	638
360	687
360	733
361	438
361	536
361	574
361	749
362	390
363	501
363	610
363	619
363	631
363	667
363	830
365	371
365	391
365	813
366	388
367	439
367	648
367	728
368	439
368	850
369	606
370	427
370	586
370	840
371	380
372	549
372	579
372	868
373	524
373	564
374	820
375	677
375	735
375	882
376	624
376	644
376	865
377	381
377	717
378	561
379	565
379	629
380	638
381	442
381	549
381	667
383	726
383	777
384	731
385	439
385	783
385	852
386	390
386	669
387	591
388	477
389	461
389	465
390	465
390	565
390	733
390	758
390	790
391	401
392	413
392	733
392	756
393	756
394	431
394	614
394	834
395	631
396	494
396	605
396	681
397	398
398	440
398	813
399	418
399	506
399	601
399	854
400	698
401	523
401	649
401	689
401	699
401	781
401	879
402	428
402	598
402	657
403	607
403	792
404	644
404	855
405	417
405	487
405	874
406	523
406	743
408	721
408	846
409	568
409	715
409	763
409	841
409	856
410	636
410	672
410	817
410	855
411	677
412	849
413	502
413	744
413	839
414	466
414	497
414	715
414	735
414	758
415	836
416	742
416	799
416	817
417	491
417	747
417	884
418	462
418	473
420	608
420	799
421	667
425	547
426	660
428	485
428	567
428	760
429	507
431	446
431	466
431	609
431	638
431	723
431	733
431	871
432	545
432	774
433	715
433	726
433	826
434	598
434	850
435	838
436	606
436	621
437	614
437	886
438	550
438	813
438	860
439	590
439	745
439	854
439	879
440	497
440	577
441	637
442	468
442	694
443	620
443	734
443	823
444	532
444	546
444	552
444	612
444	872
445	584
446	894
447	634
447	636
447	696
448	463
448	518
448	577
448	602
450	560
450	626
450	805
450	849
451	581
452	600
452	668
452	747
452	829
452	842
453	572
453	669
453	727
456	529
456	575
456	672
456	751
456	772
457	464
458	600
458	608
458	747
458	800
459	483
459	678
460	790
460	871
460	890
461	562
461	656
461	814
462	535
462	562
464	561
464	663
464	703
464	843
465	726
465	827
466	686
467	626
468	553
468	627
469	564
469	669
469	686
470	715
471	795
472	475
472	585
472	621
473	781
474	523
474	831
475	788
477	693
477	741
477	824
477	863
477	870
478	541
478	750
478	770
478	826
478	882
478	889
479	574
479	745
479	812
480	625
480	852
482	823
483	712
483	724
483	834
484	492
484	668
484	768
484	782
484	891
485	793
486	525
486	526
486	788
486	806
487	550
487	802
487	830
488	584
488	712
489	533
489	718
490	499
490	731
490	828
491	552
491	554
492	524
492	550
492	779
493	555
493	880
494	732
494	737
495	850
496	593
496	751
497	508
497	595
498	716
499	542
499	701
499	771
499	797
499	812
500	629
501	630
501	720
501	876
502	513
503	582
503	640
503	830
504	613
504	711
504	750
505	769
505	834
506	620
506	718
507	644
507	648
507	713
508	666
508	739
508	861
509	651
510	784
510	828
510	849
512	763
513	518
513	659
513	677
513	773
513	845
514	663
514	783
514	876
515	576
515	609
515	763
516	571
517	612
518	641
518	842
518	851
519	625
519	731
520	531
520	600
520	767
521	647
521	700
522	524
522	836
523	706
524	760
524	800
524	805
524	855
525	811
526	714
526	884
527	572
527	680
527	763
528	825
529	600
529	780
529	853
530	531
530	545
531	618
531	852
532	854
533	617
533	624
533	790
534	583
535	609
535	723
535	871
536	715
537	739
538	667
539	546
539	587
539	649
539	765
539	787
539	834
539	855
539	873
540	596
540	853
540	864
541	610
541	752
542	625
542	805
543	807
545	623
545	631
546	795
547	670
548	574
550	703
551	597
551	599
552	692
553	671
553	725
554	808
555	643
555	644
555	649
555	817
556	839
557	748
558	726
558	761
559	604
559	701
559	736
559	857
560	628
560	722
560	760
563	779
564	640
564	645
564	705
566	642
566	832
567	829
568	694
569	819
570	807
570	886
570	894
571	631
572	594
572	761
573	602
573	680
573	711
573	865
574	757
574	807
575	598
575	711
575	817
576	616
576	896
581	644
582	822
584	764
584	817
587	854
587	894
588	725
591	685
593	819
594	730
594	824
594	847
596	699
596	714
596	751
597	659
598	642
598	878
598	894
600	730
601	695
602	812
602	899
603	642
604	798
604	841
605	890
606	824
609	688
609	878
611	686
611	849
612	632
612	887
613	680
613	861
614	627
614	802
614	870
615	777
616	654
616	747
616	783
617	880
618	734
619	801
620	656
620	825
621	625
621	854
622	860
625	655
625	752
628	827
629	644
629	895
630	739
630	795
631	705
631	753
632	637
632	803
632	856
633	778
636	810
636	822
637	892
639	806
639	812
640	859
641	882
642	683
642	760
643	894
645	884
648	685
648	787
648	813
649	744
649	779
650	712
650	878
651	689
651	814
652	831
653	856
653	896
655	838
656	842
657	775
657	891
659	758
660	780
660	873
661	727
661	881
662	767
662	839
665	715
666	716
667	835
668	755
668	807
668	861
670	779
670	862
672	680
673	697
673	833
675	846
679	705
680	794
681	745
681	777
681	810
682	734
682	891
683	853
684	746
686	862
687	867
688	759
689	699
689	717
689	732
691	733
692	727
693	872
694	704
694	758
695	770
695	812
696	779
698	819
699	836
699	888
700	786
700	821
701	838
703	825
704	727
704	799
705	713
705	789
705	888
705	894
707	710
707	896
709	858
710	737
711	781
713	796
713	819
714	722
714	882
715	897
717	749
718	781
718	863
719	728
720	751
721	756
723	742
723	856
723	898
727	809
730	731
731	836
733	780
733	842
736	863
737	830
739	743
739	747
741	809
742	749
742	823
744	822
744	825
746	825
751	870
752	819
752	848
753	796
754	809
755	874
756	850
758	831
758	832
758	841
762	769
762	825
764	817
764	868
765	819
766	848
767	828
770	851
771	790
771	804
772	778
776	867
780	795
780	895
781	864
785	841
788	801
796	869
796	883
797	878
798	841
800	899
802	828
806	836
806	845
811	868
812	860
814	889
815	890
817	891
818	850
819	860
824	879
827	829
828	833
829	860
836	838
836	839
837	849
837	869
847	878
848	885
851	870
853	876
867	882
871	874
873	876
884	895
896	898