0	47
0	430
0	569
0	578
0	706
1	191
1	409
1	518
2	239
2	721
2	888
3	57
3	113
3	165
3	287
3	339
3	389
4	9
4	220
4	400
4	630
4	645
4	688
5	335
5	515
5	558
5	718
6	18
6	738
6	859
7	13
7	166
7	660
8	31
8	229
8	587
9	11
9	181
9	295
9	340
9	406
10	105
10	165
10	278
10	748
11	613
11	630
12	660
13	129
13	130
13	288
13	718
13	796
13	800
14	27
14	106
14	381
14	503
14	770
14	892
15	305
15	551
15	631
15	830
16	73
16	259
16	301
16	372
16	385
16	546
16	583
16	686
17	298
17	590
18	295
18	407
18	451
18	583
18	651
18	766
18	809
19	164
19	360
19	658
19	824
20	696
20	781
20	807
20	824
21	85
22	620
22	746
23	75
23	162
23	232
23	346
23	474
24	182
24	715
24	730
24	745
25	53
25	84
25	178
25	429
25	566
26	355
26	464
26	505
26	763
26	886
27	139
27	369
27	602
27	871
28	191
28	240
28	579
29	346
29	354
29	416
29	438
29	581
29	792
30	219
30	356
30	762
31	156
31	235
31	425
31	656
32	322
32	337
32	754
32	899
33	126
33	164
33	217
33	265
33	547
33	764
33	852
34	531
34	878
34	881
35	200
35	573
36	288
36	375
36	479
36	853
37	635
38	90
38	292
38	411
38	684
38	781
39	385
39	693
40	90
40	269
40	345
40	402
40	601
40	746
41	49
41	151
41	272
41	304
42	789
43	175
43	315
43	320
43	691
44	266
44	412
44	820
45	242
45	444
45	462
45	476
45	603
45	818
46	328
46	474
46	737
47	83
47	460
47	802
48	60
48	278
48	392
48	546
48	651
48	673
48	686
49	63
49	625
49	667
50	99
50	400
50	422
50	701
51	135
51	373
51	383
51	422
51	480
51	482
51	629
51	850
52	163
52	360
52	737
53	130
53	828
54	750
54	875
54	884
55	58
55	216
55	463
55	509
55	592
55	820
56	106
56	609
56	615
56	838
57	82
57	209
57	447
57	516
58	537
58	570
58	746
58	813
59	110
59	210
59	230
59	339
59	372
59	456
59	707
60	276
60	596
60	602
60	738
61	115
61	485
61	731
61	813
61	854
62	185
62	187
62	199
62	245
62	505
62	645
62	804
63	287
63	833
63	883
64	128
64	253
64	663
64	670
64	796
65	110
65	501
65	694
65	699
65	812
66	379
66	398
66	849
67	403
67	680
67	876
68	354
68	486
68	745
69	502
69	528
70	81
70	307
70	491
71	168
71	691
72	79
72	138
72	570
72	718
73	646
73	702
73	807
74	98
74	127
74	246
74	357
74	475
74	818
75	80
75	328
75	651
75	673
76	92
76	321
76	575
76	598
76	599
76	741
77	125
77	666
78	160
78	481
78	491
78	510
78	513
78	572
78	651
78	710
78	728
79	138
79	455
79	495
79	643
79	687
80	348
80	383
81	211
81	285
81	321
81	775
81	880
82	152
82	224
82	336
82	736
83	521
83	830
84	762
84	883
85	112
85	126
85	464
85	665
85	889
86	552
86	560
86	785
86	795
86	897
87	412
87	715
88	130
88	184
88	760
88	876
88	892
89	118
89	432
89	667
89	831
90	177
90	405
90	470
90	670
90	681
90	820
91	146
91	203
91	215
91	408
91	676
91	713
91	792
92	157
92	388
92	420
92	517
92	552
93	585
93	671
93	679
94	206
94	252
95	164
95	514
95	660
95	810
96	141
96	735
97	285
97	434
97	474
97	563
97	607
98	311
99	190
99	847
100	151
100	271
100	522
100	712
101	234
101	386
102	289
102	548
102	554
102	605
103	172
103	315
103	494
104	643
104	673
104	743
105	116
105	180
105	529
105	666
105	741
106	252
106	278
106	341
106	380
106	518
106	585
106	880
107	129
107	244
107	533
107	638
107	668
107	708
107	805
108	129
108	450
108	585
108	657
109	180
109	434
109	604
109	624
109	660
109	745
109	795
109	824
110	384
110	507
110	589
111	211
111	723
112	382
112	601
112	608
112	827
113	129
113	263
113	323
114	260
114	630
114	785
115	166
116	353
116	401
117	160
117	406
117	858
118	720
118	732
119	159
119	244
119	329
119	572
119	634
120	377
120	721
121	160
121	165
121	505
121	886
122	219
122	243
122	296
122	392
122	559
122	567
122	827
122	850
123	134
123	430
123	611
123	638
123	655
123	680
123	832
124	201
124	299
124	310
124	677
124	799
124	861
125	597
125	672
125	888
126	203
126	797
126	849
127	132
127	142
127	209
127	271
127	497
127	752
127	753
128	244
128	680
128	731
129	412
129	420
129	745
129	869
130	137
130	203
130	881
131	207
131	510
131	756
132	135
132	345
132	657
132	742
133	236
133	250
133	274
133	508
133	734
134	250
134	422
134	539
134	610
134	652
135	137
135	147
135	412
136	344
136	463
136	754
137	238
137	415
138	195
138	198
138	832
139	176
139	288
139	313
139	349
139	459
139	553
139	610
139	698
139	709
140	312
141	156
141	219
141	263
141	294
141	454
141	681
141	702
142	168
142	592
142	807
142	838
143	557
143	856
143	888
144	177
144	366
144	511
144	607
145	716
146	735
147	171
147	355
147	383
147	460
147	651
148	531
148	806
149	204
149	268
149	582
149	612
149	762
149	781
149	875
150	417
150	723
151	273
151	381
151	507
151	847
152	710
153	340
153	466
153	733
153	839
154	208
154	427
154	455
154	511
154	512
154	550
154	643
155	522
155	664
155	787
155	874
156	172
156	228
156	343
156	631
157	683
157	826
158	164
158	169
158	327
158	350
158	526
159	171
159	182
159	866
160	168
160	210
160	255
160	546
160	600
160	648
160	781
160	868
161	538
162	230
162	435
162	786
162	871
162	890
163	288
163	421
163	548
163	585
164	234
164	286
164	740
164	796
165	234
166	177
166	210
166	280
166	305
166	397
166	672
166	705
167	390
168	278
168	528
168	548
168	551
168	661
169	217
169	287
169	288
169	616
169	750
169	893
170	188
170	509
170	559
170	749
171	470
172	247
172	284
172	553
172	815
173	186
173	292
173	453
173	520
174	343
175	492
175	771
175	888
176	329
176	335
176	517
176	696
177	222
177	315
177	321
177	421
177	431
177	480
177	603
177	665
178	188
178	494
178	538
178	660
178	666
178	750
178	791
179	380
179	826
181	763
181	800
181	839
181	899
182	344
182	544
182	632
182	647
182	671
182	715
183	191
183	382
183	670
183	785
183	834
183	848
183	860
184	571
184	592
184	703
184	783
184	798
185	529
185	545
185	631
185	765
186	303
186	421
186	552
186	641
186	718
186	773
186	806
186	873
187	321
187	528
187	868
188	599
188	686
188	690
188	744
189	193
189	491
189	558
189	652
189	773
189	849
189	867
190	342
190	650
191	249
191	257
191	391
191	541
191	851
191	873
192	263
192	390
192	417
192	714
192	842
193	200
193	816
194	273
194	493
194	818
194	879
195	272
195	348
195	678
195	786
196	197
196	221
196	675
196	817
197	411
197	439
197	638
197	787
197	850
198	447
198	458
198	614
199	207
199	448
199	770
200	357
200	461
200	516
200	597
201	270
201	552
201	654
201	790
202	627
203	368
203	507
203	608
204	491
205	527
205	546
205	660
205	670
205	702
205	757
206	351
206	535
206	602
206	646
206	729
207	417
207	443
207	476
207	744
207	853
208	366
209	768
210	554
210	718
210	792
210	864
211	569
211	611
212	268
212	301
212	537
212	562
213	402
213	480
213	498
213	524
213	607
213	657
213	772
213	803
213	847
214	266
214	896
215	387
215	502
215	525
215	721
215	821
216	232
216	319
216	418
216	461
216	693
216	720
217	270
218	330
218	468
218	688
219	277
219	378
220	688
220	827
220	856
220	857
221	514
221	684
221	764
222	443
222	784
223	299
223	391
223	485
223	873
224	529
224	695
225	695
226	345
226	363
226	549
226	683
227	324
227	654
227	713
229	245
229	323
229	339
230	757
231	333
231	461
231	522
231	680
232	336
232	534
232	595
232	615
232	625
232	855
233	272
233	329
233	533
233	758
233	844
234	671
235	511
237	621
237	778
237	806
239	308
239	625
239	747
240	418
240	563
240	576
240	602
240	711
241	801
241	876
242	430
242	644
243	371
243	405
243	509
243	693
243	694
243	851
244	544
245	360
245	469
245	482
245	504
245	531
245	704
246	394
246	657
246	845
247	491
247	781
247	801
247	885
248	430
248	439
249	451
249	463
249	573
249	593
249	701
250	500
250	801
251	266
251	483
251	646
251	655
252	296
252	456
252	777
253	422
253	585
253	735
254	362
254	363
254	518
255	406
255	539
255	744
255	829
255	881
256	554
256	647
256	652
256	838
257	315
257	356
257	619
257	844
258	662
259	338
259	649
260	452
261	490
261	779
261	860
262	678
263	707
263	826
264	446
264	582
264	622
264	626
264	667
265	338
266	282
266	328
266	357
266	633
267	360
267	690
267	705
267	782
268	294
268	340
268	366
268	556
268	685
268	801
269	586
269	679
270	475
270	552
270	808
270	830
270	893
271	324
271	369
271	388
271	492
271	550
273	349
273	404
274	310
274	433
275	534
275	597
275	834
276	312
276	464
276	692
277	341
277	418
277	534
277	804
278	473
278	692
279	350
279	849
279	876
280	393
280	456
280	779
280	888
281	366
281	560
281	631
281	658
281	741
282	310
282	598
282	636
283	598
284	601
284	863
284	868
285	288
285	588
285	890
286	315
287	500
287	675
288	317
288	426
288	441
288	490
288	573
288	641
288	897
289	721
289	744
289	760
290	332
290	385
290	642
291	422
291	731
291	854
292	300
292	413
292	620
292	637
292	741
292	859
293	447
293	535
293	580
293	708
293	799
294	375
294	483
294	729
296	349
297	300
297	328
297	352
297	410
297	721
297	820
297	876
298	606
298	821
298	880
299	502
299	633
299	680
300	769
300	800
301	431
301	839
302	303
302	412
302	510
302	880
303	348
303	488
303	718
304	360
304	366
304	368
304	513
304	732
305	396
305	487
305	490
305	818
305	819
305	824
306	334
306	513
306	651
306	739
307	368
307	450
307	524
308	437
308	634
308	635
308	643
309	543
309	897
310	427
310	433
310	440
310	448
310	475
310	823
311	374
311	584
311	647
312	543
312	626
313	811
314	367
314	774
315	679
315	770
316	330
316	536
316	719
317	402
317	535
317	627
317	644
317	655
317	694
318	608
318	781
320	548
321	391
321	575
322	349
322	373
322	522
323	635
323	715
325	435
325	651
325	691
326	614
326	718
327	467
327	501
328	436
328	554
328	687
328	742
328	829
329	474
329	515
329	718
330	386
330	658
331	354
331	538
331	781
331	818
332	892
333	390
333	465
333	553
333	878
334	418
336	432
336	580
336	641
336	754
336	889
337	399
337	886
338	697
338	876
339	434
340	750
341	558
342	559
342	578
342	609
343	721
343	758
344	586
344	630
345	846
347	744
348	459
348	698
349	431
349	653
349	689
350	391
350	448
351	552
351	874
352	596
352	790
353	419
353	623
353	696
354	452
354	602
354	675
354	781
354	853
356	681
357	380
357	455
357	492
357	639
358	636
358	674
358	713
359	635
359	639
360	685
360	796
361	374
361	636
362	506
363	787
363	882
364	635
365	760
366	806
366	807
367	424
367	495
368	521
368	602
368	690
368	802
369	662
370	486
370	626
370	893
371	638
372	386
372	395
372	537
372	596
372	721
373	493
373	587
374	573
374	742
374	773
374	779
374	787
375	784
375	854
376	595
376	714
376	750
377	881
378	497
378	604
379	484
379	887
380	517
380	570
380	869
381	474
382	491
382	692
384	390
384	413
385	527
385	529
385	599
386	795
386	863
386	880
387	431
387	441
387	700
387	719
387	757
388	511
388	581
388	615
388	685
389	531
389	620
389	859
390	780
391	542
391	549
392	424
393	571
393	610
393	790
394	822
395	524
395	533
395	685
396	880
397	495
397	637
397	832
398	410
398	490
398	742
399	429
399	493
401	441
401	674
401	801
401	841
403	896
404	447
404	606
404	684
404	868
407	432
407	879
408	434
409	755
409	780
409	864
410	467
411	593
411	667
411	683
411	810
412	440
412	555
412	833
413	808
414	540
414	806
415	428
415	576
416	563
416	790
417	497
417	499
417	554
417	764
417	849
418	707
418	845
418	848
419	477
419	593
419	667
421	667
421	778
421	843
421	868
422	529
422	639
422	760
422	795
422	839
423	844
424	481
424	502
424	700
425	830
425	832
428	520
428	599
428	790
429	705
429	784
430	629
430	652
430	895
431	451
431	550
431	750
431	792
431	894
433	437
434	500
435	579
438	670
440	736
441	507
441	710
441	875
442	494
443	551
443	835
444	505
444	592
444	662
444	688
445	557
445	581
445	626
446	550
446	794
447	463
447	764
447	852
448	467
448	777
448	783
448	887
449	542
450	660
450	683
450	897
452	652
453	596
453	731
454	775
455	480
455	719
455	741
457	648
458	475
459	563
460	537
460	641
460	743
461	494
461	512
461	591
461	764
462	555
464	816
464	818
465	533
465	617
465	750
465	775
465	862
467	543
467	692
467	704
470	738
470	795
471	486
472	739
474	583
474	596
474	688
474	704
475	626
475	682
475	850
476	876
477	568
477	710
477	746
477	876
477	889
478	481
478	699
478	737
478	834
479	532
479	624
480	539
480	755
482	608
483	777
483	814
483	878
484	820
485	698
485	815
485	888
487	600
487	719
488	520
488	714
488	759
489	556
489	640
490	721
490	768
492	671
493	522
493	560
493	718
493	813
494	507
494	750
494	781
495	869
496	725
497	582
497	604
498	540
498	663
498	871
498	877
498	894
499	664
499	739
499	839
500	563
500	574
502	817
503	676
503	773
503	792
504	550
504	692
507	814
508	527
508	746
508	752
509	868
511	628
511	657
512	810
513	743
514	665
515	825
516	780
516	888
517	531
517	533
518	750
518	759
518	840
518	846
519	711
519	856
520	535
520	892
521	702
523	555
524	567
525	630
525	675
525	792
526	709
527	591
527	644
527	667
527	732
527	895
528	607
529	567
529	852
529	899
530	592
530	711
531	551
531	661
531	763
531	892
532	555
532	837
533	695
533	845
534	601
534	726
534	836
536	555
537	781
537	833
538	570
538	639
539	658
539	724
539	842
541	719
543	788
543	804
543	875
544	678
544	755
544	766
545	642
545	717
545	874
546	627
547	573
547	664
547	674
547	821
551	701
551	835
551	870
553	705
553	719
553	894
554	727
554	792
555	581
555	678
555	814
555	841
556	567
556	617
556	696
556	879
557	719
557	798
557	830
558	617
559	766
559	775
559	850
560	752
560	767
561	610
561	733
563	629
563	871
564	698
564	712
565	695
565	730
566	721
568	571
570	669
570	684
571	622
571	709
571	717
571	794
572	612
572	702
572	867
573	820
573	878
575	656
575	696
576	853
577	886
578	863
579	760
579	771
579	788
580	591
580	656
580	733
581	810
583	660
584	802
586	881
587	732
587	883
588	623
588	722
588	724
588	886
589	603
590	620
591	756
592	651
594	832
595	897
596	645
596	689
596	714
596	740
599	646
599	693
599	695
599	793
600	630
600	745
600	746
600	783
601	898
602	604
602	614
602	691
603	710
606	714
606	735
608	741
609	865
612	672
612	717
613	825
615	776
616	803
617	654
618	776
618	874
619	630
619	701
620	731
621	781
622	823
623	695
624	709
624	823
626	770
626	771
626	774
627	850
630	822
631	778
631	864
632	697
633	778
634	670
635	802
638	740
639	644
640	743
641	745
642	690
645	678
646	654
649	767
649	790
650	812
650	895
652	887
653	680
653	746
653	828
655	751
657	690
658	768
659	701
660	775
662	817
664	765
664	862
670	744
670	879
671	745
671	817
678	801
680	750
681	697
681	710
683	786
683	789
687	701
687	850
687	862
688	772
690	760
690	789
691	694
692	822
693	729
693	814
694	733
696	781
696	825
696	880
697	859
700	761
702	800
703	766
703	788
703	796
704	719
704	879
705	741
705	857
707	720
707	847
709	723
710	717
710	865
712	777
712	830
713	856
713	875
714	765
715	884
716	772
716	808
718	896
719	849
720	887
721	783
724	736
725	813
725	848
725	852
729	827
730	764
734	798
736	832
738	817
740	787
741	827
742	747
742	876
743	885
747	816
748	795
751	873
752	771
752	785
752	872
756	759
758	786
758	891
759	811
760	783
764	783
765	891
770	864
771	842
771	853
771	858
773	854
777	828
777	898
778	843
778	883
779	862
783	884
784	888
791	840
793	806
801	879
802	854
806	841
806	899
807	862
810	874
811	886
812	840
813	852
815	839
818	844
834	859
838	868
840	862
847	848
858	885