0	498
0	598
0	699
0	864
1	88
1	95
1	406
1	659
1	688
2	119
2	394
2	606
3	9
3	132
3	567
3	573
4	106
4	184
4	388
4	433
4	610
5	256
5	288
5	407
5	809
6	177
6	254
6	642
6	740
6	874
7	143
7	220
7	381
7	536
7	560
7	871
8	325
8	335
9	291
9	323
9	387
9	436
9	490
9	534
9	562
9	720
9	768
10	59
10	94
10	625
10	681
10	818
10	849
10	897
11	129
11	529
11	770
11	811
12	178
12	439
12	643
12	651
12	797
12	855
13	367
14	140
14	153
14	301
14	434
14	665
14	895
15	104
15	226
15	334
15	630
16	63
16	850
16	864
17	90
17	616
18	231
18	280
18	429
18	609
18	756
19	129
19	138
19	297
19	363
19	390
19	631
19	848
20	579
20	597
21	225
21	507
21	596
21	633
21	831
21	854
21	868
22	238
22	270
22	289
22	458
22	872
23	96
23	189
23	688
23	742
24	96
24	106
24	604
25	94
26	621
26	745
27	580
27	584
27	778
28	305
28	765
29	260
29	652
29	757
30	51
30	254
30	274
30	721
31	217
31	296
31	326
31	626
32	333
33	485
33	662
34	53
34	121
34	216
34	584
34	599
34	839
35	37
35	467
35	544
35	670
35	755
36	735
37	271
37	307
37	333
37	337
38	134
38	226
38	484
38	661
39	74
39	354
39	790
39	798
40	52
40	617
41	243
41	256
41	348
41	552
41	700
42	133
42	241
42	455
42	753
43	530
43	603
44	268
44	844
45	52
45	67
45	108
45	438
46	125
46	803
47	55
47	68
47	100
47	241
47	252
47	304
47	307
47	587
47	724
48	123
48	387
48	721
49	180
49	601
49	670
50	170
50	817
51	452
51	454
51	493
51	881
52	730
53	112
53	140
53	458
54	255
54	447
54	713
55	317
55	386
55	774
56	168
56	211
56	516
56	891
57	163
57	231
57	313
57	321
57	425
57	624
58	115
58	421
59	474
59	482
59	727
60	304
60	338
60	352
60	576
60	686
60	740
61	126
61	587
61	689
61	809
62	181
62	468
62	512
62	773
63	251
63	453
63	512
63	812
64	389
64	450
64	634
65	360
65	366
65	465
65	787
66	103
66	388
66	562
66	618
66	657
66	777
67	414
67	784
67	881
68	432
68	637
68	698
68	725
68	828
69	79
69	123
69	241
69	242
69	781
70	466
70	532
70	542
70	633
70	749
71	463
72	570
72	853
73	143
74	369
74	511
74	654
75	611
75	729
75	810
75	853
76	266
76	588
76	666
76	751
77	86
77	435
77	481
77	489
77	641
77	686
78	850
79	470
79	595
80	748
80	767
80	813
81	244
81	375
81	432
81	446
82	202
82	256
82	279
82	343
82	741
82	820
83	311
83	436
83	490
84	304
85	403
87	466
87	672
87	859
88	105
88	131
88	240
88	316
88	327
88	646
89	579
90	116
90	279
90	438
90	538
90	645
90	781
90	789
90	889
91	814
92	374
92	448
92	598
93	131
93	385
93	476
93	564
93	708
93	795
94	134
94	194
94	426
94	628
94	680
95	148
95	281
95	709
96	246
96	527
96	592
96	647
96	709
97	140
97	451
97	584
97	614
98	354
99	116
99	394
99	504
99	704
100	704
101	314
101	610
101	800
101	837
102	183
102	206
102	719
102	877
103	572
103	888
104	244
104	403
104	469
104	508
104	644
104	881
105	183
105	260
105	316
105	352
105	625
105	888
105	898
106	107
106	127
106	294
106	324
106	337
106	538
107	190
107	285
107	397
107	536
107	574
107	632
107	633
107	703
108	176
108	281
108	487
109	475
109	537
110	479
110	662
110	779
111	468
111	508
111	616
112	323
112	462
112	741
112	755
112	778
113	331
113	494
113	575
113	607
113	710
114	146
114	667
114	759
115	164
115	302
116	521
116	603
116	768
117	706
117	869
117	893
118	146
118	685
118	807
119	586
119	678
119	830
120	141
120	374
120	631
120	864
121	506
121	565
121	584
121	621
121	672
121	703
122	341
122	797
123	325
123	405
123	533
123	598
123	807
124	473
124	521
124	687
124	771
124	819
125	219
125	619
125	625
126	142
126	173
127	209
127	240
127	280
127	556
127	651
127	831
128	159
128	569
128	598
128	652
128	770
129	248
129	536
129	859
130	635
130	700
130	728
130	891
131	560
131	709
131	775
131	835
132	206
132	231
132	347
132	480
132	559
132	596
132	783
132	841
133	783
133	894
134	163
134	307
134	561
134	616
135	399
135	537
135	793
136	438
136	564
136	667
137	231
137	799
137	872
138	381
138	598
138	812
139	207
139	252
139	343
139	388
139	422
139	434
140	436
140	847
142	526
142	677
143	370
143	555
143	599
143	622
143	734
143	819
144	467
144	885
145	271
145	386
145	556
145	887
146	204
147	189
147	319
147	569
147	581
147	732
147	791
148	174
148	295
148	302
148	509
149	167
149	234
150	215
150	387
150	797
151	228
151	539
152	293
152	317
152	319
152	349
152	389
152	408
152	658
152	830
152	837
152	878
154	252
154	360
154	457
154	521
154	606
154	757
155	227
155	451
155	571
155	847
156	389
156	512
156	750
157	320
157	530
157	544
157	681
157	768
158	358
158	567
158	601
158	652
158	693
159	543
159	821
160	234
160	289
160	402
160	601
160	634
160	674
161	469
161	537
161	598
161	735
161	812
162	237
162	281
162	447
162	697
163	295
163	470
163	558
163	565
163	890
164	382
164	456
164	636
165	408
165	788
166	192
166	219
166	235
166	712
166	730
166	750
166	810
167	650
167	844
167	878
168	224
168	314
168	337
168	408
168	440
169	235
169	348
169	509
169	722
170	472
171	193
171	417
171	653
171	672
171	870
171	880
172	524
173	377
173	579
173	788
174	374
174	755
174	864
175	209
175	218
175	696
175	752
175	806
176	649
177	350
177	500
177	629
178	395
178	431
178	503
178	567
178	593
178	707
179	288
179	450
179	485
179	605
179	682
179	824
180	890
181	305
181	514
181	688
182	312
182	504
182	535
182	806
183	739
184	306
184	343
184	739
184	866
185	395
185	403
185	414
185	519
185	527
185	834
186	488
186	842
187	222
187	513
187	678
188	285
188	515
188	639
189	269
189	313
189	346
189	423
189	564
189	784
189	828
189	897
190	251
190	543
190	590
190	627
190	722
191	286
191	470
191	578
191	725
192	582
194	275
194	839
194	852
195	246
195	610
196	582
196	707
196	868
197	233
197	300
197	597
197	660
198	275
198	325
198	358
199	396
199	427
199	757
199	771
200	205
200	206
200	452
201	399
201	444
202	203
202	515
203	255
203	292
203	456
203	546
204	546
204	873
205	303
205	449
206	892
207	692
207	806
207	840
208	428
208	446
209	230
209	294
209	496
209	666
210	325
210	346
210	363
211	290
211	356
211	695
212	420
212	721
213	235
213	236
213	578
213	600
214	644
214	789
214	865
216	612
216	656
216	807
217	628
217	835
218	219
218	337
218	389
218	405
218	531
219	634
219	778
220	731
221	583
221	894
222	297
223	712
224	382
224	409
224	436
224	741
225	277
225	332
226	732
226	890
227	288
227	369
227	416
227	520
227	544
227	636
227	747
227	764
227	789
229	451
229	453
229	472
229	545
229	739
230	351
231	232
231	349
232	295
232	368
232	803
232	879
233	345
233	541
234	364
234	814
235	404
235	471
235	895
236	369
236	479
237	520
237	556
237	628
237	826
238	463
238	601
239	263
239	313
239	345
239	476
239	664
239	808
240	389
240	439
240	577
241	513
241	668
241	682
241	835
242	263
242	282
242	637
243	766
243	864
244	717
245	346
245	514
245	596
245	646
246	748
247	249
247	346
247	349
247	355
247	616
248	284
248	879
249	641
249	860
250	324
251	466
251	528
251	587
251	636
251	785
251	809
252	870
253	544
253	558
253	701
254	337
254	671
255	324
255	404
255	692
255	708
257	600
257	887
258	285
258	600
258	821
259	469
259	482
259	523
259	571
260	479
260	637
260	694
260	892
261	575
261	877
261	897
262	538
263	305
263	497
264	554
264	740
265	622
265	732
266	415
267	349
267	488
267	769
268	292
268	306
268	530
270	407
270	411
270	755
271	776
272	415
272	783
272	841
273	575
273	607
273	872
273	898
274	837
275	341
275	435
275	451
275	814
275	819
276	303
276	592
278	448
278	540
278	795
279	647
279	829
280	363
280	384
280	505
281	352
281	382
281	440
281	481
281	707
281	814
282	339
282	698
283	288
283	425
284	320
284	727
284	753
285	556
285	566
285	688
285	761
285	813
285	869
286	305
286	406
287	419
287	668
288	651
289	391
289	614
289	820
289	874
290	704
290	776
291	356
291	456
291	534
291	623
292	580
293	397
293	512
293	670
294	529
294	568
294	749
295	370
295	385
295	804
296	388
297	348
297	396
298	311
298	360
298	376
298	529
298	577
299	491
299	553
299	881
300	472
301	337
301	347
301	409
301	447
301	660
301	875
302	354
302	539
303	412
303	765
304	374
304	466
305	375
305	417
306	571
306	665
306	703
306	745
306	750
307	342
307	391
307	562
307	607
308	359
308	450
309	484
309	574
309	607
309	645
309	741
309	776
310	330
310	336
310	373
310	658
311	553
312	477
312	528
312	705
313	389
313	571
313	625
313	738
314	363
314	832
315	671
315	845
316	478
316	647
316	664
317	498
317	719
317	744
318	759
319	352
320	348
320	455
320	517
320	582
321	709
321	881
322	381
322	728
324	550
324	630
324	852
324	896
325	751
326	359
326	443
326	616
327	822
327	889
327	890
328	599
328	632
329	594
329	726
330	427
330	620
330	826
331	369
331	880
332	360
332	626
332	770
333	585
333	862
334	539
334	735
335	342
335	382
335	694
336	427
336	436
336	497
337	382
337	700
338	390
338	681
338	687
338	899
339	537
339	770
339	834
340	465
341	412
341	489
343	458
343	672
344	425
344	660
344	678
344	785
346	482
346	581
346	799
347	432
347	451
347	560
347	594
347	852
348	362
348	485
348	729
350	583
350	584
350	836
350	839
351	777
352	759
352	823
353	533
353	636
354	558
354	628
354	647
355	589
356	377
356	712
357	566
357	670
357	758
357	813
358	496
358	671
359	586
360	565
361	437
361	451
361	478
361	574
362	805
362	830
363	373
363	376
363	442
363	453
363	558
363	585
364	435
364	552
364	822
365	473
365	543
365	720
366	661
366	668
366	717
366	841
367	841
368	450
368	488
368	669
368	675
370	801
370	832
371	502
371	771
371	798
372	400
372	790
373	600
373	696
373	766
374	385
374	546
374	806
375	482
375	561
376	499
376	678
376	779
376	785
378	512
378	525
378	796
378	852
379	763
380	512
380	530
380	654
380	786
380	809
382	848
382	865
383	388
384	606
384	695
385	610
385	808
386	812
387	474
387	829
388	532
389	397
389	441
389	618
389	889
390	475
390	620
390	853
392	818
393	399
393	688
393	818
394	408
394	782
395	468
396	618
396	853
397	700
397	747
398	404
398	513
399	726
400	488
400	585
400	671
401	840
403	411
403	580
404	520
404	564
405	552
405	565
405	632
405	638
405	751
405	882
407	649
407	757
407	887
408	537
408	731
409	414
410	509
410	532
411	436
411	507
411	610
411	703
412	744
412	862
412	864
413	459
413	513
413	836
414	441
414	442
414	737
414	827
414	839
414	849
415	588
415	693
416	437
416	577
416	779
417	595
417	775
417	893
418	551
418	566
418	772
419	672
420	657
420	762
421	534
421	676
421	688
421	698
422	447
422	580
422	822
422	853
422	856
423	608
423	752
424	527
424	528
424	566
424	622
424	886
425	654
425	867
426	700
426	732
426	847
426	865
427	882
428	666
428	710
429	813
430	435
430	516
431	519
431	861
432	493
432	601
432	861
433	461
433	592
433	828
433	855
434	609
434	693
435	736
436	663
437	597
438	496
438	878
439	567
439	802
440	523
440	576
440	869
441	616
441	841
441	866
443	644
443	808
443	865
444	751
444	797
445	633
445	723
445	750
445	805
446	455
446	492
446	508
446	617
446	733
446	762
446	785
446	792
448	468
448	648
449	497
449	683
449	755
450	694
451	498
451	813
452	641
453	575
453	863
455	706
456	515
456	757
457	651
457	775
457	870
458	621
458	754
460	587
461	602
462	543
462	676
462	729
463	489
464	487
464	673
464	679
464	828
465	546
465	625
467	579
468	551
468	672
469	599
470	494
470	512
470	536
470	548
470	715
470	736
471	612
471	674
471	825
472	529
472	761
472	781
473	719
477	676
478	610
478	712
478	883
480	534
480	647
480	840
481	491
481	560
482	756
483	536
483	568
483	808
484	561
484	714
484	742
485	544
486	507
486	700
486	809
487	524
489	718
489	721
490	607
490	677
491	793
492	679
492	857
493	507
493	562
494	680
495	497
495	544
495	644
496	641
497	649
500	573
500	653
500	689
500	768
501	539
501	573
502	508
502	727
503	871
504	783
505	675
506	577
506	857
507	701
507	828
508	602
508	621
509	628
509	718
509	747
509	827
510	626
510	773
510	779
511	860
514	832
515	533
515	554
515	665
515	843
516	585
516	608
516	613
517	580
518	557
518	604
518	694
518	716
520	867
521	525
521	613
522	559
522	849
523	863
525	614
525	804
526	675
526	711
527	566
528	607
528	856
529	603
529	885
532	887
533	865
534	604
534	683
535	577
535	585
535	869
538	607
538	886
538	898
541	775
542	610
543	575
545	697
546	799
547	746
548	601
548	892
549	791
549	818
550	745
551	680
551	687
551	751
551	873
552	557
552	668
554	784
554	803
555	655
556	702
557	573
557	897
558	621
558	751
558	887
559	658
559	853
560	685
560	708
561	614
561	806
562	630
562	663
562	776
562	857
562	887
563	665
564	651
564	693
564	700
564	802
564	840
564	874
564	892
565	828
567	708
568	614
568	771
570	757
571	698
571	837
572	702
572	793
572	882
573	798
574	673
574	693
574	700
575	624
575	663
575	796
575	853
577	619
577	743
578	589
578	694
579	599
580	885
581	673
582	650
582	779
582	849
583	647
584	630
585	684
586	694
586	723
586	870
588	769
588	853
589	885
591	802
591	874
593	814
593	844
594	713
595	690
595	708
595	861
596	804
597	803
597	851
597	881
598	619
598	753
599	603
600	883
602	761
602	883
603	888
604	683
604	704
605	704
606	687
606	862
608	639
608	690
608	797
611	635
613	632
613	785
615	666
616	687
617	652
617	880
617	883
618	788
618	798
619	721
619	798
621	655
622	642
622	737
625	693
625	824
626	739
629	858
629	859
630	832
630	850
630	852
630	874
632	860
633	670
633	681
633	829
633	863
635	776
635	793
635	886
636	723
637	644
637	737
637	771
638	720
639	660
640	753
642	845
642	870
643	850
647	657
649	650
649	757
651	684
652	858
657	771
658	715
658	779
661	696
662	723
664	816
665	784
666	696
666	715
666	751
667	713
667	716
667	748
669	853
670	793
670	794
671	756
672	883
672	896
675	676
675	895
676	748
677	826
678	789
681	721
685	705
685	790
685	844
686	719
686	894
688	812
688	875
689	717
690	747
691	820
692	790
694	885
696	855
698	769
698	885
701	757
701	799
701	829
701	878
702	712
702	714
703	716
704	743
704	752
705	809
706	711
706	893
707	898
708	782
709	796
709	825
710	892
712	713
713	826
713	849
714	773
716	799
716	832
718	847
718	890
719	826
720	760
721	830
723	895
726	731
726	793
726	876
730	764
736	818
738	833
744	790
747	888
748	815
749	754
749	842
752	823
752	841
753	866
754	843
755	758
756	816
757	862
758	807
760	896
767	777
768	862
772	876
774	865
776	826
776	841
776	862
777	877
780	828
782	810
783	852
785	821
785	854
787	807
788	795
788	831
793	846
794	820
794	843
799	891
805	853
807	814
813	852
814	840
814	894
816	846
817	857
819	879
821	849
823	886
829	884
834	864
837	838
839	849
850	897
851	898
853	893
853	894
854	891
858	861
858	889
871	896
874	875
894	899