0	203
1	45
1	390
1	584
1	624
1	705
1	747
2	35
2	89
2	414
2	786
2	851
2	887
2	890
3	167
3	309
3	402
3	503
3	575
3	578
3	739
3	783
4	656
5	160
5	207
5	290
5	487
5	525
5	627
5	888
6	41
6	48
6	456
6	470
6	766
6	819
7	207
7	575
7	637
8	247
8	631
8	771
8	822
9	594
9	722
10	32
10	145
10	357
10	364
10	896
11	75
11	121
11	144
11	461
11	544
11	892
12	667
12	700
13	154
13	182
13	322
13	333
14	89
14	140
14	589
14	600
14	878
15	392
15	462
15	580
16	358
17	42
17	90
17	238
17	365
17	760
18	108
18	400
18	533
18	592
18	629
19	342
19	458
19	750
20	359
20	621
20	692
21	32
22	223
22	236
22	343
22	352
22	610
22	708
23	44
23	150
23	178
23	503
23	780
23	787
24	407
24	548
24	861
25	351
25	359
26	89
26	109
26	295
26	383
26	658
27	80
27	386
28	266
28	641
28	731
28	772
29	116
29	285
29	597
29	677
30	623
30	730
30	823
31	88
31	630
31	674
31	744
31	891
32	92
32	328
32	411
33	674
34	498
34	503
34	509
34	621
34	639
35	239
35	322
35	515
35	579
35	652
35	861
36	100
36	421
36	615
36	803
37	196
37	331
37	785
38	588
39	443
39	547
40	394
40	496
40	766
41	352
41	864
42	300
42	618
43	141
43	357
43	735
43	795
44	240
44	735
44	846
45	241
45	578
45	783
46	80
46	141
46	201
46	844
47	538
48	268
48	556
48	572
48	632
48	747
48	865
49	53
49	339
49	342
49	414
49	591
49	817
50	60
50	146
50	150
50	800
51	499
51	812
51	816
52	373
52	377
52	471
52	676
52	755
53	368
53	420
53	656
53	662
53	686
54	239
54	288
54	426
55	269
55	271
55	586
56	220
56	360
56	481
56	563
56	675
56	774
57	221
57	329
57	506
57	603
57	614
58	243
58	306
58	311
58	681
58	824
59	105
59	176
59	180
59	392
59	572
59	721
60	95
60	788
61	237
61	241
61	390
61	426
61	544
61	720
62	207
62	225
62	253
62	380
62	398
62	494
62	576
63	208
63	276
63	330
63	818
63	871
64	303
65	385
65	715
65	895
66	72
66	408
66	702
67	129
67	399
67	564
67	646
67	848
68	327
68	392
68	502
68	867
69	100
69	373
69	629
69	864
70	194
70	287
70	779
70	846
71	115
71	545
71	587
72	116
72	285
72	635
72	715
72	814
73	316
73	323
73	415
73	635
73	728
73	770
74	157
74	568
74	583
74	704
74	726
74	748
74	797
74	802
74	840
75	310
75	342
75	626
75	688
75	711
75	895
76	178
76	248
76	368
76	526
76	577
76	774
77	326
77	492
77	571
77	846
78	365
78	475
78	786
79	145
79	355
79	430
79	689
79	719
80	108
80	358
80	797
81	190
81	370
81	461
81	710
81	877
82	93
82	197
82	207
82	324
82	393
82	438
82	754
83	402
83	606
83	829
84	93
84	329
84	680
85	87
85	217
85	657
86	148
86	282
86	455
86	553
86	612
86	802
86	814
87	211
87	307
87	368
87	652
87	843
88	161
88	436
88	460
88	597
88	642
89	166
89	314
89	756
89	792
89	802
90	260
90	490
90	593
90	647
91	225
91	273
92	300
92	534
92	568
92	628
92	870
93	176
93	445
94	161
94	346
94	699
95	199
95	474
95	746
96	315
97	310
97	562
97	615
98	142
98	279
98	725
98	803
99	238
99	241
100	275
100	332
100	427
100	455
100	471
100	491
100	536
100	592
100	715
101	207
101	425
101	471
101	676
101	767
101	819
102	110
102	185
102	197
102	328
102	456
102	506
102	608
102	742
103	592
103	654
103	713
103	758
104	391
104	431
104	464
104	655
105	215
105	271
105	529
105	868
105	869
106	290
107	263
107	470
107	577
107	866
108	766
108	815
108	840
109	531
109	659
110	209
110	326
110	440
110	558
110	698
111	162
111	249
111	735
111	838
111	893
112	140
112	376
112	441
112	508
112	536
112	818
113	235
113	467
113	761
113	807
113	888
114	129
114	148
114	275
114	512
114	526
114	636
114	647
114	712
114	868
115	440
115	490
115	492
115	517
115	596
115	663
115	738
115	791
115	885
116	312
116	347
116	355
116	476
117	559
118	120
118	171
118	310
118	751
118	851
119	133
119	300
119	353
119	513
119	591
119	726
119	824
120	193
120	475
120	689
120	786
121	179
121	212
121	419
121	768
122	219
122	361
123	389
123	546
123	867
124	367
124	431
124	592
124	748
124	755
125	146
125	251
125	297
125	313
125	593
125	823
126	474
126	567
126	569
126	663
126	736
126	762
127	219
127	399
127	442
128	310
128	545
128	738
129	547
129	660
129	893
130	527
130	857
131	353
131	455
131	539
131	674
132	272
132	349
132	444
132	459
132	639
132	789
133	305
133	319
133	383
133	445
134	322
134	366
134	634
135	885
136	320
136	526
136	873
137	331
137	571
138	291
139	145
139	249
139	414
139	496
139	774
140	253
140	362
141	290
141	408
141	429
141	453
142	323
142	688
143	145
143	286
143	335
143	773
143	891
144	567
144	654
145	194
145	568
145	659
145	704
145	833
145	882
146	267
146	315
147	642
147	758
147	889
148	290
148	321
148	421
148	452
149	882
150	374
150	455
150	846
151	308
151	408
151	695
152	602
152	844
153	333
153	448
153	651
153	876
154	423
154	707
154	716
155	294
155	635
155	705
156	294
156	314
156	518
156	620
157	687
158	163
158	337
158	741
159	230
159	456
159	594
159	877
160	245
160	460
160	467
160	528
161	536
161	892
162	197
162	286
162	591
162	629
162	663
163	373
163	649
163	675
163	795
164	256
164	650
164	732
164	800
165	196
165	350
165	896
166	434
166	474
166	540
166	868
168	184
168	383
168	588
168	848
169	210
169	353
169	555
169	562
169	864
169	868
170	562
171	186
171	286
171	507
171	519
171	834
171	891
172	228
172	414
172	493
172	687
172	819
173	250
173	523
173	778
174	217
174	264
174	430
174	773
175	484
175	731
175	883
176	545
176	731
177	861
178	275
179	347
179	598
179	642
180	282
180	546
180	812
181	265
181	376
182	503
182	674
182	790
183	477
183	634
184	800
185	573
185	797
186	797
187	356
188	466
188	524
188	613
189	298
189	586
190	238
190	553
190	807
190	861
191	528
192	349
192	632
192	717
192	823
193	836
194	201
194	203
194	292
194	405
194	474
194	486
194	547
194	614
194	670
194	790
194	876
195	312
195	317
195	365
195	448
195	509
195	831
196	809
196	872
197	335
197	609
197	791
198	260
198	367
198	644
199	368
200	407
200	454
200	631
200	777
200	824
201	488
202	625
202	628
203	555
203	813
204	534
204	713
204	748
204	760
204	851
205	311
205	509
205	524
205	618
205	685
205	696
205	773
205	877
206	313
206	540
207	369
207	375
207	384
207	700
208	307
208	402
209	264
209	509
209	546
210	407
210	593
211	835
212	342
212	769
212	886
213	426
214	272
214	708
214	759
214	790
215	621
216	304
216	505
216	602
216	759
216	817
216	881
217	526
217	898
218	407
218	412
218	646
218	686
218	728
218	871
219	325
219	559
219	616
219	843
220	226
220	383
220	417
221	463
221	467
222	680
222	722
223	277
223	412
223	477
223	565
223	569
224	287
224	460
224	591
224	712
224	782
225	531
226	264
226	377
226	393
226	483
226	723
226	860
227	368
228	486
228	863
229	347
230	342
230	583
231	265
231	373
231	472
231	852
231	871
232	373
232	848
233	242
233	555
233	618
233	619
233	827
234	344
234	876
235	333
235	461
236	592
236	604
237	397
237	456
237	847
238	390
238	439
238	464
238	542
238	746
239	584
239	733
239	750
240	370
240	457
240	689
241	284
241	443
241	734
241	866
242	244
242	272
242	365
242	786
242	812
243	329
243	658
243	779
243	863
244	448
244	834
244	863
245	438
245	482
246	471
246	608
246	613
246	790
247	280
247	773
248	382
248	390
248	702
248	771
249	289
249	518
249	533
250	746
250	859
251	269
251	308
251	488
251	521
251	696
251	700
251	736
252	335
252	574
252	621
252	639
253	637
253	652
254	603
254	606
254	620
255	442
255	750
255	790
256	314
256	540
256	889
257	331
257	401
257	618
257	680
257	835
258	260
259	431
260	470
260	559
260	693
260	771
261	321
261	548
261	555
261	899
262	437
262	625
262	717
263	371
263	375
263	811
264	574
264	679
264	683
264	873
264	893
265	460
265	714
265	882
266	510
266	639
267	287
267	323
267	592
268	288
268	328
268	333
269	669
269	876
270	375
270	520
270	652
271	586
271	590
271	867
272	301
272	350
273	471
273	663
274	478
274	687
274	769
275	369
276	344
276	383
276	540
276	563
276	588
276	828
277	305
277	341
277	412
277	775
277	886
278	460
278	730
279	351
280	578
280	746
280	756
280	869
280	872
281	782
282	410
283	820
284	665
285	468
285	572
285	681
286	554
286	556
286	876
287	512
287	741
288	650
289	515
289	610
289	742
290	497
290	570
291	375
292	400
292	456
292	482
293	601
293	645
294	728
295	301
295	521
296	477
296	806
297	383
297	589
297	880
298	822
299	767
299	850
300	326
300	593
300	685
301	663
301	703
302	344
302	417
302	638
303	799
304	393
304	525
304	745
305	545
305	624
305	781
305	790
306	391
306	864
307	423
307	465
307	501
307	820
308	657
308	688
308	865
308	866
309	376
309	392
309	401
309	725
309	892
310	460
310	470
310	830
311	582
312	705
313	609
313	836
314	673
315	516
316	443
316	558
316	619
317	357
317	363
317	386
317	553
317	595
318	585
318	821
318	839
319	431
319	545
320	369
321	333
321	666
321	784
322	651
323	612
323	753
324	357
324	554
326	547
326	888
327	435
327	455
327	456
327	634
328	750
329	389
329	848
330	467
330	507
330	596
330	633
331	436
332	572
332	666
333	527
333	675
333	793
333	850
334	417
335	463
335	679
335	875
336	538
336	824
337	483
337	624
337	718
338	351
338	459
338	658
338	797
339	534
339	551
339	683
339	803
339	875
340	464
340	539
340	803
341	577
342	393
342	468
343	439
344	566
344	871
345	479
345	502
345	664
345	820
345	843
346	803
346	834
347	513
348	469
348	810
348	882
349	437
349	781
349	799
349	810
350	444
350	819
351	514
351	646
351	758
352	373
352	765
353	795
354	845
354	889
355	495
355	674
355	780
356	386
356	777
356	860
357	432
357	605
357	729
358	570
358	801
359	438
359	539
360	406
360	446
360	722
360	737
361	445
361	861
362	391
363	445
363	520
363	525
363	572
363	670
363	727
364	525
364	627
365	369
365	750
366	368
366	519
366	538
366	691
366	737
367	432
367	496
367	528
367	622
367	742
368	822
369	519
369	568
369	601
369	841
370	458
370	515
370	530
370	655
370	785
370	862
371	506
371	561
371	585
371	608
371	745
371	778
372	474
372	843
372	877
373	488
373	489
373	599
373	879
374	489
374	762
376	392
376	633
376	671
376	686
376	765
377	429
377	539
377	856
378	385
378	705
378	810
379	557
379	856
379	896
380	535
380	675
380	750
380	777
380	835
381	559
381	746
381	803
382	427
382	484
382	644
382	695
382	770
382	789
382	886
383	431
383	597
383	643
383	877
384	415
384	480
384	492
384	582
384	776
384	860
385	506
385	589
385	758
386	670
386	818
387	390
387	592
387	881
388	483
388	545
388	831
389	477
389	793
389	879
390	508
390	593
390	617
390	628
390	693
390	783
391	426
392	689
393	775
394	729
395	415
395	425
395	886
396	726
397	404
398	499
398	552
398	562
398	585
398	862
399	661
399	831
400	579
400	828
401	523
401	691
401	703
401	706
401	881
402	425
402	475
402	507
403	737
405	425
406	678
407	690
409	692
409	847
409	882
410	442
410	547
411	518
412	720
412	826
412	830
413	428
413	488
413	778
415	724
415	739
416	534
417	520
417	563
418	492
418	569
419	446
419	552
420	453
420	551
420	613
420	773
420	818
421	540
421	758
422	594
423	470
423	520
423	600
423	751
424	518
424	668
424	771
424	824
425	805
426	734
427	713
428	498
428	711
429	484
429	519
429	871
430	565
430	627
431	518
431	600
431	706
432	476
432	501
432	685
432	747
432	783
433	653
435	535
436	458
436	618
437	720
437	897
438	535
438	612
438	637
438	657
440	461
440	844
443	817
444	699
444	808
447	521
447	643
449	779
450	503
450	543
450	818
451	576
451	687
452	510
452	546
452	646
452	777
452	782
453	615
453	632
453	741
453	753
454	684
456	537
457	751
458	468
458	782
459	520
459	797
459	831
460	654
461	485
461	501
461	856
462	590
463	552
463	826
464	491
464	575
465	511
465	705
466	797
467	472
467	806
467	867
468	638
468	668
468	747
470	758
471	862
473	774
474	579
474	635
474	757
474	809
475	536
475	704
475	715
475	757
476	685
477	558
477	730
477	749
477	876
478	554
478	560
478	838
479	593
479	757
480	587
481	556
482	611
482	787
483	620
484	490
485	497
486	761
488	583
488	855
489	527
489	545
489	600
489	697
490	518
490	812
491	634
491	862
492	611
492	821
493	825
494	592
494	776
495	695
495	718
495	772
495	869
496	511
496	584
497	677
497	715
497	776
498	775
498	862
499	849
500	710
500	766
500	889
501	532
501	540
501	820
502	669
503	688
503	769
503	827
503	850
504	597
504	889
505	616
505	668
505	845
506	838
507	790
507	855
507	886
508	523
508	530
508	649
509	712
509	781
509	786
510	547
510	575
511	535
511	652
511	801
512	767
513	603
513	642
514	691
515	523
517	670
517	822
518	522
518	656
519	617
519	893
520	712
521	746
522	579
522	716
522	783
522	863
523	671
524	779
524	864
527	609
527	658
529	707
530	700
531	726
533	674
534	816
536	549
536	739
537	606
538	589
540	585
540	782
541	845
543	759
544	628
545	556
545	602
545	805
545	862
546	762
546	861
547	696
547	722
547	836
547	887
548	677
549	662
550	551
550	564
550	611
550	868
552	854
553	761
554	670
555	573
555	851
555	871
558	769
559	681
559	809
561	626
561	635
562	597
562	701
563	855
564	610
564	628
564	700
564	733
564	765
564	794
565	591
565	632
565	665
565	773
565	807
566	702
569	582
570	593
570	784
571	668
571	882
572	878
573	667
573	717
573	752
574	697
575	581
576	634
578	875
579	884
580	654
580	752
580	841
581	861
582	658
582	707
582	835
584	632
584	832
585	721
586	674
586	687
586	710
587	613
587	846
588	831
588	858
589	755
589	892
591	698
591	840
591	857
594	696
594	713
594	844
595	859
596	694
596	772
597	724
598	628
599	861
599	863
601	633
601	884
602	832
603	881
606	682
606	716
607	672
608	749
608	751
609	664
609	671
610	655
610	822
610	879
611	634
612	826
613	662
613	698
613	707
613	895
614	699
614	762
615	834
616	792
617	636
617	730
617	764
618	707
618	762
618	799
618	895
619	761
619	778
620	816
620	848
621	733
622	746
622	751
622	867
622	874
624	659
625	768
625	878
626	780
626	881
631	647
631	741
634	678
635	744
636	681
636	718
637	724
638	660
639	782
639	830
639	846
640	822
642	671
643	749
644	803
644	838
645	688
645	709
646	712
647	888
648	703
649	729
649	876
651	695
652	868
655	760
656	697
657	899
658	745
660	883
660	895
661	861
661	874
662	769
663	771
664	800
665	793
665	796
666	792
666	896
667	673
667	681
667	876
667	894
668	715
668	837
668	880
669	768
669	828
670	797
671	838
673	782
673	813
674	788
676	731
677	740
678	856
679	865
680	728
680	798
680	886
681	716
681	741
681	747
684	750
685	697
685	753
685	816
685	886
687	704
687	723
688	734
692	837
693	724
693	828
694	782
695	743
695	875
697	754
700	798
700	883
701	791
704	803
704	820
704	896
706	863
707	833
708	764
708	781
709	776
711	765
711	813
711	878
712	878
713	805
715	826
716	879
717	740
718	789
720	879
721	732
726	782
727	800
727	870
729	796
734	754
734	775
734	859
736	829
736	878
738	790
738	872
739	850
739	883
739	898
740	763
740	796
743	840
746	861
748	859
753	812
753	892
754	839
754	865
754	891
755	848
756	818
756	896
757	770
759	781
762	793
762	847
762	857
764	807
765	766
766	798
766	873
769	828
769	830
771	800
774	817
775	867
778	807
782	861
784	871
785	810
795	809
796	856
801	848
801	884
802	859
804	828
805	835
806	880
806	897
807	857
810	815
814	865
816	841
818	826
818	830
819	846
820	860
828	882
833	862
836	860
841	842
845	853
848	853
855	868
860	874
875	886