0	280
0	580
0	740
0	884
1	164
1	192
1	592
1	729
2	42
2	627
2	749
3	25
3	144
3	170
3	376
3	522
3	632
4	491
4	519
4	868
5	238
5	461
5	705
6	546
6	603
6	757
6	765
7	63
7	385
7	525
7	767
7	798
8	186
8	211
8	264
8	490
8	590
8	595
8	680
8	781
8	827
9	604
9	626
9	731
10	90
10	96
10	321
10	810
11	876
12	34
12	140
12	565
13	145
13	219
14	375
14	654
14	667
14	672
14	793
15	103
15	202
15	243
15	694
15	803
16	337
16	473
16	561
17	340
17	664
17	709
18	80
18	109
18	250
18	760
19	220
19	407
20	191
20	514
20	756
21	322
21	393
21	403
21	574
21	840
22	103
22	118
22	442
22	447
22	545
22	654
22	795
22	839
22	867
23	298
23	551
23	685
23	808
24	375
24	717
24	832
25	267
25	516
26	155
26	367
26	561
27	107
27	134
27	355
27	362
27	713
27	862
28	172
28	394
28	439
29	30
29	192
29	612
29	654
29	729
30	60
30	817
30	839
31	273
31	369
31	469
31	625
31	749
31	851
32	264
32	287
32	861
33	225
33	320
33	369
33	639
33	668
33	675
33	680
33	773
33	830
33	869
34	494
34	517
34	528
35	388
36	89
36	131
36	167
36	310
36	320
36	624
36	743
36	767
37	76
37	578
37	873
38	126
38	177
38	249
38	607
39	60
39	144
39	179
39	373
39	874
40	258
40	896
41	265
41	676
41	862
42	93
42	175
42	271
42	458
42	581
42	614
42	684
43	135
43	159
43	474
43	532
43	714
43	737
43	811
43	880
44	540
44	642
44	680
44	801
45	458
45	547
45	698
45	866
46	70
46	340
46	889
47	60
47	83
47	336
47	373
47	741
48	490
48	565
48	863
48	884
49	318
49	417
49	453
49	792
50	263
50	453
50	562
50	594
50	851
51	360
51	539
51	639
51	672
52	209
52	527
52	544
53	512
54	170
54	264
54	495
55	94
55	576
56	652
56	871
57	853
58	275
58	388
59	168
59	574
59	694
59	781
60	170
60	377
60	637
61	568
61	674
62	224
62	601
62	775
63	294
63	505
63	740
64	451
64	647
64	708
65	194
66	119
66	269
66	401
66	631
66	891
67	94
67	596
67	790
68	533
68	756
69	73
69	87
69	175
69	219
69	345
69	673
69	872
70	344
70	380
70	424
70	574
70	727
71	133
71	300
71	388
71	409
71	488
71	789
71	894
72	553
72	661
72	715
73	265
73	483
73	657
74	103
74	157
74	447
74	542
74	653
74	793
74	806
75	224
75	232
75	645
75	766
75	803
76	219
76	267
76	323
76	664
77	770
77	869
78	680
78	744
78	808
79	177
79	200
79	660
80	492
80	539
80	614
80	642
80	813
81	583
81	829
82	104
82	660
82	721
83	359
83	563
84	130
84	209
84	476
84	519
84	687
84	835
85	549
85	562
85	759
85	887
86	294
86	297
86	676
87	198
87	405
87	487
87	521
87	661
87	703
88	206
88	348
88	714
89	297
89	718
90	154
90	198
90	591
90	592
90	627
90	871
91	227
91	265
91	535
91	792
91	882
92	456
92	738
93	201
93	378
93	623
93	779
94	111
94	228
94	330
94	359
94	487
95	507
95	592
95	668
95	764
95	804
95	856
96	135
96	289
96	787
96	851
97	504
97	638
98	285
98	333
98	347
98	400
98	469
99	178
99	507
100	411
100	517
100	651
100	784
100	821
101	136
101	280
101	355
101	627
101	692
101	896
102	237
102	492
102	818
102	841
103	195
103	856
104	110
104	201
104	312
104	449
105	606
105	616
105	818
105	880
106	186
106	584
106	790
107	221
107	664
108	774
109	531
110	191
110	435
110	520
110	784
111	352
111	529
111	650
111	742
111	843
111	888
111	899
112	159
112	313
112	532
112	634
112	690
113	163
113	250
113	488
113	557
113	732
114	240
114	527
114	891
115	204
115	699
116	293
116	488
116	516
116	743
117	413
117	451
117	636
118	495
118	655
118	777
119	272
119	455
119	582
119	664
119	864
120	272
120	621
120	798
121	521
121	658
121	798
122	453
122	546
122	846
123	163
123	443
123	631
124	493
124	501
124	540
124	831
125	194
126	302
126	530
126	579
127	362
127	366
128	778
128	871
129	520
129	714
129	895
130	466
130	626
130	704
131	232
131	428
131	649
131	689
131	835
132	165
132	260
132	308
132	590
132	729
133	241
133	458
133	627
133	724
134	190
135	254
136	161
136	367
136	871
137	410
137	414
137	541
137	814
137	885
138	635
138	742
139	145
139	183
139	225
139	374
139	384
139	679
139	895
140	232
140	492
140	815
141	474
141	644
142	607
142	815
143	203
143	372
143	537
143	566
143	582
143	654
144	375
144	410
145	173
145	736
146	330
146	499
146	656
147	286
147	440
147	570
147	758
148	330
148	353
148	541
148	553
148	863
149	260
149	457
149	849
149	887
150	157
150	182
150	186
150	294
150	331
150	598
151	245
151	305
151	370
151	500
151	565
151	660
151	849
152	179
152	452
152	624
153	259
153	380
153	732
154	206
154	237
154	292
154	548
154	550
154	852
155	225
155	269
155	781
155	783
155	831
156	178
156	361
156	550
156	822
157	434
157	661
157	755
158	485
158	548
158	800
158	807
158	813
159	178
159	194
159	352
159	509
159	693
160	207
160	539
160	544
160	546
160	858
161	346
161	616
162	242
163	338
163	447
163	544
164	425
164	494
165	220
165	301
165	686
165	828
165	859
165	863
166	192
166	441
167	170
167	579
167	655
167	691
167	795
168	277
168	400
168	448
168	763
168	764
169	387
169	858
170	433
170	667
170	673
170	892
171	339
172	250
172	413
172	450
172	656
173	274
173	744
174	573
174	821
175	316
175	355
175	407
175	417
175	420
175	547
175	818
176	491
177	355
177	817
178	227
178	547
178	565
178	568
178	644
178	695
178	773
179	276
179	699
179	746
180	181
180	306
180	445
180	715
181	377
181	442
181	599
181	620
181	853
182	214
182	311
182	625
182	771
183	192
183	251
183	330
183	349
183	514
183	756
184	339
184	355
185	341
185	357
185	488
185	757
185	845
186	689
187	314
187	505
187	515
187	769
188	273
188	843
189	619
190	280
191	252
191	437
191	675
191	749
191	846
192	197
193	427
193	552
193	738
194	291
194	724
194	881
195	589
196	285
196	433
196	753
197	419
197	657
197	871
198	294
198	496
198	666
198	731
199	322
199	406
199	721
199	751
199	843
199	875
199	885
200	410
200	565
200	734
201	354
202	203
202	246
202	304
202	427
202	466
202	543
202	810
202	870
203	234
203	560
203	721
203	763
203	869
203	885
204	248
204	387
204	531
204	538
205	313
206	546
206	605
206	691
206	833
206	841
207	281
207	517
207	565
207	576
207	577
207	690
208	633
209	396
209	494
209	515
209	579
209	772
210	259
210	322
210	594
211	748
212	242
212	829
212	885
213	251
213	291
213	569
214	462
214	676
215	387
215	406
215	575
216	502
216	661
217	244
217	305
217	713
217	743
217	853
218	530
219	291
219	294
219	548
219	755
220	466
220	740
220	831
220	854
221	308
221	521
221	659
221	746
221	756
221	762
221	828
222	323
223	461
223	531
224	895
225	431
225	593
225	623
226	584
226	668
226	862
227	336
227	535
228	703
228	738
229	243
229	258
229	428
230	741
230	749
231	546
232	251
232	256
232	294
232	720
232	843
232	884
233	458
233	589
233	699
234	558
235	497
235	505
235	559
235	592
235	753
235	800
236	361
237	298
237	372
237	671
237	760
237	820
238	350
238	614
239	459
239	585
240	327
240	423
240	472
240	553
240	555
240	824
241	328
241	445
242	386
242	436
242	683
242	718
243	252
243	383
243	386
243	613
244	262
244	644
244	758
244	893
245	408
246	250
246	571
246	784
247	833
248	261
248	563
249	345
249	503
249	646
250	730
250	742
250	877
251	419
251	491
251	687
252	396
252	475
252	508
252	832
253	380
253	402
254	276
254	380
254	518
255	405
255	418
256	420
256	704
256	760
256	873
256	875
257	693
258	647
258	897
259	369
259	573
260	646
260	843
260	868
261	299
261	405
261	495
261	763
262	295
262	371
262	392
262	460
262	753
262	838
262	844
263	358
263	488
264	503
264	681
264	803
264	855
265	358
265	530
266	382
266	403
266	410
266	429
266	589
266	898
267	374
267	461
267	525
267	584
267	604
268	328
268	460
268	624
268	859
270	629
270	693
270	717
270	749
270	819
270	857
271	646
271	756
272	469
272	486
272	667
272	794
272	832
273	316
273	370
273	810
275	509
275	566
275	807
276	416
276	791
276	888
277	287
277	628
278	428
278	560
278	832
279	352
279	375
279	523
279	723
279	892
280	443
282	388
282	587
283	333
284	510
285	564
285	656
285	767
285	816
286	707
287	300
287	351
287	794
288	563
289	784
290	442
290	514
290	687
291	423
291	450
291	477
291	592
291	628
291	878
293	660
293	753
294	409
294	470
295	500
295	592
295	755
296	427
296	572
296	774
297	381
297	424
297	558
297	571
297	763
297	779
298	302
298	588
298	619
298	752
298	761
298	774
299	315
299	391
299	431
299	661
300	522
300	620
300	687
301	484
301	766
302	526
302	753
303	523
304	458
305	419
305	502
305	631
305	774
305	865
306	443
306	467
306	750
307	542
307	661
307	765
307	808
308	443
308	726
309	444
310	430
310	822
311	613
311	641
311	718
311	832
312	406
312	512
312	513
312	669
312	739
312	814
313	546
313	804
314	599
314	626
315	635
315	659
316	398
316	447
316	571
316	632
316	771
316	831
317	571
318	762
319	697
320	536
320	558
320	610
320	614
320	880
321	584
321	893
322	447
322	548
324	644
324	738
324	822
325	403
325	864
326	368
326	665
326	831
326	847
327	583
327	612
327	624
327	809
327	852
328	361
328	691
328	753
328	838
329	601
329	665
329	866
330	507
330	650
330	788
330	870
331	364
331	515
332	431
332	890
333	571
334	384
334	408
334	417
334	543
334	576
334	710
334	855
335	367
335	486
335	791
335	887
336	558
336	772
337	735
337	736
337	875
337	883
338	409
338	543
339	502
339	730
339	826
339	858
340	515
340	552
340	849
341	469
341	517
341	675
341	688
342	562
342	709
343	367
343	570
343	871
344	554
344	866
345	842
346	460
346	807
347	699
347	701
347	842
348	442
348	636
349	636
349	698
349	733
349	749
349	801
350	735
350	847
351	667
352	642
353	450
353	486
353	701
353	781
353	893
354	636
354	701
354	716
354	829
355	385
355	494
355	607
355	810
355	825
355	856
355	886
356	499
356	623
357	360
357	510
357	691
358	434
358	715
358	727
358	787
359	381
359	409
359	415
359	628
359	772
359	855
359	881
360	399
360	446
360	548
360	557
360	758
360	820
360	849
361	844
361	849
362	511
362	559
362	816
362	857
362	882
363	751
363	782
363	865
364	417
365	591
365	598
365	728
365	820
367	567
367	721
367	817
367	840
368	784
370	651
370	849
371	422
371	534
371	603
372	659
373	561
373	596
373	605
373	643
373	798
374	392
375	376
376	554
376	625
376	877
378	430
378	507
378	644
379	488
379	584
379	591
380	503
380	517
380	630
380	812
380	874
381	637
381	694
381	785
382	655
382	850
383	756
384	434
384	652
385	667
386	503
386	587
386	634
387	694
387	739
387	742
388	452
388	698
388	731
388	833
388	878
389	638
389	688
389	800
390	413
390	502
390	539
390	597
390	798
392	754
392	808
392	879
392	891
393	451
393	845
394	527
395	416
395	512
396	406
396	496
396	704
397	499
397	548
398	519
398	535
398	625
398	670
398	700
398	779
399	420
399	896
400	661
401	467
402	411
402	417
402	574
402	615
403	619
403	729
404	481
405	435
406	438
406	464
406	655
406	797
407	879
409	536
409	656
409	888
410	518
410	632
410	847
411	890
412	424
412	432
412	433
412	526
412	653
413	473
413	882
413	889
414	865
415	445
415	898
416	439
416	503
416	827
417	639
417	815
420	814
421	610
421	629
422	499
422	551
422	585
422	609
422	651
422	821
423	499
423	568
424	464
424	512
424	626
425	896
426	612
426	855
427	674
427	678
429	756
429	876
430	465
430	823
430	863
431	495
431	805
431	889
432	750
432	817
433	561
433	696
434	498
434	761
434	883
435	603
435	671
435	765
436	542
436	593
436	688
438	539
439	473
440	462
440	480
440	694
440	750
440	799
441	747
441	894
442	679
443	794
444	557
444	558
444	824
445	520
446	536
447	523
447	832
448	566
449	477
449	554
449	664
449	842
450	493
452	595
452	602
452	651
453	497
453	511
454	558
454	587
454	844
455	495
455	615
456	831
457	519
457	584
458	631
460	548
460	604
460	643
460	658
460	684
460	693
460	736
460	862
462	476
462	506
463	850
463	871
465	492
465	653
465	720
465	734
465	790
465	873
466	547
467	501
467	518
467	565
467	704
467	731
468	566
468	851
471	604
471	622
471	775
471	790
472	473
472	553
472	897
473	540
473	652
473	729
473	806
473	810
474	515
474	539
474	734
474	797
476	620
476	710
476	747
477	716
477	838
477	860
478	839
479	785
480	493
480	719
481	498
481	526
481	705
481	760
481	765
482	581
482	780
483	708
485	499
485	770
485	843
486	817
486	821
487	510
487	673
487	836
488	603
488	807
489	809
489	842
490	784
490	899
491	528
492	687
493	617
493	876
494	622
494	697
494	823
496	661
496	795
497	589
497	603
497	712
499	679
499	786
501	567
501	815
502	506
502	639
502	725
502	727
502	824
503	540
503	662
504	729
504	739
504	741
505	561
505	569
505	806
506	704
506	814
507	519
507	677
507	766
507	826
508	640
508	642
510	678
510	791
511	519
511	585
511	864
511	889
512	615
512	794
512	820
513	539
513	679
513	688
513	779
513	849
514	595
516	762
517	584
518	536
518	857
520	573
520	684
520	774
520	841
521	826
521	860
523	572
523	609
524	536
524	776
524	809
527	723
527	742
528	580
528	731
529	669
529	769
530	567
530	615
531	711
532	801
533	589
533	795
534	697
534	786
535	549
535	648
535	860
537	683
537	734
539	574
540	584
540	606
540	640
541	822
541	899
542	796
543	646
543	753
544	877
545	758
546	592
547	740
547	891
549	782
550	805
552	810
553	735
553	848
554	558
554	571
554	629
554	856
556	591
556	722
557	745
557	842
558	764
558	827
558	840
558	873
561	695
561	738
561	886
562	692
563	682
563	746
564	584
564	594
565	662
565	796
565	848
567	619
567	758
567	788
567	838
567	886
568	586
568	802
569	614
569	821
569	848
569	884
573	647
573	659
575	618
575	673
576	675
578	829
579	631
579	754
580	847
581	699
582	688
582	789
584	750
584	881
584	898
586	600
586	720
587	810
587	851
587	894
588	712
588	797
588	827
589	890
591	785
591	801
591	831
591	845
592	633
592	812
593	601
593	898
595	766
595	885
596	821
596	829
598	618
600	635
601	709
601	834
601	839
603	885
604	636
604	705
604	863
605	620
606	764
607	612
608	773
609	670
610	683
611	627
612	830
613	773
613	789
613	806
616	735
617	714
617	720
618	650
618	773
618	822
618	849
619	717
619	721
619	734
619	792
620	832
622	797
623	687
624	781
624	862
625	701
627	710
627	733
627	781
627	817
631	847
631	890
632	714
633	823
634	833
636	740
636	766
636	841
637	653
637	694
637	702
637	845
638	830
638	841
639	654
639	897
643	817
643	833
645	672
645	814
647	652
648	714
648	727
650	813
651	758
651	888
652	673
653	717
655	805
656	745
658	732
659	890
660	684
663	708
663	727
664	821
666	766
668	780
669	710
669	766
671	838
675	703
676	794
676	868
677	834
677	866
678	820
681	700
683	703
683	891
684	728
687	709
689	852
691	884
693	725
693	844
694	709
694	865
695	868
698	841
699	864
701	725
701	780
702	714
704	727
704	876
706	718
708	855
710	857
711	776
711	802
713	742
713	861
715	780
717	842
717	882
718	867
720	845
721	841
723	776
724	731
727	833
727	877
729	756
730	762
731	744
731	889
732	806
733	859
734	776
737	807
737	824
738	775
738	875
744	798
744	846
744	855
746	798
749	789
750	761
753	755
754	857
756	805
756	870
758	829
758	842
765	767
768	885
769	839
775	838
776	807
778	845
780	863
781	890
785	888
786	878
788	865
789	885
789	893
790	897
793	869
794	866
795	860
795	866
803	812
806	878
807	822
808	829
809	874
811	829
813	860
815	829
817	826
820	857
820	881
820	892
821	863
821	883
824	852
827	834
828	880
829	863
831	877
832	836
833	873
836	845
837	896
840	850
844	898
845	870
854	862