0	25
0	26
0	113
0	447
1	524
1	543
1	761
2	59
2	559
2	617
3	5
3	69
3	126
3	203
3	390
3	512
4	145
4	293
4	480
4	561
5	208
5	736
6	145
6	155
6	227
6	301
6	350
6	511
6	598
7	215
7	231
7	485
7	723
8	307
8	502
8	664
8	701
9	20
9	134
9	284
9	365
9	464
9	676
9	679
9	770
10	519
10	842
10	885
11	127
11	436
11	466
11	512
12	32
12	150
12	362
12	663
13	370
13	885
14	479
14	698
15	621
15	850
16	507
17	75
17	513
17	525
17	528
18	102
18	395
18	412
18	636
18	655
18	711
18	716
18	732
19	96
19	316
19	669
20	59
20	153
20	532
20	589
20	729
21	275
21	534
21	842
22	132
22	434
22	478
23	249
23	503
23	560
23	882
24	165
24	448
24	463
24	638
24	753
24	880
25	176
25	708
26	103
26	292
26	461
26	568
27	329
27	400
27	419
27	519
28	561
29	32
29	345
29	465
29	665
30	438
30	723
31	236
31	577
31	639
31	674
31	793
31	799
32	173
32	321
32	487
32	658
33	124
33	893
34	92
34	96
34	99
34	298
34	703
35	423
35	504
36	109
36	352
36	454
36	477
36	773
36	857
37	486
37	758
37	889
37	897
38	53
38	130
38	727
39	701
40	375
40	379
40	420
40	453
40	508
40	563
41	280
41	410
41	485
42	704
43	207
43	515
44	265
44	379
44	644
44	745
44	828
45	644
46	260
46	608
47	829
48	231
48	305
48	412
49	75
49	291
49	633
49	641
49	667
49	743
49	861
50	217
50	538
50	703
51	643
51	653
51	690
51	804
52	229
52	594
52	758
52	794
53	618
54	237
54	366
54	446
54	447
54	869
55	168
55	271
55	544
55	712
56	191
56	249
56	611
56	617
56	707
56	838
57	455
58	112
58	163
59	62
59	366
59	514
59	553
59	650
59	678
60	85
60	120
60	291
60	547
60	653
61	409
61	490
61	496
61	511
61	540
62	185
62	638
62	758
63	245
63	267
63	813
64	198
64	418
64	638
64	811
65	267
65	610
65	634
66	368
66	414
66	485
66	504
66	552
66	613
66	635
67	401
67	623
67	886
68	254
68	366
68	734
68	818
69	195
69	686
69	708
70	397
70	523
70	530
71	248
71	306
72	230
72	334
72	464
72	752
72	825
73	145
73	458
74	462
75	101
75	759
75	837
75	896
76	163
76	368
76	661
77	865
78	586
79	521
79	815
80	435
80	749
80	753
80	833
81	235
81	413
82	251
82	586
82	597
82	598
82	627
83	227
83	440
83	488
84	348
84	426
84	546
84	785
84	786
84	892
85	293
85	848
86	97
86	636
86	700
86	800
86	891
87	669
87	704
87	863
87	873
88	839
89	187
89	376
89	587
89	884
90	136
90	181
90	196
90	884
91	171
91	442
91	692
91	798
91	805
93	430
93	648
93	838
94	485
94	800
94	817
95	121
95	244
95	405
95	568
95	840
96	124
96	185
96	416
97	401
97	488
97	746
98	218
98	636
99	138
99	165
99	210
99	217
99	269
99	483
99	491
99	540
100	278
100	291
100	407
101	143
101	423
101	470
101	596
101	698
103	137
103	711
103	746
103	781
104	162
104	586
104	610
104	825
105	223
105	448
105	824
106	555
106	805
106	852
107	115
107	220
107	294
108	592
108	698
108	799
109	370
110	266
110	442
111	122
111	280
111	391
111	858
112	337
112	584
112	655
112	705
113	208
113	314
113	470
113	682
114	205
114	320
114	729
114	834
114	840
115	129
115	141
115	496
115	501
115	714
115	777
116	498
116	708
117	322
117	379
117	462
117	476
117	838
118	197
118	342
118	471
118	733
118	869
119	125
119	140
119	482
119	531
119	807
120	167
120	524
121	728
122	533
122	579
123	125
123	192
123	597
124	658
124	772
125	183
125	307
125	816
126	188
126	309
126	490
126	855
126	871
127	180
127	322
127	445
127	636
128	322
128	412
128	644
128	742
128	773
129	138
129	355
129	846
130	218
130	501
130	825
131	773
132	152
132	291
132	391
132	691
133	259
133	600
134	400
134	424
134	820
135	172
135	245
135	559
135	691
136	243
136	471
136	674
136	765
137	218
137	341
137	349
137	364
137	368
137	524
137	590
137	655
139	338
139	613
140	514
140	532
140	588
140	676
140	754
140	856
141	179
141	397
141	701
141	846
141	863
142	398
142	762
142	789
143	828
144	231
144	463
144	569
144	601
145	167
145	288
145	892
146	156
146	587
146	840
147	607
147	630
148	371
148	474
148	605
148	685
149	210
149	520
149	560
149	607
149	739
149	844
150	222
150	322
150	796
150	804
150	879
151	183
151	215
151	507
151	685
151	842
152	172
152	368
152	442
152	523
152	619
153	157
153	339
154	625
154	679
155	227
156	349
156	394
156	432
156	550
156	730
157	287
157	420
157	600
157	713
158	185
158	345
158	491
159	804
159	867
160	323
160	755
161	166
161	428
161	435
161	536
161	844
162	650
162	712
162	744
162	841
162	878
163	298
163	889
164	686
164	848
165	379
165	504
166	300
166	519
166	624
167	171
167	328
167	347
167	486
167	504
167	721
168	465
168	508
169	250
169	481
169	489
169	525
170	449
170	607
171	173
171	514
171	603
171	810
172	235
172	330
172	807
173	446
173	590
174	397
174	478
174	531
174	894
175	311
175	682
175	866
176	386
176	837
176	891
177	568
178	482
178	599
178	872
179	512
179	659
180	257
180	298
180	454
180	620
181	395
181	571
181	671
181	707
181	832
182	227
182	259
182	434
182	754
183	252
183	377
183	385
183	513
183	669
184	220
184	406
184	438
184	692
184	864
185	802
186	650
186	740
187	276
187	423
187	815
188	304
188	315
188	409
188	875
189	216
189	272
189	389
189	460
189	668
189	715
189	759
190	208
190	497
190	535
190	646
190	774
191	705
192	214
192	357
192	594
192	788
192	826
193	203
193	782
193	786
194	195
194	281
194	548
194	628
195	243
195	364
195	380
195	572
195	642
195	811
195	821
196	337
196	468
196	527
197	271
197	347
197	476
197	667
197	828
198	338
198	365
198	503
199	397
200	247
200	677
201	653
202	493
202	774
203	269
203	289
203	447
203	560
203	639
203	769
204	581
204	601
204	859
205	787
205	895
206	250
206	274
206	560
206	820
207	402
207	746
207	767
209	322
209	432
209	446
210	760
210	860
211	489
211	618
211	830
212	481
212	482
212	526
212	566
212	664
212	844
213	253
213	427
213	723
214	350
214	489
214	778
215	229
215	305
215	513
215	723
216	345
216	581
216	674
216	778
218	341
218	398
218	468
218	556
219	224
219	387
219	414
219	456
220	486
220	538
220	586
221	700
222	266
222	285
222	717
223	336
223	442
223	750
223	804
224	387
224	462
224	856
225	512
225	690
225	847
226	241
226	330
226	494
226	694
228	341
228	426
228	479
229	284
229	309
229	416
229	744
229	760
230	380
230	791
231	558
231	656
232	348
232	397
232	412
232	439
232	447
232	797
233	380
233	413
233	421
233	646
234	238
234	252
234	495
234	818
235	313
235	396
236	448
236	587
237	327
238	242
238	613
238	771
238	821
238	874
239	490
240	467
240	612
241	832
241	834
242	343
242	414
242	451
242	685
242	855
243	377
243	456
243	897
244	422
246	552
247	440
247	464
248	259
248	362
248	409
248	716
248	720
249	422
249	460
249	536
249	576
249	834
249	894
250	514
250	629
250	670
250	677
250	801
250	863
250	870
252	674
252	844
252	881
253	700
253	746
253	751
254	492
254	735
254	736
254	782
254	831
254	854
254	858
255	666
255	756
256	430
256	492
256	626
257	623
257	678
258	500
258	660
259	293
259	429
259	450
259	847
260	547
260	558
261	519
261	579
262	344
262	711
262	758
262	776
262	806
262	835
262	841
263	389
263	477
263	563
263	618
263	792
263	880
264	716
264	751
264	894
265	302
265	516
266	362
266	400
266	480
266	503
266	624
266	793
267	638
267	781
268	831
269	321
269	887
270	419
270	644
271	464
271	628
271	723
271	776
272	293
272	334
272	469
272	613
272	617
272	896
273	510
273	751
273	778
274	427
274	528
275	453
275	619
275	830
276	322
277	288
277	354
277	717
278	380
278	529
278	640
279	616
279	734
279	832
279	861
280	286
280	321
280	420
280	625
280	626
280	745
280	755
280	781
281	345
281	450
282	386
282	467
282	839
283	694
283	794
284	434
284	551
284	631
284	657
285	368
285	428
285	769
285	778
286	411
286	785
287	358
287	655
287	682
287	718
287	837
288	812
288	863
289	502
290	304
290	840
290	894
290	897
291	413
291	486
291	761
291	825
291	829
292	301
292	571
292	594
292	609
292	742
293	616
294	305
294	444
294	493
294	495
294	594
294	788
295	505
295	715
296	445
296	682
296	766
296	820
296	828
296	858
297	636
297	697
298	794
299	385
299	405
299	441
300	318
300	565
300	674
300	873
301	741
302	320
302	353
302	525
302	804
303	520
303	810
304	716
304	896
305	542
305	590
305	685
305	768
306	661
306	673
306	743
306	773
306	881
307	528
307	556
308	792
309	639
310	671
310	866
311	564
312	393
312	580
312	716
313	521
315	510
315	616
315	774
315	875
316	349
316	545
316	775
316	819
317	582
318	359
318	503
318	653
318	717
318	863
319	648
320	332
320	436
320	475
321	762
321	765
321	868
322	372
322	464
324	675
324	760
325	623
325	781
325	819
326	447
326	542
326	695
327	478
327	795
328	665
328	797
329	443
329	690
329	701
329	718
329	804
329	816
330	670
330	828
330	849
330	852
330	896
331	538
332	344
332	814
333	364
333	569
333	692
333	777
333	859
334	507
334	736
335	393
335	653
335	716
335	881
336	489
336	643
336	812
336	857
336	895
337	533
337	662
337	740
338	410
338	578
338	590
338	820
339	381
339	560
339	863
340	456
340	479
340	667
341	635
341	882
342	372
342	381
342	390
342	693
342	699
342	854
342	896
343	356
343	650
345	395
345	594
345	859
346	450
346	530
346	646
346	731
347	412
348	354
348	395
348	493
348	766
348	896
349	405
349	447
349	746
350	474
350	681
350	682
350	720
351	469
351	508
351	606
351	610
351	619
351	702
352	472
352	588
352	806
352	810
353	494
354	460
354	498
354	603
355	518
355	613
355	630
357	465
357	548
357	635
358	435
358	594
359	499
359	668
359	871
360	412
360	671
361	821
362	436
362	525
362	562
362	854
363	485
363	772
364	492
364	619
364	650
365	593
365	708
366	393
366	890
367	732
369	678
369	751
369	843
370	483
371	491
371	503
371	767
371	777
372	463
372	632
372	712
372	779
373	485
373	552
374	543
374	664
375	462
375	563
376	445
376	579
376	590
377	481
378	382
378	420
378	511
379	744
380	435
380	674
380	684
380	821
380	886
381	386
381	437
381	481
381	536
381	643
381	875
382	696
383	405
383	773
383	793
383	897
384	414
384	571
384	578
384	640
384	659
385	542
386	487
386	653
386	706
387	468
388	470
388	497
388	590
388	603
388	657
388	678
388	683
389	736
390	485
390	535
390	572
390	653
390	674
390	730
391	542
391	889
392	523
392	660
393	538
393	660
393	759
393	766
394	519
394	674
394	857
395	824
395	870
396	734
396	838
396	855
397	680
398	442
398	653
398	667
399	573
399	893
400	616
400	694
401	608
402	509
403	495
403	793
404	553
404	725
405	763
405	897
406	617
406	663
406	675
406	811
407	603
407	666
408	456
408	868
409	567
409	614
410	696
410	887
411	428
411	675
412	871
413	490
413	597
414	457
414	495
414	572
414	573
414	851
414	885
415	492
415	687
415	693
416	539
417	624
417	757
417	840
418	778
420	486
420	624
421	501
421	564
421	648
421	861
421	899
422	476
423	519
423	679
424	544
424	764
425	819
426	706
427	484
427	766
427	783
428	614
428	648
428	673
428	777
428	887
429	747
430	445
430	476
430	483
430	607
430	752
430	754
431	764
431	786
432	772
432	852
432	872
433	870
434	811
435	710
435	766
435	792
435	858
435	894
436	529
436	708
436	820
436	897
437	527
437	586
438	522
438	725
438	848
439	557
440	708
440	781
440	877
441	792
442	469
442	470
442	741
443	804
443	818
444	820
445	517
445	805
446	483
446	547
446	648
446	755
446	824
448	558
448	600
448	610
449	524
449	582
449	647
449	682
449	689
449	868
450	573
450	697
450	841
450	875
452	778
453	618
454	538
454	579
454	707
454	864
455	461
455	778
455	854
455	876
456	541
456	749
456	896
457	787
458	653
458	659
458	737
458	745
459	486
460	787
460	819
461	591
461	695
461	735
461	802
462	479
462	606
463	703
463	882
465	816
466	781
467	791
468	589
468	610
468	716
469	616
469	715
469	775
469	786
469	813
470	632
470	869
471	559
472	616
473	518
473	752
475	832
477	553
477	672
477	869
478	489
478	585
478	690
479	503
480	840
481	548
481	556
481	766
481	803
482	597
482	867
483	590
484	677
484	765
485	532
485	533
485	661
485	825
486	777
487	773
488	559
488	872
489	600
489	669
489	890
490	562
490	786
491	835
492	762
493	742
493	853
494	653
494	711
495	655
496	535
496	537
496	606
496	899
497	713
500	639
500	813
500	848
501	509
501	693
501	761
501	854
502	546
503	598
503	838
504	882
505	606
505	657
506	883
507	513
507	626
508	702
508	746
510	642
510	772
510	803
511	541
511	848
512	541
512	625
513	624
514	543
514	778
514	842
516	526
516	549
516	570
516	581
516	645
516	659
516	715
517	541
518	592
518	778
519	632
520	565
520	808
521	624
522	669
522	678
522	696
523	620
525	685
525	787
525	844
527	606
527	607
529	733
529	847
529	892
531	579
531	796
531	868
532	670
533	748
533	808
534	726
534	748
535	551
535	816
535	818
536	570
537	665
537	798
538	633
539	627
539	853
540	675
540	716
540	742
541	843
542	600
543	629
545	674
546	874
548	577
548	625
548	770
549	847
551	809
552	638
552	835
552	885
553	727
553	815
553	838
553	887
554	843
555	693
556	642
556	749
556	817
556	860
556	871
558	574
558	595
558	654
558	738
559	702
560	644
560	751
560	752
561	622
561	660
562	846
564	605
564	693
564	839
566	605
567	764
567	765
568	777
568	897
569	617
569	834
570	852
573	779
573	861
573	878
573	888
573	890
574	641
574	698
575	675
575	819
577	627
577	667
577	799
577	801
578	616
579	682
579	786
579	800
580	651
583	713
583	875
584	738
584	843
585	692
585	775
586	897
587	685
587	839
588	809
590	787
590	802
590	891
592	804
594	630
594	727
594	870
594	877
597	622
597	815
597	899
598	855
599	730
601	647
601	896
602	637
602	826
604	724
604	829
605	615
610	822
611	647
611	735
612	641
612	810
613	671
613	791
613	817
614	719
614	752
614	809
614	892
614	897
615	677
615	846
616	838
617	779
618	714
618	726
618	819
619	709
621	737
623	709
623	716
623	861
623	869
623	887
625	629
627	636
627	888
628	667
628	871
629	765
629	773
630	650
631	684
631	698
632	667
634	655
636	643
636	840
640	714
643	703
643	837
644	691
644	824
647	661
649	784
649	826
650	738
652	818
654	751
656	880
658	759
659	708
659	717
659	805
659	842
659	897
660	874
661	726
663	692
663	880
664	696
666	723
668	680
668	702
668	851
668	877
670	705
670	871
673	873
674	739
675	691
675	764
676	785
676	812
676	854
677	747
678	699
678	811
679	829
682	822
682	840
686	868
686	887
688	779
689	859
690	794
691	785
692	757
693	758
694	848
694	854
695	755
698	777
699	713
699	735
699	880
700	739
700	784
705	791
706	800
706	865
708	782
709	730
709	744
709	784
709	880
710	721
710	726
711	840
712	760
712	809
712	815
712	843
712	875
714	895
715	842
716	836
717	785
717	838
719	823
720	847
720	858
721	732
722	745
723	783
725	775
725	825
730	763
730	891
731	809
732	791
733	761
735	812
735	845
735	892
736	741
736	774
738	764
741	801
742	815
743	768
743	817
743	846
743	872
744	770
746	871
747	864
748	757
748	793
748	830
749	862
750	766
753	833
754	793
756	823
757	768
757	795
760	890
760	898
762	778
763	795
768	798
769	857
771	811
774	794
774	885
777	857
780	887
781	811
782	844
787	868
788	852
790	891
791	854
793	871
794	892
795	828
801	812
801	845
801	881
805	838
811	861
822	877
827	854
828	851
831	857
836	846
837	880
837	899
845	854
852	872
852	893
854	871
859	898
860	885
869	886
885	894
887	895
892	894