0	176
0	191
0	288
0	320
0	542
1	172
2	443
2	617
3	178
3	205
3	317
3	445
3	606
3	756
3	804
4	7
4	205
4	299
4	598
5	100
5	414
5	569
5	792
6	18
6	479
6	499
6	526
6	612
6	839
7	21
7	230
7	401
7	583
8	245
8	844
9	338
9	816
9	864
10	230
10	409
10	411
10	888
11	328
11	334
11	502
11	677
11	704
12	27
12	388
12	684
12	742
12	815
13	440
13	499
13	645
13	681
13	876
14	123
14	152
14	378
14	624
15	430
15	638
15	675
15	749
15	794
15	808
15	878
16	221
16	279
16	533
16	640
17	18
17	152
17	166
17	458
17	511
17	546
18	816
19	164
19	176
19	852
20	125
20	442
20	669
20	706
20	830
21	133
21	203
21	449
21	580
21	823
21	836
22	410
22	419
22	469
22	526
22	531
22	623
23	136
23	288
23	334
23	359
23	391
23	469
23	713
23	717
23	789
23	853
24	73
24	715
25	53
25	291
25	469
25	502
25	557
25	828
25	896
26	99
26	235
26	250
26	392
26	710
26	735
27	212
27	277
27	334
27	755
28	674
29	230
29	245
30	158
31	324
32	144
32	188
32	234
32	443
32	682
32	803
32	845
32	875
32	876
33	65
33	215
33	783
33	867
34	150
34	306
34	563
35	368
36	273
36	385
36	475
36	579
36	609
36	877
37	453
37	637
37	838
38	162
38	215
38	497
38	620
38	769
39	78
39	104
39	352
39	488
39	577
39	596
39	875
40	223
40	311
40	523
40	891
41	501
41	567
41	729
41	872
42	75
42	98
42	431
42	485
43	296
43	407
43	507
43	536
43	626
44	699
45	249
45	419
46	122
46	135
46	141
46	433
47	53
47	115
47	557
47	590
47	675
48	64
48	397
48	410
49	81
49	126
49	293
49	296
49	550
49	709
49	770
49	873
50	303
50	328
50	633
50	731
51	117
51	452
51	857
52	203
52	393
52	432
52	750
52	794
53	485
53	546
53	666
53	799
54	177
54	198
54	391
54	545
54	550
54	757
54	850
55	56
55	395
55	413
55	503
55	586
55	729
55	885
56	390
56	795
56	819
57	165
57	532
57	588
58	151
58	152
58	503
58	603
58	695
58	755
58	762
58	834
58	836
59	176
59	371
59	388
59	674
59	898
60	141
60	180
60	385
61	79
61	116
62	349
62	352
62	468
62	768
63	98
63	225
63	485
64	540
64	647
64	677
64	776
65	241
65	252
66	612
67	336
67	432
67	528
67	804
68	110
68	351
68	521
68	576
68	676
69	510
69	871
70	274
70	441
70	565
70	854
70	889
71	73
71	284
71	715
71	735
71	782
72	257
72	535
72	570
72	691
72	780
72	849
73	386
74	122
74	509
74	515
75	132
75	509
75	827
76	154
76	250
76	457
76	505
76	552
76	870
77	239
77	486
77	615
78	512
78	708
79	494
79	594
80	223
80	333
80	464
80	475
80	856
81	323
81	390
82	227
82	318
82	348
83	460
83	838
84	169
84	192
84	316
84	325
85	129
85	417
85	457
85	499
85	718
85	762
85	868
86	125
86	447
86	593
86	711
87	121
87	553
87	645
88	329
88	416
88	499
88	741
88	765
89	215
89	304
89	521
90	202
90	335
91	192
91	345
91	643
91	814
92	182
92	243
92	326
92	455
92	614
93	300
93	438
93	756
94	246
94	292
95	158
95	364
95	468
95	557
95	861
96	222
96	349
96	514
96	843
97	163
97	325
98	107
98	223
98	410
98	481
98	707
98	715
98	786
99	188
99	400
99	554
99	877
100	402
100	667
100	715
101	182
101	554
102	707
103	319
103	503
103	858
104	275
104	317
104	490
105	110
105	130
105	192
105	221
105	363
105	849
106	173
106	331
106	531
107	375
107	709
107	750
107	807
107	818
108	310
108	592
108	731
108	792
109	260
109	394
110	824
111	204
111	406
111	424
111	461
111	525
111	675
111	795
112	214
112	449
112	456
112	531
112	567
112	648
112	863
113	173
113	384
113	583
113	835
114	398
114	588
115	246
115	274
115	373
115	646
115	688
115	892
116	132
116	160
116	406
116	629
117	356
117	576
117	775
117	795
118	439
118	853
119	188
119	382
119	457
119	605
119	606
119	849
120	456
121	233
121	245
121	247
121	308
121	457
121	530
121	531
121	677
121	784
121	850
122	776
122	818
123	196
123	447
123	563
123	764
123	802
123	846
123	886
124	172
124	257
124	459
124	537
124	734
124	848
125	229
125	446
125	505
125	514
125	530
126	438
126	591
126	617
127	692
127	734
127	796
127	829
127	855
128	255
129	147
129	265
129	324
129	361
129	635
130	137
130	138
130	327
131	456
131	574
131	580
131	836
132	721
133	547
133	637
133	651
133	662
134	481
134	664
134	846
135	206
136	160
136	175
136	490
136	529
137	203
137	481
137	876
138	376
138	529
138	829
139	277
139	377
139	410
139	453
139	481
139	546
139	684
139	812
140	212
140	235
140	305
140	312
140	600
140	629
140	660
140	772
140	863
141	292
141	541
141	730
142	211
142	277
143	186
143	325
143	547
143	585
143	813
144	151
144	398
144	619
145	147
145	178
145	281
145	419
145	657
145	666
145	753
146	209
146	313
146	377
147	262
147	529
147	617
147	725
147	889
147	899
148	246
148	591
148	642
148	692
149	608
149	635
149	665
149	736
150	406
150	620
150	674
151	256
151	318
151	550
151	585
151	781
151	882
152	403
152	595
152	652
152	834
153	199
153	209
153	453
153	656
154	373
154	614
154	765
155	439
155	533
155	701
156	278
156	368
156	456
156	594
156	690
157	660
157	687
157	726
158	829
159	432
159	503
159	615
160	307
160	501
161	195
161	286
161	717
161	851
162	185
162	192
162	407
162	445
162	533
162	661
162	682
162	741
163	174
163	817
164	167
164	209
164	418
164	723
164	780
165	167
165	234
165	242
165	732
166	219
166	482
166	488
167	360
167	397
167	769
168	181
168	800
169	379
169	418
169	699
169	758
169	882
170	682
171	288
171	515
171	746
172	497
173	439
173	588
173	692
173	709
173	815
173	855
174	257
174	592
174	750
174	849
175	313
175	341
176	483
176	526
176	577
176	617
177	481
177	516
177	550
177	616
178	411
178	650
178	854
179	535
179	546
179	751
180	237
180	324
180	708
181	320
181	650
181	724
181	793
182	262
183	310
183	393
183	887
184	343
185	708
185	710
185	864
186	200
186	734
187	320
187	563
187	621
187	719
187	778
188	220
188	221
188	465
188	646
189	215
189	557
189	647
190	199
191	396
191	588
191	669
191	747
191	811
192	310
193	297
193	312
193	639
194	574
194	717
194	787
195	262
195	385
195	515
195	687
195	832
196	288
196	434
196	546
196	699
197	209
197	526
197	645
197	666
197	728
198	600
198	672
199	483
199	831
200	290
201	304
202	619
202	674
203	324
203	618
203	738
203	762
204	226
204	566
204	580
204	625
204	758
204	814
204	889
206	231
206	232
206	293
206	405
206	670
207	376
207	529
207	617
207	763
208	731
208	773
209	638
209	706
210	379
210	454
210	863
211	271
211	425
211	600
211	713
211	893
212	672
212	711
212	867
213	530
213	570
214	240
214	440
214	537
214	674
214	675
214	694
214	765
215	564
216	473
216	836
216	844
217	854
217	888
218	223
218	647
218	707
218	726
218	777
219	240
219	326
220	287
220	307
220	743
220	758
220	789
220	815
221	290
221	435
222	420
222	738
223	436
223	452
223	726
223	871
224	423
224	674
225	279
225	336
225	404
226	348
226	520
226	621
226	735
227	392
227	505
227	655
227	880
227	881
228	696
228	753
228	762
228	841
229	273
229	320
229	407
229	452
229	761
230	322
230	331
231	311
231	632
231	749
232	279
232	390
232	455
232	536
232	867
233	443
233	727
233	887
233	898
234	520
234	595
234	755
234	810
234	889
235	447
235	456
236	269
236	492
236	584
236	613
237	493
237	876
238	412
238	519
238	623
238	783
239	256
239	375
239	771
239	836
239	863
240	669
240	895
241	454
241	567
241	586
241	816
242	681
242	780
242	842
243	424
243	640
244	500
244	784
245	609
246	463
246	571
246	785
247	533
248	271
248	288
248	406
248	476
249	641
250	296
250	413
250	419
250	523
251	333
251	502
252	275
252	326
252	549
252	560
252	828
253	292
253	301
253	500
253	610
253	813
254	482
254	642
255	495
255	806
256	759
256	817
257	432
257	628
257	697
257	733
258	279
258	352
258	767
258	827
259	292
259	715
259	755
260	472
261	379
261	392
261	522
261	628
262	864
263	298
263	423
263	708
264	422
264	752
265	374
265	642
265	747
266	429
266	609
266	665
266	674
267	796
268	454
268	629
269	360
269	452
269	455
269	489
269	671
269	761
269	773
270	307
270	390
270	720
272	644
272	842
273	639
273	788
273	860
273	886
274	798
275	522
275	625
276	767
276	806
276	848
277	465
277	581
278	290
278	433
278	466
278	478
278	481
278	608
279	379
279	431
280	305
280	412
280	827
280	853
281	451
281	853
281	854
281	883
282	624
282	659
282	701
283	435
283	579
283	640
283	703
283	775
283	807
284	531
284	648
284	689
284	709
285	342
285	396
285	449
285	609
285	625
285	720
285	753
286	454
286	553
286	689
286	826
286	836
286	862
286	864
286	868
287	442
287	667
287	873
288	493
288	589
289	349
289	856
289	873
290	396
290	583
291	453
291	730
291	787
292	370
292	467
292	687
292	797
293	619
293	665
293	694
293	804
294	406
295	725
295	727
296	816
296	878
297	463
297	796
299	577
299	643
299	671
299	768
299	862
299	870
300	480
301	346
301	547
301	569
302	447
302	503
302	531
302	830
302	861
303	524
304	340
304	416
304	511
304	575
304	636
304	750
305	523
305	610
306	454
306	722
307	678
307	718
307	859
308	324
308	612
308	633
308	654
308	747
308	819
308	827
309	421
309	450
309	695
310	431
310	525
310	538
310	594
311	446
311	515
311	638
311	693
311	881
312	371
313	823
314	676
314	689
314	737
315	328
315	742
315	797
315	841
316	345
316	648
316	754
316	875
317	343
317	883
318	738
318	792
319	638
319	777
320	552
320	676
321	402
321	433
321	720
321	763
321	803
321	857
322	573
322	816
323	437
323	440
323	605
324	465
324	818
324	852
325	797
326	488
326	749
329	633
329	744
329	864
330	789
330	800
330	840
330	864
331	681
331	832
331	864
332	805
334	394
334	685
335	677
335	678
336	624
336	687
337	514
337	712
338	561
338	704
339	760
339	765
340	659
340	673
340	830
341	359
342	646
342	872
342	878
343	499
343	538
343	848
344	381
344	548
344	658
345	366
345	418
345	659
345	672
346	518
346	572
346	668
347	598
347	601
347	654
348	372
348	588
349	495
349	770
350	866
351	473
351	554
351	611
351	776
352	404
352	481
352	617
353	372
353	396
353	757
353	773
354	484
354	547
354	652
354	673
354	786
354	819
355	738
356	365
356	611
356	717
356	810
356	883
357	673
357	690
358	588
358	590
358	660
358	897
359	690
360	489
360	633
360	735
360	892
361	498
361	612
361	679
361	768
361	819
361	877
362	579
363	455
363	460
363	486
363	487
364	430
364	677
365	581
365	619
365	764
366	572
366	838
367	818
367	837
367	852
368	710
369	467
370	393
370	784
370	863
371	630
371	631
372	593
372	595
373	716
374	491
374	652
374	849
375	399
375	603
375	640
375	775
375	793
378	478
378	694
379	415
379	476
379	543
379	614
379	617
380	615
382	532
382	764
383	780
384	804
385	516
385	738
385	778
386	567
386	605
387	616
388	523
388	635
388	693
389	844
390	418
390	497
391	470
391	583
392	443
392	786
393	828
394	549
394	597
394	825
394	870
395	667
395	686
396	771
396	825
397	533
397	537
397	880
399	403
399	627
400	524
400	623
400	786
401	766
402	598
402	852
403	405
403	503
404	648
404	798
405	663
406	441
407	620
407	665
407	834
407	896
408	451
408	664
408	718
408	828
409	651
409	700
409	788
410	487
412	614
413	854
414	629
414	732
415	546
415	654
415	894
416	891
417	707
418	653
419	589
419	686
420	692
421	664
422	731
422	774
422	840
424	686
425	459
425	498
425	675
425	850
426	670
426	723
427	558
427	646
427	761
427	899
428	497
428	504
428	666
428	843
429	788
431	542
431	614
432	456
432	761
432	769
432	891
433	622
434	539
434	720
434	805
436	555
436	605
436	853
437	847
439	465
439	575
439	640
440	441
440	466
440	534
440	714
440	760
440	771
441	455
442	783
443	559
443	742
444	567
445	577
446	540
447	573
447	682
447	683
447	718
448	624
448	655
448	716
449	801
450	488
450	699
451	488
451	756
452	655
452	701
452	717
453	457
453	861
454	495
454	773
455	849
456	507
456	626
456	795
457	565
458	639
459	482
460	462
460	599
460	720
460	740
461	754
462	739
462	845
463	570
464	529
464	556
464	599
464	898
465	484
465	884
466	686
467	765
467	821
467	854
468	622
468	861
469	787
469	855
471	567
471	630
471	656
471	724
471	844
471	861
471	872
472	551
472	677
472	775
473	546
473	689
473	729
474	519
474	534
474	569
475	630
475	632
475	720
476	698
477	847
478	544
478	579
478	649
479	555
479	681
479	822
480	526
480	577
480	602
480	693
481	882
482	675
484	739
486	634
486	773
487	504
488	564
488	645
489	793
490	635
491	740
493	570
493	641
493	737
493	860
495	878
496	691
497	780
498	841
499	551
499	691
500	728
500	729
501	779
502	714
502	733
502	766
502	774
502	809
502	899
504	660
506	674
506	690
506	691
507	633
508	524
508	602
508	684
508	687
510	694
510	697
510	780
510	822
511	525
511	684
511	789
511	850
511	897
512	661
512	680
513	831
514	570
514	578
514	654
516	697
517	565
517	743
517	813
518	551
518	695
518	806
518	821
519	695
519	834
519	895
520	596
520	771
520	823
521	595
521	654
522	556
522	626
522	734
522	779
523	588
523	847
524	633
525	530
525	534
525	812
525	829
527	559
527	647
527	665
527	692
528	743
528	775
529	732
529	870
530	618
531	653
532	819
533	850
533	879
534	850
535	603
536	775
537	727
537	816
539	577
539	609
539	865
540	884
541	883
543	587
544	705
545	582
545	603
545	604
545	787
546	606
547	830
547	852
549	861
550	810
550	852
551	661
551	701
551	839
553	569
554	591
554	847
555	872
557	607
557	764
557	795
558	761
558	868
559	627
559	674
560	708
561	891
561	897
562	819
563	789
564	571
564	762
565	748
565	765
567	590
567	616
568	718
569	795
570	877
571	633
571	680
572	594
572	623
572	745
573	762
576	700
577	600
579	814
581	720
581	782
582	738
582	865
586	655
587	658
588	825
588	833
589	723
589	774
589	781
590	680
592	623
593	709
596	656
596	760
597	600
598	601
599	661
599	664
599	788
599	814
600	776
600	862
601	863
602	628
602	818
604	606
604	844
605	860
606	756
608	699
608	736
608	828
609	820
611	777
612	697
612	744
615	715
616	774
617	801
619	875
621	689
621	719
621	782
622	647
623	699
623	780
623	834
623	882
624	654
624	657
624	777
625	715
625	801
626	638
627	647
627	709
627	712
628	733
629	692
629	771
629	809
630	821
630	892
631	676
631	688
632	793
633	806
634	686
636	749
636	803
636	872
637	755
638	839
639	689
644	744
646	731
646	833
648	744
649	739
649	753
650	733
654	865
655	847
657	669
657	753
658	762
660	818
661	669
661	715
662	702
662	824
663	803
665	839
665	866
666	689
667	676
668	753
669	831
669	873
671	771
672	696
674	856
675	693
675	808
675	818
676	802
676	875
677	899
679	814
680	739
681	896
682	744
682	762
682	866
683	704
683	729
683	767
683	890
684	899
687	790
688	785
690	699
694	749
696	812
697	822
699	734
699	817
700	818
701	723
704	889
705	796
705	860
705	898
707	867
708	767
711	817
711	853
713	760
714	733
714	816
714	888
716	785
717	735
717	804
718	805
718	812
720	819
722	749
724	754
724	774
724	784
725	809
726	863
727	863
728	758
728	782
728	876
729	757
733	813
733	817
733	875
734	783
735	751
735	780
735	808
736	811
738	789
739	791
739	826
739	873
740	746
740	848
741	782
741	792
743	864
744	794
744	798
744	866
749	860
750	836
751	851
753	792
755	856
756	776
756	886
757	846
760	778
760	781
760	802
761	783
761	897
762	870
764	832
766	838
768	773
768	790
772	773
773	895
777	893
778	846
779	886
781	876
783	889
784	862
784	883
793	816
793	830
794	819
795	887
796	826
803	825
807	848
818	877
821	869
825	841
829	878
833	874
836	868
839	891
841	846
844	855
851	883