0	223
0	231
0	756
1	28
1	64
1	90
1	121
2	220
2	324
2	407
3	636
4	110
4	161
4	321
4	606
4	651
4	829
5	259
5	332
6	110
6	220
7	147
7	159
7	731
8	406
8	842
9	22
9	374
9	380
9	691
9	734
10	673
10	825
11	83
11	147
11	318
11	342
11	818
12	290
12	551
12	894
13	20
13	29
13	158
13	741
14	23
14	356
14	553
14	589
14	616
14	714
14	893
15	60
15	208
15	434
15	672
16	46
16	468
16	568
17	45
17	174
17	600
17	610
17	611
17	779
17	816
18	77
18	143
18	583
18	852
19	403
19	714
20	40
20	261
20	272
20	786
20	826
21	255
21	334
22	53
22	383
22	526
22	545
22	696
22	750
23	48
23	324
23	381
23	650
23	817
24	58
24	145
24	179
24	257
24	470
24	865
25	34
25	56
25	295
25	443
26	583
26	644
27	40
27	98
27	150
27	472
27	660
27	678
27	813
27	848
28	32
28	167
28	198
28	237
28	241
29	159
29	341
29	349
29	649
30	319
30	757
31	245
31	308
31	509
31	616
32	361
33	571
34	93
35	760
36	197
36	695
36	873
37	51
37	495
37	535
37	568
37	748
37	861
38	403
38	422
38	569
38	751
38	810
38	865
39	251
39	256
39	561
39	610
39	848
39	854
39	875
40	243
40	446
40	491
40	586
40	647
41	344
41	386
41	518
41	806
42	158
42	333
42	669
43	342
43	450
43	809
43	860
44	153
44	821
45	362
45	496
45	550
45	750
46	238
46	288
46	510
47	64
47	432
47	526
47	739
47	748
47	841
47	879
47	889
48	152
48	614
49	802
50	231
50	884
51	180
51	345
51	633
51	739
52	224
52	648
52	664
52	721
52	727
53	392
53	585
54	384
54	600
54	679
55	380
55	635
55	824
55	885
56	89
56	329
56	515
56	534
56	681
57	97
57	226
57	484
57	485
57	571
57	602
58	344
58	567
59	77
59	249
59	354
59	670
59	785
59	793
60	330
61	240
61	447
61	608
62	204
62	461
62	508
62	514
62	841
63	217
63	298
63	744
64	177
64	210
64	372
64	684
64	874
65	121
65	158
65	533
65	717
66	143
66	341
66	542
66	562
66	847
66	864
67	367
67	394
67	425
67	635
67	684
67	826
68	510
68	522
68	534
69	97
69	290
69	428
69	438
69	514
70	548
70	877
71	204
71	276
71	482
72	306
72	335
72	459
72	470
73	293
73	646
73	815
74	276
74	457
75	98
75	210
75	556
75	738
75	849
75	871
76	163
76	201
76	262
76	352
76	527
76	685
76	820
76	837
77	209
77	767
77	836
78	94
78	212
78	228
78	730
78	786
79	513
80	96
80	249
80	364
80	591
80	733
80	806
81	329
81	561
81	667
82	470
82	708
82	785
83	115
83	642
83	648
84	153
84	282
84	343
84	374
84	600
85	206
85	371
85	483
85	717
85	726
86	206
86	236
86	404
86	581
87	205
87	342
87	440
87	489
87	655
87	869
88	467
88	690
89	103
89	293
89	566
89	726
89	822
90	102
90	199
90	219
90	277
90	497
90	556
90	597
91	211
91	498
92	303
92	457
92	714
92	808
93	410
93	424
93	546
94	117
95	207
95	271
95	600
95	686
96	182
96	203
96	286
96	518
96	870
97	376
97	443
97	587
98	263
98	330
98	343
98	554
98	784
99	590
100	255
100	485
100	645
101	193
101	201
101	446
101	453
101	639
101	690
101	878
102	112
102	490
102	619
102	720
102	732
102	874
103	157
103	398
104	175
104	293
104	387
104	573
105	720
105	777
105	831
105	853
106	282
107	287
107	302
107	803
108	669
109	141
109	244
109	560
109	683
109	734
109	864
110	239
110	290
110	369
110	633
111	583
112	173
112	264
112	417
112	460
112	654
112	809
112	828
113	205
113	383
113	837
113	844
114	177
114	232
114	368
114	629
114	887
115	389
115	397
115	659
115	710
116	414
116	442
116	707
116	882
117	495
118	178
118	374
118	617
119	148
119	158
119	197
119	521
119	839
120	232
120	721
120	811
121	129
121	132
121	285
121	299
121	386
121	549
121	700
122	273
122	320
122	353
122	357
122	402
122	823
123	155
123	680
124	172
124	382
124	467
124	616
125	181
125	314
125	811
126	478
126	552
126	848
127	249
127	369
127	623
128	243
128	255
128	379
128	745
128	879
129	137
129	342
130	139
130	161
130	449
130	610
130	727
131	228
131	331
132	592
132	748
133	201
133	212
133	558
133	681
133	848
133	877
134	251
134	286
135	171
135	709
135	899
136	310
136	381
136	425
136	436
136	735
136	750
136	754
137	377
137	538
137	673
137	769
138	190
138	377
138	684
138	879
139	427
139	560
139	765
139	806
140	332
140	655
140	657
140	820
141	709
142	429
143	381
143	406
143	647
143	747
144	223
144	320
144	453
144	493
144	749
144	857
145	170
145	300
145	532
145	655
146	474
147	162
147	184
147	326
148	222
148	598
148	682
149	263
149	476
149	483
149	630
150	529
151	207
151	224
151	270
151	577
151	581
151	686
151	798
152	197
152	547
152	582
152	761
153	595
153	858
154	333
154	397
154	781
154	811
155	272
155	388
156	274
156	365
156	727
157	489
158	226
158	325
158	343
158	732
159	378
159	385
159	740
160	193
160	280
160	385
160	398
160	552
161	615
161	752
162	702
163	606
164	269
164	434
165	526
165	759
166	174
166	679
167	422
167	513
167	600
167	829
168	287
168	385
168	453
168	455
168	658
169	210
169	491
170	386
170	449
170	496
170	630
170	632
171	710
171	768
172	234
172	507
172	833
173	570
174	233
175	458
175	761
175	899
176	294
176	827
177	209
177	213
177	534
177	692
177	824
177	831
178	482
178	708
179	207
180	238
180	304
180	441
180	550
180	571
180	681
181	232
181	457
181	852
182	241
182	344
183	614
183	718
184	261
185	196
185	241
186	360
186	363
186	499
186	569
186	602
186	676
187	428
188	377
188	516
189	230
189	236
189	294
189	297
189	614
190	331
190	350
190	388
190	757
190	770
191	213
191	425
191	449
191	604
191	750
191	751
192	323
192	343
192	370
193	574
194	279
194	444
194	711
194	864
195	254
195	332
195	583
195	788
196	268
196	676
196	702
197	395
197	537
197	700
197	701
197	842
198	376
198	379
198	699
199	866
199	892
200	217
200	295
200	336
200	378
200	452
200	546
200	711
201	349
201	455
201	570
201	695
202	218
202	305
202	442
202	799
202	884
203	342
203	449
203	837
204	319
204	381
204	751
205	263
206	315
206	555
206	700
207	419
207	488
208	297
208	848
209	572
209	616
209	832
210	457
210	495
211	261
211	626
212	461
212	765
212	842
213	843
214	728
214	789
215	540
215	663
215	882
216	316
216	505
216	777
216	833
217	330
217	541
217	548
217	705
217	734
217	749
218	557
218	562
218	595
218	687
219	364
219	411
219	867
220	599
221	471
221	590
222	309
222	311
222	453
222	526
223	314
223	635
223	642
223	736
223	748
223	839
224	338
224	529
224	674
224	795
225	251
225	284
225	368
225	436
225	822
226	527
226	748
226	836
227	694
228	270
228	695
229	814
229	856
230	621
230	663
230	880
231	445
231	504
231	657
231	734
231	867
232	891
234	324
234	450
234	454
234	516
234	544
234	721
235	273
235	384
235	588
235	613
235	706
236	396
236	455
236	476
236	871
237	386
237	647
237	681
237	866
238	499
239	276
239	619
239	625
239	626
239	704
239	759
240	247
240	248
240	301
240	318
240	620
240	679
241	577
241	735
241	748
241	876
241	877
242	454
242	502
242	850
243	832
244	276
244	725
244	735
244	802
244	809
245	336
245	502
245	638
245	686
246	415
247	555
248	598
248	804
249	256
249	345
250	527
250	709
250	861
251	299
251	340
251	376
251	380
251	633
251	743
251	782
252	461
252	715
253	640
253	763
254	301
254	407
254	532
254	612
254	869
255	486
255	645
255	835
256	767
257	759
257	770
258	536
258	661
258	762
258	797
259	261
259	317
259	325
259	512
259	638
259	877
260	654
261	372
261	379
261	684
261	799
262	310
262	649
263	377
263	527
264	405
264	510
264	868
264	872
265	481
265	638
265	696
265	840
266	311
266	318
266	578
266	629
266	832
266	871
267	330
267	587
267	676
267	828
267	894
268	361
268	506
268	525
269	367
269	593
269	831
270	701
271	309
271	392
271	515
271	828
272	695
272	724
273	331
273	447
273	596
273	682
273	702
273	844
273	866
274	431
274	442
275	506
275	555
275	635
275	892
276	446
277	411
277	843
278	556
278	820
280	422
280	490
280	643
280	776
281	327
282	322
282	535
282	588
282	594
282	838
283	696
284	651
284	858
285	504
285	873
286	324
287	293
287	571
288	467
288	509
288	808
288	860
288	861
289	362
289	389
289	438
289	493
289	898
290	779
291	782
291	834
291	899
292	605
292	798
293	681
293	739
294	522
294	644
294	821
295	541
295	727
295	766
296	354
296	367
296	678
296	891
297	321
297	493
297	721
297	748
298	467
298	641
299	558
299	756
300	548
301	391
301	503
301	856
302	519
302	849
302	892
303	418
304	473
304	495
304	517
305	521
305	534
306	437
306	771
306	804
306	821
306	893
307	379
307	586
307	857
307	895
308	310
308	316
308	318
308	431
308	497
308	893
309	472
309	796
310	475
310	481
310	588
310	713
311	584
311	899
312	408
312	506
313	446
313	529
315	340
315	567
315	770
316	496
316	726
318	414
318	509
318	859
319	367
319	721
320	424
320	494
320	621
320	623
320	745
320	799
320	866
321	367
321	605
321	722
321	893
322	725
322	808
322	834
323	476
323	846
324	532
324	569
325	422
325	894
326	497
326	694
327	362
327	513
327	775
328	607
328	896
329	383
329	515
329	576
329	698
329	736
329	896
330	407
330	453
330	525
330	546
330	704
331	615
331	819
332	483
332	509
332	566
332	572
333	659
333	887
334	569
334	636
334	761
335	740
335	845
336	411
336	648
336	730
337	434
337	480
337	748
337	749
337	878
339	488
339	712
339	775
340	701
341	427
341	465
341	698
341	701
341	769
342	510
342	569
342	744
342	869
343	465
343	615
344	588
344	808
345	535
345	554
345	604
345	614
345	622
345	642
346	485
346	763
347	389
347	516
347	658
347	666
347	736
347	828
348	469
348	516
348	535
348	774
349	530
349	859
351	617
351	693
351	792
352	528
352	729
352	746
352	867
354	412
354	803
354	840
354	865
354	873
354	888
355	412
355	429
355	625
355	659
356	378
356	544
356	663
356	676
356	726
356	856
357	548
357	757
357	837
357	885
358	582
359	562
361	379
361	452
361	748
362	448
363	677
364	570
364	711
365	609
365	764
366	442
367	417
367	520
367	626
367	769
367	819
368	700
368	779
368	858
369	870
371	469
371	561
371	620
372	382
372	669
372	677
372	739
373	469
373	491
374	621
374	675
374	716
374	762
375	514
375	741
376	377
376	453
376	654
376	787
376	898
378	425
379	380
379	395
379	480
380	525
380	664
382	475
383	448
383	528
383	770
385	798
386	432
386	436
386	453
386	700
386	756
386	843
386	897
387	555
387	599
387	621
387	817
387	832
387	859
387	877
388	815
389	571
389	618
389	888
390	523
390	687
391	450
391	880
392	805
392	860
393	422
393	477
393	581
393	613
393	791
394	561
394	678
395	458
395	621
396	860
397	618
397	795
398	599
398	612
398	619
399	627
399	672
399	708
399	766
400	420
400	500
400	723
400	882
401	472
401	532
401	631
401	682
402	442
402	670
403	718
403	753
403	816
404	411
404	620
405	485
405	497
405	524
405	624
406	620
406	871
407	657
407	750
408	563
408	695
409	730
409	875
410	865
410	877
411	784
412	435
412	547
412	548
413	553
413	639
415	422
415	449
415	501
415	887
416	553
417	812
417	890
417	892
418	769
419	534
419	833
420	466
421	798
421	865
422	713
422	772
422	775
423	599
423	867
424	473
424	622
425	739
426	429
426	583
427	538
429	483
429	550
429	697
430	877
431	518
431	659
432	786
432	878
433	691
433	880
434	739
434	868
435	651
435	730
438	590
438	719
438	830
438	864
439	561
439	774
439	899
440	528
440	609
440	860
441	485
441	608
441	862
441	881
442	528
443	548
443	663
445	652
446	767
447	782
447	803
447	861
449	595
449	628
449	647
449	673
450	879
451	610
451	642
451	675
452	561
452	652
453	586
453	665
453	786
454	660
455	495
455	646
455	798
455	849
456	683
457	618
457	699
458	529
458	632
458	859
458	889
459	713
460	669
460	832
460	891
461	648
462	770
462	850
462	858
463	860
464	470
464	756
465	635
465	700
466	496
466	661
466	708
466	828
466	883
467	633
467	675
468	595
468	839
469	516
469	650
469	863
470	730
471	586
471	636
472	477
472	659
472	836
473	502
473	812
474	530
474	679
474	785
475	770
476	504
476	817
477	508
477	686
478	710
478	728
479	741
480	497
480	845
481	785
483	592
484	500
484	898
485	511
485	838
487	545
487	558
487	841
488	660
488	857
489	529
489	816
490	631
490	632
490	674
490	783
491	500
491	530
491	547
491	569
491	671
492	562
492	576
493	882
495	519
495	540
496	563
497	544
497	562
497	583
497	839
497	856
498	632
500	838
504	548
504	819
504	878
505	553
505	623
506	681
506	844
507	833
508	760
508	868
509	534
509	794
510	656
511	685
512	797
514	527
514	609
514	846
515	724
515	806
518	797
518	805
518	888
519	721
519	791
521	758
521	825
522	843
524	566
524	784
525	730
526	605
528	718
530	635
531	565
533	590
533	663
533	737
533	785
533	877
534	600
537	541
537	707
538	700
538	782
539	623
539	641
539	659
541	633
541	824
541	845
542	558
543	747
544	621
544	879
545	662
545	690
545	833
547	560
547	644
547	755
547	820
549	741
549	844
550	732
552	655
552	820
552	829
552	847
552	874
555	620
555	892
556	588
556	799
557	681
557	811
559	848
560	793
561	792
561	895
562	668
564	761
565	678
565	796
566	648
567	663
567	769
567	832
569	683
569	744
570	591
570	701
570	868
571	837
571	854
571	861
572	765
573	702
574	622
574	689
574	866
575	796
575	799
576	607
576	624
576	676
577	656
577	820
578	864
579	894
580	783
580	796
582	876
583	815
584	629
585	661
588	710
589	850
590	653
590	733
591	727
591	734
592	646
592	817
593	609
594	648
594	716
594	738
594	816
594	881
595	653
595	753
595	879
596	682
596	809
596	828
599	606
600	735
600	882
601	766
603	640
603	708
603	793
604	634
605	787
607	638
607	669
607	767
609	805
609	873
610	645
610	725
611	676
614	721
616	632
616	768
617	727
618	688
618	734
618	738
619	626
619	720
619	810
620	651
620	706
622	724
622	849
623	726
623	775
623	805
625	726
625	740
626	814
630	814
630	829
631	679
631	779
632	877
633	742
633	796
634	742
636	757
637	859
638	881
640	656
640	690
640	735
642	747
643	886
644	838
645	705
645	764
645	854
648	756
650	777
651	659
651	831
652	742
652	820
653	666
653	688
653	736
656	753
656	769
658	828
658	856
658	883
661	799
661	807
661	851
663	697
664	899
666	756
666	771
669	682
670	716
671	843
674	703
675	754
675	796
675	801
675	853
675	855
678	898
679	883
682	758
683	710
683	757
683	848
684	766
686	735
686	885
687	714
687	736
688	766
689	790
689	845
690	771
691	703
692	771
696	878
697	822
698	742
698	807
699	818
700	739
700	779
701	704
701	808
703	803
704	885
705	787
706	813
706	817
707	842
708	895
709	896
710	856
711	884
712	786
712	851
714	874
717	767
720	797
721	737
721	848
722	746
722	778
725	844
727	867
732	802
732	863
733	840
735	827
738	820
738	849
742	745
742	857
743	800
753	820
758	846
761	823
762	898
769	887
769	891
772	830
773	882
773	890
777	799
778	810
778	853
779	798
780	793
780	834
782	888
783	817
785	865
797	813
797	881
799	821
803	806
805	820
808	851
817	881
825	852
825	889
827	841
829	877
830	872
833	886
835	839
842	844
850	885
852	881
857	878
858	886
862	868
862	873
874	898