0	384
1	170
1	444
1	477
1	662
1	845
2	15
2	140
2	710
3	445
3	494
3	718
4	52
4	383
4	486
5	249
5	429
5	508
6	127
6	511
6	746
7	210
7	327
7	367
7	776
7	884
8	37
8	113
8	465
9	304
10	471
10	655
10	666
11	124
11	351
11	524
11	556
11	623
11	809
12	63
12	195
12	396
12	580
12	665
13	795
14	409
14	507
14	586
15	64
15	298
15	391
15	543
15	679
15	800
16	567
17	190
17	529
17	586
18	193
18	320
19	106
19	145
19	435
20	740
21	772
22	56
22	111
22	173
22	272
22	543
23	240
23	247
23	587
23	808
23	878
24	460
24	483
25	194
25	207
25	362
25	435
25	582
25	646
25	702
25	729
26	267
26	461
26	489
26	557
26	661
27	56
27	65
27	197
27	269
27	489
27	733
27	759
28	53
28	170
28	271
28	449
29	229
29	357
29	563
29	619
29	638
30	48
30	194
30	572
31	64
31	244
31	353
31	860
32	113
32	150
32	224
32	506
32	528
32	657
32	749
33	352
34	344
34	350
34	513
34	830
35	137
35	768
36	82
36	122
36	192
36	220
36	358
36	468
36	517
36	896
37	206
37	463
37	516
37	558
37	620
37	667
37	834
38	211
38	440
39	313
39	499
40	67
40	268
40	816
41	537
41	651
41	876
42	333
42	500
42	633
42	774
43	79
43	251
43	317
43	390
43	559
43	786
43	804
44	358
44	728
45	70
45	258
45	861
46	300
46	532
46	705
47	709
47	755
48	124
48	603
49	232
50	194
50	342
50	424
50	607
50	766
51	534
51	544
51	624
51	768
52	96
52	650
52	806
53	268
53	871
54	209
54	238
54	368
54	430
54	738
54	758
54	791
55	261
55	422
55	736
56	516
57	226
57	230
57	254
57	443
57	641
57	705
58	97
58	501
59	201
59	297
59	590
59	824
59	899
60	83
60	132
60	143
60	168
60	245
60	490
60	530
60	676
61	84
61	234
61	472
61	608
61	891
62	416
62	766
62	775
63	438
63	452
63	469
63	618
64	261
64	272
64	273
64	429
64	547
65	179
65	187
65	210
65	542
65	580
65	584
66	78
66	403
66	573
66	844
66	850
67	169
67	285
67	537
67	844
68	361
68	486
68	555
69	160
69	400
69	451
69	492
69	617
70	519
70	583
70	699
71	111
71	487
72	676
72	758
72	768
72	878
73	87
73	143
73	522
74	609
74	799
75	247
75	519
75	543
75	652
75	658
75	860
75	897
76	85
76	488
76	553
76	582
76	725
76	805
77	576
78	140
78	286
78	345
78	396
78	408
78	434
78	552
78	605
78	640
79	176
79	185
79	325
79	724
79	848
80	143
80	367
80	619
81	104
81	456
81	544
82	274
82	280
82	404
82	687
83	222
83	339
83	465
83	506
83	778
83	882
84	119
84	282
84	413
85	568
85	620
86	108
86	448
86	474
86	531
86	676
86	803
87	99
87	392
87	470
87	600
88	112
88	286
88	343
88	710
89	432
89	543
89	578
90	443
90	548
90	693
90	714
90	729
90	836
91	146
91	202
91	278
91	629
91	725
91	892
92	151
92	315
92	325
92	368
92	531
93	116
93	227
93	258
93	519
93	733
93	788
94	197
94	221
94	563
94	678
94	694
94	784
95	117
95	234
95	674
96	108
96	364
96	639
96	764
96	873
97	689
97	847
98	396
98	484
100	539
100	598
101	663
101	719
102	507
102	571
102	617
102	646
102	717
102	756
102	816
102	862
103	177
103	332
103	868
103	881
104	156
105	717
105	729
106	174
106	244
106	364
106	428
106	693
106	756
106	874
107	737
108	126
108	157
108	232
108	257
108	429
108	533
108	542
108	637
108	753
109	474
109	569
109	572
109	656
109	715
109	819
110	136
110	198
110	815
111	139
111	170
111	542
112	313
112	703
113	136
113	194
113	307
114	335
114	341
114	857
115	566
115	610
115	895
116	153
116	312
117	174
117	844
118	637
118	672
119	398
119	422
119	606
119	705
120	350
120	358
120	420
120	510
120	549
121	365
121	435
122	130
122	220
122	272
122	606
123	190
123	779
124	127
124	435
124	584
125	262
126	252
126	312
126	432
126	465
126	512
127	175
127	861
128	214
128	289
128	290
128	449
128	654
128	694
129	130
129	203
129	533
129	560
129	685
129	867
130	703
131	500
131	828
132	364
132	385
132	549
132	747
133	224
133	238
133	417
133	626
134	167
134	192
134	590
134	686
134	738
134	745
135	232
135	420
135	628
135	862
136	379
136	475
136	699
136	790
136	811
137	460
137	600
138	655
138	780
139	437
139	805
139	892
140	344
140	396
140	487
140	817
141	247
141	430
141	790
142	195
142	724
143	428
143	897
144	463
145	271
145	369
145	393
145	525
145	599
145	641
146	217
146	463
147	288
147	648
148	185
148	678
148	817
149	214
149	316
149	452
150	279
150	363
151	848
152	415
153	694
154	252
155	247
156	214
156	216
156	323
157	286
157	390
157	613
158	654
158	702
159	355
161	379
161	401
161	443
161	460
161	704
161	709
162	560
162	575
162	665
163	470
163	763
163	769
163	853
164	253
164	357
164	561
164	852
165	746
166	363
166	593
166	635
166	893
167	194
167	272
167	657
168	238
168	709
168	737
169	295
169	622
169	738
171	174
171	326
171	616
171	728
171	766
172	593
172	785
172	886
173	340
173	627
173	738
174	191
174	360
174	595
174	812
174	887
175	305
175	315
175	347
175	609
175	736
176	185
176	759
177	287
177	650
177	846
178	376
178	388
178	391
178	441
178	832
178	851
179	349
179	836
180	493
180	600
181	527
181	622
181	642
181	852
182	188
182	381
182	628
182	702
182	796
183	378
183	448
183	542
183	591
183	625
183	793
184	226
184	252
184	310
184	661
184	663
184	717
185	716
186	219
186	350
187	222
187	300
187	712
187	769
188	196
188	519
188	668
188	677
188	751
188	837
189	364
189	472
189	734
190	328
190	460
191	790
192	460
192	585
192	722
192	835
193	315
193	845
194	582
195	355
195	701
196	305
196	534
196	646
196	708
196	831
197	325
197	815
198	482
199	374
199	380
199	390
199	593
199	866
200	229
200	323
200	856
201	490
201	495
201	498
201	591
201	662
201	736
201	767
201	814
202	716
202	732
202	841
203	290
203	424
203	531
204	307
204	877
205	615
206	366
206	648
206	682
206	750
206	898
208	414
208	471
208	603
208	658
208	687
209	264
209	745
209	756
210	214
210	350
210	576
210	746
210	758
210	778
211	540
212	589
213	575
214	301
214	506
214	652
214	716
214	771
214	874
215	446
215	514
215	756
215	814
216	378
216	739
217	349
217	353
217	436
217	473
217	649
217	752
217	866
218	449
218	611
218	834
219	308
219	394
219	563
219	653
220	605
220	840
221	383
222	231
222	499
222	704
223	408
224	250
224	679
224	788
224	873
225	417
225	648
226	331
226	391
226	758
226	780
227	494
227	519
227	863
227	874
228	678
229	661
230	493
230	647
230	780
231	233
231	643
232	365
232	520
232	616
232	623
232	892
233	380
233	678
233	781
234	274
234	303
234	559
235	596
235	701
236	428
236	613
237	645
237	759
238	239
238	577
238	729
238	743
239	443
239	529
239	738
240	421
240	435
240	591
240	696
241	300
241	359
241	463
241	637
241	744
242	436
242	452
242	825
243	735
243	770
244	424
244	448
245	304
245	367
246	614
246	806
247	412
247	475
247	625
247	696
247	710
247	896
248	538
248	827
249	304
249	336
249	884
250	314
250	542
250	670
251	710
251	721
251	766
253	297
253	735
254	274
254	331
254	888
255	860
256	356
257	303
257	653
258	349
258	367
258	675
258	764
259	306
259	647
259	753
259	789
259	862
260	534
262	292
263	323
263	699
263	762
263	871
264	308
264	692
265	783
266	576
266	774
267	526
267	750
267	827
268	506
268	684
268	773
268	835
268	888
269	325
269	401
269	485
269	781
270	294
270	304
270	545
270	654
271	341
271	350
271	521
271	770
273	287
273	392
273	500
273	740
274	318
274	703
274	704
275	340
275	430
275	491
276	564
276	797
277	327
277	409
277	552
277	664
277	717
278	819
278	823
279	493
279	504
279	515
279	723
279	753
279	793
280	287
280	432
280	762
281	754
281	760
281	881
282	410
282	489
282	897
283	343
283	400
283	471
283	804
284	301
284	335
284	424
284	755
284	756
285	430
286	369
286	501
286	539
287	319
287	397
287	443
287	838
288	558
289	608
289	765
290	297
290	507
291	747
291	787
292	392
292	736
293	309
293	371
293	578
294	478
294	505
294	663
294	765
295	558
295	814
296	802
297	880
298	783
299	390
300	353
300	541
301	334
301	424
301	452
301	603
301	627
301	787
302	460
302	507
302	569
302	643
302	844
303	732
304	427
304	825
304	854
304	885
305	333
305	402
305	580
305	706
306	649
306	853
307	308
307	390
307	541
307	547
307	646
307	684
307	736
308	879
309	335
309	497
309	777
310	315
310	613
310	619
311	785
312	470
312	622
312	714
313	577
313	608
313	856
313	865
314	587
314	624
315	426
315	536
315	548
315	564
316	600
316	823
317	393
317	531
317	676
317	845
318	439
318	448
318	615
318	654
320	497
320	890
321	498
321	880
322	361
323	348
323	422
323	487
323	653
323	718
323	858
324	397
324	765
324	829
325	547
326	461
326	596
327	562
327	807
328	494
328	595
328	670
329	439
329	488
329	867
330	733
331	403
331	455
331	493
331	546
331	547
332	736
332	818
333	375
333	529
333	882
334	554
335	801
336	409
336	456
336	581
337	444
337	758
337	807
337	871
338	461
338	635
338	829
339	586
340	381
340	620
341	388
341	584
341	632
342	535
342	716
343	389
343	678
344	607
345	409
345	441
345	448
346	511
346	570
346	712
347	451
347	512
349	626
350	393
350	556
350	579
350	631
351	683
352	365
353	845
354	576
355	408
355	673
355	847
355	881
356	506
356	707
356	803
357	484
357	668
359	609
359	864
360	675
360	702
360	711
361	382
361	806
363	387
363	727
363	738
363	762
364	512
365	659
365	849
367	397
367	618
367	816
368	590
370	793
371	599
371	651
371	691
371	749
372	484
372	647
372	792
372	804
373	440
373	667
373	823
374	379
374	641
374	704
374	826
375	693
376	837
377	462
377	549
377	647
378	592
378	603
378	798
378	806
378	887
379	496
379	503
379	829
380	805
380	863
381	593
381	602
381	795
381	809
382	397
382	426
383	504
383	523
383	787
383	860
384	416
384	623
384	634
385	601
385	647
386	574
386	781
387	552
387	858
389	719
389	823
391	483
391	598
391	696
391	736
391	779
392	501
392	620
392	684
392	700
392	710
393	480
393	618
393	703
393	848
394	533
394	554
395	800
396	534
396	827
398	440
399	455
400	442
400	491
400	623
401	648
401	734
401	832
402	422
402	640
403	565
403	601
403	710
404	599
404	602
405	522
405	745
405	806
406	423
407	433
407	503
407	806
408	610
409	502
409	622
409	639
409	744
410	721
411	518
411	832
412	436
412	567
414	526
414	659
415	430
415	491
415	601
415	864
417	517
417	694
418	461
418	470
418	531
418	604
418	873
419	547
420	464
421	468
421	718
423	447
423	839
424	655
424	767
425	434
425	509
425	620
425	740
426	567
427	529
429	779
430	456
430	565
430	644
431	530
431	847
432	536
432	589
432	637
432	804
432	876
433	533
433	765
434	567
434	742
434	836
435	489
435	612
435	652
436	704
437	529
437	854
437	856
438	463
438	550
439	508
440	441
440	469
440	506
440	519
440	819
441	506
442	735
442	771
442	833
444	677
444	871
445	828
446	688
446	743
446	809
447	514
448	634
449	710
449	806
450	833
451	531
451	555
451	566
452	459
452	804
452	816
453	519
453	673
453	772
453	889
454	477
454	487
454	753
455	678
455	869
456	721
456	750
456	872
456	890
457	843
458	500
458	612
458	677
459	532
459	642
459	785
459	888
460	725
460	820
465	515
465	862
466	723
467	722
467	742
468	610
468	650
469	534
470	536
470	557
471	759
473	872
475	699
475	703
476	589
476	872
477	665
477	759
477	880
478	706
479	659
479	844
480	485
480	504
480	767
481	648
481	778
481	879
482	599
482	600
482	632
483	526
483	740
483	850
484	702
484	735
484	763
484	818
485	655
486	820
487	628
487	643
489	590
489	657
489	671
489	832
490	544
490	559
490	618
490	782
491	861
495	673
496	542
496	613
496	752
497	748
497	757
498	618
498	712
498	734
498	811
499	596
499	696
500	518
500	527
503	504
503	611
503	647
503	709
503	785
503	827
504	525
504	686
505	652
506	582
507	531
508	610
508	864
508	892
509	589
511	576
511	794
512	630
512	708
512	715
513	604
513	735
514	560
514	727
514	858
515	853
516	749
517	530
517	883
518	528
518	783
519	800
520	859
521	796
521	821
522	779
524	581
525	554
525	569
525	705
525	781
525	827
528	725
528	730
529	550
529	599
529	624
529	877
530	584
530	617
530	736
530	830
531	550
531	887
532	778
533	545
533	848
534	784
536	586
536	791
536	883
537	708
538	582
538	887
539	685
539	882
540	543
540	711
540	869
542	543
543	564
544	567
544	615
544	888
548	754
549	617
549	769
549	877
550	614
550	641
550	643
550	700
550	755
551	628
551	675
551	731
551	770
553	632
553	822
553	855
554	563
554	708
554	798
555	572
555	796
556	740
557	725
557	783
558	599
560	716
561	780
562	664
562	765
562	819
563	587
563	719
564	625
565	729
566	865
567	639
567	793
568	775
569	720
569	732
569	845
569	889
570	871
571	684
571	696
571	754
571	893
572	693
572	866
573	588
573	652
573	880
575	661
575	731
575	735
575	740
578	596
578	821
579	849
579	886
581	742
582	781
586	756
586	899
588	800
588	815
588	864
591	822
593	666
594	879
594	887
595	635
595	829
596	597
596	738
597	767
597	789
597	809
598	651
598	885
599	623
599	686
600	709
601	654
602	716
604	718
605	675
605	693
605	761
605	838
606	786
607	611
607	665
607	816
608	855
610	660
610	840
611	634
613	627
613	687
613	752
614	633
614	758
614	820
616	842
617	772
617	840
617	874
618	718
618	887
620	809
621	667
622	841
624	754
624	818
626	653
626	673
626	711
626	796
627	743
627	849
628	717
629	646
630	857
631	771
631	790
632	712
634	747
634	759
635	643
636	894
637	749
641	867
646	834
647	692
649	697
649	737
651	883
652	656
652	861
653	685
655	758
656	867
658	871
660	768
660	849
664	898
666	682
669	881
670	751
671	801
672	762
672	778
673	892
675	794
676	725
678	872
679	779
680	724
680	757
680	786
680	797
681	819
681	887
682	687
682	721
682	736
682	870
684	827
684	849
686	827
687	834
688	782
689	811
689	817
689	885
690	779
690	834
692	805
693	780
694	767
695	884
696	733
696	836
698	782
698	882
699	768
700	724
701	865
704	827
704	876
706	730
706	770
707	727
708	870
709	724
709	759
709	885
710	791
713	899
714	753
715	817
716	744
717	730
717	832
718	830
718	868
721	894
722	890
723	761
724	801
725	882
726	882
728	741
728	870
729	767
729	788
730	824
732	774
732	801
732	807
734	741
734	784
737	810
739	807
740	827
740	897
745	844
746	772
746	782
753	853
754	871
755	768
755	773
755	796
759	782
759	812
762	816
766	820
769	789
770	811
780	829
784	810
785	807
785	856
788	847
790	823
791	794
796	840
798	882
804	812
805	808
805	871
806	882
810	829
810	849
811	892
813	878
814	819
815	831
817	878
819	875
822	833
826	868
831	863
832	863
836	846
842	891
845	870
846	853
859	875
870	899
876	898
879	881
880	894
882	887