0	317
0	830
1	140
1	271
1	531
1	736
2	234
2	668
3	388
3	643
3	760
3	777
4	30
4	286
4	349
4	611
4	657
4	707
4	849
4	862
5	169
5	368
6	62
6	208
6	446
6	503
6	669
6	794
7	193
7	406
8	256
8	274
8	421
8	543
8	605
8	667
8	870
9	508
9	579
9	606
9	804
10	102
10	146
10	248
10	277
10	297
10	744
11	57
11	133
11	774
11	842
12	43
12	95
12	398
12	781
13	178
13	290
13	296
13	330
13	470
13	666
13	775
14	43
14	244
14	509
14	824
14	891
15	485
15	645
16	86
16	100
16	359
16	486
16	565
16	648
16	751
16	803
17	278
17	624
17	722
17	806
18	723
19	261
19	295
19	462
19	731
20	24
20	162
20	167
20	359
20	530
20	586
20	679
20	850
21	47
21	445
21	448
21	622
21	792
22	72
22	308
22	406
22	513
23	376
23	581
23	714
23	778
23	853
24	51
24	613
24	741
25	226
25	335
25	498
25	762
26	55
26	305
26	735
27	508
27	782
28	332
28	662
28	677
28	861
28	873
29	210
29	219
29	330
29	528
30	494
30	654
30	721
30	801
31	407
31	460
31	508
32	301
32	379
32	461
32	564
32	600
32	654
33	64
33	106
33	436
33	504
33	510
33	831
33	895
34	359
34	537
34	654
34	722
34	742
35	842
36	426
36	448
36	591
37	55
37	426
37	559
38	243
38	246
38	291
38	542
38	712
38	758
38	897
39	46
39	176
39	750
39	880
40	45
40	432
40	540
40	763
41	332
41	371
42	689
43	193
43	197
43	767
43	829
44	116
44	411
44	470
44	534
44	840
45	271
46	458
46	625
47	62
47	369
48	117
48	300
48	686
48	716
48	825
49	120
49	361
49	473
49	607
50	123
50	198
50	272
50	304
50	339
50	391
50	591
50	783
50	791
50	874
51	85
51	583
51	633
51	685
52	297
52	746
53	722
53	899
54	88
54	162
54	197
54	825
55	627
55	707
55	751
55	889
56	129
56	800
57	535
57	544
57	683
57	854
57	892
58	128
58	583
58	744
58	871
58	891
59	76
59	247
59	281
59	480
59	512
59	649
60	78
60	182
60	190
60	259
60	524
60	805
61	396
62	725
63	379
63	779
64	573
64	606
64	639
64	735
64	826
65	661
65	723
65	742
66	145
66	371
66	882
66	897
67	165
67	532
67	614
67	651
68	247
68	251
68	390
68	641
68	812
69	130
70	542
70	669
71	316
71	387
71	564
71	697
71	863
72	275
72	338
72	535
72	629
73	473
73	763
74	221
74	775
75	144
75	146
75	434
75	506
75	588
76	261
76	287
76	379
76	484
76	488
76	546
76	605
76	676
76	690
76	728
76	860
76	863
77	322
78	111
78	222
78	359
79	252
79	666
80	182
80	331
81	276
81	603
82	191
82	249
82	493
82	691
83	153
83	188
83	457
83	684
84	407
84	436
84	644
84	661
85	336
85	443
85	497
86	155
86	304
86	598
86	717
87	328
88	108
88	621
89	140
89	664
89	783
89	820
89	843
89	882
90	365
90	416
90	633
90	770
91	388
91	632
91	724
92	259
92	261
92	381
92	584
92	815
93	225
93	308
93	336
93	446
93	679
93	778
93	840
94	122
94	558
94	585
95	300
95	600
95	757
96	570
96	833
97	284
97	678
97	896
98	351
98	369
98	884
99	262
99	298
99	473
99	644
100	171
100	296
100	461
100	796
101	372
101	537
101	750
102	114
102	519
102	697
103	147
103	377
103	698
104	798
105	335
105	399
105	551
105	718
105	784
106	133
106	407
106	413
106	615
107	647
107	653
107	744
108	449
108	597
108	735
108	778
109	205
109	263
109	392
109	522
109	767
110	514
110	547
110	685
110	796
111	203
112	162
112	305
112	442
112	675
112	693
112	722
113	135
113	426
113	605
114	224
114	240
114	323
114	475
114	488
114	509
114	533
114	535
114	741
114	762
114	853
115	697
116	377
116	454
116	595
116	735
117	214
117	626
118	223
118	251
118	670
118	715
118	890
119	199
119	292
119	297
119	357
119	569
119	601
119	603
120	766
120	862
120	896
121	177
121	481
122	302
122	378
122	413
122	437
122	751
122	843
122	881
122	896
123	129
123	337
123	459
123	472
123	620
123	748
124	145
124	292
124	317
124	382
124	643
124	678
125	855
126	177
126	208
126	691
126	742
127	166
127	269
127	279
127	379
127	556
127	633
127	777
128	490
128	842
129	304
129	462
129	524
129	546
130	258
130	280
130	500
130	625
130	813
131	334
132	205
132	296
132	721
132	742
132	750
132	785
132	839
133	665
134	304
134	475
134	587
134	729
135	143
135	485
136	478
136	539
136	662
136	710
136	737
136	767
137	491
137	493
137	520
137	583
138	243
138	340
138	695
138	709
138	724
138	775
138	873
139	141
139	313
139	368
139	713
139	828
139	833
140	495
140	512
140	731
140	781
140	888
141	202
141	537
141	740
141	746
142	405
142	827
143	184
143	249
143	333
143	530
143	577
143	860
144	525
144	615
145	373
145	463
146	699
147	528
147	544
147	701
148	249
148	340
148	554
148	846
149	328
150	717
151	172
151	340
151	376
151	682
152	727
153	613
153	680
154	276
154	330
154	515
155	196
155	645
156	256
157	252
157	342
157	561
157	712
157	727
157	826
157	865
157	880
157	897
158	341
159	285
159	871
160	219
160	270
160	477
160	666
160	824
160	868
161	571
161	655
161	782
161	869
162	413
162	433
162	664
162	698
162	883
163	467
163	713
163	776
163	809
164	524
164	848
165	437
165	446
165	567
166	219
166	293
166	381
166	436
166	460
166	845
168	245
168	589
168	864
169	264
169	472
169	815
170	361
170	429
171	551
172	291
172	760
173	234
174	228
174	290
174	472
174	652
175	536
175	645
175	807
177	207
177	650
178	417
178	457
178	720
179	413
180	224
180	230
180	248
181	299
181	349
181	366
182	680
182	727
183	469
184	219
184	823
184	863
185	251
185	462
186	315
186	499
186	704
186	855
187	387
187	455
187	546
187	776
188	295
188	408
188	550
188	637
189	512
189	890
191	231
191	551
191	681
191	768
191	819
192	586
192	878
193	495
194	678
194	828
195	288
195	728
195	826
196	410
196	469
196	610
196	843
197	210
197	800
198	283
198	825
199	262
199	426
199	470
200	397
200	503
200	708
201	625
201	670
201	818
202	206
202	213
202	630
203	207
203	614
204	557
204	691
205	319
205	626
205	676
205	724
205	826
206	218
206	488
206	578
206	580
206	618
206	778
206	890
207	291
207	385
207	418
207	717
207	858
208	224
208	394
208	836
209	250
209	373
209	377
209	496
209	645
209	676
209	744
209	750
210	249
210	486
210	507
211	388
212	432
212	606
212	724
212	726
212	740
212	743
213	601
213	679
214	832
215	336
215	791
216	247
216	434
216	503
216	743
216	771
216	849
217	443
217	599
217	621
217	847
218	227
218	318
218	358
218	476
218	738
219	396
219	839
220	285
220	635
220	756
220	872
221	807
222	282
222	448
222	451
222	681
223	539
223	594
223	650
223	735
224	232
224	268
224	308
224	471
224	568
224	621
224	661
224	866
225	617
226	257
226	376
226	395
226	690
226	770
226	801
227	326
227	371
227	632
228	326
228	368
228	713
228	838
229	271
229	276
229	734
230	303
230	607
230	861
231	687
231	899
232	366
232	566
233	571
233	651
233	775
234	619
234	765
234	884
235	439
235	634
235	743
235	850
236	812
237	318
237	327
237	591
238	569
238	631
239	455
239	498
239	562
239	607
240	261
240	433
240	689
241	284
241	439
241	635
242	822
243	786
244	251
244	760
244	772
244	842
244	880
245	328
245	403
245	544
245	890
246	273
246	324
246	555
246	573
246	604
246	737
246	828
247	604
248	433
248	597
248	636
248	678
248	769
249	277
249	665
249	803
249	826
250	345
250	543
250	571
250	625
250	764
251	312
251	712
251	853
252	376
253	801
254	327
254	474
254	725
254	809
255	454
255	458
256	454
256	644
256	683
257	447
257	475
258	656
259	350
259	403
259	436
259	714
259	750
259	845
259	886
260	396
260	529
260	810
261	347
261	602
261	708
262	475
262	571
262	610
262	674
263	600
263	667
264	401
264	479
264	535
264	722
264	787
265	563
265	601
266	362
266	525
267	581
268	390
268	540
268	813
268	864
269	334
269	698
269	813
270	404
270	603
270	688
270	885
271	309
271	614
271	676
272	602
273	521
274	374
274	727
274	827
274	878
275	306
275	504
275	870
276	364
276	537
276	697
276	740
276	892
277	344
277	553
277	701
278	633
279	592
279	621
279	639
279	644
280	383
280	527
280	611
280	635
281	338
281	374
281	777
281	791
281	893
282	299
282	333
282	394
282	402
282	476
282	815
283	406
283	645
284	303
284	670
284	777
284	797
285	430
285	451
285	591
285	771
285	815
286	339
286	506
286	517
286	710
286	779
286	844
287	401
287	410
288	728
288	875
289	311
289	430
289	587
289	702
290	498
290	567
291	660
292	369
292	666
292	741
293	347
293	405
293	503
293	660
294	783
294	837
294	868
295	349
295	664
296	595
296	876
297	655
298	497
298	521
298	650
299	629
299	648
300	401
300	826
300	850
301	614
301	791
302	306
302	326
302	376
302	708
303	522
303	540
303	739
304	551
304	627
304	752
305	405
305	468
305	682
305	866
306	398
306	466
306	485
307	426
307	442
307	504
307	538
307	684
307	726
307	868
308	728
308	746
310	345
310	358
310	558
311	511
311	585
311	696
312	540
312	638
312	799
312	839
313	317
313	485
313	542
313	679
314	511
314	698
314	755
315	383
315	521
315	737
315	765
315	766
316	558
316	600
316	609
316	657
316	725
317	578
317	602
317	660
318	580
319	399
319	447
319	622
320	612
320	668
321	674
321	876
322	571
322	696
323	394
323	402
323	460
324	443
324	611
324	630
324	663
324	749
325	758
325	835
326	365
326	610
327	766
328	389
328	395
328	509
329	354
329	564
329	747
329	853
330	691
330	727
330	897
332	863
332	882
333	592
333	778
334	379
334	468
334	878
334	896
335	391
335	401
335	595
335	637
335	686
336	417
336	518
338	543
338	577
339	388
339	492
339	498
340	573
340	579
340	868
341	355
341	466
341	730
342	472
342	495
342	525
342	666
342	831
343	385
345	511
345	545
345	640
345	677
345	718
345	744
345	774
346	685
347	677
347	821
348	540
348	751
348	823
349	648
349	730
350	494
350	506
350	751
350	766
350	782
351	881
352	386
352	394
352	564
352	604
352	774
353	526
353	736
354	467
354	764
354	839
355	399
355	485
355	502
355	528
355	537
355	553
355	615
355	821
356	400
356	420
356	587
357	574
357	641
358	635
358	892
359	754
360	560
360	707
361	413
361	527
361	754
361	772
361	892
363	605
363	794
364	593
364	637
364	657
364	679
364	695
364	753
364	843
365	370
365	534
365	852
365	865
366	387
366	521
366	594
366	627
366	753
367	476
369	420
369	429
369	598
369	845
370	433
370	595
372	530
372	643
373	517
373	554
373	630
373	708
374	449
374	856
375	387
375	535
375	572
376	845
377	432
377	779
377	894
378	481
378	505
378	526
378	734
378	789
378	810
379	450
379	623
380	551
380	644
380	835
381	412
381	599
381	650
381	799
381	858
382	458
383	428
383	564
383	726
383	788
383	808
384	500
384	816
385	470
386	522
386	583
386	650
386	679
386	717
387	572
387	646
387	741
388	496
388	544
388	546
388	566
388	866
389	446
389	697
389	719
389	889
390	475
390	515
390	711
391	497
391	509
392	641
392	713
392	831
393	570
394	599
394	604
395	404
395	884
396	549
396	557
396	815
397	651
397	657
398	466
399	449
399	473
399	553
399	697
399	827
401	497
402	526
402	641
402	779
403	587
403	735
404	467
404	569
404	606
404	747
405	487
405	598
406	890
408	524
409	427
409	790
410	478
410	851
411	429
411	432
411	455
412	497
412	505
412	700
412	898
413	511
413	546
413	756
414	453
414	537
414	618
414	697
415	740
416	506
416	823
417	421
418	667
418	704
419	577
420	691
420	710
422	675
423	693
424	425
424	628
424	737
424	745
424	893
425	531
425	572
425	672
425	696
425	756
426	579
426	752
427	819
428	482
428	802
429	536
429	621
430	827
431	712
431	806
432	477
433	667
433	861
434	534
434	613
434	760
435	702
436	809
436	849
437	479
437	754
438	672
439	598
439	667
440	774
441	540
442	823
443	716
444	896
446	556
446	713
446	762
446	781
448	694
448	705
448	819
450	774
450	781
452	636
452	809
452	885
453	593
453	683
453	797
453	873
454	500
454	660
454	813
454	873
455	510
456	583
456	704
456	827
457	509
457	644
457	658
457	698
457	773
458	484
458	509
458	774
458	867
460	737
460	827
461	477
461	700
461	725
461	885
462	545
462	726
462	765
462	806
462	861
462	899
463	501
463	632
463	894
464	840
464	898
465	570
466	613
466	764
467	498
467	515
467	644
467	686
467	783
468	682
469	569
469	898
470	552
470	623
470	731
470	880
472	777
472	817
473	595
473	610
474	776
474	853
474	865
476	666
477	633
478	481
478	822
480	519
480	611
480	620
480	821
481	588
481	814
482	850
483	582
483	814
484	658
484	780
485	558
485	603
486	694
487	689
487	737
487	826
488	511
488	759
489	602
489	742
490	615
491	603
491	809
492	604
492	731
492	857
493	803
494	549
494	881
495	731
495	780
497	576
497	683
497	724
497	771
497	807
498	842
500	648
500	745
501	676
501	687
501	761
502	622
502	736
502	745
502	795
503	777
503	811
504	868
505	672
505	899
506	729
506	817
507	512
507	608
507	894
508	618
508	716
510	821
510	847
511	574
511	730
512	554
512	558
512	721
513	522
513	528
513	750
514	683
514	812
515	573
515	633
516	694
516	793
518	621
518	760
518	863
519	683
520	659
520	850
522	756
523	655
523	657
524	627
525	567
525	599
526	560
526	832
526	882
527	632
527	764
527	770
527	869
528	547
528	752
528	847
529	635
529	790
531	585
531	586
531	776
531	803
532	655
533	643
533	846
534	600
536	849
536	867
537	810
540	556
540	791
540	878
541	573
541	657
541	699
541	770
542	620
542	643
542	737
543	560
543	625
543	858
544	741
544	795
545	889
547	725
547	893
547	896
548	761
548	812
551	581
551	763
554	582
554	703
555	898
556	558
556	617
557	767
558	574
558	679
559	603
560	745
561	592
563	787
563	859
565	679
567	718
567	762
568	632
568	817
569	596
571	749
572	574
572	617
573	665
573	698
573	711
573	792
575	708
577	664
577	665
577	715
577	843
578	851
579	718
580	582
580	865
582	641
582	718
582	771
582	838
584	619
584	672
585	693
586	828
587	688
588	763
588	864
590	693
590	807
591	605
591	782
595	603
595	785
595	864
596	618
597	620
597	628
597	856
598	634
598	802
599	848
600	827
600	831
601	856
602	898
603	610
603	870
606	862
609	820
610	643
610	771
610	835
611	782
611	867
613	789
613	877
614	642
616	808
618	690
619	821
620	684
620	747
620	862
624	667
625	854
626	802
626	820
627	735
627	782
627	819
628	850
631	736
631	805
632	706
632	777
632	888
636	848
636	869
636	895
637	660
637	725
638	687
638	850
639	865
640	757
640	768
640	806
641	701
642	660
642	664
642	731
642	859
643	845
644	673
644	830
646	650
646	662
646	845
646	848
647	763
648	736
648	790
649	897
650	867
650	885
653	781
654	815
655	705
655	861
657	763
657	791
657	800
658	686
658	879
659	768
661	677
662	860
663	692
663	716
664	882
667	761
667	812
668	869
669	791
669	891
670	874
671	721
671	768
672	802
672	869
674	816
675	703
676	863
676	884
679	741
681	750
682	722
683	695
683	787
684	895
686	824
687	815
690	737
690	870
691	755
695	782
696	706
696	742
696	775
698	744
700	832
700	853
700	867
701	760
702	739
704	825
704	831
704	844
706	709
708	746
709	718
709	757
710	744
710	841
710	899
718	847
719	844
720	862
722	758
722	783
722	825
723	821
725	893
726	797
730	876
731	782
732	733
732	867
733	851
735	754
743	887
744	873
745	849
745	861
745	864
746	815
746	879
748	796
748	872
749	876
755	810
757	891
763	814
767	815
768	853
769	877
772	824
774	820
775	820
775	878
777	822
779	886
780	890
781	799
781	822
783	814
784	826
785	858
792	798
792	811
793	881
799	870
801	856
803	810
804	851
808	846
810	812
810	878
816	842
816	857
820	882
823	886
829	883
829	887
834	899
836	864
837	892
841	878
847	880
851	883
860	887
860	896
862	888