0	19
0	76
0	78
1	4
1	18
1	42
1	48
1	67
2	12
2	25
2	50
2	87
3	53
3	56
3	66
3	75
4	21
4	43
5	19
5	68
5	93
6	51
6	72
7	13
7	23
7	31
8	80
9	50
9	80
10	20
10	44
10	62
10	88
11	81
12	15
12	68
13	36
13	50
13	63
14	22
14	52
15	16
15	40
15	54
15	68
15	71
15	77
16	42
16	54
16	82
17	22
17	38
17	49
17	53
17	58
17	87
18	36
18	48
18	70
18	73
18	91
19	59
19	94
20	22
20	24
20	49
20	50
20	52
21	84
22	33
22	58
22	67
22	98
23	57
24	57
24	84
24	86
25	71
25	95
25	97
26	62
27	85
28	58
28	76
28	85
28	89
29	34
29	43
29	64
29	70
29	73
29	82
30	38
30	44
30	62
30	64
30	72
30	78
30	95
31	35
31	45
31	58
31	97
32	45
32	71
32	79
33	55
34	41
34	48
34	57
35	81
35	92
36	49
36	53
36	85
36	89
37	45
37	80
38	46
38	60
38	61
39	66
40	87
41	74
41	77
42	51
42	63
42	81
42	89
43	61
43	70
43	90
43	91
44	63
44	93
45	87
46	74
46	99
47	89
48	55
48	78
49	63
49	92
50	73
50	87
51	68
52	55
52	93
54	57
54	87
54	92
54	99
55	58
55	99
56	62
56	89
56	99
57	61
57	69
57	86
58	84
59	85
60	62
60	84
60	95
61	71
64	73
65	71
65	92
66	71
66	78
66	80
67	70
67	85
67	89
68	76
68	85
68	89
70	74
71	78
72	73
75	83
79	94
80	89
81	92
82	96
85	96
88	91
91	97
92	97
93	98
95	97