0	28
0	35
0	45
0	64
0	94
1	34
1	65
2	17
2	57
2	75
3	23
3	68
3	74
3	97
4	28
4	31
5	12
5	26
5	46
5	98
6	29
6	39
6	84
7	37
7	84
7	91
8	19
8	22
8	39
8	94
8	99
9	46
9	62
9	65
9	70
10	40
11	13
11	18
11	27
11	95
12	52
12	95
13	27
13	59
13	68
13	75
13	76
13	84
13	89
14	18
14	40
14	66
14	93
14	96
15	27
15	36
15	87
16	34
16	63
17	20
17	68
19	24
19	56
19	57
20	31
20	92
21	28
21	29
21	49
21	51
21	53
21	58
21	59
21	61
21	76
21	98
22	23
22	31
22	64
22	80
23	39
23	70
23	82
24	62
24	83
24	89
24	96
25	44
25	58
25	69
25	82
25	86
27	33
27	53
27	55
27	69
27	72
27	93
28	40
28	50
28	54
28	61
28	89
28	91
29	54
29	72
29	77
29	85
30	36
30	58
30	94
31	68
31	76
31	79
32	99
33	59
33	64
33	93
33	94
34	64
35	41
35	69
35	81
36	57
36	91
37	64
37	79
38	61
40	79
41	47
41	94
42	64
42	76
42	84
42	99
43	48
43	56
43	59
43	85
46	72
47	76
49	58
49	70
49	77
49	79
50	66
50	84
52	67
55	79
57	64
58	76
59	63
59	97
60	82
61	62
61	80
62	67
62	83
63	69
63	72
63	84
64	97
65	86
65	89
66	81
67	82
67	91
68	70
69	70
69	88
70	90
71	74
72	85
73	91
74	85
76	79
77	94
78	94
81	95
82	84
82	97
83	85
88	94
92	99
96	97