0	1
0	16
0	19
0	85
0	90
1	21
1	34
1	58
1	96
2	25
2	49
3	48
3	51
3	64
3	76
3	80
3	91
3	97
4	10
4	20
4	30
4	44
4	88
4	94
5	45
5	66
5	95
6	13
6	46
6	55
6	68
6	79
6	95
7	29
7	45
7	58
7	83
8	18
8	21
8	27
8	66
8	99
9	66
9	95
10	31
10	33
10	43
10	50
10	64
10	75
11	15
11	72
11	74
11	94
12	37
12	43
12	59
12	60
13	21
14	51
15	19
16	89
17	81
18	49
18	50
18	85
19	25
19	68
19	88
20	23
20	58
20	59
20	76
20	78
20	81
20	89
21	44
21	66
21	90
22	24
22	63
22	97
23	62
23	67
23	85
24	30
24	48
25	40
25	43
25	94
26	51
26	61
27	42
27	50
27	58
27	70
27	77
27	82
27	98
28	52
28	78
29	42
29	53
29	54
29	72
29	86
30	60
30	64
31	75
31	91
32	80
32	91
33	61
33	93
33	95
34	52
34	69
34	76
35	41
35	42
35	45
35	51
35	58
35	82
35	89
35	98
36	65
38	59
38	63
38	98
39	57
39	69
40	59
41	58
42	71
42	72
42	80
43	47
43	62
43	86
43	94
45	79
45	84
45	85
46	76
46	98
47	52
47	77
47	83
48	64
48	87
49	53
49	70
50	68
50	95
51	56
51	96
52	83
54	57
54	69
54	98
56	84
56	94
57	68
57	77
57	83
58	77
59	60
59	97
61	80
61	82
62	72
62	85
63	95
64	67
64	77
65	90
66	69
67	73
67	75
68	70
68	74
71	84
74	98
75	78
75	99
76	90
76	94
77	98
80	83
80	94
82	84
82	98
87	92
96	99
97	98