0	8
0	17
0	42
0	59
0	66
1	24
1	41
1	78
2	25
2	56
2	79
2	89
3	6
3	24
3	27
3	79
3	81
4	15
4	32
4	50
4	51
4	90
5	11
5	12
5	41
6	9
6	14
6	96
7	31
7	57
8	58
8	89
8	91
9	14
9	58
9	69
9	95
10	23
10	58
10	70
10	88
10	95
11	91
12	23
12	41
12	43
12	68
12	85
13	59
14	48
14	87
15	50
15	75
15	89
16	37
16	54
16	55
16	62
17	18
17	60
17	73
18	33
18	54
18	64
18	87
19	41
19	99
20	47
20	55
21	37
21	55
21	92
22	83
23	28
23	32
23	56
23	78
24	54
24	92
25	44
25	52
25	70
26	48
26	49
26	62
26	79
26	81
26	82
28	50
28	51
28	63
29	34
29	63
29	73
30	47
30	79
30	80
30	82
30	84
31	38
31	40
32	40
32	69
33	52
33	76
34	75
35	47
35	97
36	71
36	74
36	86
37	70
37	83
38	41
38	43
38	57
39	41
39	44
40	50
40	51
40	61
40	63
40	96
41	47
41	82
42	53
42	54
42	92
43	82
44	74
45	53
46	91
47	53
48	67
49	59
49	63
50	65
50	69
50	95
51	71
51	95
51	98
52	58
52	78
52	84
55	74
56	66
56	70
56	98
57	59
57	69
58	62
58	80
58	95
59	84
62	66
62	72
62	95
63	72
63	73
64	96
65	92
65	98
68	72
68	96
70	86
70	89
71	83
71	93
71	98
72	76
72	94
75	89
76	98
77	98
78	82
79	86
83	87
83	98
86	96
86	99
87	97
88	90
92	93
96	99