0	5
1	47
1	88
1	91
1	95
2	54
2	96
3	18
3	42
3	73
3	80
3	85
3	96
4	21
4	57
4	85
4	86
5	33
5	74
6	34
6	39
6	40
6	44
6	81
7	36
8	10
8	67
9	53
10	20
10	71
10	98
11	77
12	16
12	32
12	35
12	43
13	30
14	23
14	57
14	70
14	89
15	16
15	19
15	22
15	81
15	87
16	29
16	40
16	65
16	79
16	98
17	18
17	70
18	30
18	32
18	69
18	85
18	94
19	50
19	55
19	74
19	96
20	69
21	45
21	59
22	62
22	82
22	96
23	36
23	58
23	62
23	96
24	63
24	79
24	88
24	98
25	62
25	81
25	93
26	44
26	50
26	71
26	77
26	91
27	38
27	73
28	85
28	96
28	99
29	69
29	74
29	80
29	95
30	56
30	58
30	91
31	36
31	38
31	70
32	35
32	43
32	49
32	52
32	60
32	65
32	77
32	85
34	47
34	87
34	95
34	98
36	75
36	85
37	67
37	87
37	92
38	48
38	92
38	97
39	48
39	51
39	77
39	92
40	59
40	93
40	95
41	56
41	79
41	95
43	51
44	49
44	58
44	77
44	89
45	83
46	52
47	54
47	84
47	97
48	60
48	97
49	52
49	94
50	69
51	60
52	57
52	58
52	73
52	89
53	78
54	64
54	77
56	89
57	67
58	99
59	60
60	77
61	77
61	78
62	71
64	80
64	90
65	67
65	75
66	73
68	71
68	72
70	83
70	95
73	88
73	90
73	98
75	79
76	89
76	91
76	93
77	89
81	90
84	93
85	86
85	91
97	99