0	10
0	15
0	61
0	80
0	82
1	16
1	29
1	45
1	47
1	52
1	54
2	13
2	56
2	74
3	4
3	34
3	41
3	45
4	24
4	38
4	53
4	90
5	6
5	30
5	52
5	90
6	14
6	15
6	31
6	34
6	38
6	87
6	95
7	60
8	32
9	36
11	12
11	25
11	27
11	64
12	81
13	26
13	56
13	75
13	82
14	47
14	52
14	56
14	70
14	71
15	20
15	55
15	57
15	87
16	22
16	43
16	52
16	53
16	55
16	81
16	84
16	88
17	44
18	25
18	69
18	86
19	30
19	68
19	93
19	96
20	27
20	29
20	59
21	96
22	45
22	66
22	74
23	72
23	92
24	32
24	66
24	84
25	30
25	92
26	32
26	92
27	61
27	65
27	67
27	97
28	31
29	35
29	49
29	61
29	75
29	91
30	65
30	75
31	63
32	91
32	92
33	56
33	80
34	77
35	51
35	57
35	58
35	91
36	68
36	69
37	57
38	42
38	59
38	65
38	79
38	96
39	73
40	52
40	81
40	87
41	63
41	94
42	58
42	72
43	50
43	55
43	56
43	63
43	68
43	90
43	94
44	78
44	99
45	53
45	58
45	59
45	62
46	77
47	59
47	73
47	94
48	75
49	55
50	55
50	56
51	58
51	97
52	59
53	58
53	73
53	83
53	94
53	96
54	97
56	57
56	61
57	84
58	78
58	99
59	94
60	84
60	93
61	76
62	66
63	69
63	75
63	78
65	68
65	97
66	98
67	75
67	82
67	85
67	95
68	81
69	79
70	74
70	87
71	93
73	74
73	93
75	96
76	96
76	98
77	91
78	84
79	89
80	83
84	88
89	93
89	98
92	99