0	6
0	40
1	6
1	19
1	80
2	62
3	84
4	28
4	29
4	35
4	37
4	40
4	84
5	9
5	66
6	52
6	53
6	70
7	13
7	27
8	15
8	23
8	89
9	47
10	18
10	28
10	37
10	63
10	69
10	81
11	45
11	64
12	40
12	66
12	68
12	88
13	14
13	16
13	38
14	21
14	22
15	28
15	36
15	42
15	46
15	54
15	65
16	67
17	37
17	73
19	28
19	31
19	64
20	35
20	55
21	24
21	44
21	47
22	56
22	62
22	86
23	33
23	39
23	82
24	76
24	85
25	51
25	62
25	71
25	92
26	56
27	38
27	59
27	70
27	71
27	82
28	31
28	49
29	50
29	92
30	78
31	43
31	53
31	73
32	57
33	51
33	66
33	79
33	87
34	35
34	48
34	52
34	93
34	94
35	44
35	61
35	78
36	91
36	96
37	80
37	81
37	94
38	55
38	63
38	72
38	93
39	40
39	64
39	94
40	44
40	66
40	96
41	52
42	46
42	53
42	66
42	67
42	97
42	98
43	51
43	78
44	86
44	92
45	54
46	62
47	61
47	97
49	81
49	83
50	54
52	89
54	72
55	70
58	59
58	90
58	92
60	68
60	74
60	94
61	72
61	80
62	66
64	85
64	87
65	77
65	85
65	92
66	85
67	84
70	86
70	93
71	82
71	95
75	85
76	87
78	82
78	91
83	85
83	87
84	94
85	89
85	93
88	92
92	94
93	99