0	12
0	71
0	88
1	16
1	31
1	45
2	13
2	43
2	44
2	95
3	30
3	50
3	54
3	77
3	80
4	6
4	14
4	22
4	42
4	62
4	88
5	30
5	42
5	55
5	87
5	94
6	17
6	26
6	49
6	51
6	59
6	69
6	78
6	83
6	94
7	36
7	38
7	67
7	73
7	76
7	86
8	9
8	13
8	48
8	61
8	71
8	87
8	96
9	18
9	64
9	82
9	91
10	44
10	51
10	52
10	63
11	33
12	30
12	42
12	54
13	37
13	48
13	55
13	69
14	19
14	48
14	59
15	46
15	58
15	72
16	37
16	53
17	65
17	67
17	79
18	24
18	34
18	55
18	77
18	93
19	38
19	63
19	85
20	38
20	52
20	94
21	32
21	44
21	52
21	61
21	73
22	27
22	63
22	82
23	32
25	61
26	40
26	73
27	38
27	51
27	62
27	83
27	93
28	29
28	39
28	50
28	51
28	56
28	72
29	47
29	50
29	77
30	50
30	51
30	82
30	89
30	97
31	50
31	54
31	56
31	83
31	87
31	94
32	79
32	84
33	78
33	81
33	90
34	90
34	99
35	73
35	80
36	50
36	89
37	41
37	72
38	46
38	49
38	65
38	74
39	55
39	62
40	42
40	49
40	68
42	52
42	75
44	63
44	87
44	91
46	66
47	85
49	76
49	86
50	54
50	55
50	87
52	80
53	67
53	79
53	93
55	66
55	93
56	61
56	77
57	79
57	90
58	67
58	87
60	72
62	63
63	79
65	71
65	87
66	81
66	90
68	79
69	87
69	98
70	72
70	88
70	96
71	85
72	84
72	90
73	96
74	84
75	76
75	85
77	99
78	83
78	90
79	98
82	86
83	99
88	98
88	99
90	98
92	94