0	21
0	83
0	90
1	18
1	24
1	36
1	85
2	63
3	43
3	76
3	82
4	5
5	6
5	17
5	23
5	53
5	86
6	7
6	21
6	28
6	36
6	43
6	97
7	12
7	44
7	61
7	65
8	29
8	32
8	65
8	73
8	75
8	87
8	94
9	36
9	65
10	58
10	62
10	82
11	33
11	64
11	71
12	30
12	31
12	36
12	68
12	69
12	78
13	76
13	96
13	97
14	31
14	49
14	52
14	55
14	94
15	59
16	54
16	93
17	26
17	36
17	48
17	51
17	53
17	58
17	62
17	63
18	44
18	75
19	27
19	51
19	52
19	69
19	86
20	33
20	52
21	40
22	25
22	37
22	94
23	43
23	56
23	86
24	40
24	46
24	66
25	30
25	36
25	42
25	44
25	49
25	57
26	32
26	50
26	66
26	88
27	29
27	42
27	78
28	38
28	41
28	49
28	50
28	52
28	72
28	74
28	87
28	95
28	99
29	47
29	88
30	35
30	53
30	54
30	86
30	98
31	67
31	79
31	87
31	91
32	35
32	53
32	81
32	84
32	87
33	49
33	51
33	86
33	93
34	70
34	81
35	46
35	83
35	99
36	89
37	98
38	42
39	98
40	60
41	63
41	77
41	90
42	50
42	94
43	50
43	64
44	48
44	57
44	64
44	79
45	65
46	63
46	76
46	93
48	52
48	87
49	65
50	51
50	67
50	69
50	72
50	76
50	97
51	93
54	56
54	72
55	71
56	62
56	76
57	80
57	95
58	64
59	80
60	64
63	86
64	93
66	97
67	96
68	73
68	88
69	99
71	74
71	85
71	92
72	93
72	97
73	94
74	96
77	91
78	79
78	92
79	98
80	96
83	88
85	88
87	91
88	92
91	93