0	24
0	27
0	39
0	45
0	46
0	59
0	68
0	99
1	27
1	43
1	47
1	70
1	79
1	81
1	89
2	47
2	86
3	38
3	45
4	40
4	46
4	80
4	92
4	99
5	45
5	56
6	37
6	83
6	92
7	13
7	53
7	88
7	97
8	67
9	12
9	17
9	18
9	20
9	27
9	30
9	77
9	93
10	21
10	29
10	53
10	80
11	64
11	73
11	94
12	23
12	61
13	14
13	49
14	23
14	34
14	47
14	52
14	89
14	95
15	36
15	55
15	58
15	75
15	80
16	50
18	32
18	93
19	20
19	49
19	85
19	88
20	44
20	64
20	90
21	23
21	82
21	90
22	36
22	53
22	87
22	91
23	37
23	41
23	44
23	45
23	52
23	66
24	44
25	31
25	65
26	38
26	52
26	66
27	73
27	83
27	90
27	92
28	44
28	74
28	79
28	82
29	37
29	42
29	51
29	53
29	54
29	56
29	72
30	32
30	36
30	56
30	84
31	52
31	90
31	98
32	34
32	46
32	53
32	62
32	93
33	58
33	74
34	60
34	68
34	70
34	85
34	90
35	44
36	44
36	68
36	74
38	76
38	79
39	46
39	89
39	97
40	41
40	57
40	66
41	51
42	81
42	96
43	54
45	63
45	85
46	61
47	67
47	68
47	76
47	88
48	61
48	65
48	75
49	60
49	67
49	88
52	86
53	79
53	81
53	86
55	84
55	89
55	97
57	99
58	59
58	85
58	88
59	95
60	82
61	97
65	95
67	83
67	90
69	84
69	85
69	97
70	71
71	93
72	82
76	79
76	96
76	99
77	86
77	90
77	99
78	80
78	91
80	84
82	85
83	88
86	90
86	99
87	96
92	96
93	96