0	17
0	45
0	56
0	74
1	2
1	18
1	28
1	37
1	60
1	81
1	91
2	86
3	10
3	21
3	30
3	53
4	6
4	22
4	39
4	51
4	85
5	14
5	24
6	28
6	46
6	55
6	60
6	87
7	47
7	64
8	34
8	43
8	57
8	65
8	68
8	69
8	73
9	26
9	35
9	43
9	53
10	41
10	45
10	52
10	97
11	59
11	67
11	91
12	19
12	20
12	25
12	41
12	56
12	72
12	77
12	81
13	22
13	28
13	29
13	64
13	69
13	84
13	94
14	15
14	77
14	93
15	38
16	54
16	87
16	94
16	97
17	46
17	61
18	30
18	39
18	45
18	81
19	37
19	57
19	62
20	29
20	69
20	73
20	76
21	30
21	50
21	82
22	31
22	98
23	27
23	32
23	46
23	79
24	45
24	55
25	38
25	55
25	59
25	74
25	86
26	56
26	69
27	57
27	67
27	68
28	34
28	64
28	71
28	84
29	46
29	65
29	76
29	80
30	72
30	92
31	74
31	87
32	41
32	49
32	61
32	70
32	86
33	68
33	92
34	45
34	49
34	74
34	91
34	92
34	98
35	58
35	67
35	96
36	46
36	60
36	77
36	81
37	50
37	73
38	39
38	73
39	99
40	43
40	50
40	52
40	86
40	92
40	94
42	56
42	84
43	44
43	50
43	82
43	93
44	49
44	84
45	82
46	56
46	75
46	80
46	81
47	68
47	92
48	62
48	83
48	98
49	50
49	57
49	68
49	73
49	76
49	82
50	54
50	63
50	66
50	80
51	83
52	59
53	63
53	72
53	84
53	98
54	62
54	91
55	93
56	63
56	74
56	77
57	80
59	62
59	70
59	82
59	92
61	63
61	79
61	88
61	94
61	95
61	96
63	99
64	72
64	96
66	99
67	86
68	72
68	80
68	93
72	79
72	94
75	92
76	77
76	82
76	90
77	98
78	90
79	97
79	99
80	96
84	97
85	90
86	92
88	97
89	99
93	97
97	98