0	12
0	55
0	73
0	89
0	97
1	4
1	6
1	46
1	66
2	93
2	95
3	36
3	53
3	73
3	86
4	22
4	25
4	51
5	7
5	20
5	21
5	44
5	73
5	74
6	58
7	28
7	56
7	75
7	86
8	30
9	47
10	35
10	50
10	69
11	18
11	59
11	75
11	77
12	31
12	51
12	99
13	54
13	64
14	15
14	72
14	93
14	96
15	17
15	21
15	29
15	33
15	37
15	51
15	76
15	83
15	88
16	36
16	46
17	38
17	67
17	87
17	99
18	23
18	29
18	30
18	31
18	40
18	59
18	65
18	73
18	96
18	97
19	38
19	41
19	66
20	22
20	37
20	70
20	72
20	78
21	63
22	42
22	57
22	83
23	63
24	34
24	36
24	58
24	74
24	75
24	85
24	99
25	29
25	42
25	97
26	50
27	64
28	63
28	64
28	68
28	97
29	70
29	77
29	86
30	38
30	95
31	58
32	39
32	43
32	63
32	95
33	38
33	62
33	82
33	89
33	94
34	55
34	78
34	86
34	91
34	98
35	45
37	65
38	41
38	56
38	68
38	93
42	61
42	73
43	54
43	77
43	80
44	56
44	60
44	79
44	99
45	47
45	72
45	90
46	61
46	69
46	73
46	77
46	78
47	74
47	90
48	99
49	50
49	51
49	60
49	81
49	92
50	63
51	68
51	77
51	85
52	62
52	92
53	60
53	66
53	78
53	93
55	62
55	70
55	87
56	68
56	79
57	99
59	84
60	71
61	81
62	65
62	66
62	69
62	95
63	75
64	89
64	94
65	73
66	69
66	84
66	88
67	72
67	88
69	81
70	76
71	77
71	86
72	86
72	97
77	91
78	89
79	90
79	95
80	99
81	96
83	97
88	90
90	98
92	98