0	3
0	7
0	54
0	61
0	67
0	99
1	28
1	69
1	72
1	98
2	61
2	83
3	23
3	76
3	92
3	93
4	19
4	27
4	30
4	35
4	46
4	50
4	77
4	98
4	99
5	21
5	26
5	96
6	9
7	13
7	18
7	24
7	29
7	63
7	93
8	98
9	38
9	58
9	77
9	82
9	87
10	18
10	22
10	87
10	90
10	91
10	92
11	25
11	30
11	39
11	99
12	17
12	30
12	36
12	89
13	45
13	70
13	90
13	98
14	27
14	49
14	61
14	66
15	22
15	51
15	98
16	37
16	65
16	68
16	85
16	92
16	96
16	98
17	36
17	64
17	85
17	86
18	35
18	43
18	52
20	22
20	44
20	60
21	39
21	72
22	44
22	72
22	84
23	31
23	36
23	79
24	26
24	42
24	47
24	63
24	87
24	91
25	52
25	64
25	86
26	51
26	74
26	75
26	88
27	52
27	93
28	45
29	73
31	40
31	48
31	76
31	96
31	97
31	98
32	49
32	67
32	91
33	83
34	51
34	56
34	77
34	96
35	74
35	75
37	66
38	49
38	66
38	72
38	79
38	94
38	97
39	54
39	95
40	55
40	78
41	77
41	81
42	72
42	88
43	87
43	93
44	46
44	48
44	60
44	82
45	56
46	62
46	82
47	96
49	56
49	61
49	76
50	75
50	89
53	83
53	87
57	58
57	66
57	72
58	61
58	74
58	75
58	77
59	92
60	76
60	80
61	73
61	76
61	89
63	77
63	92
64	74
64	78
64	92
65	92
65	95
67	69
67	77
67	79
67	98
71	96
73	80
74	90
74	92
74	95
76	93
77	81
78	80
78	87
79	81
79	84
80	94
85	96
86	88
87	88
87	92
91	99