0	10
0	17
0	21
0	83
1	24
1	25
1	68
1	82
2	5
2	58
2	92
3	15
3	22
3	29
3	94
4	11
4	19
4	76
5	9
5	48
5	58
6	10
6	55
6	73
7	72
8	16
8	49
8	56
8	59
8	64
8	74
9	70
10	56
10	92
10	93
11	25
11	75
11	89
12	39
12	50
12	62
12	64
12	94
13	56
13	76
13	85
14	21
14	22
14	24
14	37
14	50
15	19
15	36
15	55
15	56
15	68
15	75
16	33
16	35
16	38
16	83
17	18
17	28
19	26
19	27
19	35
19	37
19	51
19	71
19	93
19	99
20	49
20	79
21	65
21	66
22	42
22	61
23	45
23	49
23	54
23	58
23	64
23	71
24	31
24	56
24	98
25	66
25	79
26	41
26	53
26	60
26	71
26	96
26	99
27	64
27	84
28	84
29	57
29	71
30	81
31	48
31	62
31	90
32	82
32	86
33	60
33	77
33	85
33	86
34	43
34	77
35	58
35	74
36	38
36	42
36	44
36	59
37	38
37	42
37	70
38	87
39	45
39	64
39	96
40	57
40	72
40	76
41	79
41	82
41	86
43	44
43	48
43	56
43	74
43	84
43	91
43	94
44	47
44	55
46	67
46	81
46	89
47	53
47	73
48	67
50	67
50	72
51	56
51	65
51	74
51	79
52	79
53	60
53	73
53	82
54	57
54	61
54	81
55	81
58	95
59	72
59	99
60	98
63	66
63	69
63	92
65	70
65	72
66	88
67	78
67	98
68	71
68	79
68	98
73	75
73	83
74	76
75	81
75	85
76	93
77	80
78	79
80	86
80	89
81	82
85	86
86	97
89	92
90	92