0	8
0	17
0	28
0	34
0	71
0	75
0	79
0	82
0	96
1	17
1	29
1	34
1	49
1	50
1	72
1	76
1	77
1	79
2	34
2	98
3	15
3	32
3	44
3	63
4	11
4	12
4	43
4	47
4	94
4	99
5	11
5	32
5	44
5	56
5	96
5	99
6	61
6	93
7	21
7	36
7	45
7	47
7	58
7	68
7	79
8	59
9	24
9	25
9	93
10	23
10	69
10	92
11	39
12	34
12	37
12	47
12	64
12	79
13	29
13	64
13	82
13	98
14	18
14	20
14	31
15	68
16	34
17	43
17	63
17	77
17	99
18	48
18	81
19	21
19	46
19	52
20	44
20	99
21	41
21	66
22	37
22	59
23	53
23	57
23	64
23	90
24	44
24	68
24	91
25	55
25	58
25	83
26	56
27	48
27	52
28	29
28	33
28	46
29	34
30	63
30	76
31	58
31	70
31	94
32	34
32	56
32	83
32	95
33	52
33	84
33	89
34	63
35	73
36	37
36	48
36	60
37	88
38	88
38	89
39	53
39	59
40	48
40	87
41	49
41	50
41	54
41	57
42	74
42	96
43	53
43	61
43	76
43	83
44	64
44	80
45	57
45	62
45	86
45	94
47	90
48	50
48	88
48	97
49	89
50	86
50	87
50	89
51	53
51	78
52	83
54	84
55	60
55	66
56	60
56	68
57	64
57	99
58	65
58	96
59	70
59	75
60	67
60	72
60	83
61	68
62	64
62	98
62	99
64	75
64	79
64	97
66	83
66	88
67	72
68	91
72	94
72	96
73	83
75	79
75	95
77	82
79	86
80	99
84	85
85	87
85	92
86	88
87	88
90	94
91	92