0	5
0	12
0	20
0	26
0	35
0	38
0	44
0	52
0	56
0	63
0	73
0	76
0	93
1	2
1	7
1	22
1	54
2	24
2	33
2	80
3	43
4	11
4	33
4	37
4	45
4	58
4	76
4	85
4	89
4	90
4	97
5	24
5	38
5	53
6	9
6	28
6	36
6	49
6	60
6	70
7	21
7	62
7	65
7	86
8	9
8	34
8	92
10	34
11	18
11	40
11	76
12	26
12	44
12	48
12	99
13	46
13	51
13	85
14	60
14	84
15	57
15	73
15	92
16	87
17	19
17	34
17	50
17	60
17	94
18	19
18	24
18	37
18	67
18	69
18	86
19	25
19	29
19	35
20	51
20	60
20	63
20	92
21	47
21	63
22	71
22	80
22	81
22	98
23	70
24	34
24	72
24	82
24	84
24	93
25	42
25	46
25	49
25	78
25	90
26	56
26	65
26	86
26	93
27	40
27	49
27	75
27	87
27	90
28	64
28	82
28	84
29	64
29	72
29	80
29	84
29	94
30	41
30	67
31	73
31	83
32	64
32	80
32	90
33	44
33	71
33	81
33	86
34	40
34	63
34	71
35	38
35	88
36	37
36	47
36	61
36	83
36	96
37	45
37	48
38	62
38	63
39	58
39	66
39	69
39	93
40	48
40	58
42	72
43	94
43	97
44	55
45	56
45	95
45	96
46	53
46	74
46	99
47	60
47	65
47	98
48	71
48	97
49	57
49	94
50	69
50	82
50	89
51	68
52	90
53	68
53	85
53	95
53	96
54	89
54	99
55	88
56	58
56	79
56	82
57	64
57	81
57	88
58	78
59	62
59	96
61	80
62	68
62	77
63	95
64	91
65	68
65	84
65	93
66	78
66	89
66	94
68	82
68	99
69	79
69	88
70	82
71	83
72	87
72	94
72	96
73	76
75	83
76	84
77	90
78	91
78	98
79	83
80	82
80	93
83	93
84	86
86	87
89	93
90	98
90	99
94	96
95	99
98	99