0	31
0	40
0	78
0	89
0	98
1	11
1	16
1	36
1	66
1	78
2	19
2	25
2	49
2	88
2	92
3	24
3	25
3	64
3	87
3	97
4	12
4	28
4	45
4	75
5	10
5	29
5	31
5	66
6	10
6	39
6	51
6	77
7	48
7	64
7	76
7	84
7	90
8	14
8	91
9	13
9	30
9	78
10	74
10	75
10	98
11	13
11	15
11	79
12	25
12	69
12	76
12	80
13	15
13	22
14	30
14	37
15	27
15	32
15	44
15	46
15	88
16	61
16	66
16	70
16	71
17	50
18	96
19	53
19	57
20	57
21	54
22	39
23	93
24	38
24	52
24	91
25	29
25	51
25	73
25	90
25	92
25	95
26	29
26	40
26	57
26	73
26	89
26	90
27	86
28	52
28	58
28	76
29	39
29	60
30	58
31	62
32	34
32	37
32	59
32	70
32	71
32	93
33	44
33	92
34	61
35	67
36	50
36	64
36	94
38	76
39	67
39	92
40	52
40	87
41	48
41	90
42	55
42	62
42	92
43	59
44	55
44	76
44	93
45	64
45	67
45	74
46	68
46	73
46	82
46	89
47	61
47	66
47	77
47	92
48	79
48	83
49	79
49	85
49	91
49	99
50	89
50	95
51	57
51	73
52	55
52	60
52	70
52	87
55	58
56	65
56	80
56	84
57	73
57	75
57	96
57	98
59	62
59	76
60	74
60	94
61	81
61	83
61	99
63	72
63	83
64	68
65	69
66	67
68	99
69	94
70	87
71	87
72	95
73	76
73	86
73	99
76	87
76	94
80	85
80	89
80	95
80	99
82	86
82	88
82	90
83	87
84	89
86	87
89	91
93	99