0	6
0	23
1	38
1	57
1	73
1	95
1	99
2	15
2	16
2	57
3	36
3	52
3	55
3	67
3	97
4	10
4	12
5	45
5	52
5	60
5	88
5	97
6	17
6	34
6	61
7	18
7	57
7	66
8	10
8	26
8	42
8	44
9	56
9	72
9	83
10	63
10	78
11	62
11	72
12	24
12	26
12	88
13	34
13	41
13	79
14	17
14	38
14	65
14	77
15	41
16	33
16	99
17	24
17	65
17	76
18	28
18	61
18	92
19	73
19	93
19	98
20	71
20	89
20	90
21	41
21	94
22	30
22	54
22	79
23	29
23	75
24	53
25	26
25	54
25	63
25	66
25	97
26	46
26	70
26	98
27	32
27	47
27	89
28	39
28	51
28	80
29	49
29	83
30	72
31	54
32	62
32	76
32	85
33	65
34	56
34	81
35	56
35	57
35	68
37	48
37	52
37	69
37	81
37	88
38	53
40	42
41	62
41	86
41	94
42	49
42	51
42	79
42	95
43	61
43	63
43	83
43	89
44	48
44	58
44	86
45	70
45	90
46	51
47	59
47	63
47	64
47	66
47	83
47	91
47	96
48	73
49	65
50	68
50	83
50	92
50	97
51	66
51	82
51	94
51	99
52	68
52	86
52	99
53	96
54	65
54	67
54	74
54	89
55	58
55	64
55	67
55	81
56	77
57	58
57	78
58	87
58	92
60	79
60	83
60	84
60	99
61	79
62	74
63	74
64	68
64	77
65	77
66	68
66	73
66	83
67	97
67	98
68	87
68	95
69	77
69	78
70	76
70	86
71	78
72	89
73	98
74	88
74	93
75	89
75	98
76	86
78	79
79	97
82	90
83	97
87	88
89	98