0	31
0	35
0	50
0	87
0	97
1	7
1	28
1	74
2	21
2	56
2	60
3	10
3	25
4	21
4	39
4	53
4	54
4	89
5	10
5	16
5	59
5	68
5	77
6	13
6	14
6	20
6	82
7	23
7	29
8	16
8	29
8	69
8	74
8	83
8	93
9	23
9	44
9	98
10	60
11	27
11	28
11	49
11	68
11	95
12	47
12	87
13	28
13	33
13	39
13	61
13	76
14	47
14	77
14	88
14	91
15	37
15	43
15	60
15	68
15	84
16	19
16	23
16	53
16	60
16	77
16	80
17	22
17	35
17	44
17	75
17	78
18	27
18	78
19	33
19	47
19	55
19	67
19	91
20	21
20	32
20	33
20	78
20	93
20	96
21	32
21	44
21	46
21	57
22	38
22	57
22	98
23	39
23	60
23	71
23	79
23	89
23	94
24	61
24	90
25	36
25	37
25	44
25	76
26	58
26	99
27	30
27	34
27	42
27	96
28	30
28	38
28	42
28	63
28	98
29	50
29	71
29	86
29	97
30	49
31	47
31	63
32	34
32	85
33	54
33	86
34	37
34	82
35	82
36	39
36	45
36	49
36	86
37	52
37	69
37	81
38	80
40	47
40	73
41	72
41	77
41	86
41	93
42	51
42	57
42	66
42	75
43	51
43	53
43	64
44	58
44	82
44	88
45	46
45	57
45	61
45	73
45	81
45	82
46	65
46	92
47	49
47	69
47	81
47	90
47	98
48	52
48	86
49	96
49	98
50	53
50	61
51	70
52	62
52	86
52	89
53	93
54	78
56	75
56	98
58	86
58	91
59	69
59	75
63	80
63	95
67	79
68	70
68	79
68	94
69	78
69	94
71	75
71	88
71	90
71	98
72	88
73	82
74	97
75	76
76	98
78	98
80	86
80	92
86	87
90	94
91	95
94	97