0	38
0	41
0	52
0	78
1	44
1	94
2	13
2	18
2	28
2	77
2	84
2	88
2	94
3	33
3	64
3	68
4	16
4	26
4	52
4	55
4	77
4	84
5	31
5	84
5	89
6	11
6	14
6	23
6	44
6	52
6	68
7	17
7	25
7	74
7	85
7	88
8	32
8	58
8	75
8	99
9	53
10	20
10	26
10	65
10	81
11	46
11	49
11	54
11	80
12	16
12	26
12	27
12	37
12	49
12	57
12	83
13	46
13	54
13	62
13	74
14	61
14	88
15	78
16	34
17	30
17	41
17	53
17	60
17	82
17	90
17	96
18	43
18	63
18	92
19	41
19	73
21	39
21	75
22	46
22	88
22	92
23	42
23	71
23	97
24	32
24	41
24	74
25	42
25	52
25	87
26	96
27	54
27	64
27	74
27	92
27	95
28	50
28	55
29	68
29	82
29	85
29	94
29	97
30	90
30	94
31	93
31	96
32	39
32	58
32	75
33	39
33	62
34	47
34	49
35	46
35	92
36	45
36	80
36	86
38	42
38	92
38	99
39	76
39	85
39	98
40	92
40	94
41	47
41	63
41	78
42	61
42	71
42	84
42	98
43	64
44	49
44	76
45	96
46	57
46	80
48	52
48	66
48	71
49	71
50	71
51	53
51	72
52	83
52	86
53	67
53	92
54	59
54	70
56	67
56	78
56	92
56	98
57	73
57	80
57	81
60	65
60	68
61	74
61	98
63	75
63	89
64	79
65	74
67	97
68	75
69	95
72	79
72	84
73	94
73	98
74	95
75	90
77	86
80	92
81	87
81	96
82	91
82	96
83	85
85	87
89	91
97	99