0	49
0	72
0	77
0	80
1	22
1	85
1	89
1	90
1	91
2	41
2	70
2	80
2	89
3	10
3	12
3	22
3	23
3	26
3	27
3	29
3	98
4	50
5	26
5	37
5	54
5	75
6	9
6	37
7	15
7	16
7	41
7	56
7	81
8	30
8	43
8	53
8	73
9	10
9	28
9	89
9	97
10	16
10	19
11	20
11	33
11	55
11	90
12	17
12	69
12	73
12	75
12	79
12	95
13	29
13	60
13	64
13	68
14	87
15	98
16	28
16	42
16	64
16	71
16	88
17	19
17	92
18	19
18	30
18	75
19	20
19	26
19	29
19	63
19	67
19	99
20	74
20	99
21	55
21	60
22	24
24	40
25	72
25	76
26	44
26	75
26	84
27	45
28	37
28	66
28	85
28	91
29	40
29	48
29	60
29	78
30	33
30	38
30	54
30	83
30	90
31	87
31	91
31	99
32	38
32	82
33	57
33	59
33	68
34	52
34	80
35	44
36	39
36	59
36	72
38	45
38	54
39	90
39	99
40	73
40	75
40	83
40	88
41	72
41	95
42	43
42	52
42	54
42	76
42	91
43	96
44	78
46	72
47	54
47	83
47	84
48	51
49	89
50	68
50	83
52	65
52	86
53	76
54	70
55	84
56	66
56	68
56	91
57	89
58	61
59	65
59	93
59	97
59	99
60	67
60	73
60	97
61	78
62	68
62	93
63	66
63	71
63	81
63	91
63	97
64	70
64	72
64	90
65	71
65	73
66	99
67	69
67	78
70	75
70	83
71	94
74	83
75	95
77	81
77	85
77	94
77	98
80	81
83	97
84	96
87	89
91	96
92	93
92	95