0	5
0	28
0	30
0	44
0	62
1	5
1	19
1	21
1	32
1	33
1	38
1	69
2	29
2	46
2	87
3	21
3	26
3	40
3	47
3	83
4	20
4	26
4	81
4	83
5	39
5	54
5	56
5	75
6	35
6	79
6	97
7	34
7	36
7	43
7	52
7	64
8	20
8	23
8	29
8	36
8	40
8	50
8	54
9	46
9	59
9	69
10	18
10	32
10	35
10	99
11	19
11	22
11	44
11	61
11	87
12	66
13	15
13	85
13	88
14	23
14	73
14	95
15	18
15	44
15	89
16	63
16	76
16	93
17	43
17	68
17	73
17	78
17	82
18	86
19	78
20	28
20	33
20	65
21	28
21	35
21	69
21	73
22	30
22	84
22	97
23	89
24	54
24	66
24	84
25	47
25	48
25	50
25	71
25	93
26	95
26	98
27	33
27	45
27	79
28	33
28	53
28	58
28	64
28	66
28	68
28	73
29	50
29	52
29	83
30	54
30	94
30	99
31	67
31	70
32	49
32	60
33	62
33	75
33	91
33	95
33	96
34	38
34	51
34	63
34	65
34	69
34	85
35	37
35	49
35	64
35	74
35	82
35	85
35	89
36	40
36	58
36	80
37	44
37	54
38	64
38	73
38	76
38	94
39	67
40	82
40	91
41	64
41	83
41	90
41	93
42	46
43	57
43	80
43	82
43	88
44	47
44	49
44	97
45	70
47	79
47	91
47	98
48	93
48	99
49	53
49	54
49	89
49	96
50	74
51	65
51	69
53	63
53	81
54	70
54	82
54	84
55	67
56	77
56	88
58	68
59	83
59	88
60	75
61	64
61	91
62	63
62	90
64	76
64	99
65	92
65	94
67	68
67	86
67	99
69	87
70	71
70	89
72	98
77	78
78	97
79	83
80	97
81	83
81	94
85	87
85	89
85	96
86	90
88	95
88	99
93	96