0	38
0	79
0	82
0	83
0	91
0	94
1	7
1	12
1	70
1	82
1	88
2	20
2	50
2	51
2	81
3	24
3	26
3	35
3	56
4	41
4	83
4	88
4	92
5	35
6	40
6	75
6	93
7	41
7	71
7	86
8	10
8	19
8	57
8	99
9	19
9	28
9	43
9	79
10	61
10	88
10	91
11	19
11	23
11	52
11	68
11	81
11	88
12	14
12	46
12	52
12	68
12	75
13	77
14	57
14	58
14	89
14	90
15	49
15	99
16	55
16	61
16	83
16	84
16	94
16	98
17	18
17	76
17	96
17	97
18	77
19	84
20	29
20	44
20	60
20	75
21	27
21	30
21	52
21	57
21	67
21	82
22	28
22	30
22	35
22	52
23	31
23	36
23	81
23	88
23	99
24	59
25	44
25	75
26	62
26	66
26	81
26	82
26	88
26	92
27	44
27	64
27	87
27	93
27	94
28	55
28	57
28	84
28	88
29	37
29	46
29	47
29	48
29	51
29	94
29	95
30	61
31	79
31	93
32	70
32	80
32	90
33	59
33	62
33	72
33	90
33	97
34	70
34	98
35	50
35	55
36	58
36	91
37	58
37	88
38	73
38	99
39	41
40	46
40	70
40	96
40	97
40	99
41	51
41	55
42	83
43	46
43	87
44	70
45	75
45	78
45	90
46	53
46	72
46	73
46	87
47	98
48	50
48	63
48	64
48	74
48	82
48	84
49	64
49	71
50	61
50	70
50	82
50	99
51	94
52	71
52	79
53	69
54	55
55	65
56	71
56	78
57	98
60	75
60	87
61	72
62	69
63	76
63	81
67	88
67	99
68	69
68	99
69	84
69	98
71	83
71	85
72	77
72	97
72	99
76	97
77	88
79	84
79	91
86	95
86	96
91	92