0	338
0	464
0	513
0	521
0	646
1	29
1	194
1	322
1	509
2	96
2	327
2	781
3	254
3	288
3	477
3	540
3	585
3	781
4	36
4	452
4	782
5	426
5	768
6	113
6	177
6	191
6	535
7	62
7	86
7	183
7	295
7	301
7	584
7	603
7	795
8	34
8	220
8	274
9	165
9	739
10	279
10	467
11	273
11	707
11	761
12	69
12	281
12	352
12	660
13	38
13	136
13	139
13	231
14	30
14	215
14	388
14	427
14	488
14	571
14	604
14	686
14	727
15	200
15	556
15	619
15	772
16	28
16	132
16	493
16	735
17	279
17	299
17	355
17	451
17	798
18	322
18	449
18	503
18	562
18	650
19	26
19	96
19	285
19	531
20	101
20	308
20	519
20	613
20	642
20	661
20	707
21	315
21	641
22	345
22	350
22	420
22	551
23	196
23	199
23	428
24	76
24	333
24	439
24	444
24	522
24	595
25	168
25	175
25	502
25	520
25	633
25	708
26	140
26	327
26	551
27	239
27	338
27	344
27	447
27	615
28	114
28	400
28	507
28	570
28	776
29	39
29	257
29	349
29	564
29	757
30	392
30	407
30	740
31	242
31	423
31	506
31	631
32	183
32	584
32	743
32	768
32	776
33	60
34	130
34	407
34	425
34	430
34	552
34	725
34	749
35	581
36	165
36	639
37	152
37	215
37	414
37	661
38	306
38	643
38	683
38	757
39	139
39	163
39	478
39	649
39	659
39	728
40	66
40	150
40	181
40	201
40	212
40	245
40	581
41	115
41	593
42	85
42	250
43	52
43	414
43	557
43	590
44	69
44	176
44	226
44	537
44	553
44	652
45	517
46	123
46	297
46	410
46	573
46	600
47	102
47	103
47	225
47	428
47	539
48	240
49	207
49	304
49	741
50	165
50	205
50	256
50	492
50	712
51	92
51	105
51	721
52	456
52	593
52	668
52	769
53	215
54	163
54	169
54	265
54	635
54	705
55	408
55	531
55	580
56	236
56	333
56	362
56	394
56	626
56	642
57	108
57	340
57	552
57	738
57	787
58	605
58	613
58	707
58	722
59	94
59	184
59	307
59	496
59	736
59	787
60	69
60	150
60	398
61	312
61	446
61	610
61	706
61	780
62	290
63	668
64	528
65	219
65	295
65	467
65	493
65	569
65	586
65	655
66	345
66	422
67	540
67	736
68	237
68	657
69	287
69	398
70	111
70	684
71	253
71	342
71	431
71	450
72	124
72	249
72	421
73	189
73	253
73	317
73	343
73	738
73	791
74	433
74	636
74	645
74	749
74	784
75	216
75	323
75	584
75	657
77	107
77	115
77	147
77	169
77	352
77	371
77	437
77	781
78	229
78	300
78	747
78	749
78	779
79	454
79	619
79	680
80	212
80	348
80	397
80	524
81	226
81	608
81	716
82	279
82	312
82	338
82	546
82	607
83	252
83	375
84	445
84	602
85	121
85	247
85	396
85	533
86	131
86	225
86	415
86	445
86	517
86	643
86	773
87	510
87	511
87	524
87	669
87	788
88	141
88	445
88	657
89	654
90	198
90	376
90	541
90	712
90	781
91	161
91	268
91	302
91	409
91	471
93	273
93	510
93	788
94	241
94	366
94	453
94	572
94	592
94	785
95	399
95	676
96	190
96	295
96	430
96	556
96	664
96	699
96	734
96	763
97	197
97	426
97	501
97	608
98	188
98	763
99	164
99	205
99	208
99	226
99	365
99	435
99	440
99	642
100	150
100	733
101	450
101	649
102	229
102	499
103	574
104	165
104	198
104	249
104	273
104	361
104	390
104	404
104	472
104	766
104	796
105	142
105	418
105	440
105	734
105	786
106	116
106	371
106	396
106	721
107	611
107	698
108	394
108	457
108	552
108	602
108	612
108	631
109	123
109	166
109	350
109	361
110	258
110	399
112	119
112	333
112	497
112	552
113	149
113	159
113	411
113	511
113	541
113	723
113	729
113	762
113	765
114	217
114	475
114	524
114	623
114	759
115	234
115	256
115	324
115	776
115	790
116	303
116	516
116	523
117	355
117	516
118	141
118	154
118	226
118	661
119	478
119	518
119	760
120	527
121	158
121	683
122	347
122	428
122	451
122	464
122	747
123	150
123	252
123	459
123	476
124	364
124	500
125	511
125	696
126	449
126	621
127	368
127	678
128	678
129	194
129	217
129	736
130	380
130	664
131	140
131	176
131	232
131	245
131	254
131	534
131	766
132	583
132	601
133	297
133	445
133	449
133	467
133	476
134	183
134	186
134	246
134	380
134	396
134	434
134	451
135	643
136	148
136	373
136	471
136	571
136	774
137	159
137	367
138	273
138	691
138	790
139	384
139	691
139	753
140	274
140	296
140	512
140	567
140	647
141	258
141	465
141	642
142	324
142	345
142	454
142	538
142	661
142	784
143	440
143	680
143	738
144	159
144	214
144	629
144	739
144	794
145	254
145	608
145	688
145	731
146	254
146	477
147	307
147	354
147	585
148	438
148	515
149	364
149	433
149	476
149	525
149	661
150	283
150	625
150	673
150	738
151	292
151	415
151	466
151	734
152	345
152	499
153	359
153	684
153	769
154	641
154	644
155	266
155	308
155	460
155	585
155	681
156	640
157	223
157	412
157	508
157	652
157	761
158	389
158	526
158	611
159	276
159	321
159	675
159	745
159	746
159	752
160	228
160	632
160	692
160	743
161	280
161	300
161	738
161	744
162	541
162	551
162	645
162	682
164	190
164	282
164	323
164	340
164	394
164	486
164	691
165	260
165	502
165	714
166	628
167	330
167	342
167	511
168	299
168	516
168	676
168	689
169	254
169	416
169	483
170	182
170	417
170	608
170	795
171	275
171	501
171	509
171	553
171	588
171	791
172	471
172	513
172	555
173	259
173	387
173	392
174	328
174	555
174	793
175	296
175	309
175	552
175	596
175	621
175	651
175	728
176	413
176	609
177	477
177	507
177	535
178	295
179	283
179	455
179	637
179	723
180	348
181	224
181	329
181	447
181	510
181	515
181	648
182	240
182	248
182	382
182	432
182	460
182	548
183	538
184	346
184	557
184	620
185	318
185	441
185	517
185	719
186	285
186	358
186	485
186	507
186	593
187	507
188	417
188	552
188	569
189	258
189	499
190	318
190	440
190	660
190	706
191	319
191	514
191	722
192	302
193	408
193	593
193	625
193	669
193	799
194	327
194	436
194	525
195	240
195	337
196	345
196	511
196	540
197	267
197	278
198	310
198	329
198	514
198	607
199	466
199	621
201	323
201	526
201	737
202	226
202	292
202	353
202	499
202	567
203	240
203	266
203	316
203	449
204	371
204	559
204	686
204	795
205	440
206	248
206	251
206	718
207	293
207	613
207	638
207	738
209	285
209	459
209	586
209	600
209	771
210	339
211	214
211	424
212	568
212	618
213	216
213	453
213	563
214	497
214	603
214	630
215	409
215	684
215	764
216	304
216	404
216	438
217	435
217	578
217	654
218	474
219	434
219	694
220	490
221	240
221	293
221	340
222	328
223	309
223	382
223	429
223	435
223	460
223	555
223	569
223	582
224	607
225	244
225	302
225	315
226	423
226	536
226	624
226	723
227	293
227	380
227	461
227	632
228	232
228	240
228	394
229	305
229	388
229	592
229	735
230	238
230	449
230	689
231	294
231	710
232	517
233	333
233	432
233	556
233	700
234	343
234	390
234	427
234	771
235	563
236	248
237	238
237	465
238	312
240	514
240	713
240	755
241	507
241	534
241	637
242	342
242	531
242	652
243	250
243	494
243	690
244	251
244	308
244	401
244	502
244	506
244	608
244	755
245	313
245	533
245	556
245	632
246	293
246	449
247	475
247	500
247	619
247	758
247	781
248	271
249	266
249	410
249	453
249	478
249	514
249	741
249	778
250	351
250	463
250	717
251	418
251	465
251	731
252	306
252	396
252	686
252	797
253	438
253	623
254	385
254	409
254	505
254	783
255	444
255	659
256	347
256	547
256	572
257	590
259	468
259	527
260	291
260	437
260	709
260	719
261	378
261	541
261	603
261	704
262	267
262	458
262	662
263	624
264	371
264	404
264	735
265	721
266	463
266	648
267	346
267	351
267	658
268	304
268	331
268	660
268	799
269	604
269	763
270	680
270	694
270	699
270	777
271	308
271	510
271	713
272	277
273	580
274	301
274	446
274	625
275	543
275	620
275	707
276	300
276	533
277	287
277	345
277	423
277	425
277	785
278	462
278	533
279	337
279	435
279	685
279	772
280	293
280	352
280	713
280	787
281	400
282	287
282	341
282	624
282	628
282	675
283	390
283	446
283	563
283	689
284	636
284	643
284	653
285	295
286	798
288	289
288	562
289	420
289	515
290	304
290	416
290	431
290	611
290	798
291	585
292	317
292	319
292	523
292	708
293	362
293	383
293	718
294	431
294	463
294	573
295	792
296	390
297	331
297	715
298	327
298	417
298	475
298	709
299	602
299	735
299	751
300	656
300	723
300	766
301	338
302	720
303	460
303	513
303	776
304	377
305	395
305	482
305	719
306	398
306	422
306	544
306	644
306	648
306	661
307	534
307	661
308	409
308	504
308	575
308	655
308	775
309	337
309	574
310	491
311	565
311	661
311	777
312	441
312	538
313	384
313	578
314	621
314	656
314	783
315	400
315	418
317	326
317	337
317	794
318	327
318	366
318	398
319	339
319	491
319	535
319	696
320	404
320	675
320	696
321	478
321	794
322	371
322	372
322	420
322	564
322	622
323	357
323	378
323	567
323	670
324	610
324	746
325	333
325	568
325	686
325	750
326	330
326	372
326	497
327	492
328	350
328	430
330	570
330	786
331	440
331	465
331	474
331	527
331	600
331	732
332	498
333	730
333	736
334	432
335	555
335	622
336	640
337	445
337	490
337	565
337	611
337	734
337	762
339	380
339	444
339	526
339	593
339	732
340	585
340	628
342	442
342	452
343	662
344	486
344	607
344	665
347	531
347	615
348	543
348	789
349	553
349	706
350	388
350	407
350	433
350	486
350	799
351	406
351	562
351	674
351	746
351	755
353	450
354	481
354	536
354	703
355	422
355	470
355	557
355	694
355	741
356	633
356	732
357	408
358	597
358	623
359	586
360	444
360	479
360	528
361	495
362	478
362	646
363	379
363	523
364	486
364	677
364	739
365	782
366	479
366	499
366	607
367	430
367	762
368	562
368	566
369	424
369	753
369	771
370	574
370	660
370	679
371	379
371	598
371	689
371	758
372	418
372	755
374	451
374	461
374	624
375	510
375	764
376	423
376	645
377	431
377	750
379	654
381	664
382	692
382	723
382	726
383	553
384	487
384	681
385	749
386	560
386	628
386	686
386	704
387	518
387	636
388	401
388	416
388	443
389	410
389	484
389	648
389	693
390	694
390	771
391	481
392	393
392	395
392	514
392	642
392	687
392	715
392	736
392	760
393	405
393	472
393	631
394	464
394	494
396	492
396	533
397	474
398	446
398	511
398	645
398	657
398	767
399	548
399	664
399	731
399	788
401	432
402	606
402	635
403	628
405	408
405	547
405	602
405	726
405	752
407	425
407	455
407	469
407	615
407	640
407	657
408	428
408	539
409	715
410	481
410	657
410	714
411	446
412	776
412	783
412	799
413	518
413	573
414	702
414	751
414	776
415	731
415	787
416	469
416	660
416	696
417	504
417	559
418	699
418	711
419	463
419	779
421	569
422	630
423	489
423	574
423	600
425	694
426	570
427	490
427	561
428	447
428	497
430	445
430	513
430	746
430	755
431	433
431	570
431	785
432	744
433	627
434	515
435	706
435	781
436	565
436	769
437	468
437	563
437	696
438	534
438	676
439	786
440	475
440	486
442	466
442	482
443	798
445	583
445	759
446	534
448	684
449	725
451	633
453	609
454	567
455	463
455	475
455	698
457	502
457	575
460	608
460	709
462	527
462	559
462	746
463	687
463	748
464	573
464	663
464	709
465	731
466	550
466	555
466	587
466	624
467	550
467	634
468	659
470	488
470	647
471	770
472	748
472	782
473	582
473	602
473	709
473	740
474	657
474	767
476	490
476	716
477	492
477	636
478	484
478	714
480	570
480	748
481	517
481	529
481	588
481	615
483	677
483	712
483	763
483	777
484	671
484	756
485	487
485	700
486	685
487	797
490	723
491	581
491	678
492	707
493	513
493	648
494	509
497	775
498	699
500	506
500	585
500	632
502	540
502	609
502	724
503	541
503	564
503	684
504	556
504	657
504	793
505	625
505	679
505	782
506	670
506	718
506	753
506	794
509	549
509	694
509	707
510	617
510	717
513	691
515	693
519	534
519	553
519	748
519	764
520	654
521	600
524	560
524	741
526	724
526	795
527	631
527	665
527	672
528	556
528	676
530	584
530	600
530	660
531	594
531	621
531	736
531	768
532	575
532	736
533	549
535	774
537	793
540	710
540	740
541	640
541	682
541	694
542	574
545	587
547	733
547	746
548	722
550	654
550	670
550	690
551	555
551	573
551	628
552	632
552	778
553	667
553	697
554	555
554	783
556	754
557	581
557	656
558	629
558	799
559	757
560	591
561	595
561	614
561	759
561	772
562	630
564	706
564	725
566	689
566	744
566	788
567	641
568	752
569	657
570	574
570	602
570	744
572	728
576	584
577	742
577	743
578	615
579	675
579	739
582	738
585	586
586	633
586	753
588	679
588	736
589	643
589	763
590	779
591	753
592	616
592	789
593	758
595	769
597	695
599	685
600	685
601	667
601	668
601	754
601	790
602	642
602	657
603	659
605	637
609	729
611	704
612	631
616	756
617	656
617	695
618	705
619	643
619	731
620	634
620	717
622	779
623	697
626	636
626	710
628	681
628	694
630	639
630	733
630	743
630	782
630	795
631	654
633	780
634	676
636	789
638	647
640	680
642	702
645	761
648	769
649	767
652	669
653	793
654	705
654	740
655	718
657	698
658	739
659	676
659	714
660	669
661	702
661	732
661	743
665	767
666	787
668	687
669	759
675	706
676	706
678	723
679	703
682	726
684	780
685	787
686	776
687	704
689	796
690	798
692	754
693	695
693	753
695	714
695	731
697	716
697	777
699	783
701	735
702	758
704	707
713	738
715	757
717	735
717	747
722	740
724	782
727	745
727	798
728	761
731	746
731	795
735	756
742	771
744	760
746	781
764	769
769	793
776	794
777	788
779	788
782	784