0	348
0	472
1	128
1	332
1	426
1	495
1	687
2	180
2	184
2	322
2	517
2	675
3	404
4	84
4	195
4	559
4	570
4	606
5	662
6	78
6	96
6	500
6	519
7	125
7	268
7	316
7	318
7	417
7	450
7	495
7	723
8	53
8	349
8	538
8	575
8	635
9	100
9	134
9	295
9	536
9	687
10	26
10	102
10	165
11	216
11	698
11	727
11	785
12	137
12	634
13	77
13	174
13	207
13	248
13	341
13	521
14	127
14	202
14	224
14	225
15	523
15	541
15	580
16	126
16	283
16	441
16	630
16	643
16	714
16	722
17	137
17	302
17	502
18	292
18	359
18	383
18	397
18	728
19	159
19	309
19	319
19	322
19	332
19	411
19	532
20	94
20	484
20	542
20	645
21	149
21	377
21	453
21	748
21	775
22	554
22	645
22	715
23	47
23	102
23	413
23	462
23	526
24	111
24	431
24	439
24	478
24	527
24	796
24	797
25	94
25	305
25	350
25	452
25	723
25	787
26	148
26	265
26	540
26	591
26	603
26	650
27	776
28	341
28	462
28	487
28	726
29	700
29	712
29	717
29	761
29	770
29	779
30	85
31	178
31	764
32	489
32	612
32	796
33	37
33	120
33	348
33	513
33	520
34	98
34	418
34	610
35	106
35	294
35	302
35	303
35	333
35	457
36	135
36	270
36	300
37	356
37	724
38	227
38	620
38	657
38	749
38	774
39	46
39	381
39	387
39	723
39	767
40	193
40	378
40	506
40	557
40	781
41	65
41	229
41	328
41	526
41	544
41	727
42	54
42	177
43	181
43	239
43	278
43	539
43	541
43	750
43	798
44	77
44	123
44	462
45	64
45	206
45	348
45	486
45	504
45	539
45	554
46	374
46	638
47	128
48	463
48	712
49	72
49	147
49	185
49	536
49	798
50	102
50	632
51	106
51	110
51	150
51	530
51	611
51	634
51	693
52	395
52	420
52	597
53	195
53	258
53	420
53	537
53	559
53	595
54	266
54	334
54	476
54	672
54	696
54	782
55	209
55	329
55	412
55	675
55	751
56	547
56	678
57	257
57	280
57	321
57	337
57	351
57	439
57	651
57	675
57	709
57	721
57	724
57	746
58	123
58	471
59	63
60	63
60	317
60	424
60	785
61	185
61	732
62	317
62	458
62	509
62	713
63	110
63	157
63	219
63	714
64	110
64	450
65	80
65	405
65	798
66	395
66	451
66	481
66	653
66	661
66	677
67	115
67	180
67	257
67	320
68	408
68	628
68	768
69	232
69	277
69	314
70	300
70	509
70	637
70	650
71	205
71	737
71	772
72	427
72	453
73	198
73	247
73	286
73	392
73	737
73	763
73	781
74	568
75	90
75	383
75	775
76	137
76	234
76	414
76	550
76	620
76	639
76	709
77	315
77	523
78	477
78	583
78	679
78	755
79	271
79	335
79	559
79	786
80	121
80	435
81	154
81	271
81	440
81	499
81	631
82	327
82	493
82	732
83	475
83	788
84	262
84	526
84	553
84	710
84	745
85	103
85	128
85	353
85	673
86	509
86	559
86	683
86	736
87	100
87	355
88	259
88	262
88	287
88	336
88	470
88	531
89	784
90	124
90	232
90	588
90	718
91	453
91	489
92	350
92	395
92	773
93	116
93	127
93	222
93	396
93	423
93	497
93	776
94	126
94	129
94	280
94	289
94	579
95	272
95	306
95	645
96	157
96	301
96	577
97	509
97	693
98	188
98	424
98	452
98	696
98	701
98	725
98	765
99	179
99	261
99	294
99	392
100	129
100	144
100	400
100	621
100	796
101	254
101	255
101	341
101	511
101	663
102	321
102	577
102	578
102	600
103	357
103	384
104	578
104	750
105	290
105	322
105	524
105	623
106	394
106	699
107	112
107	753
107	767
107	775
108	519
109	593
109	799
110	220
110	502
110	527
111	235
111	280
111	497
112	154
112	192
112	281
112	349
112	415
113	236
114	716
114	726
115	184
115	340
115	507
115	654
115	796
116	719
117	160
117	233
117	456
117	485
117	574
118	124
118	490
118	581
118	612
118	719
119	480
119	636
119	737
119	743
120	235
122	161
122	340
123	225
123	322
123	584
123	686
123	699
124	265
125	314
125	623
126	295
126	320
126	355
126	638
126	657
126	702
126	764
127	163
127	755
128	270
128	378
129	216
129	346
129	449
129	656
130	318
130	692
130	744
131	179
131	405
131	460
131	616
132	232
132	497
132	743
133	144
133	282
133	321
133	375
133	465
133	474
133	729
133	799
134	467
135	153
135	200
135	290
136	458
136	683
137	260
137	362
137	510
138	216
138	224
138	225
138	519
138	535
139	329
139	733
140	322
140	383
140	414
140	512
140	645
141	196
141	260
141	496
141	526
141	645
141	737
142	524
142	593
143	213
143	235
143	271
143	275
143	462
144	286
144	358
144	398
144	411
144	587
144	646
144	733
145	276
145	424
145	530
145	556
145	652
145	782
146	236
146	416
147	172
147	181
147	408
147	447
148	162
148	206
148	225
148	465
148	489
148	491
148	683
149	630
150	367
150	718
151	260
151	476
151	495
151	559
151	602
151	673
152	427
152	711
152	795
153	325
153	471
153	641
153	656
154	342
154	428
154	666
155	336
155	384
155	407
156	229
156	366
158	516
158	576
159	407
159	596
160	287
160	304
160	444
160	493
160	512
160	707
160	756
161	241
162	457
162	572
162	776
163	295
163	606
164	225
164	256
164	388
164	455
164	507
164	536
164	755
164	756
165	699
165	785
166	196
167	514
168	397
168	738
169	244
169	296
169	431
169	547
169	569
169	791
170	326
170	380
170	396
171	226
171	347
171	403
171	436
171	643
172	244
172	468
172	637
172	753
173	341
174	208
174	216
174	487
175	276
175	499
175	546
175	771
175	776
176	301
176	509
176	590
177	194
177	380
177	389
177	391
178	429
178	650
179	421
180	182
180	364
180	433
180	500
180	721
180	769
181	350
181	388
181	787
182	601
182	631
182	689
183	247
183	432
183	551
184	213
184	275
184	409
184	477
184	508
185	313
186	201
186	552
186	671
186	729
186	754
186	796
187	329
187	385
187	390
187	618
187	671
187	730
188	286
188	294
188	679
189	214
189	275
189	276
189	287
189	312
189	383
189	489
189	519
189	522
189	526
190	199
190	208
190	371
190	532
190	617
191	472
191	581
191	738
191	777
192	562
193	236
193	499
194	245
194	564
194	570
194	666
194	698
194	740
195	204
195	351
195	368
195	596
195	749
195	765
196	293
196	537
196	601
196	663
196	755
197	477
197	687
197	753
198	278
198	400
198	474
198	529
198	716
199	549
199	668
200	410
200	657
200	701
202	293
202	762
203	402
203	707
203	784
204	532
204	608
204	752
205	284
205	392
205	728
206	558
206	749
206	796
207	359
207	436
207	539
207	715
208	434
209	502
209	719
210	730
211	449
211	465
211	624
211	670
212	262
212	313
212	615
213	470
214	308
214	398
214	476
214	483
214	598
215	312
215	352
215	421
215	473
215	610
215	679
216	429
216	681
217	244
217	347
217	623
217	653
218	222
218	509
219	364
219	399
219	496
219	559
219	651
220	442
220	448
220	464
220	658
221	478
221	486
221	513
221	672
221	777
221	784
222	362
223	730
223	765
223	779
224	418
224	465
224	620
224	668
224	678
225	412
225	517
225	595
226	588
227	558
227	646
227	694
227	705
227	791
228	345
228	420
229	317
230	285
230	402
230	502
230	595
230	607
231	469
231	473
231	614
232	340
232	555
232	687
232	737
233	403
233	595
233	771
234	334
234	427
234	512
235	328
235	518
235	711
236	736
237	782
238	734
238	753
239	328
239	504
239	679
240	306
240	352
240	362
240	751
241	264
241	655
241	749
241	792
242	785
243	253
243	446
243	636
243	743
244	296
244	374
244	621
244	633
244	637
245	387
245	452
245	537
246	468
246	780
246	785
248	261
248	428
248	577
248	639
248	770
249	555
249	715
249	782
249	792
250	320
250	347
250	567
250	756
251	376
251	422
251	691
251	701
252	312
252	687
252	773
254	474
254	627
254	651
256	260
257	417
257	480
258	713
258	736
258	780
260	435
261	454
261	575
262	445
262	521
262	681
263	273
263	569
263	600
265	483
265	539
266	484
267	568
267	603
267	772
269	453
269	480
269	715
270	280
270	304
271	415
272	319
272	391
272	419
272	647
272	743
272	761
273	344
273	470
273	581
274	793
275	554
275	641
275	735
275	741
275	798
276	329
276	528
276	567
276	696
276	741
277	547
277	664
277	777
278	328
279	534
281	425
281	443
281	597
281	692
282	377
282	443
282	560
282	582
283	328
283	389
283	465
283	554
283	672
283	781
284	389
284	422
284	627
285	576
286	385
286	696
287	411
287	416
287	684
287	789
288	314
288	534
288	601
289	295
289	304
289	306
289	407
289	432
289	759
289	774
291	606
292	760
293	493
293	643
293	655
293	755
294	504
294	618
295	408
295	473
295	498
295	713
295	796
296	672
296	680
297	561
297	621
297	723
298	349
298	533
298	632
298	781
299	314
300	393
300	411
301	355
301	554
301	599
302	339
302	451
302	473
302	485
302	583
302	608
303	490
303	535
303	711
303	736
303	762
303	795
304	510
304	689
304	757
305	593
305	623
305	658
306	426
307	314
307	472
307	596
307	655
307	665
308	443
308	624
310	382
310	596
310	669
311	776
312	433
313	353
313	398
313	568
313	699
313	740
314	427
314	555
315	358
315	415
316	342
316	475
316	645
316	792
316	797
317	427
317	479
317	756
318	371
318	388
318	426
318	543
318	555
318	574
318	721
319	635
319	760
320	392
320	447
320	489
322	507
322	572
322	620
322	637
323	557
324	391
325	427
325	571
326	487
326	688
327	412
327	774
328	476
328	573
328	604
328	646
329	477
329	484
329	622
330	347
330	772
331	619
331	691
331	746
333	550
333	561
334	459
334	542
334	709
335	349
335	377
335	500
335	629
335	633
336	380
336	417
336	622
337	643
338	589
338	733
338	752
339	340
339	413
339	560
341	381
341	453
341	506
341	753
343	528
343	726
344	391
344	562
344	670
344	725
345	469
345	684
345	691
346	361
346	389
346	436
347	416
347	432
347	509
347	638
347	779
348	449
348	639
348	773
350	557
350	635
350	796
351	505
351	518
351	598
352	437
352	442
352	644
353	507
353	717
353	784
354	450
354	510
354	606
355	513
355	559
355	573
356	762
357	727
357	740
358	522
359	424
359	555
359	702
360	591
361	559
361	613
361	658
362	453
362	561
362	782
362	795
363	654
363	715
364	430
364	514
364	729
365	514
365	558
365	647
365	789
366	390
366	529
367	393
367	426
367	554
368	514
369	655
370	382
370	538
371	394
371	432
371	514
371	660
371	690
371	748
372	417
372	432
372	470
372	708
372	710
373	633
373	656
374	437
374	712
375	394
377	595
377	641
377	777
378	423
378	696
378	769
379	398
379	399
379	400
379	635
380	502
380	547
380	763
381	489
382	520
382	556
382	696
383	396
383	415
383	602
385	605
386	470
386	593
386	659
387	485
387	620
387	716
387	777
388	448
389	659
390	429
390	559
391	409
392	491
392	629
392	664
392	787
394	662
394	777
396	760
397	432
398	433
398	445
398	591
398	656
398	795
399	606
400	706
401	644
402	520
403	590
404	516
405	751
406	561
407	516
408	491
409	444
409	482
409	595
409	615
409	759
410	451
410	799
411	646
411	660
412	499
412	702
413	656
413	759
414	467
414	643
414	650
416	586
416	769
417	452
418	754
419	504
420	638
420	716
420	754
421	443
421	638
422	607
422	693
422	783
423	448
423	450
423	576
424	640
427	439
428	480
429	733
430	633
430	645
430	652
431	466
431	604
432	517
432	590
432	646
432	795
433	623
434	680
434	771
435	475
435	545
436	438
436	547
436	582
437	520
437	720
438	492
438	517
438	761
440	513
442	614
443	593
443	610
443	696
444	545
444	577
445	618
447	621
447	668
448	689
449	716
452	515
452	752
452	799
453	473
453	732
454	495
454	587
455	548
455	604
456	579
457	575
457	584
457	588
458	484
458	502
458	699
459	655
459	786
460	525
460	530
461	475
461	487
461	731
462	704
463	501
463	594
463	606
463	794
464	659
464	714
465	505
465	578
465	685
466	495
466	635
466	653
467	597
467	627
467	735
468	474
468	631
468	757
469	602
469	618
470	513
470	689
471	562
471	713
472	543
472	577
472	668
473	613
474	652
474	718
474	790
475	527
475	693
476	577
476	713
478	647
479	633
479	646
480	496
480	778
481	494
481	547
481	580
483	606
483	639
483	746
483	758
484	556
484	634
484	718
485	592
486	646
487	651
487	769
488	493
488	499
489	651
490	498
490	542
490	760
491	558
492	699
493	532
493	789
494	497
494	595
494	601
494	647
494	742
494	756
495	511
495	718
496	499
496	572
497	500
498	534
498	638
499	739
499	799
500	720
501	639
501	756
501	761
502	517
502	527
503	766
504	533
504	560
505	530
505	702
505	793
506	582
506	590
506	669
506	792
507	515
509	693
509	795
510	791
511	622
511	731
512	612
512	665
513	529
514	535
514	694
514	716
515	594
515	653
515	697
517	584
517	645
518	714
518	762
519	647
520	551
520	616
520	671
520	744
521	648
521	740
522	742
523	575
523	785
524	633
525	781
526	775
527	597
528	609
528	620
530	563
530	648
530	697
531	696
533	701
533	784
534	625
534	690
535	543
535	545
535	583
537	587
538	720
539	777
539	794
540	569
540	699
541	723
542	780
545	754
547	593
549	566
549	629
549	705
552	560
552	611
553	748
553	779
554	585
554	709
556	585
556	722
557	651
558	759
559	635
559	791
562	631
563	714
564	746
564	797
565	574
565	714
565	787
566	761
568	759
569	646
569	668
570	656
571	661
571	667
572	592
572	657
574	679
575	728
575	775
576	596
576	604
576	631
576	710
579	670
579	732
580	714
580	782
582	629
582	701
584	623
584	669
586	600
587	629
587	646
588	675
590	791
592	724
592	732
593	679
593	756
594	691
594	703
595	642
596	665
597	680
597	704
597	791
599	755
600	745
604	711
604	772
606	667
607	754
608	705
608	798
609	690
613	748
614	638
614	788
615	667
616	671
619	763
621	646
625	729
626	682
627	642
631	733
633	664
633	713
634	767
635	767
636	719
636	740
636	753
639	640
639	652
640	742
643	764
645	674
647	771
649	758
650	666
652	663
652	675
652	685
652	740
652	751
653	748
656	676
656	721
658	786
659	754
659	763
660	771
664	766
665	709
665	776
668	750
670	687
671	747
671	773
672	713
672	790
673	777
673	797
674	715
674	727
678	691
682	712
682	781
684	711
686	784
687	791
691	697
695	753
695	761
695	780
697	747
706	790
708	796
714	715
716	783
717	796
720	734
721	729
721	748
722	730
725	765
729	771
733	744
735	740
735	745
738	775
741	793
746	795
747	795
751	762
765	770