0	79
0	159
0	365
0	371
0	410
0	488
0	513
0	547
0	694
0	786
1	259
1	375
1	459
1	485
1	648
2	4
2	59
2	176
2	217
2	277
2	286
2	309
3	53
3	545
3	791
4	79
5	458
5	574
5	602
5	638
6	260
6	500
6	647
6	747
7	57
7	222
7	566
8	122
8	781
9	50
9	58
9	181
9	623
9	723
10	31
10	100
10	317
10	365
10	370
10	452
10	567
10	587
10	607
11	22
11	33
11	195
11	301
11	323
11	379
12	510
12	564
12	670
13	132
13	139
13	158
13	234
13	575
13	759
14	334
14	652
15	771
16	334
17	258
17	303
17	385
18	480
18	539
18	609
18	668
19	93
19	212
19	310
19	507
19	737
20	260
20	551
20	716
21	575
21	680
21	724
21	761
22	209
22	400
23	163
23	447
23	666
23	761
24	208
24	325
24	623
25	256
25	287
25	541
26	62
26	119
26	197
27	112
27	696
28	83
28	230
28	546
29	203
29	280
29	399
29	709
30	441
30	625
30	764
31	117
31	313
31	415
31	555
31	635
31	715
32	331
32	413
33	498
33	530
33	752
34	396
34	506
34	740
35	144
35	345
35	467
35	478
35	511
35	541
35	577
35	634
36	447
36	498
36	508
36	666
37	74
37	695
38	372
38	418
38	497
38	540
39	494
40	229
40	519
40	655
41	53
41	165
41	289
41	525
41	534
41	754
42	47
42	269
42	272
42	687
42	734
42	767
43	222
43	292
43	582
44	125
44	615
45	263
45	344
46	153
46	170
46	385
46	420
46	480
46	542
47	377
47	530
47	682
48	163
48	483
48	779
49	145
49	173
49	374
49	757
51	99
51	182
51	241
51	258
51	676
52	91
52	95
52	104
52	127
52	251
52	606
52	631
52	634
53	423
53	520
53	711
54	314
54	573
55	254
55	295
55	318
55	364
55	722
56	408
56	772
57	558
57	566
58	691
58	768
59	302
59	394
59	479
59	705
59	723
60	585
61	73
61	408
61	429
61	472
62	491
62	686
62	697
62	728
62	786
63	73
63	91
63	495
63	592
64	469
65	156
65	281
65	306
65	417
65	549
65	666
65	705
66	76
66	324
66	632
66	640
67	234
67	331
67	746
67	776
68	196
68	313
68	511
68	545
68	549
68	620
68	740
69	557
69	620
69	749
70	109
70	434
70	459
70	575
71	133
71	218
71	273
71	274
71	314
71	325
71	545
71	684
71	712
71	739
72	251
72	611
72	639
73	84
74	390
74	441
74	617
75	109
75	198
75	342
75	455
76	200
76	495
76	591
76	719
77	147
77	726
78	93
78	322
78	343
78	536
78	642
78	693
79	134
79	495
79	541
79	598
80	130
80	486
80	537
80	664
81	149
81	275
81	510
81	594
81	710
81	730
82	527
83	163
83	183
83	188
83	216
83	759
83	791
84	91
84	218
84	270
84	320
84	358
84	551
84	736
85	91
85	212
85	385
85	395
85	716
85	738
85	782
86	314
86	494
86	722
87	507
87	521
88	181
89	163
89	180
89	228
90	427
90	746
91	465
91	518
91	588
92	106
92	243
92	275
92	288
92	434
92	469
92	483
93	312
93	584
93	645
93	665
93	681
94	184
94	252
94	318
94	502
94	534
94	559
94	609
95	209
95	418
96	268
96	342
96	430
96	596
96	621
97	161
97	212
97	466
97	740
98	344
98	356
98	441
98	629
98	630
99	655
100	217
100	591
101	142
101	143
101	198
101	310
101	441
101	525
101	703
101	794
102	105
102	152
102	182
102	249
102	340
102	533
103	276
103	332
103	742
104	268
104	447
104	542
105	158
105	267
105	288
105	390
105	422
105	588
105	697
105	707
106	304
106	357
106	456
107	166
107	177
107	288
107	454
107	607
108	278
108	547
108	631
108	635
108	724
109	160
109	390
109	467
109	600
109	784
110	593
110	642
110	656
111	212
111	385
111	702
111	722
111	749
112	292
112	531
112	587
112	630
112	736
112	796
112	799
113	121
113	327
113	431
114	277
114	678
114	684
114	757
114	795
115	234
115	358
115	585
116	220
116	251
117	588
118	150
118	269
119	162
119	209
119	556
120	304
120	523
120	552
121	400
122	424
122	440
122	633
123	484
124	197
124	332
124	348
124	467
124	591
125	659
125	769
126	394
126	594
126	689
127	215
127	486
127	562
127	606
128	264
128	327
128	415
128	645
129	144
129	156
129	176
129	465
129	568
129	685
129	799
130	135
130	298
131	235
131	286
131	355
131	469
131	474
131	745
132	237
132	778
133	148
133	312
133	322
133	726
133	741
134	442
134	520
135	319
136	243
136	328
136	397
136	504
136	562
136	723
137	393
137	518
138	546
139	518
139	527
139	634
140	401
140	771
141	414
141	555
142	269
142	387
142	415
142	564
142	604
142	608
143	267
143	275
143	581
143	662
143	691
144	371
145	163
145	269
145	491
145	683
145	740
146	288
146	348
146	447
146	652
146	664
146	735
147	179
147	372
148	211
148	308
148	315
148	428
149	152
149	372
149	490
149	573
150	277
150	278
150	535
150	781
151	574
151	607
151	620
151	689
152	193
152	623
152	644
153	370
153	625
153	648
153	659
153	665
154	514
155	188
155	579
155	624
156	580
157	163
157	200
157	737
158	306
158	521
158	618
158	701
159	334
159	403
160	360
160	426
160	529
160	647
161	203
161	211
161	380
161	652
162	771
163	206
163	208
164	181
164	413
165	430
165	503
165	577
165	642
165	644
165	685
166	313
166	603
166	670
167	186
167	522
167	544
168	486
169	306
169	366
169	475
169	672
170	361
170	438
170	515
170	634
170	794
171	240
171	410
171	649
172	387
172	480
172	600
172	620
172	661
172	698
174	372
174	437
175	280
175	291
175	437
175	614
176	198
176	320
176	473
176	483
176	493
176	652
177	296
178	252
178	730
179	380
179	462
179	648
181	302
181	681
182	332
182	360
182	675
183	269
183	303
183	565
183	671
184	485
184	772
185	226
185	399
185	472
185	505
186	236
186	577
187	341
187	347
188	431
188	776
189	263
189	448
189	616
190	216
190	762
191	255
191	408
191	474
191	498
191	515
191	550
191	580
191	622
191	630
192	304
193	214
193	508
193	560
194	267
194	620
194	728
195	288
195	324
195	637
196	206
196	753
197	380
197	496
198	336
198	454
198	457
198	586
198	766
199	290
199	332
199	600
200	610
201	328
201	534
201	553
201	573
201	651
202	559
203	404
203	547
204	208
204	486
204	528
204	618
205	346
205	369
205	553
206	256
206	327
206	673
207	340
207	551
208	512
209	366
209	430
209	474
209	512
209	573
210	451
210	583
211	268
211	510
211	514
212	357
212	432
212	530
213	291
213	582
214	367
214	554
215	263
216	411
216	463
216	597
216	756
217	607
218	257
218	273
218	407
218	413
218	441
218	745
219	358
219	418
219	429
220	393
220	538
221	331
221	468
221	486
222	370
222	670
223	356
223	454
223	459
223	659
223	660
224	410
225	437
225	764
225	770
225	798
227	271
227	355
227	671
227	780
228	354
228	673
228	674
229	361
229	465
229	708
230	404
230	511
230	591
230	764
231	258
231	369
231	519
231	762
232	283
232	595
233	251
233	380
233	543
233	617
233	640
234	382
234	625
234	704
235	294
235	298
235	312
235	369
236	274
236	364
236	457
236	678
236	733
238	407
238	436
238	501
238	591
239	253
239	705
240	333
241	503
241	648
241	649
242	315
242	440
242	542
243	519
243	540
243	591
243	647
244	651
245	448
245	541
246	339
246	444
246	534
247	250
247	374
247	409
247	412
247	427
247	443
247	506
247	526
247	672
248	278
248	774
249	451
250	288
251	260
251	536
251	645
251	646
252	696
252	761
253	378
253	463
253	703
253	772
254	287
254	383
254	483
254	518
254	561
254	651
254	663
254	683
254	728
254	787
255	582
255	698
256	418
256	532
256	710
256	724
257	456
258	304
258	412
258	665
259	761
260	319
260	442
260	570
260	610
261	421
261	469
261	541
262	287
262	411
262	489
262	523
262	559
263	606
264	512
264	607
265	419
266	410
266	469
266	488
266	756
267	379
267	526
268	377
268	430
268	562
270	301
270	306
270	395
270	715
271	431
271	498
271	569
271	617
272	329
272	376
272	540
272	609
272	793
273	389
273	417
273	526
273	541
273	604
274	374
274	388
274	507
274	603
274	773
276	365
276	384
276	735
277	361
277	420
278	328
278	490
278	527
278	592
278	595
278	706
278	773
279	300
279	416
279	652
279	664
280	681
280	706
281	292
281	419
281	551
281	666
281	797
282	393
282	482
282	668
282	690
283	441
283	646
283	729
284	440
284	765
285	315
285	582
286	426
286	657
287	444
287	734
288	545
288	782
289	419
290	429
291	305
292	306
292	392
293	663
294	328
294	426
294	461
294	617
294	694
294	773
294	789
295	487
295	495
296	318
296	618
297	424
297	437
297	687
298	326
298	486
298	666
298	783
299	499
299	748
299	758
300	346
300	420
300	511
301	581
302	392
302	564
302	683
303	670
303	677
304	570
305	548
306	350
306	378
306	453
306	782
307	355
307	604
307	790
308	365
308	685
308	786
309	555
309	622
310	796
311	363
312	586
312	627
313	694
313	757
313	776
314	615
315	332
316	489
316	632
316	659
316	706
317	367
317	580
317	739
318	777
319	470
319	620
319	683
320	324
320	741
321	324
321	407
321	425
322	637
322	691
322	765
323	410
323	431
323	618
323	771
324	353
325	520
325	529
325	734
326	659
326	667
327	619
328	629
329	351
329	626
330	429
330	689
330	710
330	744
331	395
331	487
332	775
334	346
334	506
334	604
334	759
334	785
335	442
335	547
336	650
336	723
336	743
337	596
338	671
339	511
339	603
339	639
339	784
340	464
340	527
340	588
341	382
341	388
342	476
343	396
343	488
343	502
345	454
345	458
346	734
346	757
347	375
347	384
347	444
347	789
348	540
348	706
349	780
349	789
350	571
351	451
351	597
351	704
352	367
352	455
352	692
353	391
353	604
353	653
353	654
354	446
355	416
355	461
355	494
355	518
356	516
359	493
359	630
359	635
359	640
360	506
360	595
360	628
361	392
361	498
361	515
361	530
361	674
362	771
363	421
363	676
365	432
365	701
366	725
367	387
367	480
368	561
368	725
369	518
370	709
370	780
371	416
371	507
371	705
371	795
372	436
372	542
372	632
372	665
372	720
373	748
374	709
374	717
375	542
375	727
376	456
376	784
376	797
377	452
377	715
377	744
377	765
378	405
379	492
379	547
379	605
379	632
379	784
380	699
381	504
381	550
381	645
381	743
382	390
382	587
382	627
383	421
383	722
383	768
384	688
386	687
387	536
388	423
388	458
388	755
389	436
389	537
389	783
390	497
390	551
391	529
391	664
391	673
391	759
391	796
393	410
393	684
394	650
394	737
395	530
396	572
396	755
398	447
398	539
399	401
399	410
399	771
399	788
402	656
402	722
403	474
403	749
404	511
404	633
405	492
405	495
405	601
405	636
405	695
405	794
406	589
407	458
407	580
407	747
408	727
408	795
409	662
409	799
410	433
410	533
411	539
412	532
413	583
413	668
414	502
414	645
415	534
415	704
415	744
415	757
417	649
418	488
418	714
419	505
420	686
420	795
421	541
421	599
421	799
422	641
423	664
423	744
424	602
424	616
424	747
424	755
426	545
427	482
427	557
427	574
428	529
428	571
428	657
429	585
429	707
430	445
430	609
431	471
431	541
431	563
431	643
431	794
432	697
432	742
433	519
433	565
434	681
435	639
436	501
436	752
436	766
437	591
437	611
437	658
438	574
439	483
439	534
440	554
440	713
440	798
442	525
442	586
442	638
442	666
442	750
443	490
443	520
443	584
443	630
443	688
443	710
444	610
444	708
447	573
447	643
449	460
449	766
450	621
450	710
451	501
452	743
453	512
453	755
456	655
457	473
459	618
459	634
459	753
460	499
460	501
460	727
461	553
462	631
462	709
462	791
463	608
463	736
464	732
465	780
466	704
466	708
467	494
468	570
468	777
469	571
470	603
473	479
473	782
474	488
474	765
475	633
476	756
476	791
477	588
477	663
479	589
479	703
479	765
480	516
480	653
480	769
481	610
481	646
481	715
483	754
484	488
484	539
484	696
484	751
485	514
486	719
487	544
487	641
488	674
489	563
491	552
492	525
492	527
492	617
492	696
493	618
493	667
495	667
496	572
497	605
497	611
497	798
500	602
500	610
501	675
503	703
504	708
504	719
505	576
506	798
507	784
507	797
508	534
508	631
508	788
509	660
509	710
509	742
510	598
510	643
510	757
512	605
513	554
513	760
517	648
517	697
518	627
519	686
520	539
520	649
520	662
520	725
520	765
522	691
522	761
523	721
523	737
524	790
525	717
527	696
527	754
528	596
529	647
529	691
531	782
533	574
533	649
534	744
535	771
538	717
538	735
538	783
538	798
540	565
541	709
541	725
541	735
543	716
543	766
544	549
544	612
544	740
544	768
544	784
545	572
545	612
546	558
547	620
547	667
548	597
549	570
549	749
552	681
552	711
552	733
552	762
554	644
555	579
555	634
555	654
557	722
558	566
558	639
558	704
559	581
559	737
560	600
561	592
562	635
562	720
564	658
564	701
564	737
566	787
567	771
571	581
572	742
573	638
573	766
575	697
575	768
576	579
576	687
577	653
578	638
578	798
579	682
579	795
580	751
581	604
581	632
581	669
581	743
582	758
583	595
584	644
584	686
585	592
585	616
586	778
587	645
590	599
590	657
590	773
592	679
594	717
595	762
596	684
596	779
598	607
598	692
598	697
598	722
599	766
600	637
600	701
600	795
605	692
606	684
608	611
610	696
611	644
613	708
613	738
615	777
616	632
617	655
617	698
617	715
620	792
621	634
622	638
623	632
623	764
623	770
625	648
627	764
628	756
629	753
629	788
633	723
637	673
639	658
639	735
641	745
641	777
642	737
643	677
643	749
644	678
650	797
651	742
652	776
653	671
654	719
655	712
655	734
657	682
657	699
658	794
659	664
661	726
665	709
665	718
665	721
666	772
667	742
667	780
668	799
669	703
670	770
671	690
671	758
672	743
675	686
676	686
676	710
676	724
676	786
677	711
683	687
685	719
685	728
691	732
693	694
698	787
699	733
700	769
701	739
706	746
708	734
709	780
710	731
710	749
716	724
726	736
729	759
730	773
731	794
739	746
739	789
743	770
744	752
752	755
754	783
757	791
758	763
765	799
771	793
779	788
783	797