0	92
0	217
0	290
0	361
0	513
0	699
0	793
1	487
1	612
1	713
2	60
2	339
2	341
2	391
2	579
2	610
2	681
3	555
3	561
4	530
5	87
5	327
5	456
5	748
6	122
6	287
6	550
7	15
7	96
7	98
7	213
7	519
7	766
8	277
9	124
9	480
9	529
9	542
9	599
9	676
9	774
10	477
10	742
10	753
11	81
11	139
12	488
12	543
12	613
12	672
13	35
13	81
13	682
14	468
14	501
14	740
14	778
15	68
15	211
15	254
15	284
15	348
15	544
15	710
16	148
16	308
16	638
16	736
17	138
17	150
17	206
17	287
17	416
17	537
17	709
18	93
18	244
18	759
19	263
19	420
19	453
20	42
20	172
20	238
20	269
20	279
21	40
21	313
21	342
21	485
21	604
22	236
22	399
22	718
23	218
23	386
23	407
23	772
24	337
25	172
25	526
25	544
25	573
25	642
26	364
26	624
26	651
26	675
27	130
27	146
27	453
27	683
27	706
27	741
28	88
28	174
28	282
28	291
28	341
28	560
29	580
29	787
30	158
30	274
30	528
30	578
30	593
30	713
30	787
31	198
31	200
32	72
32	110
32	302
32	410
32	730
33	340
33	647
34	166
34	189
34	489
34	490
34	790
35	194
35	377
35	399
35	553
35	651
35	786
36	414
36	421
36	533
36	693
37	486
38	528
38	542
38	674
38	751
38	770
39	391
39	752
40	284
40	337
40	372
40	390
40	584
40	669
40	673
40	704
41	82
41	169
42	208
42	458
42	481
42	656
42	683
42	752
43	241
43	349
43	423
43	445
43	688
43	751
44	244
44	495
44	608
44	668
45	123
45	428
45	589
46	405
46	621
47	58
47	467
47	632
47	665
48	192
49	201
49	433
49	502
49	569
49	768
50	265
50	378
50	662
51	173
51	473
51	501
52	107
52	404
52	568
52	695
53	73
53	547
54	101
54	139
54	265
54	476
55	174
55	255
55	411
55	477
56	187
56	224
56	253
56	396
56	653
56	704
57	181
57	450
58	217
58	360
58	365
58	662
58	667
59	75
59	426
59	547
59	713
60	71
60	617
60	712
61	189
61	327
62	139
62	184
62	318
62	718
62	762
63	372
63	503
63	514
63	744
63	778
64	115
64	126
64	408
64	566
64	654
64	740
65	163
65	533
66	104
66	125
66	417
66	683
67	161
67	220
67	277
67	347
67	375
67	571
68	100
68	129
68	209
68	237
68	647
69	532
69	548
69	663
70	263
70	298
70	479
70	575
71	75
71	301
71	340
71	431
71	719
71	751
72	327
72	440
72	761
73	538
74	146
75	133
75	314
75	388
76	148
76	575
76	622
76	756
77	114
77	172
77	347
77	421
77	496
77	590
77	594
77	627
78	85
78	336
78	778
79	148
79	165
79	190
79	295
79	491
79	705
79	711
79	714
80	115
80	273
80	337
80	363
80	672
81	165
81	288
81	356
81	409
81	431
81	731
82	376
82	699
83	109
83	359
83	500
83	501
84	107
84	223
84	504
85	185
85	689
86	224
86	298
86	434
87	155
87	338
87	509
87	584
87	677
87	733
88	97
88	121
88	123
88	134
88	252
88	622
89	313
89	461
89	791
90	572
90	602
90	611
90	723
91	249
91	255
91	344
91	379
92	291
93	169
93	570
94	530
94	649
95	175
95	450
95	454
95	512
95	661
95	728
95	750
95	775
96	386
97	348
97	571
97	722
98	208
98	522
98	537
98	625
98	735
99	163
99	349
99	358
100	341
100	475
100	566
101	451
102	105
102	308
103	183
103	609
103	678
104	301
104	564
104	772
105	269
105	478
105	707
105	767
106	398
107	253
107	264
107	574
108	536
108	576
108	690
109	119
109	140
109	676
110	448
110	490
111	182
111	252
111	339
111	597
111	780
111	783
112	171
112	474
112	485
113	127
113	192
113	543
113	623
113	699
113	770
114	135
114	147
114	410
114	450
114	512
114	726
114	794
115	301
115	341
115	409
116	156
116	165
116	275
116	313
116	354
116	670
116	799
117	147
117	225
117	327
118	265
118	267
118	512
118	752
118	761
119	134
119	225
119	278
119	404
119	471
119	599
119	658
119	751
120	420
120	714
122	525
122	593
122	745
122	797
123	308
123	681
124	304
124	339
124	373
124	475
124	706
125	324
125	400
125	488
125	499
125	617
125	783
126	427
126	577
127	192
127	507
127	784
128	225
128	234
128	452
128	472
128	705
128	756
129	162
129	563
129	719
130	367
130	416
130	652
130	683
130	779
131	411
131	546
131	799
132	136
132	771
133	188
133	320
133	672
133	795
134	275
134	346
134	470
134	636
136	283
136	344
136	706
136	736
137	481
137	646
138	337
138	611
139	218
139	545
141	178
141	203
141	592
142	272
142	335
142	793
143	153
143	285
144	177
144	376
144	657
144	720
144	721
145	186
145	369
145	407
145	636
145	641
146	157
146	289
146	334
147	752
147	754
147	776
148	168
148	256
148	550
148	584
149	243
149	285
149	472
149	507
149	603
149	604
149	797
150	171
150	762
150	765
151	232
151	330
151	585
152	461
152	555
153	390
153	526
153	770
154	209
154	695
154	708
154	783
155	651
155	776
156	213
157	256
157	396
157	434
157	638
157	748
158	289
158	405
158	415
158	602
158	710
159	385
159	540
160	241
160	621
160	772
161	298
161	304
161	422
161	607
161	751
161	777
162	368
162	519
162	588
163	293
164	229
164	316
164	425
164	487
164	572
164	597
164	720
165	554
166	216
166	615
166	707
166	760
166	796
167	190
167	444
167	474
167	502
167	585
167	613
167	677
168	269
168	383
168	554
168	701
168	771
169	223
169	293
169	303
169	317
169	387
169	485
169	676
170	640
170	681
170	742
171	228
172	372
173	281
173	508
173	623
173	760
173	776
174	282
174	690
175	249
175	348
175	469
175	476
175	642
176	282
176	377
176	472
176	550
176	784
177	376
177	450
177	786
178	498
178	522
178	653
178	755
179	748
180	341
180	381
180	635
181	211
181	323
181	344
183	296
183	459
183	556
184	238
184	265
184	291
184	311
184	770
185	226
185	618
186	241
186	317
186	690
187	250
187	587
188	232
188	680
189	698
190	424
190	768
191	268
191	620
191	719
192	424
192	436
192	615
193	360
193	596
193	718
194	560
194	622
194	658
195	247
195	587
196	518
196	673
196	746
197	362
197	531
197	532
197	557
197	584
198	595
199	234
199	510
199	728
199	731
200	235
200	279
200	290
200	296
200	375
200	761
201	605
201	655
202	437
202	642
203	432
203	498
203	633
204	476
205	586
206	555
206	683
207	232
207	515
207	675
208	305
208	315
208	475
209	212
209	358
210	266
210	309
211	429
211	707
211	771
212	218
212	799
213	525
213	526
213	657
214	357
214	418
214	514
215	313
215	344
215	606
215	628
216	249
216	317
216	620
216	622
216	649
216	773
217	366
217	597
218	477
218	598
218	707
219	247
219	335
219	460
219	568
219	652
220	314
220	399
220	418
220	543
221	372
221	478
221	640
221	708
222	535
222	712
223	245
223	300
223	657
224	244
224	471
225	263
225	448
225	483
225	530
225	561
225	753
226	436
227	546
228	414
228	485
228	629
228	743
228	749
229	528
229	731
230	799
231	313
232	368
232	785
233	291
233	316
234	268
234	431
234	576
234	656
234	771
235	784
235	795
236	315
236	351
236	520
236	758
237	397
237	402
238	589
239	659
239	799
240	663
240	704
240	721
241	275
241	672
242	309
242	421
242	650
242	762
243	502
243	702
243	747
244	272
244	494
244	637
244	703
245	648
245	688
246	367
246	726
246	747
247	340
247	472
247	499
247	779
248	287
248	519
248	667
248	694
249	606
249	686
249	689
249	783
249	799
250	337
250	457
251	788
252	454
253	554
253	570
254	406
254	485
254	643
255	436
255	708
256	292
256	483
256	516
256	772
256	794
257	459
257	507
257	704
258	452
258	540
258	779
259	289
259	637
259	706
260	268
260	539
260	681
261	314
261	762
261	795
262	790
263	390
263	747
264	699
265	283
265	400
265	673
266	416
266	597
266	796
268	402
268	542
268	610
269	321
270	294
270	728
271	428
272	487
272	650
272	661
272	681
273	531
274	726
274	788
275	537
275	547
275	581
275	639
276	413
276	552
276	664
276	741
276	784
277	293
278	755
278	786
279	304
279	331
279	376
279	473
279	502
279	732
279	756
279	763
280	381
280	664
281	301
281	700
281	794
282	636
283	617
283	707
283	744
284	564
285	479
285	786
286	789
287	373
287	416
287	468
288	509
288	684
288	754
288	767
290	559
290	616
291	307
291	357
291	455
291	541
291	686
292	371
292	393
292	438
293	366
293	479
294	385
294	497
295	341
295	459
295	494
295	562
295	602
296	327
296	473
296	514
296	642
296	650
297	431
297	439
297	520
297	525
297	603
297	688
297	740
297	763
299	653
300	343
301	331
301	437
301	655
301	721
302	319
302	658
303	541
303	673
304	465
304	501
305	499
305	546
305	693
306	507
306	626
306	788
307	370
307	438
307	621
307	663
308	355
308	401
309	372
309	495
309	555
310	347
310	467
311	758
312	546
312	753
313	725
314	324
314	354
314	553
315	607
315	626
315	789
316	511
316	594
317	673
318	443
318	502
318	714
319	744
320	434
320	551
322	573
322	725
322	776
323	409
324	448
324	627
325	387
325	478
325	677
326	431
326	575
326	787
327	545
327	598
327	671
327	675
328	715
329	499
329	788
330	563
330	589
331	485
331	562
332	435
332	560
332	605
333	344
333	390
333	447
333	661
333	747
334	422
334	528
334	579
334	598
335	513
335	532
335	560
335	615
335	718
336	450
336	511
336	584
336	673
336	740
337	552
337	671
339	382
339	501
340	367
340	436
340	469
341	377
341	449
341	608
341	618
341	655
341	661
341	768
342	386
342	508
342	630
342	687
343	588
343	729
343	798
344	547
344	589
344	733
344	738
344	755
345	412
347	605
348	409
349	385
349	591
350	519
350	534
351	406
351	450
351	459
351	559
351	777
352	456
352	484
352	526
352	703
352	720
353	384
353	471
354	725
355	525
356	753
357	503
357	749
357	759
357	768
358	464
358	552
358	736
359	707
360	399
360	533
360	580
360	778
361	371
361	378
361	602
361	713
363	366
364	369
364	479
364	663
365	795
366	624
366	682
368	388
369	456
369	718
369	726
370	377
370	542
370	631
370	681
370	795
371	582
371	623
371	792
372	622
372	670
373	433
373	681
373	719
373	765
374	548
375	603
375	691
375	780
376	426
377	695
377	750
378	393
379	488
379	528
379	632
379	751
379	768
380	503
381	456
381	784
382	391
382	497
382	566
383	511
383	539
383	547
383	616
383	751
383	781
384	515
384	549
384	585
385	725
386	443
386	479
387	546
387	623
389	566
390	447
391	679
392	593
392	706
393	597
393	744
394	409
395	698
396	558
397	550
397	698
398	425
398	730
399	511
399	572
400	461
400	516
400	537
400	750
401	558
402	785
403	539
403	797
404	407
404	661
407	578
407	755
408	510
408	539
408	699
411	784
412	705
413	419
413	462
413	665
413	796
416	583
416	603
417	426
418	481
419	638
420	524
420	726
421	530
421	720
422	435
422	478
422	516
422	735
423	486
423	781
423	787
424	478
424	590
425	473
425	578
425	662
426	625
427	689
428	514
428	760
428	765
429	487
429	624
430	499
430	639
431	457
431	505
431	599
431	747
431	771
432	502
432	504
432	742
433	606
433	732
435	453
436	506
436	658
437	531
437	674
438	568
438	580
438	651
438	728
439	648
440	576
440	776
441	660
442	525
442	604
442	769
442	777
443	577
444	587
444	650
444	676
444	713
445	546
445	719
446	528
446	544
446	679
446	722
448	453
449	456
449	625
449	799
450	534
450	582
450	684
451	518
451	662
452	618
452	652
453	645
454	722
454	747
455	552
456	503
456	598
456	749
458	561
458	689
458	759
459	519
459	542
459	733
461	608
461	644
461	765
462	497
463	528
464	539
464	658
464	721
465	486
465	583
465	762
466	735
467	515
468	586
468	604
469	490
469	799
471	653
471	735
473	501
473	684
473	768
474	641
475	641
475	644
475	698
475	790
476	609
477	531
477	642
478	529
478	536
478	565
478	694
479	602
480	710
480	746
480	774
481	622
481	639
482	752
483	553
483	737
484	502
484	629
484	792
485	541
485	633
486	718
486	724
487	510
487	722
488	685
488	782
489	770
490	496
490	510
490	685
491	564
491	629
491	776
491	779
492	523
492	547
493	793
494	589
494	604
494	682
495	507
495	660
496	642
497	532
497	638
497	722
499	510
500	527
501	754
503	640
503	683
503	731
504	586
505	603
505	784
506	692
507	536
507	567
508	697
509	546
509	660
510	553
510	601
510	727
512	689
513	568
513	733
514	536
515	651
515	652
515	675
515	729
516	547
517	664
518	541
519	619
521	549
521	646
521	761
524	782
524	798
525	583
525	597
525	772
526	623
526	740
526	783
527	657
527	727
528	679
528	750
529	541
530	589
530	751
532	642
533	682
533	690
534	642
535	576
535	661
536	636
536	674
537	539
538	682
540	693
541	751
543	658
543	779
543	792
544	617
544	651
546	568
546	644
546	711
547	548
548	598
548	756
549	568
550	675
550	679
551	663
551	725
552	614
552	659
552	793
552	798
553	686
553	724
553	756
555	567
557	580
558	650
558	748
561	734
561	777
561	789
563	784
565	611
565	723
567	643
568	745
570	754
572	720
573	791
574	576
574	626
574	687
575	595
575	736
576	628
576	707
577	595
577	600
577	738
578	630
578	703
579	664
579	797
580	672
581	660
581	678
584	635
585	588
586	611
586	747
587	740
588	594
588	708
589	714
590	602
590	728
591	653
591	726
592	621
592	665
592	667
593	653
593	730
596	642
596	712
597	602
597	663
599	709
600	794
603	630
603	793
604	671
604	764
605	620
605	682
606	709
608	664
608	682
608	722
608	723
609	737
611	642
615	693
617	681
618	707
618	773
623	783
625	752
628	786
629	739
631	778
631	798
633	741
634	661
635	690
636	647
636	785
638	710
639	679
641	644
641	739
647	713
649	726
650	653
650	727
650	790
652	788
653	717
654	788
657	661
657	682
657	685
657	703
657	718
658	733
660	677
660	716
660	798
662	665
664	783
666	695
667	720
670	797
673	696
673	786
675	731
676	741
679	731
681	704
683	684
686	797
688	754
690	700
697	757
699	771
700	736
700	783
704	707
704	740
705	714
707	786
708	722
709	786
710	787
717	739
718	784
727	783
728	743
737	763
741	756
742	745
745	748
749	796
760	779
761	763
768	776
773	798