0	409
1	38
1	460
1	730
2	40
2	452
2	644
2	719
2	789
3	417
3	625
4	36
4	115
4	427
4	453
5	95
5	228
5	268
5	448
5	686
5	721
5	759
6	100
7	55
7	350
7	782
8	598
9	391
9	545
10	197
10	654
11	118
11	127
11	279
11	575
11	603
11	728
12	86
12	117
12	723
12	793
13	100
13	173
13	179
13	429
13	535
13	538
14	49
14	78
14	133
14	200
14	224
15	21
15	110
15	374
15	477
16	293
17	409
17	509
17	551
18	120
18	302
18	375
18	411
19	160
19	261
19	282
19	646
19	743
20	64
20	474
20	700
21	60
21	354
22	143
22	381
22	475
22	531
22	578
23	27
23	66
23	546
23	625
23	682
23	754
24	129
24	481
24	551
25	596
26	130
26	412
26	595
26	799
27	61
27	93
27	154
27	431
27	446
28	370
28	487
28	533
28	593
28	739
28	749
29	110
29	467
29	584
29	667
30	595
30	684
30	695
30	788
31	391
31	658
32	764
33	167
33	753
34	181
34	231
34	232
34	431
34	474
34	747
35	104
35	408
35	469
35	635
35	686
36	84
36	104
36	463
37	312
37	383
37	443
37	459
37	513
37	663
38	209
38	297
38	651
38	758
39	225
39	624
40	139
40	395
40	484
40	500
40	688
41	175
41	246
41	324
41	489
41	618
41	669
41	767
42	507
43	60
43	239
43	298
43	434
44	219
44	345
44	642
45	128
45	227
45	402
46	75
46	154
46	436
46	440
47	247
48	93
48	503
48	654
48	740
49	61
49	114
49	258
49	384
49	447
49	480
49	775
50	160
50	204
50	288
50	546
50	647
50	722
51	75
51	257
51	685
52	685
52	712
53	61
53	502
54	85
54	221
54	235
54	461
54	593
54	677
54	714
55	70
55	262
55	657
55	735
56	123
56	619
56	650
57	88
57	120
57	154
57	676
57	694
57	731
58	73
58	259
58	282
58	770
59	112
59	298
59	611
59	661
60	309
60	453
60	495
60	527
60	647
61	275
62	513
62	549
63	149
63	454
63	518
63	594
63	605
64	194
64	308
65	139
65	301
65	540
66	166
66	417
66	745
66	787
67	114
67	220
67	295
67	324
67	446
68	89
68	105
68	275
68	335
68	471
69	94
69	112
69	376
69	718
69	743
70	137
70	185
70	336
70	385
70	673
71	173
71	283
71	441
71	468
71	597
71	671
71	677
71	738
72	85
72	193
72	426
72	650
73	298
73	413
73	467
73	684
74	240
74	543
75	130
75	222
75	500
75	560
75	603
76	99
76	401
76	520
76	710
76	783
77	78
77	560
77	636
78	148
78	158
78	257
79	229
79	538
80	87
80	150
80	314
80	616
81	422
81	486
82	340
82	398
82	739
83	86
83	160
83	580
84	173
84	669
85	195
85	213
85	301
85	400
86	126
86	158
86	205
86	239
86	382
87	131
87	344
87	370
87	409
87	562
88	190
88	276
88	372
88	562
88	604
89	422
89	500
89	574
89	681
89	746
89	786
89	791
90	176
90	297
90	648
90	704
90	797
91	323
91	431
92	130
92	394
92	476
92	629
93	297
93	446
93	459
94	607
95	156
95	782
95	783
96	582
97	150
97	254
97	478
97	727
97	778
98	144
98	275
98	311
98	417
98	518
98	542
98	631
98	683
99	160
99	215
99	356
99	392
99	532
100	334
100	351
100	435
100	587
101	524
101	656
102	124
102	162
102	433
102	533
102	541
103	357
104	326
104	409
104	575
104	711
104	743
105	134
105	149
105	155
106	329
106	336
106	459
106	566
106	770
107	378
108	186
108	205
108	217
108	226
108	432
108	507
108	551
108	711
108	721
108	779
109	198
109	545
110	302
110	336
110	400
111	403
111	476
111	680
111	781
112	678
112	788
113	140
113	519
113	681
114	264
114	463
114	644
114	739
115	187
115	581
115	632
116	133
116	194
116	223
116	365
117	653
117	670
118	489
118	571
118	756
118	768
119	661
119	784
120	176
120	296
120	406
120	741
121	197
121	269
121	379
121	399
121	541
121	634
121	654
121	779
122	388
122	421
122	423
122	566
122	629
122	662
123	226
123	797
124	269
124	518
124	521
124	725
125	261
125	275
125	313
125	354
125	357
125	572
125	600
125	670
125	782
125	783
126	171
126	512
126	518
127	146
127	277
127	586
128	129
128	321
128	751
130	158
130	287
130	295
130	584
131	324
131	524
131	719
132	216
132	649
133	365
133	399
133	444
133	524
133	628
133	751
133	770
134	218
134	272
134	338
134	349
134	413
134	725
135	152
135	421
135	434
135	496
135	506
135	794
136	204
136	283
136	473
136	602
136	789
137	228
137	317
137	463
138	162
138	225
138	279
138	560
138	632
138	685
139	518
139	587
139	588
139	680
141	144
141	148
141	391
142	385
142	478
142	607
143	386
143	420
143	629
143	680
143	782
144	156
144	184
144	343
145	255
145	366
145	465
145	584
146	270
146	295
146	353
146	434
146	453
146	548
147	304
147	480
147	649
147	658
147	661
147	749
148	329
148	726
149	207
149	474
149	549
149	659
149	661
150	168
150	748
151	177
151	406
151	473
151	494
152	290
153	370
153	448
153	480
154	424
154	521
154	706
154	775
155	286
155	293
155	632
156	258
156	302
156	333
156	568
156	630
157	384
157	398
157	540
157	656
157	706
157	732
158	200
158	369
159	265
159	520
159	602
160	275
160	289
160	490
161	199
161	392
161	560
162	742
163	630
164	316
164	509
165	233
165	274
165	393
165	722
166	436
166	492
166	768
167	390
167	657
167	698
167	706
168	265
168	311
168	329
169	190
169	339
169	545
170	447
170	464
170	562
170	702
170	730
170	741
171	332
171	708
171	793
172	479
173	242
173	243
173	293
174	251
174	662
174	756
175	277
175	345
175	613
175	624
175	679
175	745
176	214
176	271
176	309
176	389
176	432
176	762
177	377
177	397
177	519
178	288
179	536
179	771
180	221
180	405
180	648
181	288
181	295
181	304
181	609
181	615
181	681
182	699
183	243
183	625
183	723
184	327
184	611
184	771
185	233
185	460
185	482
186	230
186	245
186	435
186	547
186	712
187	205
187	371
187	380
187	460
187	610
188	635
188	664
188	739
189	361
189	365
189	427
189	433
189	693
190	231
190	334
190	505
190	758
191	301
191	585
191	792
192	570
192	766
193	316
193	478
193	581
193	668
194	291
194	422
195	288
195	462
195	727
195	778
196	301
196	685
197	201
197	335
197	693
198	226
198	280
198	342
199	770
200	370
200	576
200	603
200	783
201	372
202	744
203	471
204	541
204	651
204	665
204	772
205	228
205	401
206	213
206	790
207	779
208	213
208	415
208	625
208	658
208	668
208	736
209	233
209	506
210	312
210	399
210	419
210	489
210	761
211	290
211	373
211	521
211	638
211	653
211	737
212	306
212	547
212	623
212	692
212	740
213	306
213	669
214	322
214	340
214	470
215	236
215	417
215	518
215	663
216	426
216	449
217	747
218	258
218	403
218	422
219	283
219	323
219	447
219	606
219	693
219	781
220	416
220	614
221	421
221	430
221	553
221	691
221	719
222	260
222	474
222	480
223	321
223	517
224	267
224	279
224	442
224	513
224	761
225	493
225	684
226	269
226	679
228	279
228	438
229	515
229	532
229	681
230	441
231	482
231	506
231	703
231	783
232	258
232	316
232	383
232	738
233	325
233	722
234	664
235	272
235	319
235	561
237	404
237	405
237	646
238	294
238	404
238	421
238	676
238	708
239	349
239	352
239	496
239	510
239	524
239	700
240	462
241	651
242	578
243	317
244	459
244	622
244	739
245	321
245	535
246	428
246	594
247	383
247	412
248	250
248	591
248	702
249	436
249	516
249	567
250	361
251	543
251	591
251	660
251	797
252	469
252	556
253	435
253	463
253	510
253	573
253	619
254	301
254	348
254	411
254	524
254	659
254	698
255	307
255	453
256	284
256	332
256	461
256	554
256	741
256	748
257	394
257	452
258	456
259	344
259	538
259	593
259	644
259	755
259	792
262	427
262	621
263	373
263	515
263	735
264	409
264	605
264	722
264	751
265	467
265	672
265	679
265	792
266	392
266	489
266	677
266	799
267	401
267	471
267	520
267	613
267	710
268	525
268	573
268	615
269	414
271	641
272	561
272	613
272	654
272	747
273	278
273	352
273	522
273	567
273	756
274	298
274	691
275	276
275	388
275	480
275	535
275	561
275	584
275	747
276	279
276	350
276	510
276	665
276	784
277	295
278	344
278	444
278	520
278	576
278	577
278	589
278	665
279	546
279	700
280	550
281	294
281	401
282	284
282	506
282	520
282	569
282	675
283	314
283	427
283	428
283	523
283	788
284	484
284	629
284	647
285	347
285	627
285	745
286	306
286	443
286	530
286	645
287	389
287	407
288	460
288	593
288	616
289	361
290	463
290	594
290	750
291	603
291	688
292	506
292	642
292	772
292	788
293	313
293	352
294	391
294	403
294	407
294	590
295	440
295	640
295	694
295	768
296	464
296	526
297	378
297	390
297	541
297	724
298	306
298	544
298	682
299	317
299	708
300	705
301	464
302	312
302	320
302	622
302	658
302	665
302	760
303	437
303	507
303	574
303	579
303	630
303	776
304	312
304	398
304	405
304	720
305	353
305	363
305	490
305	521
305	543
305	620
305	640
305	694
306	332
307	473
307	511
307	527
308	539
309	539
309	635
309	757
310	405
310	656
310	740
310	754
311	379
311	433
311	476
312	358
312	478
312	625
313	600
313	603
313	713
314	395
314	448
314	498
314	505
314	712
314	731
315	353
315	402
315	560
315	637
317	420
317	661
318	343
318	756
318	760
319	359
319	409
319	527
319	573
319	587
319	609
320	499
320	553
320	631
320	688
321	558
321	571
321	715
322	348
322	468
322	574
323	412
323	569
323	716
325	493
325	510
325	596
326	390
326	665
327	334
327	452
327	657
328	627
329	332
329	343
330	554
330	582
331	490
331	727
332	417
332	461
332	473
332	661
333	385
333	604
333	680
333	776
334	495
334	538
334	723
335	355
335	510
335	684
337	554
338	344
338	593
338	667
339	352
340	620
340	724
340	762
341	766
342	414
344	455
344	698
344	784
346	557
346	603
346	697
347	777
348	533
349	548
349	590
349	624
349	729
350	375
350	619
350	660
351	743
352	388
352	534
352	726
353	430
353	645
353	762
354	359
354	416
354	637
355	439
355	636
356	521
356	737
357	537
357	679
357	709
358	532
360	583
361	450
362	489
363	592
364	441
364	622
365	560
365	602
366	367
366	621
366	657
368	506
369	401
369	444
369	758
371	449
372	579
372	781
373	413
373	771
374	388
374	436
375	391
375	397
375	552
376	404
376	419
376	610
376	628
377	780
378	414
378	500
379	488
379	610
380	382
380	432
380	470
380	591
381	413
381	583
381	727
381	733
381	737
383	413
383	589
383	790
384	581
384	792
385	506
386	390
386	573
386	595
387	418
387	521
387	529
387	745
389	411
389	722
390	560
390	578
390	587
390	773
391	482
391	488
391	549
391	624
391	768
392	468
392	784
393	458
393	529
393	735
394	779
395	455
395	747
396	572
396	659
396	759
397	659
398	799
399	578
399	642
399	713
399	738
400	574
401	748
403	603
403	608
403	621
403	759
404	499
406	539
407	618
407	790
408	503
408	621
408	761
409	450
409	463
409	702
410	582
410	717
412	585
413	624
414	422
414	628
414	640
415	440
415	763
416	678
417	561
417	568
417	759
418	637
418	797
419	466
419	730
420	615
420	630
420	640
421	468
421	707
422	433
422	691
422	696
423	496
423	750
424	518
424	648
425	491
425	504
425	782
426	493
426	734
427	686
428	633
428	726
430	440
430	659
430	756
430	778
431	698
432	705
433	765
435	561
435	629
436	628
438	496
438	737
439	527
440	445
440	574
441	762
444	524
444	588
444	747
445	589
445	621
446	739
446	761
447	448
447	510
448	598
449	746
449	747
450	623
451	657
452	507
453	640
454	643
455	468
455	612
456	564
457	473
457	768
457	789
459	472
459	537
459	589
459	601
460	756
460	759
461	519
461	596
461	765
462	768
465	583
466	566
466	715
467	576
468	481
468	519
468	656
468	735
469	512
469	638
470	494
470	536
470	580
470	629
471	559
471	736
472	658
474	553
474	709
475	537
475	578
475	791
476	503
478	708
479	540
479	713
481	587
481	639
481	781
482	699
483	656
484	493
485	730
486	790
487	512
490	767
491	622
491	764
492	525
492	552
492	678
493	534
494	677
494	689
495	513
495	652
496	614
497	509
498	659
499	609
500	789
501	613
501	696
501	779
502	530
503	519
503	611
503	666
504	521
505	564
505	662
506	603
507	626
507	691
507	731
508	526
509	531
509	535
510	677
513	599
513	702
513	762
514	528
514	536
514	752
515	526
515	571
515	672
515	725
516	648
516	668
516	719
517	548
517	715
518	630
518	742
519	583
520	674
520	778
521	680
522	576
522	706
522	724
523	642
523	658
523	679
523	728
524	649
525	575
525	617
526	536
526	703
527	647
530	602
530	671
530	681
530	706
530	725
531	568
531	722
532	706
533	539
533	581
533	788
534	595
534	796
535	584
537	630
537	708
537	754
539	640
539	651
540	656
540	682
540	791
541	578
541	604
542	560
542	688
543	576
545	739
546	587
546	645
547	597
547	684
550	556
550	585
551	599
552	609
552	775
553	732
553	785
554	601
555	577
555	710
556	558
556	755
558	591
559	762
561	603
562	667
563	662
564	582
564	708
565	662
565	749
566	655
568	623
570	652
571	576
573	628
574	664
575	667
576	591
576	611
577	688
581	695
583	585
583	761
584	661
584	747
586	623
587	645
587	748
588	732
590	672
590	759
591	784
592	781
593	671
594	637
596	728
598	735
599	725
599	789
602	610
603	702
603	776
607	687
607	705
607	730
608	634
608	635
608	708
608	730
609	679
613	655
613	719
616	677
618	690
622	638
622	762
625	784
626	669
627	785
628	659
632	669
632	691
632	736
632	760
633	684
635	700
636	725
636	743
641	703
644	682
645	668
645	708
647	786
649	745
650	771
651	717
651	742
652	777
653	768
657	714
658	725
658	728
658	759
660	722
660	750
660	774
660	778
666	745
666	752
668	692
668	716
668	718
669	690
670	790
671	749
673	720
674	691
674	780
676	741
677	768
679	767
682	690
682	731
685	725
688	740
688	773
690	692
690	699
690	725
693	694
701	782
702	798
706	760
707	711
709	746
714	732
714	788
714	797
715	727
715	747
716	763
718	759
718	778
724	729
725	756
725	786
726	753
732	771
732	774
736	738
736	751
738	755
739	799
740	769
745	771
746	754
748	796
750	777
755	757
756	778
759	775
764	779
767	768
767	786
772	794
778	795
779	785
783	789
791	792