0	275
1	424
1	485
1	548
1	737
1	779
1	787
2	28
3	215
3	258
3	390
3	459
3	653
3	726
3	788
4	54
4	255
4	266
4	513
5	138
5	523
5	674
5	705
6	249
6	280
6	777
7	229
7	671
7	727
7	768
8	284
8	361
8	616
8	711
8	743
9	78
9	114
9	459
10	139
10	213
10	578
10	704
11	317
11	524
12	485
12	722
13	378
13	498
13	634
14	558
14	751
14	769
15	209
15	283
15	419
15	490
15	544
15	615
15	674
15	775
16	313
16	385
17	133
17	474
17	528
17	654
17	762
18	611
18	614
18	782
19	92
19	322
19	362
19	411
20	33
20	518
21	245
21	384
21	561
21	569
22	253
22	470
22	567
22	658
22	660
23	172
23	265
23	604
23	648
23	663
24	313
24	426
24	603
24	734
25	107
25	373
25	665
25	708
26	75
26	226
26	262
26	717
27	95
27	101
27	147
27	175
27	307
28	142
28	290
28	662
29	83
29	172
29	254
29	643
29	666
30	175
30	357
30	443
30	583
30	783
31	111
31	245
32	64
32	150
32	166
32	212
33	108
33	281
33	305
33	329
33	352
33	470
33	574
33	779
34	670
34	774
35	68
36	143
36	553
36	624
36	695
36	699
37	136
37	367
37	744
38	238
38	264
38	552
38	567
38	713
39	131
39	136
39	226
39	595
39	604
39	613
40	247
40	399
41	301
41	488
41	678
42	87
42	267
42	466
42	633
42	795
43	530
44	54
44	63
44	296
44	319
44	787
45	235
45	350
45	445
45	594
46	206
46	225
46	402
46	616
47	219
47	457
47	488
48	329
48	553
48	655
49	84
49	622
49	636
49	651
49	782
50	98
51	53
51	225
51	459
51	649
52	204
52	288
52	448
52	608
53	172
53	218
54	406
55	79
55	410
55	642
56	294
56	338
56	439
56	555
57	68
57	70
57	270
57	619
58	440
59	120
59	383
59	614
59	637
60	227
60	649
61	314
61	319
61	391
61	578
62	75
62	275
62	581
62	776
63	217
63	244
63	421
63	631
63	778
64	172
64	244
64	315
64	455
64	574
65	205
65	335
65	486
65	640
65	662
66	290
66	310
66	328
66	357
66	445
66	765
66	783
67	432
67	697
68	129
68	264
68	407
68	547
69	140
69	165
70	150
70	182
70	193
70	232
70	251
70	661
70	731
71	293
71	498
71	576
72	165
72	315
72	647
72	799
73	169
73	179
73	674
73	755
74	339
74	437
74	499
75	318
75	535
76	258
76	512
76	693
77	293
77	345
77	420
77	492
77	574
77	596
77	705
78	192
78	287
78	290
78	325
78	699
79	102
79	172
79	226
79	319
79	675
79	716
80	463
80	600
81	92
81	182
81	224
81	482
82	547
82	641
82	654
82	787
83	788
84	452
84	696
85	680
86	98
86	570
87	135
88	747
88	752
88	753
89	235
89	245
89	285
89	360
89	489
89	591
89	654
89	718
90	224
90	677
91	145
91	329
91	343
92	126
92	274
92	393
93	215
93	346
93	374
93	403
93	537
93	673
93	747
94	334
94	349
94	546
94	689
94	715
95	355
95	405
95	515
95	609
95	798
96	342
96	412
97	176
97	591
97	770
97	787
98	483
98	731
98	734
98	780
98	781
99	152
99	164
99	232
99	522
99	712
99	765
100	371
100	438
100	454
100	714
101	282
101	342
101	375
102	277
102	320
102	396
102	631
103	170
103	656
103	698
104	172
104	197
104	307
104	643
104	706
105	595
106	451
107	165
107	316
107	328
107	456
107	765
108	114
108	623
109	132
109	160
109	267
109	452
109	584
109	735
110	250
110	453
110	516
110	698
111	164
111	185
111	239
112	193
112	392
112	626
113	255
113	272
113	484
113	569
114	148
114	161
114	760
115	273
115	369
115	430
115	473
116	373
116	523
116	694
116	719
117	183
117	447
117	569
117	590
117	654
118	164
118	385
118	427
118	611
118	642
118	695
119	139
120	128
120	298
120	391
120	573
120	633
120	789
121	202
122	125
122	126
122	267
122	328
122	349
122	532
122	762
123	447
123	561
123	633
124	443
124	571
125	472
125	545
125	719
125	749
125	791
126	358
126	492
126	740
127	731
128	135
128	196
128	245
128	257
128	360
128	434
128	648
128	737
128	763
128	768
129	329
130	382
130	557
130	604
131	256
131	276
131	477
132	164
132	643
133	144
133	351
133	679
133	758
134	158
134	434
134	456
134	574
134	643
134	650
134	658
135	187
135	297
135	356
135	595
135	700
135	751
135	763
136	166
136	241
136	419
136	643
137	435
137	562
138	305
138	466
138	652
138	726
139	589
139	743
140	315
140	359
140	365
140	506
140	703
140	742
141	258
141	261
141	300
141	521
142	236
142	286
142	352
144	149
144	250
145	284
145	458
146	183
146	292
146	336
146	380
146	614
147	157
147	184
147	198
147	342
149	150
149	391
149	724
149	792
150	208
151	287
151	346
151	406
152	311
152	464
152	482
152	659
152	709
153	189
153	334
153	381
153	392
153	655
153	688
153	724
154	345
155	381
155	470
155	482
155	488
155	546
155	566
155	670
156	195
157	577
157	642
157	710
157	779
158	225
158	226
158	786
159	237
159	310
160	532
160	678
160	720
161	305
161	461
161	491
161	557
161	581
161	716
162	186
163	391
164	228
164	330
166	367
166	480
166	555
167	237
167	576
167	607
168	294
168	597
169	595
169	729
170	278
170	444
170	769
171	528
171	601
171	769
171	797
172	188
172	276
172	659
173	249
173	326
173	467
174	393
175	307
175	316
176	195
176	254
176	279
176	648
177	227
177	692
177	749
177	766
178	479
178	757
179	251
179	377
179	454
179	697
180	370
181	421
181	498
181	722
181	747
181	780
182	249
182	303
182	412
182	590
183	754
184	282
184	318
184	494
184	627
185	407
185	429
185	599
185	711
186	401
187	401
187	425
187	494
187	728
188	330
188	524
188	548
189	310
189	483
189	677
189	705
189	774
190	606
191	288
192	434
192	497
193	207
193	330
193	756
194	317
194	566
195	500
195	616
196	365
196	519
196	725
197	218
197	367
197	426
197	453
197	655
198	621
198	713
199	324
199	565
200	573
200	599
200	735
201	666
202	228
202	306
202	354
202	379
202	431
202	690
202	708
203	378
203	448
203	733
203	784
204	219
204	376
204	398
204	451
205	246
205	558
205	605
205	670
206	286
207	421
208	547
209	240
209	448
209	699
209	787
210	677
210	705
211	370
211	387
211	511
212	607
213	475
213	477
213	570
213	762
214	305
214	529
214	576
214	588
214	706
214	769
214	792
215	505
215	686
216	308
217	547
217	784
218	725
219	478
220	316
220	394
220	457
220	490
220	507
221	446
222	255
222	452
222	477
223	278
223	322
223	600
224	238
224	374
224	679
224	684
225	226
225	450
226	397
226	481
226	629
227	303
227	445
227	680
228	578
228	635
229	637
230	500
230	685
230	707
230	781
231	461
231	577
231	741
232	286
232	313
232	387
233	329
233	580
234	288
234	499
234	500
234	524
234	572
234	786
235	238
235	322
236	246
236	521
237	382
237	603
238	379
238	550
238	706
238	740
239	251
239	377
239	406
239	557
239	713
240	784
241	432
241	714
242	423
242	504
242	542
242	799
243	579
243	785
244	364
244	428
244	619
244	664
244	688
245	275
245	651
246	423
246	575
247	428
247	749
248	325
248	544
249	293
249	554
249	678
250	469
250	544
250	549
251	353
251	425
251	737
252	317
252	364
252	518
252	640
253	398
253	559
253	583
254	299
255	293
255	507
255	512
256	316
256	325
256	387
256	430
256	588
256	767
257	370
257	524
257	612
257	632
257	668
258	472
258	522
258	542
259	445
259	516
259	529
259	691
259	759
260	538
260	621
260	622
261	392
261	635
261	706
262	382
263	384
263	526
263	600
264	275
264	282
264	438
265	417
265	762
266	321
266	524
266	603
266	686
267	660
268	294
268	405
268	466
268	654
269	575
269	627
271	274
271	692
272	464
272	736
272	760
273	285
273	699
274	490
274	535
274	599
275	598
275	748
277	477
278	603
278	663
279	335
279	508
279	735
280	483
280	584
280	705
280	798
281	347
282	297
282	641
283	284
283	364
283	374
283	424
283	546
284	400
284	720
285	327
285	344
285	481
285	641
285	738
287	427
287	669
287	784
288	545
288	705
288	743
289	438
289	527
289	548
289	768
290	566
291	334
291	571
292	403
292	515
292	594
293	354
293	513
293	538
293	592
293	682
293	696
294	422
294	461
294	473
295	662
296	461
296	615
296	628
296	731
297	481
298	556
298	756
299	769
300	305
302	458
302	471
302	478
302	775
303	772
304	474
305	727
307	335
307	401
308	317
308	355
308	428
308	515
308	573
309	437
309	691
309	692
311	634
311	761
312	513
313	662
313	774
314	390
315	389
315	759
315	782
315	788
316	481
316	775
317	346
317	420
317	555
318	355
318	408
318	434
318	584
319	398
319	465
320	484
320	551
320	572
320	718
320	728
321	618
323	356
323	671
323	707
324	423
324	694
325	395
325	707
326	543
326	726
327	690
328	707
330	712
330	779
331	609
332	379
332	694
333	335
333	621
333	740
333	772
334	367
334	545
335	518
335	557
335	761
336	451
336	583
336	748
337	798
338	446
338	483
339	572
339	659
339	687
340	417
340	502
340	647
340	660
341	362
341	419
341	440
341	698
343	363
343	492
343	500
343	615
344	356
344	536
344	593
344	651
345	366
345	549
345	557
345	649
345	750
345	768
346	427
346	621
346	734
346	757
348	375
348	389
349	508
350	397
352	440
352	559
353	530
353	698
354	493
355	473
355	583
355	702
355	787
356	459
356	757
357	634
358	630
359	594
362	486
362	536
363	497
363	536
363	640
363	716
363	732
363	779
364	497
364	704
364	741
364	787
365	687
365	691
366	378
366	430
366	518
367	385
367	755
367	770
368	455
368	759
368	774
369	414
370	498
370	514
371	393
371	792
372	516
372	542
372	680
373	672
373	708
374	728
374	742
375	420
375	595
376	649
377	387
378	619
380	561
381	434
381	756
382	495
383	589
383	752
384	521
384	617
385	447
385	500
385	556
385	649
385	677
385	752
385	754
385	774
385	789
386	455
386	540
386	543
386	730
386	781
388	712
389	533
389	548
390	594
390	619
390	740
391	663
393	614
393	638
393	735
394	405
394	557
394	724
394	737
395	564
395	588
395	615
395	629
396	536
397	438
397	445
397	502
397	525
397	654
398	451
399	594
399	605
400	430
400	515
400	599
400	615
401	415
401	451
402	619
402	631
402	636
403	519
403	667
403	786
404	658
404	753
404	770
405	430
405	550
407	457
407	499
407	628
407	749
408	412
408	534
409	490
409	667
409	742
411	696
412	471
412	480
412	692
412	732
413	470
413	545
413	766
414	544
414	789
416	553
418	629
419	572
420	446
422	483
422	587
423	642
424	505
424	575
424	758
425	609
426	430
427	712
428	474
428	536
433	488
433	550
434	628
434	739
435	483
435	536
436	470
436	641
437	482
437	515
437	584
437	799
438	708
439	523
440	487
440	783
441	708
442	496
442	673
445	687
446	481
446	576
447	507
447	609
447	693
447	740
447	772
448	479
449	464
449	481
449	631
449	651
454	695
455	607
455	786
456	732
457	462
457	508
457	561
457	752
457	778
458	731
459	650
459	651
459	686
459	773
460	690
461	772
462	512
462	679
463	626
463	751
464	760
465	579
465	594
466	640
467	787
468	477
468	642
468	773
468	785
469	578
469	634
469	652
469	733
470	716
470	735
473	507
474	706
475	481
475	522
475	684
476	607
476	623
476	731
477	497
477	599
477	755
479	713
479	787
480	532
480	652
480	778
481	584
483	539
483	546
486	736
488	596
489	606
490	632
490	780
491	624
491	799
494	607
494	640
495	527
495	664
495	689
495	694
495	734
496	582
497	798
498	710
498	738
498	792
499	756
500	510
501	584
503	589
503	758
503	772
504	534
504	747
505	529
505	592
505	602
505	694
505	723
505	748
505	779
506	579
507	508
508	695
509	627
509	696
509	755
509	786
510	533
510	620
510	663
510	727
510	733
511	625
511	711
512	736
515	708
516	576
516	629
516	769
517	581
517	644
518	559
518	639
519	664
520	594
520	659
520	701
521	651
523	547
523	598
524	583
524	603
525	619
525	631
526	568
527	683
527	734
528	564
529	708
530	637
531	720
533	579
533	618
533	761
535	592
535	775
537	594
539	629
540	591
540	741
541	794
542	552
542	584
542	646
542	702
543	632
543	700
544	613
545	675
545	728
546	629
546	713
547	571
547	784
549	568
550	732
551	602
552	673
552	738
553	632
553	720
554	758
556	564
556	655
556	735
556	779
557	561
557	759
558	566
558	719
560	670
561	754
563	612
564	636
564	659
568	735
569	622
569	792
570	673
571	794
573	690
574	677
574	772
575	780
576	592
577	654
577	744
578	660
578	780
579	591
583	603
584	602
584	658
584	790
585	786
586	711
588	777
589	712
590	748
590	764
591	604
592	602
592	773
594	729
595	789
596	746
597	626
599	631
599	742
600	770
602	750
604	651
604	754
605	621
605	799
606	616
606	687
608	681
610	616
611	739
612	760
613	769
615	762
616	781
620	721
620	792
623	640
623	663
623	784
625	684
626	689
627	779
628	709
628	773
629	641
630	676
630	740
632	729
633	644
633	753
635	658
637	753
640	795
642	655
642	664
642	711
642	786
643	667
643	754
645	689
649	665
650	722
652	797
654	710
656	787
657	693
658	781
659	787
660	661
660	719
673	758
678	715
678	796
680	685
680	688
680	775
680	780
681	753
681	776
683	715
688	703
690	731
691	747
691	752
692	759
693	793
694	770
695	732
697	793
702	776
703	721
706	716
710	745
711	721
712	740
712	777
716	754
718	743
718	771
722	732
724	732
726	785
731	763
736	751
736	772
737	794
738	766
740	783
743	788
745	780
747	790
749	782
756	757
758	773
759	795
762	779