0	513
0	545
0	783
1	10
1	13
1	425
1	612
2	353
2	374
2	746
2	770
3	160
3	320
3	351
3	581
3	647
4	232
4	240
4	315
4	666
4	688
5	74
5	127
5	241
6	273
7	355
7	390
7	649
8	449
8	768
9	157
9	212
9	261
9	686
9	701
10	251
10	636
11	277
11	318
11	795
12	20
12	87
12	208
12	353
12	461
12	737
12	760
13	285
13	337
13	727
14	48
14	170
14	402
14	456
14	505
15	34
15	161
15	244
15	410
15	577
15	687
16	17
16	230
16	473
16	755
17	232
17	788
18	336
18	784
19	127
19	140
19	316
19	442
19	457
19	689
19	726
20	151
20	779
20	784
21	340
21	397
21	535
21	551
21	730
22	249
22	426
22	439
22	504
22	557
22	722
23	94
23	146
23	170
23	250
23	261
23	444
23	487
23	688
23	730
24	213
24	392
24	451
24	567
25	367
25	429
25	726
26	63
26	90
26	385
26	415
27	575
27	606
27	698
28	188
28	350
28	549
28	673
28	776
29	347
29	482
30	639
31	705
32	261
32	336
32	444
32	673
33	89
33	166
33	205
33	248
33	508
33	715
34	184
34	328
34	779
35	55
35	79
35	445
35	565
35	770
36	101
36	172
36	280
36	437
36	457
36	683
37	76
37	179
37	230
37	539
38	244
38	575
38	728
38	771
39	179
39	225
39	468
39	474
39	621
40	163
40	227
40	290
40	346
40	389
40	610
40	752
41	181
41	327
41	646
41	687
41	746
42	106
42	376
42	507
42	545
42	718
42	769
43	415
43	607
44	104
44	383
44	419
45	727
46	537
47	128
47	247
47	307
47	376
47	461
48	691
48	758
48	771
49	72
49	179
49	287
49	291
49	424
49	495
49	547
50	256
50	260
50	349
50	666
50	784
50	794
51	132
51	517
51	599
51	699
51	776
52	418
52	513
52	713
53	230
53	422
53	486
53	720
54	102
54	292
54	579
54	726
55	239
55	338
55	713
56	138
56	140
56	648
57	96
57	121
57	408
57	457
57	719
57	762
58	138
58	181
58	190
58	267
58	371
59	379
59	592
59	703
60	782
61	124
61	422
61	669
61	750
62	88
62	529
62	715
62	770
63	320
63	328
63	343
63	552
63	595
63	754
64	159
65	146
66	104
67	94
67	214
67	542
67	626
68	88
68	455
68	467
68	545
68	624
69	264
69	408
69	542
69	583
70	204
70	227
70	428
70	446
71	105
71	143
71	376
71	631
71	664
71	750
72	366
72	465
72	553
72	614
72	687
73	202
74	204
74	774
75	90
75	336
75	796
76	146
76	354
77	300
77	511
77	604
77	647
77	714
78	289
78	352
79	204
79	344
79	392
79	441
79	702
80	301
80	616
80	650
81	231
81	384
81	395
81	554
82	96
82	692
82	698
83	574
84	313
84	787
84	798
85	167
85	325
85	701
86	132
86	647
87	378
87	439
87	655
87	669
87	787
88	427
89	279
89	676
90	187
90	400
90	522
90	607
90	712
91	106
91	322
91	429
91	611
91	727
91	773
92	205
92	417
92	621
93	332
93	430
93	524
93	774
94	131
94	517
94	579
95	165
96	159
96	166
96	222
96	335
96	581
96	599
96	718
96	747
97	107
97	563
97	692
97	713
98	624
98	644
98	672
98	692
99	180
99	235
99	274
99	276
99	282
99	283
99	364
99	487
99	594
99	669
100	656
100	772
101	158
101	175
101	375
101	599
101	780
102	120
102	151
102	546
102	552
102	792
103	160
103	289
103	445
103	715
104	162
104	452
105	353
106	283
106	516
107	139
107	299
107	333
107	347
108	114
108	324
108	355
108	618
108	650
108	699
108	789
109	196
109	252
109	660
109	697
109	723
110	353
110	512
110	519
111	471
112	305
112	777
113	151
113	191
113	236
113	567
113	754
113	767
114	512
114	633
114	762
114	777
114	780
114	781
114	789
115	239
115	663
116	119
116	139
116	203
116	456
116	467
116	626
117	505
118	161
118	199
118	428
118	470
118	769
119	134
119	269
119	328
119	367
119	390
119	437
119	638
120	190
120	355
120	550
120	587
120	624
120	706
121	380
121	637
121	775
121	776
122	504
122	612
122	668
122	698
122	726
122	743
123	199
123	480
123	489
123	719
123	783
124	638
124	767
125	208
125	307
125	482
125	594
126	155
126	297
127	152
128	399
128	407
128	456
128	586
129	134
129	321
129	642
129	658
129	790
130	293
131	217
131	557
131	594
133	412
133	718
133	798
134	249
134	651
135	222
135	272
135	292
135	308
135	334
135	427
135	513
135	565
136	140
136	224
136	392
136	501
136	506
136	734
137	416
137	562
137	583
137	705
138	210
138	216
138	231
138	427
138	576
138	620
139	189
139	240
140	317
140	530
140	735
140	736
140	791
141	160
141	606
141	668
141	764
142	348
142	485
142	534
142	590
143	472
143	745
144	196
144	387
144	439
145	350
145	484
145	538
145	633
145	752
146	314
146	429
146	669
146	678
147	178
147	330
147	432
147	452
147	457
147	645
147	744
147	747
148	594
149	182
149	367
149	667
150	277
150	329
150	520
150	622
150	765
150	766
151	342
151	419
151	556
151	588
152	303
152	518
152	533
153	295
153	670
153	733
154	278
154	478
154	558
154	591
154	728
155	306
155	307
155	331
155	731
155	780
156	178
156	233
156	249
156	323
156	571
157	271
157	519
158	299
158	536
158	545
159	210
159	309
159	341
159	408
159	586
160	248
160	493
160	563
160	568
161	315
161	562
161	564
161	722
162	463
162	539
162	720
163	349
164	268
164	283
164	420
164	532
164	663
164	687
165	277
165	318
165	341
165	434
166	180
166	707
167	476
167	617
167	722
168	169
168	268
168	368
168	472
168	696
169	337
170	366
171	301
172	475
173	268
173	543
173	782
174	224
175	202
175	283
175	764
175	772
176	416
176	610
177	179
177	489
178	409
178	693
179	706
180	215
180	248
180	279
180	667
180	792
181	196
181	261
181	336
181	411
181	584
181	591
182	242
182	629
182	782
183	290
183	405
183	769
184	367
184	540
184	597
184	606
184	705
184	739
185	192
185	382
185	604
185	644
185	755
186	290
186	459
186	496
187	496
187	712
188	238
188	577
188	691
189	319
190	681
191	298
191	386
192	240
192	241
192	244
192	282
192	399
192	445
193	315
193	595
193	734
194	616
194	759
195	315
196	406
196	786
197	321
197	456
197	713
197	728
198	656
199	204
199	435
199	608
200	249
200	277
200	333
200	467
201	589
202	254
202	302
202	338
202	348
202	411
202	701
203	323
203	520
203	670
203	671
203	799
204	211
204	372
204	526
204	539
204	693
205	760
205	768
205	785
206	258
206	670
206	719
207	333
207	732
208	214
208	691
209	275
209	676
210	623
211	241
211	496
211	532
211	742
212	408
212	713
213	401
213	444
214	277
214	289
214	310
214	562
215	285
215	520
215	651
215	710
216	507
216	619
216	778
217	734
217	793
217	797
218	388
218	441
218	693
218	728
219	620
220	370
220	617
221	794
222	245
222	284
222	452
222	503
222	753
223	550
223	585
224	383
225	254
225	289
225	532
225	564
225	572
226	369
226	761
227	247
227	272
227	436
227	491
228	548
228	730
229	263
229	357
229	630
229	728
230	243
230	313
230	340
230	614
230	667
232	481
232	651
232	770
233	272
233	320
233	429
233	610
233	668
234	761
234	769
235	583
235	659
236	309
236	487
237	273
237	538
238	326
238	514
238	563
238	610
238	701
239	475
240	464
241	356
241	520
241	651
242	405
242	498
242	692
243	331
243	417
244	452
244	595
244	699
244	760
245	435
246	346
246	445
246	454
246	600
247	288
247	580
247	796
248	513
248	588
248	666
249	648
250	406
250	555
250	759
251	420
252	305
252	543
252	714
253	277
253	354
253	437
253	555
254	444
255	305
255	541
255	746
256	257
256	299
256	431
257	555
257	681
258	408
258	425
258	496
258	614
258	767
258	788
259	446
259	657
260	348
261	282
261	487
261	595
261	642
262	610
262	751
263	392
263	397
264	307
264	322
264	352
264	435
264	593
265	373
266	345
266	607
267	401
267	506
267	609
268	615
269	576
269	649
269	776
270	634
270	637
270	659
270	690
270	768
270	770
271	715
271	739
272	651
272	691
273	361
273	526
273	569
274	311
274	515
275	403
275	450
275	678
275	683
275	739
277	358
278	430
279	437
280	498
281	311
281	632
281	689
283	477
283	793
284	499
284	504
284	623
284	760
285	441
285	539
285	552
285	682
286	397
287	632
287	793
288	362
289	764
290	401
290	433
290	441
290	524
290	606
291	404
292	344
292	362
292	422
292	685
292	717
293	397
293	480
293	635
294	722
295	563
295	734
295	762
296	320
296	379
296	387
296	409
296	430
296	515
296	641
296	711
296	790
297	358
297	440
297	791
298	408
298	608
298	741
299	553
299	751
300	409
300	419
300	769
301	362
301	575
301	709
301	716
302	527
302	636
303	487
303	697
304	317
304	358
304	621
305	345
305	361
305	517
306	315
306	397
306	618
306	694
307	469
307	522
307	649
307	651
307	653
308	427
308	712
309	622
309	661
309	732
310	364
311	477
311	499
311	595
312	397
312	461
312	498
312	573
312	642
312	696
313	678
313	766
314	770
315	333
315	377
315	597
315	750
316	358
316	467
316	553
316	619
316	650
316	674
316	726
316	782
316	794
317	415
317	596
317	627
317	637
318	513
318	725
319	482
319	585
319	633
320	578
320	689
321	556
321	665
321	715
322	612
322	687
322	700
323	541
323	547
323	601
323	639
324	517
324	687
325	559
326	343
326	558
327	426
327	448
327	470
327	796
330	617
330	634
331	438
331	496
331	705
332	653
332	768
335	389
335	602
336	385
336	484
336	720
337	396
337	430
337	479
337	751
337	778
338	691
338	744
338	749
339	462
339	522
339	601
339	745
340	450
340	738
340	763
340	767
341	787
342	465
342	558
342	615
343	632
343	666
343	738
343	739
344	443
345	459
345	640
345	759
346	756
346	792
347	372
347	395
347	438
347	596
347	661
348	371
349	451
349	730
350	473
350	558
351	480
352	356
352	447
352	459
352	614
353	431
353	469
353	510
353	752
353	762
353	764
355	429
355	656
355	726
356	607
357	700
357	742
357	793
359	591
359	692
359	774
360	790
360	792
361	457
361	546
361	571
361	572
361	593
361	696
362	382
363	421
364	551
364	647
365	541
366	392
366	453
366	494
366	541
366	662
366	715
366	796
368	444
369	790
370	577
370	737
372	574
373	485
373	564
373	565
374	413
374	442
374	578
375	492
375	495
376	520
376	532
376	764
376	796
378	505
380	620
381	450
381	482
381	688
383	409
383	414
383	456
383	528
383	578
384	737
385	460
385	544
386	387
386	567
386	688
386	729
386	730
386	732
387	484
387	541
387	546
387	603
388	658
389	429
389	490
389	591
389	636
390	494
390	512
391	627
391	661
392	414
392	724
392	774
393	554
394	501
394	558
394	630
394	705
395	601
395	660
395	731
396	554
396	558
397	729
398	479
398	540
398	757
398	776
399	632
400	573
400	762
401	463
401	548
401	745
402	489
402	790
403	624
403	665
404	536
404	644
406	435
406	440
407	566
408	495
408	703
408	780
409	785
410	519
410	584
410	734
411	767
412	535
413	593
413	635
413	655
413	747
414	492
414	591
414	635
414	732
415	455
415	575
417	654
419	500
420	574
421	500
421	760
422	544
423	728
424	546
424	657
424	674
425	494
425	621
425	711
426	558
426	694
427	675
427	770
430	663
432	453
432	494
432	592
432	650
433	445
433	517
433	574
433	797
435	539
436	732
436	786
437	540
437	624
437	672
438	499
438	757
439	471
439	488
439	625
440	633
440	688
440	763
442	484
442	580
442	683
443	531
443	558
443	582
443	595
443	656
444	752
445	588
445	677
446	651
446	784
447	626
449	582
449	658
450	523
450	566
450	664
450	723
451	516
451	529
451	553
451	795
452	618
454	598
454	645
454	747
454	799
455	552
455	604
455	616
455	779
456	543
456	684
457	472
457	625
458	511
458	754
458	777
459	565
459	611
459	725
460	576
460	660
461	523
461	576
463	483
463	565
463	574
464	715
466	532
467	675
467	741
468	548
468	637
468	685
469	500
469	550
470	537
470	630
470	754
470	790
471	551
471	654
471	729
471	750
472	519
472	550
473	701
473	758
474	481
474	587
474	601
474	782
475	757
475	781
476	542
476	604
477	595
477	607
477	637
477	669
480	598
481	526
481	651
482	792
484	593
484	705
485	573
492	694
493	532
493	774
494	587
495	498
495	642
496	577
496	751
497	726
499	686
499	719
499	787
499	793
500	748
501	673
502	510
502	605
502	674
502	785
503	552
505	652
505	691
506	628
507	600
507	704
508	566
508	623
508	699
509	592
511	647
513	542
513	721
513	757
515	564
515	744
516	548
516	588
516	623
517	586
517	736
517	796
518	791
519	643
519	652
519	778
520	658
521	546
523	538
523	571
524	704
524	777
524	795
525	560
526	659
526	745
529	530
529	635
529	739
530	764
532	636
534	654
535	680
535	771
536	582
539	581
539	626
541	715
542	599
548	592
548	736
550	584
550	610
551	632
551	722
552	673
553	660
554	748
554	757
555	699
555	742
555	747
559	711
561	605
561	621
561	784
562	746
565	689
565	707
565	728
565	755
566	600
566	630
567	712
567	720
568	690
569	738
570	592
570	745
572	752
573	737
574	628
574	652
574	775
575	681
575	715
575	728
576	615
577	636
577	757
577	766
578	662
578	754
579	782
579	791
581	611
584	749
585	621
585	677
585	725
586	791
588	596
588	646
589	597
590	646
591	704
591	754
592	599
593	799
594	641
594	703
595	603
595	699
596	744
596	757
597	628
599	666
599	715
599	784
602	644
604	617
604	790
607	646
607	694
608	626
609	756
610	620
610	688
611	714
611	738
611	742
611	763
613	682
614	628
615	702
617	641
618	770
619	783
620	671
621	679
623	733
625	658
625	723
626	751
626	766
626	782
627	640
629	757
629	774
630	691
631	694
632	659
632	664
632	729
634	766
636	683
638	739
639	713
641	661
642	691
642	759
644	736
646	691
648	681
649	669
650	699
651	740
651	766
651	792
652	706
652	716
653	734
656	725
656	744
661	673
661	714
661	755
667	729
669	720
670	753
672	727
672	787
673	697
674	692
675	686
675	700
676	710
676	796
677	716
677	795
678	697
680	762
685	752
685	775
688	717
693	709
693	714
695	708
695	778
698	742
707	727
708	784
709	798
714	735
715	790
718	764
718	770
719	748
732	746
733	779
734	743
735	749
736	744
738	788
741	786
753	783
755	772
759	784
761	774
762	785
763	765
766	789
767	775