0	3
0	372
0	374
0	430
0	608
1	94
1	473
1	488
2	165
4	46
4	408
5	11
5	83
5	145
5	208
5	538
5	545
5	713
5	788
6	25
6	143
6	147
6	217
6	265
6	559
6	568
7	95
7	179
7	210
7	292
7	465
7	626
7	656
8	29
8	71
8	705
9	67
9	389
9	406
9	692
10	36
10	419
10	526
10	716
11	138
11	197
11	204
11	237
11	317
11	320
11	513
11	586
12	180
12	291
12	386
12	410
12	618
12	636
13	167
13	186
13	254
13	541
13	781
13	786
14	30
14	145
14	442
15	177
15	594
15	751
16	31
16	160
16	451
16	655
16	668
16	716
17	21
17	467
17	490
17	528
17	569
18	707
18	765
19	35
19	444
19	558
19	568
19	675
20	363
20	644
20	667
22	41
22	312
22	547
22	746
23	387
24	266
24	521
25	532
25	540
26	356
26	385
26	656
26	694
27	486
27	530
27	637
27	760
27	780
28	646
29	124
29	466
29	495
29	501
29	656
29	681
30	401
30	491
30	607
30	679
32	49
32	163
32	216
32	434
32	442
33	206
33	329
33	338
33	429
33	786
34	576
34	699
34	793
35	172
35	282
35	472
35	560
36	112
36	180
36	497
36	507
36	511
36	789
37	76
37	80
37	124
37	237
37	459
37	594
37	618
37	649
37	675
38	152
38	523
38	593
38	619
39	247
39	699
39	769
40	166
40	203
40	372
40	484
40	489
40	626
41	218
41	333
41	606
42	548
42	616
43	572
43	599
43	746
44	98
44	438
44	507
44	548
44	678
44	749
45	120
45	146
45	220
46	144
46	166
46	180
46	302
46	702
47	84
47	97
47	376
47	421
47	724
48	276
49	221
49	367
49	646
49	727
50	141
50	400
50	609
50	635
50	710
51	712
52	289
52	674
52	714
53	527
53	590
53	728
53	796
54	148
54	325
54	421
54	659
54	667
54	790
55	447
56	483
56	701
57	235
58	152
58	193
58	256
58	572
59	373
59	453
59	486
59	533
59	564
59	718
60	257
60	416
60	551
61	235
61	255
61	383
61	389
61	399
61	580
61	609
61	719
62	497
62	641
62	764
63	409
64	104
64	229
65	511
66	126
66	438
66	502
66	578
66	588
67	111
67	237
67	271
67	408
67	594
67	681
68	365
68	447
68	487
68	513
68	547
69	266
69	480
69	604
69	656
70	541
71	118
71	165
71	231
71	271
71	573
72	362
73	254
73	446
73	635
73	656
74	396
74	413
75	633
76	244
77	78
77	474
77	549
77	637
78	286
78	417
78	459
78	487
78	617
78	754
79	92
79	96
79	548
80	102
81	348
81	436
81	534
82	83
82	182
82	311
82	530
82	671
83	248
83	423
83	482
83	714
85	110
85	254
85	260
85	506
85	715
86	95
86	155
86	398
86	572
86	574
87	407
87	430
87	624
88	155
88	661
89	151
89	319
89	387
89	551
89	561
90	100
90	516
90	665
90	791
91	228
91	555
91	694
92	165
92	633
93	185
93	249
93	617
93	727
94	407
95	114
95	397
95	691
96	174
96	436
96	668
96	707
96	788
98	299
98	339
98	437
98	467
98	581
99	242
99	398
99	485
99	692
99	727
100	126
100	174
100	300
101	546
101	547
101	608
101	754
102	145
102	237
102	390
102	636
103	245
103	260
103	391
103	574
103	715
103	754
104	347
104	375
104	392
104	439
104	468
104	523
104	667
104	679
105	556
105	711
105	766
106	261
106	268
106	320
106	387
106	712
107	153
107	280
107	756
108	527
108	703
109	185
109	233
109	250
109	355
109	433
109	624
109	688
109	764
110	573
110	624
110	655
110	694
111	612
111	714
112	386
112	605
113	444
113	714
113	776
113	795
114	174
114	206
114	400
114	470
114	729
115	273
115	579
116	621
116	627
116	789
117	432
117	617
117	701
117	715
117	750
118	129
118	130
118	214
118	372
118	521
118	545
118	604
118	754
119	409
119	620
119	640
120	268
120	276
120	530
121	286
121	485
122	269
122	333
122	418
123	262
123	474
124	139
124	610
124	618
125	280
125	330
125	433
125	647
126	232
126	452
127	421
127	525
127	646
127	690
127	781
128	508
129	325
129	396
129	495
129	553
129	590
129	610
129	778
130	287
130	291
130	497
130	571
131	312
131	508
131	627
131	793
132	319
132	483
133	405
134	175
135	150
135	292
135	632
135	757
136	409
136	510
136	733
137	152
137	734
137	771
138	365
139	464
139	664
139	698
140	549
140	735
141	247
141	372
142	335
142	475
142	562
143	431
143	503
143	518
143	587
143	633
144	178
144	518
145	211
145	450
145	661
145	676
146	718
147	631
148	429
148	449
148	542
148	563
148	576
148	677
149	204
149	307
149	362
149	396
149	589
149	624
150	189
150	352
150	426
150	713
150	735
151	318
151	323
151	391
151	481
151	542
151	677
151	697
152	500
152	660
152	742
153	235
153	364
153	636
153	721
154	296
154	588
154	624
155	468
155	509
155	654
156	564
156	585
156	615
156	636
157	255
157	287
157	454
157	744
158	779
159	162
159	309
159	318
160	181
160	223
160	551
160	725
161	165
162	165
162	215
162	248
162	354
162	359
162	421
163	293
163	596
164	226
164	304
164	701
165	172
165	339
165	670
166	636
166	694
166	703
167	463
167	616
167	646
168	312
168	678
169	247
169	442
169	555
169	747
169	773
170	375
170	589
171	233
171	560
172	207
172	267
172	344
172	365
172	448
172	744
173	401
173	577
173	782
173	784
174	236
174	506
175	540
175	548
175	662
175	755
175	779
176	281
176	445
177	523
177	553
177	682
178	180
178	288
178	294
178	574
178	609
179	584
180	435
180	530
180	745
180	779
181	370
181	614
182	319
182	448
182	705
182	751
183	191
183	231
183	291
183	303
183	345
183	389
183	622
184	270
184	404
184	497
184	798
185	195
185	332
185	504
186	457
187	471
187	509
187	690
187	771
187	794
188	224
188	608
188	640
188	659
189	227
190	257
190	389
190	652
191	417
191	677
192	260
192	691
193	208
193	253
193	349
193	372
193	506
193	774
194	550
195	211
195	314
195	411
195	514
195	528
195	660
196	266
196	434
196	543
196	576
196	759
197	247
197	472
197	617
198	374
198	387
198	540
198	654
199	290
199	360
199	451
200	277
200	310
200	385
200	795
201	223
201	298
201	402
201	616
202	409
202	784
203	420
203	493
204	285
204	419
205	789
206	391
206	565
207	267
207	268
207	624
207	627
209	262
209	422
209	561
209	576
210	400
210	651
212	437
212	570
212	636
213	665
214	563
214	633
214	762
215	421
215	677
216	346
216	415
216	423
216	730
217	689
217	725
217	794
218	241
218	521
218	743
219	331
219	462
220	328
220	626
221	726
222	263
222	403
222	413
222	414
222	474
222	492
223	424
223	445
223	462
223	648
223	767
224	296
224	541
225	734
226	319
227	373
227	703
227	794
228	230
228	793
229	649
229	705
230	284
230	313
230	320
230	436
230	713
231	262
231	299
232	285
232	441
232	628
232	684
233	291
233	479
233	655
233	668
234	402
234	407
235	493
236	799
237	328
237	358
237	458
237	647
238	381
238	457
239	258
239	545
239	739
239	740
240	409
240	648
240	769
240	772
241	264
241	279
241	381
241	469
242	577
242	672
243	566
243	604
243	735
243	741
244	496
244	595
245	302
245	338
245	471
246	291
246	349
246	396
247	334
247	476
247	741
248	422
249	437
249	614
250	312
250	635
250	658
250	739
251	388
251	537
251	630
252	305
252	490
252	549
253	268
254	259
255	528
255	789
256	592
257	297
257	462
257	598
258	585
259	373
260	383
260	449
260	510
260	576
261	444
262	365
262	378
262	515
262	682
263	514
263	735
264	494
264	710
264	720
265	278
265	432
266	324
266	500
266	520
266	547
267	285
267	402
267	453
267	576
267	735
268	292
268	668
268	711
269	550
269	568
270	341
270	373
270	496
270	547
271	526
272	536
272	775
273	590
273	707
274	380
274	495
274	543
274	699
274	750
275	293
276	297
276	368
277	554
277	591
277	731
277	747
278	509
278	679
279	304
279	354
279	478
279	612
279	683
280	649
280	731
281	378
281	421
281	607
282	336
282	463
283	307
283	346
283	372
283	459
283	541
284	310
284	402
285	664
285	727
286	484
286	552
286	616
286	637
286	663
288	392
288	455
288	536
289	581
289	597
289	720
290	550
291	318
291	501
291	529
292	454
292	781
293	421
293	458
295	315
295	353
295	763
295	770
296	299
296	323
296	685
297	608
297	755
297	756
298	560
298	592
298	758
299	320
299	337
299	719
300	405
300	569
301	317
301	436
301	465
301	540
301	622
301	660
301	774
302	333
302	514
303	440
303	558
303	671
303	737
303	798
304	448
304	483
304	718
305	437
305	653
305	688
305	765
306	411
306	561
306	584
306	698
306	714
307	341
307	571
308	766
309	619
309	768
309	785
310	316
310	411
310	501
310	533
310	540
311	423
312	427
312	552
313	398
313	486
313	523
313	594
314	473
314	771
315	451
315	575
315	633
315	699
317	357
317	570
317	786
318	547
318	673
318	768
319	546
319	773
321	569
321	790
322	385
322	424
322	669
323	537
324	648
324	663
325	340
325	436
325	490
325	698
325	721
325	732
326	452
326	513
326	572
326	716
326	759
326	779
327	468
327	510
328	386
328	569
328	686
328	702
329	370
329	744
329	749
330	613
331	371
331	429
331	476
332	365
332	642
333	606
334	771
335	421
335	475
335	491
335	739
336	521
336	663
336	745
336	756
337	450
337	500
337	555
337	700
338	394
338	479
338	668
339	354
339	595
339	701
340	457
342	788
343	365
343	603
343	742
344	387
344	442
345	621
347	603
347	735
348	538
349	354
349	625
350	646
350	647
350	657
351	777
352	592
352	641
353	492
353	671
354	772
355	458
355	539
355	664
355	775
357	412
357	651
358	481
358	537
358	792
359	510
359	555
359	569
359	598
360	712
361	636
361	707
362	379
362	507
362	596
362	615
362	648
362	717
362	790
363	515
363	597
363	702
364	484
364	674
365	635
365	759
366	679
367	371
367	441
367	518
367	554
367	712
368	386
368	447
368	611
368	618
369	587
370	414
370	442
370	567
370	652
371	430
372	501
373	441
374	378
374	541
374	649
376	527
376	731
377	400
378	534
381	594
382	628
383	633
384	587
384	708
385	697
386	451
386	462
386	676
386	777
388	447
388	671
391	477
391	770
392	785
393	421
393	689
393	713
395	704
396	776
397	435
398	560
398	649
398	689
400	765
401	679
402	420
402	547
402	685
403	554
404	682
405	774
406	439
408	522
408	591
409	651
409	742
409	795
410	473
410	605
411	456
411	520
412	458
412	750
412	795
414	585
415	555
415	593
415	660
416	497
416	716
417	601
417	721
418	775
419	659
420	433
420	475
420	507
420	630
420	662
422	544
422	649
423	510
423	541
423	702
424	624
424	786
424	789
425	505
425	568
425	755
426	451
426	541
426	655
426	684
428	552
428	574
428	774
429	604
430	599
430	778
431	749
432	462
432	507
432	761
433	554
433	671
434	557
434	578
434	749
435	478
435	727
435	756
436	565
437	477
437	545
439	623
441	602
442	730
442	784
443	572
446	524
447	469
447	742
447	798
448	471
448	716
449	726
451	571
451	709
452	509
453	519
453	646
453	667
454	593
454	777
455	647
457	496
457	501
457	502
457	505
458	490
458	646
458	656
458	659
459	746
459	764
460	491
460	511
460	534
460	548
460	568
460	582
460	595
460	633
460	797
461	680
461	773
462	474
462	770
462	772
463	798
464	538
464	583
464	601
464	670
464	719
465	713
466	729
468	499
468	533
468	592
469	639
469	644
470	673
471	738
471	777
472	610
472	742
472	785
473	720
474	606
474	648
474	696
475	558
476	570
476	597
476	624
476	713
477	572
477	628
477	645
477	677
478	561
478	596
478	731
479	517
479	766
481	637
481	709
482	729
483	768
483	782
483	789
484	550
486	508
486	526
486	531
487	660
487	668
490	559
490	697
490	770
491	548
491	582
491	596
493	755
494	612
495	614
497	672
498	701
499	509
499	665
501	656
501	740
501	763
502	732
503	667
505	639
505	779
507	537
507	582
508	569
508	623
508	739
508	781
508	786
509	516
509	522
512	636
512	654
512	678
514	671
515	619
516	577
517	604
518	638
520	660
520	666
521	551
521	619
521	645
521	689
522	615
523	597
523	725
524	606
524	773
526	693
527	542
528	726
530	721
531	570
531	634
532	758
532	796
533	601
534	538
534	756
535	624
535	681
535	755
537	567
537	616
538	607
538	736
538	788
541	750
542	738
543	680
543	743
543	773
546	570
547	582
547	691
547	757
549	717
549	738
549	776
550	625
551	770
552	676
552	722
553	575
553	687
555	573
557	789
559	610
559	683
560	784
561	663
561	665
561	676
561	680
563	612
565	696
568	661
568	714
569	750
571	618
571	680
571	771
572	651
574	797
576	589
576	621
577	767
577	770
578	595
578	662
581	663
585	711
585	717
587	668
588	636
589	597
590	793
591	660
591	705
591	752
593	701
593	733
594	730
596	683
597	772
598	649
598	689
599	621
599	697
600	629
600	775
601	649
603	704
604	703
605	611
605	640
605	769
606	673
607	651
607	714
607	728
608	612
608	620
610	760
612	697
612	730
612	732
616	733
616	754
617	622
617	680
617	799
618	723
621	738
622	697
622	780
624	654
624	680
624	740
625	670
626	761
627	679
628	758
629	683
629	693
629	713
630	720
631	714
631	779
633	657
633	731
635	684
636	718
638	646
641	746
642	688
643	722
644	716
644	797
645	659
645	706
645	728
645	762
648	650
648	677
652	785
652	788
653	756
655	784
659	728
659	779
660	769
662	687
663	700
664	747
668	788
670	771
673	692
673	700
677	757
678	787
680	759
682	748
682	752
682	753
684	749
684	787
684	794
685	696
686	736
687	769
690	741
691	771
691	774
693	762
695	763
702	743
703	739
709	786
710	789
711	783
712	745
715	776
720	758
721	752
726	752
729	777
732	733
739	778
741	763
746	790
747	792
748	763
753	777
761	786
767	787
773	778
777	792
789	792