0	56
0	87
0	91
0	126
0	258
0	752
1	3
1	116
1	758
2	127
2	511
2	735
3	259
3	392
4	288
4	673
4	778
5	21
5	200
5	520
5	567
5	743
5	751
6	49
6	76
6	240
6	253
6	726
7	69
7	218
7	361
7	673
8	767
9	183
9	640
10	38
10	159
10	426
10	428
10	557
11	676
12	505
12	718
13	190
13	410
13	686
13	705
14	288
14	385
14	588
14	654
15	38
15	261
15	574
16	284
16	652
17	65
17	69
17	174
17	444
18	337
18	376
18	658
18	673
19	156
19	300
19	554
19	582
19	594
20	207
21	552
21	642
21	792
22	153
22	327
22	419
22	730
23	684
23	792
24	548
24	577
24	797
25	437
25	438
25	479
25	490
25	798
26	78
26	252
26	291
26	479
26	618
26	668
26	705
27	67
27	277
27	410
28	149
28	253
28	471
28	474
28	530
28	548
29	56
29	124
29	130
29	259
29	302
29	305
29	328
29	370
29	475
29	751
29	758
30	100
30	123
30	307
30	363
30	569
31	709
31	750
31	799
32	124
32	148
32	198
32	353
32	488
32	674
33	234
33	413
33	418
33	497
34	219
34	368
34	769
35	135
35	188
35	343
35	368
36	346
36	421
37	78
37	161
37	363
38	229
38	366
38	487
39	112
39	282
39	312
39	372
39	502
40	54
40	725
41	660
41	683
41	741
42	332
42	418
42	425
43	108
43	109
43	189
43	226
43	231
43	345
43	695
44	260
44	362
44	658
44	684
45	625
45	734
45	791
46	216
46	387
46	550
46	673
47	603
47	683
48	59
48	665
49	190
49	340
49	708
50	112
50	171
50	405
51	90
52	96
52	318
53	63
53	408
53	611
53	649
54	535
54	544
54	545
55	144
55	155
55	342
55	660
55	712
55	753
55	790
56	160
56	171
56	246
56	463
56	506
56	752
57	410
58	70
58	467
59	217
59	387
60	165
60	364
60	556
61	152
61	295
61	667
61	671
61	738
62	118
62	143
62	259
62	636
62	707
63	256
63	616
64	176
64	341
65	103
65	181
65	283
65	496
65	626
66	70
66	302
66	597
66	773
66	779
67	286
67	623
67	699
67	700
67	762
68	344
69	435
69	544
69	679
69	752
70	235
70	411
70	529
70	598
70	729
71	185
71	603
71	657
72	311
72	389
72	560
72	752
73	81
73	162
73	270
73	284
74	482
75	680
75	735
75	774
76	113
76	234
76	454
76	627
76	654
77	167
77	178
77	346
77	366
77	446
78	129
78	233
78	346
78	701
79	193
79	350
79	496
79	642
79	794
80	88
80	507
80	572
80	609
80	635
81	241
81	339
81	439
81	505
81	576
81	598
81	692
81	744
82	132
82	280
82	426
82	521
83	226
83	368
84	88
84	242
84	372
84	411
84	538
84	703
85	250
85	403
85	505
86	203
86	261
86	405
86	550
86	764
87	244
87	320
87	339
87	392
87	525
88	291
88	354
88	412
88	600
88	627
89	557
89	586
89	640
89	741
90	238
91	245
91	557
92	179
92	294
92	424
92	791
93	269
93	279
93	309
93	368
93	427
94	109
94	206
94	229
94	549
94	716
95	170
95	465
95	530
95	662
96	306
96	325
96	456
97	339
97	545
97	794
98	340
98	417
98	428
98	676
98	714
98	739
98	783
99	168
99	295
99	657
99	705
100	105
100	320
100	410
100	577
100	659
100	699
101	123
101	263
101	675
102	213
102	642
102	710
103	165
103	181
103	313
103	405
103	562
103	754
103	760
103	794
104	218
104	380
104	461
104	528
105	180
105	293
105	519
105	549
106	165
106	269
106	299
106	513
106	743
107	122
107	315
107	796
108	174
108	299
108	414
109	463
109	522
109	566
110	460
110	490
110	556
110	691
110	704
111	130
111	183
111	332
111	407
111	491
112	204
112	212
113	150
113	366
113	652
113	767
114	776
115	785
116	226
116	759
116	777
117	354
118	215
118	228
118	383
118	393
118	563
119	165
119	342
119	370
119	470
119	568
119	659
120	417
120	525
121	776
122	354
122	435
122	526
123	272
123	462
123	681
124	163
125	171
125	239
125	251
125	283
125	403
125	592
126	229
126	234
126	269
126	322
127	280
127	387
127	619
128	350
128	657
128	694
128	702
128	755
129	657
129	697
129	701
130	405
130	576
130	618
130	658
130	677
131	368
131	435
131	721
132	277
132	461
132	472
133	525
133	660
133	685
134	454
134	790
135	138
135	151
135	210
135	238
135	251
135	328
135	396
135	418
135	548
136	165
136	219
136	291
136	388
136	429
136	450
136	563
136	761
136	771
136	789
137	259
137	374
137	447
137	473
137	676
138	571
138	617
138	682
138	732
138	777
139	469
139	761
140	445
141	247
141	532
141	558
141	780
142	262
142	316
142	630
142	779
143	244
143	252
143	434
143	444
143	640
143	746
144	359
144	395
144	639
145	146
145	254
146	303
146	505
146	653
147	560
148	213
148	223
148	349
148	366
148	525
148	632
149	159
149	213
150	208
150	447
150	492
150	651
151	174
151	702
151	755
152	454
152	596
153	309
153	382
153	738
154	709
154	765
155	157
155	397
155	421
155	630
155	684
155	754
156	428
156	539
157	161
157	377
157	503
157	533
158	224
158	655
158	662
158	668
158	675
159	338
159	352
159	471
159	596
159	649
160	267
160	320
160	597
160	708
161	577
162	469
162	505
163	169
163	201
163	257
163	631
164	305
164	502
164	576
165	322
165	727
166	172
166	329
166	705
167	417
167	518
167	583
167	589
168	240
168	323
168	377
169	606
170	229
170	485
170	509
170	790
171	411
171	496
171	517
171	580
172	201
172	305
172	435
172	472
172	477
172	555
172	600
172	676
172	702
172	707
172	726
173	248
173	294
173	317
173	498
173	548
173	678
173	751
174	374
174	456
174	583
175	282
175	341
175	619
175	782
176	439
176	544
176	550
176	764
177	726
177	762
178	232
178	469
178	571
179	326
179	530
179	713
180	215
180	331
180	604
180	707
180	759
181	681
181	725
181	773
181	776
181	782
182	677
183	688
183	752
184	369
184	424
184	704
185	193
185	255
185	323
185	789
186	235
186	275
186	350
186	727
186	736
187	368
187	642
187	722
188	327
188	385
188	497
188	574
188	724
188	741
188	749
189	228
189	362
189	490
189	605
190	371
190	488
190	687
191	299
191	300
191	375
191	505
191	700
192	298
193	242
193	486
194	539
195	252
195	520
195	682
196	343
196	791
197	443
197	680
198	265
198	446
198	640
198	668
198	787
199	269
199	422
199	463
199	655
199	702
200	252
200	298
200	540
200	635
200	662
201	462
201	556
202	300
202	317
202	423
202	559
203	214
203	348
203	364
203	425
204	458
204	759
204	765
205	282
205	514
205	767
206	319
206	731
207	392
207	507
207	679
207	686
208	784
209	571
209	777
210	327
210	337
210	345
211	378
212	316
212	451
214	317
214	364
214	581
215	345
215	428
215	688
216	402
216	641
217	464
218	259
218	379
218	497
219	503
219	591
219	658
219	753
220	393
220	577
220	603
221	243
221	517
221	611
221	778
222	395
222	405
222	442
222	466
224	360
225	698
226	436
226	793
227	236
227	689
227	734
228	285
228	546
228	558
229	272
229	305
229	389
229	766
230	358
231	277
231	304
231	557
231	730
231	744
233	440
234	374
234	444
234	448
234	494
234	504
234	638
234	690
234	738
235	519
235	753
236	424
236	526
236	540
236	657
237	368
237	480
239	273
239	489
239	671
239	720
240	325
240	434
240	623
240	700
241	483
241	592
242	390
242	607
243	340
243	461
243	522
243	638
244	716
245	753
245	782
246	324
246	342
246	520
247	381
247	404
247	553
248	436
248	579
248	651
248	665
248	753
248	795
249	338
249	339
250	560
251	663
252	486
253	303
253	345
253	422
253	501
253	777
254	279
254	345
254	496
254	543
254	578
254	652
254	752
255	704
256	330
256	536
256	682
256	730
256	776
257	598
257	627
257	649
257	670
258	460
258	674
258	746
258	751
259	484
261	367
261	453
261	463
261	487
261	788
262	412
262	433
263	300
263	304
264	329
264	375
264	496
265	345
265	791
266	272
266	348
266	489
267	638
268	631
269	707
270	314
270	550
270	687
271	407
271	483
271	678
273	464
273	477
273	486
273	499
274	510
274	515
274	580
274	721
275	348
275	392
276	342
276	411
276	588
276	647
277	348
277	668
277	711
277	769
278	290
279	309
279	560
280	375
280	615
280	637
280	725
280	732
281	342
281	347
282	353
282	414
282	452
282	593
282	723
283	330
283	441
283	454
283	488
283	680
283	766
283	777
284	293
284	597
284	729
285	621
286	570
287	380
287	458
287	551
287	761
288	342
288	513
288	616
289	382
289	763
290	325
290	490
292	454
292	692
293	618
293	696
293	728
294	299
294	325
294	526
294	681
294	726
295	404
295	410
295	463
295	702
296	551
296	591
296	767
296	784
297	535
298	497
298	604
299	379
299	489
299	681
300	411
300	755
301	336
301	533
301	663
301	686
301	712
302	676
302	750
303	709
303	740
304	326
304	419
304	473
304	547
304	748
305	339
305	408
305	554
306	466
306	603
306	671
307	449
307	502
308	313
308	533
308	720
308	731
309	358
309	391
309	550
310	361
310	599
310	731
311	608
311	638
312	343
312	409
312	582
312	623
312	774
313	611
313	680
313	723
313	777
314	609
314	642
315	425
316	515
316	533
316	685
318	498
318	598
318	653
319	501
319	736
320	583
321	588
322	558
322	795
323	487
323	732
323	791
324	342
324	455
324	478
325	746
327	389
327	724
327	758
328	589
329	566
329	630
329	682
330	683
331	436
331	694
331	710
331	764
332	520
333	647
334	405
334	647
334	677
334	745
335	467
335	573
335	735
337	779
338	362
338	421
339	502
339	507
339	654
340	412
340	437
341	545
341	733
341	761
343	347
343	378
343	726
344	579
344	607
345	374
345	425
345	514
345	659
346	584
346	734
346	744
347	445
347	773
348	773
349	432
349	574
350	377
350	426
350	461
350	760
350	775
351	454
351	798
352	374
352	612
353	400
353	510
354	359
355	382
356	724
357	363
357	742
358	711
358	724
359	467
359	497
359	667
360	447
361	485
362	472
362	566
363	551
363	684
363	687
364	424
365	489
365	634
365	742
366	630
366	693
366	739
367	445
367	604
367	610
367	663
367	799
368	775
370	525
372	564
373	378
374	599
375	472
375	754
375	776
376	411
376	738
377	529
377	644
377	655
377	797
378	586
379	394
380	517
380	655
380	660
381	389
381	567
382	429
382	573
382	605
383	733
384	734
385	420
385	781
386	640
387	553
387	562
387	578
387	781
388	404
389	563
389	654
389	772
390	527
390	709
390	743
391	412
391	596
391	662
392	435
392	696
394	404
394	483
394	662
394	682
395	553
395	740
395	757
396	484
396	532
396	719
397	451
397	528
397	648
398	645
399	766
400	668
401	534
402	507
402	573
402	679
402	768
402	769
403	623
403	632
403	666
403	713
403	793
404	512
404	541
404	627
405	549
405	680
406	575
406	624
406	654
407	571
407	583
408	492
408	511
408	532
408	754
409	417
410	533
411	620
411	646
412	668
412	750
414	424
414	435
414	450
415	640
415	669
416	550
416	687
416	771
417	653
417	761
418	498
419	776
422	549
422	651
423	463
424	485
424	542
424	640
424	696
425	657
425	666
426	488
426	540
426	637
426	738
427	534
427	568
428	461
429	465
429	791
430	591
431	470
434	567
434	569
435	602
436	645
436	774
437	457
437	699
438	621
438	663
438	794
439	717
440	551
440	641
441	525
441	746
442	450
442	538
442	621
444	540
444	545
444	724
444	778
445	663
445	680
446	624
447	480
449	643
449	662
450	633
450	780
451	492
451	632
451	665
453	539
453	648
453	674
454	645
454	687
455	488
455	506
456	585
457	606
457	670
458	628
458	694
459	562
459	761
460	582
460	607
461	511
462	668
463	769
464	483
464	617
464	778
465	732
467	535
468	555
468	743
470	743
470	782
471	559
471	606
471	798
472	624
472	628
473	511
474	707
475	675
476	666
478	525
478	621
478	726
478	792
479	511
479	641
480	661
481	497
482	509
482	705
483	742
483	791
484	692
485	596
489	540
490	797
492	580
493	528
495	779
497	592
498	669
499	587
499	611
500	577
500	619
500	624
501	683
501	690
501	695
501	706
501	764
502	647
502	663
503	514
504	533
504	722
504	787
505	709
507	529
507	542
507	561
507	692
507	755
507	793
508	778
508	799
509	552
509	572
509	600
509	654
510	657
510	759
511	759
512	698
513	630
513	706
513	723
516	555
516	670
517	625
518	520
518	588
519	560
519	582
520	661
520	722
520	743
522	617
523	772
524	531
524	579
525	668
526	665
526	771
527	537
527	661
527	722
527	795
528	574
528	585
529	691
532	584
532	799
533	692
533	698
533	699
533	771
534	775
535	734
536	733
536	772
537	728
538	730
538	772
538	789
539	769
540	679
541	742
542	579
543	616
545	648
547	662
548	753
549	680
549	783
550	680
550	731
551	673
551	677
552	728
553	605
553	799
554	624
555	582
555	595
555	608
555	722
555	725
555	740
556	709
557	603
557	739
558	629
558	653
559	731
561	729
562	742
563	745
564	571
565	611
566	693
570	742
570	784
571	700
573	601
573	648
573	780
575	771
579	702
580	634
581	621
581	796
582	721
583	626
583	659
583	705
585	664
587	613
587	752
587	753
588	699
590	778
591	653
591	710
591	745
592	639
593	601
593	769
594	717
595	663
597	719
597	729
598	753
601	745
603	650
604	607
605	774
607	737
611	752
613	747
614	712
615	793
616	653
617	724
617	753
617	783
617	786
620	727
620	742
620	768
621	734
622	706
622	778
624	711
624	779
626	661
627	727
628	708
628	721
628	757
629	676
629	756
632	693
635	662
637	696
638	655
638	667
639	743
640	663
640	722
640	798
642	647
642	678
642	787
644	705
644	715
646	647
646	701
646	767
648	745
648	755
650	666
652	756
652	792
653	783
656	727
657	786
658	677
660	668
660	691
660	700
660	774
662	712
662	730
668	734
669	771
669	794
670	677
671	706
671	748
672	749
673	678
673	699
676	696
677	685
682	700
683	738
686	697
686	768
687	790
690	781
695	703
701	717
705	791
708	723
712	744
715	736
721	727
721	775
724	745
728	794
728	796
731	793
732	766
732	776
733	742
735	762
736	782
741	747
742	785
745	760
751	762
756	765
760	762
761	788
769	779
770	784
770	790
779	794
795	799