0	759
1	446
1	466
1	608
1	632
1	638
1	694
1	736
2	118
3	9
3	18
3	157
3	172
3	440
3	572
4	61
4	182
4	579
4	682
5	175
5	570
6	483
7	17
7	365
7	454
7	487
7	678
7	747
7	752
7	794
8	10
8	31
8	236
8	272
8	275
8	480
8	583
9	33
9	76
9	272
9	368
9	790
10	136
10	398
10	518
10	567
10	587
11	398
11	605
11	704
12	216
12	255
12	261
13	168
13	183
13	236
13	491
13	503
13	635
14	64
14	78
14	103
14	261
14	420
14	451
15	137
15	146
15	174
16	663
16	686
16	695
17	44
17	150
17	183
17	233
17	735
18	373
18	514
19	103
19	147
19	169
19	223
19	629
19	672
20	175
20	300
20	318
21	610
22	220
22	303
22	329
22	507
22	522
22	574
22	725
23	31
23	126
23	131
23	162
23	281
23	392
23	645
24	656
25	154
25	674
26	107
26	138
27	89
27	223
27	295
27	330
27	465
28	250
28	280
28	517
28	584
28	651
29	411
30	219
30	252
30	353
30	711
31	122
31	238
31	256
31	762
32	90
32	289
32	783
33	264
33	388
33	446
33	671
34	79
34	185
35	234
35	319
35	625
35	671
35	780
36	58
36	672
37	335
37	342
37	657
37	751
38	50
38	328
38	472
38	669
38	684
38	746
39	107
39	400
39	574
39	683
40	192
40	236
40	637
40	687
41	276
41	332
41	351
41	535
41	736
41	760
42	409
43	271
43	405
43	406
43	514
43	585
44	336
44	491
44	578
45	145
45	225
45	399
45	425
45	452
45	654
45	723
46	557
47	463
47	509
48	363
48	371
48	551
48	724
49	208
49	226
49	266
49	598
49	779
50	153
50	206
50	257
50	272
51	196
51	304
51	557
51	639
51	678
52	283
52	595
52	655
52	667
52	773
52	789
53	92
53	100
53	131
53	484
53	579
54	413
55	63
55	90
55	136
55	257
55	279
55	768
56	438
56	651
56	667
57	596
58	101
58	243
58	687
59	333
59	757
60	462
60	535
61	166
61	400
61	425
61	537
61	761
62	152
62	191
62	534
62	641
62	765
63	234
63	288
63	583
63	619
63	753
64	645
64	747
65	284
65	436
65	529
66	143
66	380
66	461
66	632
66	663
67	205
67	452
67	529
67	683
68	300
69	419
69	474
69	503
69	686
70	266
70	392
70	788
71	130
71	222
71	296
71	776
72	254
72	364
73	394
73	489
73	525
73	793
74	436
74	472
74	660
75	670
76	199
76	236
76	309
76	323
76	714
77	93
77	304
77	662
78	96
78	200
78	344
78	424
78	441
78	560
78	578
78	670
78	685
79	258
79	331
79	337
79	551
79	752
80	287
80	433
80	676
80	705
81	124
81	162
81	367
81	388
82	123
82	253
82	362
82	561
82	606
82	735
82	787
83	211
83	259
83	434
84	217
84	347
84	574
84	675
85	190
85	278
85	516
85	562
85	564
86	133
86	600
86	670
87	418
88	572
88	680
88	716
89	477
89	492
89	526
89	583
89	599
89	651
89	783
90	116
90	262
90	458
90	664
91	113
91	163
91	614
91	700
91	749
91	785
92	753
93	405
93	456
93	510
94	410
94	556
94	715
95	177
95	612
95	651
95	693
95	797
96	336
96	435
96	547
96	754
97	156
97	575
97	675
98	107
98	210
98	297
98	340
99	343
99	562
99	667
99	725
100	253
100	467
101	169
101	520
101	615
101	630
101	789
102	634
102	692
102	723
103	149
103	187
103	346
103	397
103	409
103	435
103	577
103	587
103	786
104	570
104	613
105	641
105	765
106	166
106	378
106	533
107	143
107	572
107	661
107	766
108	175
108	269
108	415
108	568
108	575
108	750
109	356
110	156
110	341
110	435
110	711
111	138
111	273
111	471
111	518
111	563
111	582
111	633
112	136
112	274
112	329
112	357
112	379
112	535
112	701
113	711
113	770
113	797
114	145
114	352
114	677
115	240
115	739
116	175
116	217
116	425
116	474
116	517
116	525
116	556
116	644
116	725
117	283
117	698
118	327
118	354
118	709
119	155
119	203
119	428
119	506
119	601
119	704
120	226
120	691
121	157
121	303
121	326
121	356
121	496
121	696
121	782
122	166
122	273
122	564
122	620
122	797
123	334
123	368
123	754
123	757
124	216
124	429
124	689
124	741
125	194
125	408
125	655
126	133
126	187
126	263
126	453
126	554
127	406
128	209
128	277
128	476
128	503
128	633
129	219
129	352
129	482
129	613
130	249
130	660
131	153
131	236
131	393
131	645
132	207
133	159
133	305
133	680
134	138
134	218
134	556
135	362
135	517
135	616
135	701
136	523
136	688
137	286
137	369
137	540
138	435
138	481
139	401
139	419
139	449
139	662
139	770
140	707
141	510
141	762
142	408
142	489
142	523
142	557
142	599
142	638
142	713
142	768
143	278
143	306
143	372
143	470
143	558
144	772
145	220
145	512
145	760
146	232
146	491
146	528
146	545
147	162
147	217
147	307
147	395
147	441
148	342
148	347
149	177
149	640
149	655
149	786
150	230
150	356
150	513
151	186
151	254
151	504
152	160
152	334
152	531
152	542
152	556
153	232
153	381
154	212
154	486
154	626
155	259
155	311
155	428
155	588
155	606
156	191
156	368
157	431
158	407
159	176
159	240
159	325
159	371
159	618
159	646
159	662
160	274
160	277
160	474
160	601
161	205
161	206
161	423
161	453
161	656
162	315
162	356
162	659
163	193
163	467
163	472
163	475
163	610
164	259
164	602
164	604
165	212
165	411
165	548
165	597
165	606
166	324
167	297
167	440
168	177
168	389
168	395
168	406
168	460
169	445
169	521
170	645
171	238
171	492
171	593
171	632
171	673
172	185
172	396
172	423
172	465
173	320
174	421
175	180
175	270
175	582
176	182
176	263
176	688
176	693
177	257
177	272
177	351
177	434
177	641
177	741
177	798
178	390
178	484
179	272
179	338
179	342
179	732
179	793
180	403
180	430
180	433
180	546
180	784
181	305
182	345
182	452
182	489
182	573
182	656
183	364
183	417
183	521
183	609
183	732
184	559
184	588
184	660
184	782
185	392
185	627
185	779
186	475
186	493
187	297
187	622
188	270
188	344
188	383
189	282
189	380
189	516
189	592
189	736
190	413
190	451
190	789
191	193
191	280
191	441
191	539
191	555
191	619
191	783
192	613
192	772
193	522
193	661
195	572
195	716
196	291
196	599
196	665
196	678
197	421
198	217
198	391
198	763
199	202
199	389
199	414
199	485
201	443
201	564
201	717
201	725
202	248
202	358
202	670
203	514
203	566
203	590
203	601
203	663
203	705
203	710
203	787
204	217
204	320
204	535
205	321
205	334
205	634
206	317
206	536
206	582
206	687
207	516
208	234
208	237
208	641
208	751
208	791
209	262
209	323
209	515
210	628
210	703
211	639
212	257
212	532
212	611
212	666
213	249
213	300
213	475
213	506
214	787
215	654
216	331
217	463
217	695
217	725
218	426
219	305
219	386
219	430
219	455
219	472
219	511
219	721
219	730
220	228
220	343
220	697
221	740
222	246
222	263
222	501
223	595
223	635
223	763
224	341
224	355
224	583
224	637
224	684
224	709
225	537
226	505
226	550
226	727
227	264
227	315
227	345
227	427
227	742
227	750
228	456
228	511
229	414
230	721
231	369
231	461
232	314
232	317
232	349
232	594
232	699
233	378
233	502
234	280
234	642
234	695
235	333
235	334
235	515
235	757
236	251
236	369
236	399
236	580
237	355
237	459
237	649
238	262
238	652
238	752
239	387
239	560
240	418
240	514
240	685
241	575
241	679
242	372
243	461
243	559
243	732
243	772
243	782
244	412
244	591
244	685
244	730
245	565
246	519
246	589
246	628
247	263
247	413
247	746
247	754
248	455
248	584
249	315
249	508
249	572
251	332
251	423
251	435
252	614
253	744
253	755
255	600
255	724
255	777
256	332
256	614
256	633
256	734
256	783
257	551
257	729
257	760
258	402
258	423
258	674
258	705
258	763
259	388
259	389
259	395
259	419
259	497
260	555
261	686
261	767
261	779
262	714
263	286
263	364
263	384
263	474
263	582
263	644
264	287
264	336
264	707
264	726
265	289
265	342
265	737
266	570
267	676
267	700
268	374
268	522
268	665
269	362
269	452
269	529
270	527
272	588
273	373
273	437
273	520
274	282
274	414
274	472
276	293
276	371
276	392
276	411
276	427
276	442
276	604
276	672
277	634
278	417
279	371
279	562
279	711
280	421
280	486
280	674
281	304
281	318
281	403
282	521
283	344
283	413
283	534
284	371
284	383
284	466
284	487
285	406
285	422
285	437
285	484
285	491
285	796
286	354
286	452
286	525
287	359
287	580
287	640
288	304
288	328
288	515
288	516
288	648
288	743
288	773
289	316
289	556
289	652
290	340
290	469
291	336
291	504
291	524
291	630
292	329
292	643
293	508
293	513
294	474
294	619
294	645
295	320
295	358
295	474
295	661
296	576
296	612
297	350
297	487
297	581
298	360
299	769
299	782
300	513
300	552
300	718
301	430
301	567
302	574
303	324
303	490
303	687
304	556
304	688
305	439
305	584
305	614
306	340
306	364
306	725
306	782
307	359
307	678
308	476
308	498
308	773
309	330
310	425
310	685
311	460
311	748
312	461
312	697
313	653
313	693
314	441
314	488
314	694
315	517
315	630
315	719
316	477
316	555
317	353
317	766
318	483
319	520
319	786
320	682
321	384
322	765
324	360
324	393
325	659
326	780
327	715
329	743
330	387
330	571
331	408
331	461
331	750
332	707
332	761
333	336
334	366
334	491
334	503
335	577
336	343
337	421
337	478
337	754
338	379
338	450
338	512
338	735
339	621
340	785
341	709
342	395
343	452
343	484
344	424
345	349
345	597
345	763
345	796
347	568
347	714
348	449
348	543
349	617
350	498
350	523
351	356
351	360
351	516
351	647
351	665
353	789
354	559
355	393
355	527
355	769
356	483
356	550
356	696
357	767
359	465
359	598
359	625
359	682
360	518
360	666
360	745
361	721
362	407
363	479
363	733
364	570
364	588
364	677
365	396
366	374
367	572
368	771
369	421
369	667
370	490
371	565
372	473
372	745
373	583
374	477
374	629
374	664
374	739
375	674
376	387
376	432
376	438
376	538
377	401
377	598
377	666
377	690
377	793
378	510
378	711
379	464
379	578
379	760
380	632
380	742
381	441
382	383
382	401
383	496
383	587
384	548
384	784
385	524
385	722
386	400
386	456
386	513
386	549
386	711
387	589
387	704
388	525
389	476
389	685
390	783
391	672
392	632
393	461
393	472
393	708
393	727
393	785
394	554
394	615
394	724
394	730
395	515
395	533
395	573
395	706
396	457
397	431
397	542
397	642
397	706
398	486
398	547
398	636
398	639
399	400
399	466
399	498
400	704
401	560
402	416
402	447
402	551
402	764
402	767
403	453
404	616
406	724
407	707
407	737
408	660
408	671
408	698
409	419
409	427
409	499
409	563
410	458
410	627
411	624
412	482
412	576
412	732
413	461
413	469
413	473
413	494
413	570
414	427
414	483
414	521
414	710
416	617
416	743
417	464
417	554
417	783
418	546
418	589
418	753
419	524
419	557
419	748
420	504
420	532
420	588
420	593
421	628
422	767
422	788
423	630
424	522
425	500
425	536
425	540
426	444
426	461
426	691
427	496
427	532
427	558
427	642
428	604
429	505
430	501
431	626
432	467
432	641
434	462
434	525
434	777
435	489
435	607
436	621
436	722
437	471
437	486
437	534
438	495
438	617
439	502
439	618
439	653
439	655
440	585
441	458
441	510
441	595
441	645
443	643
443	648
444	450
444	527
444	675
444	731
445	545
445	748
446	576
448	567
450	475
450	499
450	602
451	464
451	496
451	715
452	494
452	526
452	550
452	565
452	644
452	756
453	492
453	799
454	751
455	714
456	475
456	484
456	731
457	644
459	474
459	486
459	609
461	569
461	608
461	622
461	718
462	497
462	781
463	760
464	654
465	647
466	521
466	776
467	609
467	767
468	703
469	486
470	575
470	616
471	498
471	502
471	737
473	584
474	707
475	614
475	625
475	793
476	573
477	677
477	749
478	505
480	601
480	772
481	508
481	525
481	605
481	650
481	795
482	632
483	558
483	584
484	694
484	773
485	614
486	541
486	684
487	496
487	757
488	663
488	759
489	652
489	722
490	503
490	600
490	656
490	772
491	529
491	702
492	506
493	764
493	766
494	559
494	564
495	524
496	522
496	579
498	556
499	677
499	703
499	713
500	654
501	619
501	723
502	713
504	651
504	743
504	752
505	548
505	562
505	654
506	614
506	654
506	741
506	792
507	602
508	646
509	546
509	731
509	792
510	555
511	603
511	619
513	738
513	790
514	546
514	748
514	749
515	623
515	637
515	782
516	773
516	775
517	555
517	568
518	536
518	574
521	723
523	567
524	721
526	638
526	647
527	672
527	789
529	536
529	671
530	627
531	761
532	670
533	638
534	540
534	679
535	691
535	752
535	781
536	666
537	601
537	798
538	602
539	621
542	555
542	713
543	580
544	616
545	576
545	731
546	717
548	604
548	736
549	724
550	732
553	563
553	793
554	585
554	614
556	592
557	700
558	671
559	670
559	748
559	764
559	788
560	561
560	621
560	708
561	651
564	604
564	752
565	567
567	759
569	696
569	703
569	730
569	759
570	577
572	695
575	669
576	661
576	713
577	650
578	688
579	598
579	621
579	692
581	752
584	639
586	602
586	622
586	758
587	763
589	612
589	622
589	698
590	679
590	728
591	619
592	744
593	637
593	760
596	616
597	644
597	651
598	689
599	618
599	650
599	702
599	738
600	659
601	631
602	640
603	638
605	670
607	678
607	784
608	688
609	628
609	731
609	752
610	611
611	613
612	681
613	664
613	786
614	639
614	722
614	774
615	625
615	627
616	618
619	652
620	624
620	768
622	642
623	750
626	753
631	636
632	697
632	741
633	682
635	728
638	700
641	778
643	734
644	738
644	779
645	646
645	757
647	669
647	670
650	680
651	705
653	683
653	720
653	783
654	788
656	745
658	673
659	678
663	666
663	796
665	725
665	759
667	689
667	699
668	695
670	778
673	768
674	675
674	711
675	735
676	795
677	689
681	704
683	723
684	750
684	785
685	686
685	744
686	693
687	710
690	730
690	781
692	787
694	712
696	715
696	794
700	735
703	738
703	769
704	779
708	757
714	754
714	763
714	768
717	733
720	740
722	746
725	732
725	761
725	763
728	796
732	790
733	760
749	786
750	764
752	771
757	765
759	762
771	781
773	775