0	451
0	498
0	515
0	620
0	701
1	72
2	158
2	189
2	305
2	358
2	422
2	476
2	513
3	556
3	586
4	412
4	506
4	681
5	367
5	520
6	63
6	223
6	233
6	334
7	171
7	325
7	713
8	716
9	38
9	214
9	483
9	572
9	592
10	83
10	151
10	218
10	372
10	459
10	755
11	214
11	363
11	591
11	743
11	766
12	113
12	136
12	791
13	166
13	171
13	249
14	413
15	81
15	105
15	180
16	466
16	516
16	541
16	653
16	673
17	163
17	216
17	310
17	371
17	406
17	413
17	456
17	650
18	114
18	750
19	230
19	780
20	238
20	264
20	372
20	619
21	40
21	103
21	158
21	230
21	337
21	754
22	255
22	324
22	584
22	664
23	31
23	84
24	304
25	70
25	378
25	515
26	51
26	387
26	608
27	144
27	189
27	719
28	303
28	347
29	115
29	167
29	183
29	415
29	432
29	604
30	31
30	156
30	305
30	563
30	711
31	181
31	219
31	446
31	792
31	798
32	44
32	340
32	453
32	461
32	647
32	648
32	696
33	56
33	174
33	238
33	441
33	458
33	552
33	601
34	205
34	568
35	78
35	616
36	69
36	211
36	318
36	347
36	659
36	692
37	194
37	340
37	649
38	541
39	215
39	514
39	762
40	157
40	181
40	522
40	643
41	52
41	242
41	283
41	417
41	536
42	313
42	701
42	715
43	130
43	436
43	759
44	179
44	184
44	454
44	458
44	590
45	47
45	476
45	604
45	656
45	738
46	123
46	166
46	257
46	332
46	458
46	489
47	160
47	331
47	796
48	62
48	131
48	331
48	436
48	620
49	57
49	437
49	791
49	794
50	69
50	346
50	623
50	681
51	277
51	344
51	669
52	61
52	129
52	176
52	231
52	430
52	504
52	651
52	771
53	66
53	69
53	211
53	320
53	410
53	456
53	723
54	165
54	289
54	657
55	218
56	343
56	444
56	676
56	745
57	63
57	363
57	583
58	262
58	316
58	332
58	568
58	676
59	258
59	467
59	492
59	505
59	699
60	77
60	613
60	733
61	88
61	117
61	146
61	402
61	458
61	634
61	666
62	717
63	85
63	300
63	336
63	354
63	432
63	723
64	127
64	202
64	209
65	148
65	413
65	590
66	116
66	214
66	274
66	556
66	700
67	354
67	606
68	568
68	754
68	780
69	195
69	330
69	687
70	451
70	583
70	612
70	707
71	236
71	263
71	473
71	580
72	195
72	599
73	471
74	370
74	450
75	173
75	462
76	86
76	183
76	688
76	734
76	746
77	110
77	360
77	425
77	602
77	618
77	779
78	333
78	495
78	657
78	660
78	763
78	770
79	187
79	282
79	328
79	336
80	214
80	382
80	669
80	694
81	179
81	300
81	372
81	439
81	521
81	722
81	758
82	365
83	283
83	310
83	338
83	367
83	514
83	709
83	742
84	158
84	217
84	474
84	487
84	603
84	705
85	397
85	500
85	563
85	762
86	584
86	588
86	706
86	733
87	158
87	420
87	590
87	715
87	759
88	383
88	516
88	717
89	162
89	205
89	496
89	577
90	359
91	236
91	239
91	255
91	345
91	448
91	497
91	691
92	153
92	309
92	316
92	317
92	346
92	427
92	455
92	619
92	654
93	125
93	170
93	658
94	299
95	550
95	551
96	172
96	182
96	275
96	334
96	630
96	736
97	219
97	554
98	251
98	560
98	655
98	778
99	532
100	183
100	791
101	343
101	491
101	621
101	678
102	373
103	118
103	167
103	216
103	397
103	647
104	180
104	215
104	240
104	296
104	428
104	429
105	269
105	712
106	737
107	120
108	115
108	379
108	387
108	791
109	493
110	147
110	309
110	317
110	595
110	596
110	651
110	674
110	702
111	220
111	333
111	569
111	574
112	369
112	389
112	439
112	689
113	283
113	359
113	570
114	235
115	217
115	290
115	798
116	678
117	551
117	602
118	157
118	440
119	136
119	138
119	282
119	724
120	554
120	593
120	663
120	680
120	704
121	454
121	599
122	594
123	205
123	278
123	479
123	580
123	608
123	693
123	707
124	625
125	446
125	473
126	184
127	503
127	553
127	562
127	641
127	658
127	666
128	259
128	517
128	678
128	724
129	320
129	631
130	189
130	223
130	733
131	583
131	738
132	485
132	494
133	394
134	345
134	630
134	706
135	165
135	310
135	540
136	198
136	401
136	575
136	786
137	320
137	481
137	591
137	603
137	648
137	667
138	241
138	357
138	410
138	494
139	339
139	359
139	394
139	441
139	517
139	705
140	318
140	420
140	475
140	690
140	790
141	172
141	673
141	693
141	758
142	253
142	285
142	647
142	728
142	773
143	211
143	410
143	604
143	752
144	194
144	388
144	655
144	743
145	463
145	635
146	318
146	626
147	198
147	339
147	516
147	604
147	715
148	368
148	532
148	770
149	282
149	333
149	756
150	506
151	398
152	266
152	296
152	325
152	423
153	188
153	215
153	630
154	367
154	433
155	184
155	460
156	192
156	486
156	578
156	754
157	432
157	669
158	159
158	721
159	230
159	393
160	201
160	571
160	782
160	789
161	425
161	721
162	211
162	426
162	513
163	341
163	443
163	560
163	565
163	682
163	786
164	172
165	321
165	592
165	652
165	753
166	436
166	619
167	423
167	471
167	658
168	294
168	454
168	515
168	631
169	263
169	422
169	526
169	549
170	436
170	569
170	572
170	708
172	213
172	366
172	370
172	499
172	528
174	190
174	231
174	444
174	497
174	671
174	685
175	229
175	241
175	578
176	265
176	355
176	421
176	448
177	237
177	314
177	746
178	276
178	343
178	350
178	426
179	225
179	352
179	366
179	404
179	449
180	334
180	340
180	354
180	795
181	257
181	338
181	434
181	448
181	559
181	727
182	190
183	321
183	514
184	361
184	744
184	755
185	394
185	455
185	566
185	589
185	592
185	753
186	431
186	592
186	611
186	708
187	197
187	396
187	700
188	556
188	684
188	717
188	734
188	774
189	368
189	456
189	493
189	544
189	555
189	651
189	691
189	697
190	789
191	492
191	525
191	686
192	757
193	222
194	350
194	421
195	273
195	287
195	353
195	361
195	671
196	301
196	525
197	272
197	319
197	344
197	511
197	798
198	251
198	692
199	249
200	220
200	316
200	509
200	569
200	576
200	751
201	389
201	602
201	623
201	746
201	755
202	271
202	291
202	505
203	240
203	333
203	369
204	435
205	247
205	412
205	440
205	445
206	367
206	412
206	477
207	745
207	758
208	402
208	529
208	555
208	725
209	711
210	543
210	679
210	680
210	713
211	372
211	537
211	664
211	697
211	761
212	280
213	681
214	240
214	314
214	434
214	624
214	683
215	312
216	642
217	733
217	739
218	235
218	236
219	356
220	228
220	266
220	473
221	278
221	327
221	449
222	405
222	615
222	636
223	370
223	408
223	481
223	519
224	345
224	647
225	227
225	518
226	257
226	336
226	411
226	578
226	601
227	286
227	318
227	455
227	461
227	509
227	527
227	552
227	738
227	741
230	312
230	525
231	574
232	302
232	469
233	671
234	265
234	644
235	413
236	620
236	748
236	755
237	358
237	387
237	440
237	719
238	489
239	794
240	314
240	756
241	265
241	700
242	346
243	371
243	474
243	772
244	287
245	527
245	653
245	669
246	502
246	508
246	725
247	356
247	494
248	676
249	289
249	297
249	754
249	778
250	294
250	758
251	718
252	333
252	527
253	257
253	272
253	682
253	727
254	307
254	349
254	652
254	700
255	314
255	716
256	315
256	433
256	466
256	474
257	415
257	712
258	568
258	720
258	751
259	568
259	719
259	765
260	358
260	614
261	357
261	469
262	315
262	799
263	543
263	744
264	267
264	287
264	480
264	621
264	756
265	290
265	374
265	447
265	562
266	558
267	321
267	466
267	685
268	286
268	306
268	426
268	657
269	287
269	325
269	582
270	448
270	655
270	692
271	422
272	749
273	323
273	338
273	510
274	286
274	321
274	479
274	703
275	304
275	479
275	481
275	484
275	733
275	735
276	511
277	536
277	558
277	683
278	395
278	494
278	496
278	675
279	292
279	335
281	638
282	433
282	506
283	306
284	340
284	517
285	551
285	761
286	409
286	420
286	498
286	519
286	577
287	378
287	469
287	603
287	710
288	452
288	460
289	399
289	545
289	576
289	595
289	703
291	705
292	320
292	639
293	417
293	529
293	541
293	756
295	509
295	527
295	662
296	557
296	559
296	581
296	642
297	347
297	460
298	345
298	416
298	523
298	646
298	772
299	305
299	448
299	501
299	670
299	677
300	455
300	468
300	603
301	346
301	447
301	540
301	647
301	782
302	371
302	468
302	676
303	421
303	472
304	400
304	727
305	393
305	398
305	609
307	530
307	567
308	795
309	742
310	345
310	602
311	490
311	794
312	450
312	752
313	447
313	638
314	330
314	379
314	585
315	450
315	620
315	716
316	333
316	518
317	353
318	378
318	411
318	720
319	457
319	502
320	421
320	535
320	735
321	660
322	400
322	527
324	710
324	767
325	395
325	442
326	460
326	525
328	679
329	402
330	344
330	395
330	614
330	691
330	741
331	605
331	673
331	794
332	650
333	593
333	796
334	464
334	568
335	613
335	642
335	691
336	431
336	704
337	372
337	417
338	765
339	470
339	732
340	634
340	645
340	732
340	758
340	774
341	603
341	743
342	738
342	746
342	761
343	555
343	671
343	755
344	380
344	559
345	427
345	643
345	753
346	602
347	444
347	748
348	489
348	586
350	470
351	465
351	692
352	513
354	721
354	782
355	365
355	610
355	620
356	788
358	449
358	592
358	597
358	719
358	785
359	656
359	714
359	731
361	422
361	569
362	374
362	491
362	492
362	791
363	450
364	397
365	453
365	756
366	404
366	405
366	574
366	722
367	527
367	778
368	745
369	383
369	747
370	479
370	773
371	455
371	480
371	585
372	445
372	453
372	557
372	566
372	672
373	725
374	398
374	462
374	633
375	714
376	480
376	548
376	675
377	479
378	625
378	673
379	501
380	459
380	524
380	525
380	560
381	399
381	572
382	545
382	552
382	742
382	745
383	411
383	610
384	462
384	653
384	707
384	785
385	518
385	591
386	633
386	675
387	483
388	692
388	775
390	552
391	534
391	662
391	739
391	782
392	568
392	777
393	615
394	622
395	452
395	504
396	479
396	538
397	618
398	765
399	450
399	703
400	444
400	645
400	695
401	596
401	618
401	690
402	408
402	440
403	457
403	685
403	771
404	586
404	761
405	528
405	788
406	729
406	734
407	639
408	723
410	549
411	539
411	573
411	739
411	775
411	798
412	441
412	529
412	617
413	792
414	527
415	430
415	468
415	500
415	564
415	747
415	758
415	777
416	520
416	604
416	633
416	702
417	569
418	472
418	598
418	784
419	456
419	736
419	785
420	486
421	604
422	482
422	574
422	653
422	749
422	765
423	702
424	564
424	796
425	715
425	722
425	746
426	480
426	564
426	598
426	697
427	474
427	696
428	607
428	660
428	744
429	789
430	606
430	625
431	453
431	713
432	572
432	656
432	777
433	642
433	663
434	732
435	702
436	518
436	643
437	449
437	570
438	541
438	575
438	718
438	724
440	481
440	535
440	646
442	677
442	750
443	514
443	622
443	786
445	643
446	488
447	586
448	638
449	703
449	739
450	469
450	476
450	613
450	628
450	663
450	722
451	498
451	511
451	713
452	562
452	604
452	725
452	792
453	534
453	618
453	791
454	471
454	608
454	791
455	768
457	516
458	638
458	676
459	534
460	619
460	773
462	594
462	597
462	665
462	775
463	539
463	558
465	735
468	473
468	572
469	489
469	700
470	561
470	591
470	722
471	662
472	494
472	643
472	705
472	711
474	477
474	639
474	643
475	703
476	522
476	614
477	497
477	588
477	595
477	653
477	699
478	758
479	778
480	489
480	538
480	574
480	699
482	607
482	625
482	762
483	505
484	782
485	682
485	684
485	728
487	713
488	611
488	677
489	723
490	513
490	542
491	516
491	549
491	556
491	590
492	699
492	765
494	516
494	558
494	585
494	757
494	792
495	605
495	611
495	725
496	695
498	513
500	590
502	736
504	633
505	522
506	524
506	591
507	749
510	748
512	736
513	706
514	649
514	674
515	757
515	778
517	700
518	523
519	672
520	754
523	783
524	650
525	585
525	637
525	671
525	699
528	636
528	772
529	726
529	736
531	629
531	652
532	548
533	667
533	725
534	571
534	579
535	554
535	785
538	598
539	605
539	622
539	695
542	658
542	707
542	745
544	546
545	675
545	723
545	780
546	595
546	678
547	691
548	652
548	654
548	778
548	794
550	571
551	710
551	791
552	671
552	682
552	723
554	687
554	743
554	769
555	556
556	602
556	644
556	799
557	787
559	706
559	799
561	607
562	608
563	591
564	572
564	642
564	683
564	799
565	684
566	725
567	593
568	581
571	642
571	762
572	769
573	593
575	648
575	697
577	615
577	644
578	797
579	645
583	754
583	763
585	600
585	625
585	698
587	783
588	707
591	777
593	730
594	694
596	763
596	790
597	793
599	713
601	742
603	705
604	683
605	625
606	753
610	632
613	656
613	750
616	619
616	633
617	741
617	798
618	753
618	794
619	751
620	719
621	767
623	668
625	664
625	709
625	785
627	743
627	773
628	740
631	748
632	737
633	713
635	747
635	780
637	652
637	718
638	648
638	661
638	761
639	747
639	785
640	653
644	742
645	654
645	702
645	733
649	701
649	773
651	709
651	739
651	795
654	713
659	705
659	761
660	727
661	708
662	775
663	781
665	684
670	717
670	789
673	677
674	770
674	784
675	714
675	738
676	728
676	729
676	754
677	691
680	788
682	713
683	773
684	763
685	765
686	760
686	764
687	791
688	706
688	716
694	711
694	736
698	767
699	700
700	732
704	732
707	752
707	763
711	731
712	783
713	773
717	734
717	737
719	775
720	776
724	736
725	777
730	731
732	738
735	790
746	754
747	772
747	791
748	776
751	752
756	758
757	777
767	776
771	787
773	795
789	791