0	649
1	358
1	450
1	764
2	8
2	334
2	365
2	593
2	672
2	751
3	191
3	451
4	187
5	267
5	531
6	777
7	354
7	425
7	471
7	510
8	283
8	568
9	119
9	434
9	635
9	739
10	86
10	87
10	107
10	279
10	359
10	478
10	565
10	605
11	169
11	378
11	559
11	699
11	727
12	101
12	128
12	306
12	362
12	618
12	699
13	52
14	76
14	145
14	221
14	353
14	618
15	470
15	529
15	703
16	271
16	690
16	723
17	359
17	468
17	473
17	538
17	546
17	576
18	217
19	42
19	188
19	275
19	345
19	399
19	420
19	482
20	515
21	105
21	266
21	294
21	405
21	572
21	758
22	106
22	428
22	526
22	672
23	264
23	279
23	404
23	417
23	418
23	743
23	763
24	59
24	418
24	456
24	566
25	155
26	318
26	330
26	349
26	377
26	487
26	688
27	217
27	394
27	544
27	587
27	723
28	266
28	617
28	726
28	763
29	186
29	348
30	412
30	414
30	435
30	699
30	707
31	424
31	536
31	641
31	798
32	79
32	159
32	170
32	190
32	298
32	466
32	677
32	766
33	125
33	396
34	47
34	78
34	186
34	210
34	388
35	177
35	234
36	152
37	117
38	115
38	226
38	428
38	763
39	129
39	375
39	393
39	409
39	527
40	289
40	452
40	478
40	659
40	684
40	685
40	796
41	378
41	615
41	769
41	785
42	307
42	532
42	542
42	686
42	778
43	430
43	658
43	792
44	97
44	296
44	336
44	364
44	466
44	635
45	105
45	138
45	210
45	312
45	318
45	674
45	688
45	718
46	416
46	697
47	171
47	204
47	570
48	756
49	258
49	357
49	656
49	668
50	359
50	388
50	528
50	561
50	599
51	221
51	250
51	254
51	256
51	335
51	390
52	290
52	389
52	762
53	105
53	135
53	158
53	294
53	436
53	478
54	206
54	273
54	356
54	384
54	403
54	430
55	105
55	301
55	665
55	697
56	268
56	289
56	375
56	392
56	400
56	414
56	653
56	746
57	59
58	72
58	328
58	608
59	60
59	606
59	753
60	210
60	458
60	469
60	488
60	797
61	117
61	286
61	531
61	603
62	66
62	213
62	322
62	337
62	442
62	454
62	480
63	334
63	342
63	688
63	724
63	751
64	189
64	213
64	354
64	407
64	511
64	552
64	734
65	233
65	733
66	237
66	389
66	449
66	644
66	722
67	517
68	96
68	455
68	710
68	720
69	574
69	639
69	713
70	194
70	229
70	682
71	75
71	553
71	678
71	708
71	755
72	138
72	207
72	312
72	668
73	123
73	151
73	706
74	288
74	522
74	563
74	634
74	754
75	257
75	563
75	796
76	126
76	443
76	455
76	775
77	582
78	116
78	175
78	190
78	298
78	319
78	677
79	219
79	371
80	256
80	343
80	564
81	270
81	553
82	168
82	270
82	318
82	357
82	545
83	152
83	476
83	515
83	531
83	553
83	782
84	291
84	435
84	638
84	684
85	106
85	154
85	198
85	215
85	458
85	545
85	744
86	251
86	296
86	515
86	669
87	415
87	456
87	554
88	632
89	350
90	562
90	663
91	197
91	261
91	492
91	677
92	198
92	625
92	721
93	101
93	595
93	673
94	158
94	274
94	620
95	145
95	157
95	286
95	321
95	380
95	401
95	569
96	356
96	734
97	274
97	369
97	446
97	582
97	606
97	673
97	725
98	313
98	505
99	276
99	328
99	352
99	533
99	610
100	245
100	409
100	478
100	519
100	580
100	600
100	670
101	418
101	559
101	657
102	544
102	744
102	749
103	420
103	456
103	720
103	782
104	138
104	568
105	108
105	208
105	500
105	568
106	243
106	312
106	384
106	569
106	657
106	735
107	264
108	176
108	441
108	470
108	715
109	238
109	306
109	450
109	535
109	719
110	158
110	211
110	369
110	734
111	314
111	577
112	364
112	706
112	730
113	242
113	390
113	401
113	562
113	580
113	672
113	773
114	267
114	631
115	389
115	420
116	197
116	224
116	510
116	528
116	627
116	775
117	424
117	661
117	713
117	778
118	292
118	347
118	574
119	169
119	213
119	467
119	475
119	552
119	750
120	175
120	197
120	332
120	385
120	589
121	134
121	339
121	393
121	394
122	318
122	451
122	574
122	709
123	402
124	198
124	381
124	441
124	694
125	312
125	545
126	499
127	387
127	644
128	156
128	282
128	538
128	560
129	343
129	371
129	476
129	540
129	637
130	320
130	344
130	480
131	473
131	662
131	708
132	454
132	798
133	308
133	573
133	658
133	762
134	205
134	237
134	428
134	558
134	646
134	789
135	272
135	293
135	503
135	609
136	467
136	608
136	749
137	468
137	575
138	162
138	438
138	731
139	313
139	321
139	523
140	141
140	187
140	310
140	380
140	566
140	682
140	766
141	236
142	344
142	390
142	435
142	567
142	768
143	496
143	647
143	739
144	205
144	259
144	562
144	589
144	695
145	214
145	292
145	340
145	461
145	511
146	178
146	424
146	486
146	720
146	721
147	267
147	269
147	381
147	409
147	410
147	415
148	338
148	775
149	666
150	207
150	488
151	193
151	429
151	496
152	413
153	226
153	550
153	726
154	707
155	227
155	459
155	489
157	292
158	337
158	538
158	676
158	731
159	191
159	343
159	379
159	528
159	602
160	311
160	422
160	450
161	187
161	658
161	710
162	489
162	559
163	416
163	427
163	701
163	787
164	518
164	680
165	189
165	214
165	219
165	261
165	407
165	469
165	639
166	738
167	568
167	579
167	741
168	247
168	623
169	622
169	643
169	666
170	240
170	317
170	537
170	612
171	297
171	626
171	727
172	526
172	718
172	738
173	224
173	516
173	564
174	604
174	719
175	356
175	411
176	183
176	245
176	517
176	551
177	251
177	282
177	653
178	722
178	753
179	491
179	579
179	710
179	729
180	390
180	516
180	519
180	526
181	327
181	466
182	252
182	503
182	588
183	315
183	496
184	416
185	419
186	406
186	430
188	441
189	193
189	335
189	357
189	382
189	517
189	637
189	728
190	232
190	706
190	747
191	406
191	552
191	724
192	500
192	569
192	712
193	229
193	279
193	466
193	596
194	289
194	433
194	580
194	668
194	799
195	230
195	281
195	417
196	423
196	434
196	521
196	729
197	289
197	339
197	397
197	494
197	550
197	669
198	351
198	575
198	631
198	687
199	320
199	410
199	616
200	553
200	601
200	672
201	348
201	408
201	439
201	565
201	747
202	322
202	371
202	467
202	594
202	712
202	758
203	275
203	302
203	520
203	541
203	645
203	798
204	232
205	310
205	413
205	555
206	293
206	306
206	332
207	740
208	275
208	285
208	448
208	600
209	482
209	593
209	772
210	335
210	696
211	216
211	217
211	437
211	566
211	594
212	635
212	695
213	464
213	494
213	749
214	244
214	515
215	482
216	231
216	265
216	345
216	480
216	582
216	654
217	302
217	448
218	434
219	236
219	353
219	482
219	674
219	695
220	325
220	330
220	429
220	480
221	420
221	490
221	495
222	371
222	450
222	540
222	599
222	679
223	401
223	488
223	725
224	423
224	428
224	564
224	768
225	426
226	472
226	633
226	745
227	414
227	490
227	788
227	797
228	238
228	250
228	469
228	656
228	792
229	270
229	305
229	424
230	457
230	524
230	531
230	570
230	761
231	304
231	652
232	238
232	757
233	248
233	741
234	623
235	534
235	773
235	775
236	603
236	737
237	270
237	401
237	633
237	730
238	304
238	683
238	724
239	498
240	614
241	423
241	622
243	651
244	263
244	530
244	702
245	442
245	452
245	565
245	605
245	744
246	254
246	310
246	455
247	352
247	449
247	455
248	257
248	267
248	309
248	405
248	597
249	294
249	311
249	466
249	487
250	253
250	328
250	748
251	496
251	521
251	670
251	687
252	256
252	466
252	514
252	610
253	260
253	299
253	560
253	738
254	582
254	623
255	311
255	384
255	392
255	768
256	704
257	284
257	487
257	763
258	494
258	544
258	552
258	684
258	722
258	762
260	333
260	541
261	340
261	442
261	567
262	484
262	604
262	733
263	299
263	314
263	402
263	502
263	519
263	540
263	585
264	346
264	468
264	575
264	758
265	304
265	313
265	402
265	467
265	469
265	543
265	618
266	332
266	537
266	709
266	738
267	339
268	364
268	675
268	758
269	283
269	594
269	747
270	598
270	613
270	620
270	664
270	760
271	342
271	348
271	667
271	670
272	548
273	767
274	545
274	602
275	322
276	328
276	563
276	679
276	797
277	472
277	476
277	601
278	323
278	635
278	721
278	744
279	289
279	319
279	740
279	743
280	588
281	389
281	425
281	663
282	458
283	472
284	755
285	291
286	315
286	456
286	769
287	685
288	729
289	294
289	442
289	657
289	670
289	771
290	445
290	528
291	699
292	424
292	485
292	700
293	476
293	560
293	682
293	699
294	384
295	759
296	646
297	306
297	502
297	627
298	366
298	419
298	767
299	427
300	501
300	600
300	604
301	437
301	549
301	701
302	377
302	758
303	548
303	727
304	444
305	414
305	520
305	549
305	631
306	751
306	786
307	708
308	362
308	423
308	649
309	656
310	523
310	603
311	413
311	474
311	559
311	564
311	597
311	665
311	674
312	316
312	725
312	741
312	783
313	412
313	625
314	482
314	510
316	766
316	781
318	413
318	424
318	680
318	766
318	772
319	547
320	337
321	452
321	465
321	495
321	742
322	452
322	500
323	523
323	569
324	350
324	453
324	512
324	765
325	472
325	551
326	699
326	714
327	452
327	482
328	436
328	452
328	516
329	533
329	682
329	700
330	416
331	345
331	648
332	336
332	626
332	657
332	664
332	733
332	745
333	669
333	698
333	733
333	751
334	483
335	453
335	602
336	443
337	389
337	445
337	595
337	743
337	794
338	566
338	622
338	739
339	655
339	759
339	780
339	799
340	435
340	440
340	544
340	558
341	451
341	463
342	464
342	565
342	636
342	722
342	737
344	381
344	563
344	794
345	640
345	736
346	690
347	458
347	596
347	766
349	788
350	506
350	509
350	562
350	779
351	691
353	541
354	511
354	681
354	696
354	701
355	547
356	428
356	510
356	563
356	649
356	693
356	726
356	732
357	590
357	678
357	744
358	428
359	443
359	797
360	383
360	632
360	783
361	514
362	451
362	597
362	751
363	389
363	450
363	592
364	561
365	741
366	543
366	668
366	728
366	774
367	438
367	660
368	408
369	631
369	741
370	440
370	510
370	584
371	496
371	544
371	747
372	521
373	578
373	690
373	721
374	638
376	717
377	531
377	574
378	497
378	634
378	641
378	738
379	446
379	551
379	573
381	768
382	467
382	491
382	551
382	583
384	420
384	481
384	677
384	725
385	640
385	702
386	476
386	480
386	668
387	389
387	460
387	525
387	572
387	706
388	719
389	459
389	789
390	402
390	730
391	579
392	794
393	477
393	493
394	458
394	474
395	485
395	541
395	599
396	429
396	450
397	494
397	540
398	414
400	462
400	752
401	553
402	428
402	790
404	512
404	749
405	474
405	570
405	617
406	701
408	666
409	455
409	622
409	672
411	626
411	744
412	507
412	549
412	591
412	718
412	766
413	425
413	661
413	788
414	676
414	688
415	441
416	551
416	624
416	653
417	587
417	667
418	462
418	637
418	638
418	649
418	689
418	799
419	642
419	657
419	788
421	508
421	541
421	673
421	744
422	757
423	545
424	681
425	502
427	713
429	504
429	605
430	520
430	666
431	465
431	785
432	491
432	572
432	696
434	780
435	532
435	538
435	606
437	757
438	517
438	602
438	686
438	747
439	614
440	755
441	460
441	549
442	794
444	677
445	540
445	675
445	755
446	457
446	546
446	735
447	475
449	673
450	597
451	608
451	715
452	555
452	587
452	748
453	639
453	798
454	608
455	466
455	480
458	523
460	494
460	621
461	567
461	601
462	466
462	556
462	578
462	695
463	691
465	709
466	470
466	695
466	709
467	631
467	761
468	655
469	566
469	724
470	770
471	540
471	757
472	510
472	618
474	664
475	491
476	679
479	760
480	527
480	539
480	584
480	592
480	619
481	674
482	582
482	739
483	556
483	756
484	634
484	794
485	781
486	653
487	525
487	626
487	697
488	511
488	678
489	518
490	655
491	534
491	776
492	561
493	521
493	704
494	721
495	567
496	722
497	617
499	607
499	688
500	656
500	777
501	511
501	781
502	759
502	785
503	556
503	565
504	674
504	696
504	763
505	638
508	622
508	787
510	617
510	636
510	673
511	558
512	755
513	633
514	539
514	601
514	720
514	790
514	797
515	527
515	570
517	696
518	605
518	626
518	652
518	777
519	704
519	790
520	617
520	752
520	781
521	693
522	567
522	677
522	702
522	709
522	759
523	535
524	740
524	793
526	570
526	576
526	614
526	706
526	754
527	763
529	649
529	672
529	720
529	735
530	691
530	746
531	617
532	551
534	600
534	766
534	771
536	547
536	555
536	723
536	738
537	566
538	625
538	699
539	689
540	703
540	706
541	599
541	688
543	628
544	581
544	725
545	567
545	632
547	556
547	726
549	754
550	632
550	700
550	792
551	658
554	636
555	596
555	599
555	627
555	635
555	692
556	619
556	678
556	679
556	731
557	670
557	778
558	581
558	741
559	616
559	650
561	654
561	723
561	748
563	676
565	625
565	767
566	617
567	603
569	599
569	616
570	595
570	728
570	754
571	762
572	677
573	755
574	670
574	673
577	729
578	664
579	779
579	789
582	622
582	645
582	652
582	656
582	705
583	670
586	620
586	748
586	780
588	620
588	631
589	704
589	712
590	740
590	783
591	721
591	741
592	595
594	650
595	675
595	698
596	784
598	664
599	756
600	647
600	716
600	754
601	624
601	631
601	690
602	746
602	774
603	631
605	748
605	752
607	708
609	629
610	699
610	799
611	749
612	684
612	795
612	796
616	701
616	713
624	635
624	700
627	629
628	730
630	693
632	759
633	729
633	774
633	791
637	767
640	682
641	685
641	761
642	785
645	702
652	768
652	769
654	663
657	676
657	695
658	677
658	795
662	738
663	701
663	706
664	671
669	697
670	769
671	746
673	769
675	723
680	700
686	762
690	749
696	745
696	766
700	744
704	793
707	729
710	711
715	735
731	776
734	746
738	760
741	764
741	782
742	781
743	781
744	748
746	765
756	794
764	769
764	788
766	795
769	772
780	787
786	788