0	2
0	188
0	191
0	303
0	340
0	378
0	500
1	98
1	289
1	698
1	781
2	52
2	203
2	298
2	308
2	439
2	475
2	567
3	103
3	185
3	523
4	114
4	306
4	340
4	537
4	766
4	787
5	242
5	368
5	469
5	482
6	137
6	201
6	518
7	109
7	180
7	188
8	215
8	238
8	273
8	461
9	105
10	66
10	105
10	274
10	347
10	373
10	554
11	330
11	570
11	609
11	691
12	46
12	444
12	465
12	707
13	443
13	563
13	565
14	218
14	746
15	150
16	716
17	365
17	542
18	90
18	601
18	657
18	769
19	136
19	147
19	207
20	353
21	53
21	575
21	724
22	133
22	328
22	606
23	450
23	560
24	464
24	526
25	149
25	232
25	266
25	308
25	476
25	547
25	585
26	74
26	634
27	440
27	476
27	521
27	523
27	589
28	89
28	157
28	512
29	393
29	442
29	476
29	705
30	219
30	626
31	202
31	332
31	576
31	579
31	746
32	257
32	258
32	656
32	723
33	136
33	229
33	290
33	350
33	440
33	444
33	651
34	239
34	415
34	544
35	418
36	246
36	431
36	445
36	449
36	492
36	652
37	81
37	290
37	302
37	379
37	560
38	609
39	71
39	565
40	72
40	411
40	532
40	568
40	573
40	741
41	157
41	234
41	436
42	55
42	173
42	198
42	327
42	482
42	511
42	637
42	656
43	80
43	159
43	623
43	792
44	329
44	354
44	402
44	434
45	379
45	384
45	493
46	66
46	69
46	570
46	672
47	400
47	466
47	593
47	642
48	554
48	658
49	157
49	794
50	182
50	313
50	453
50	687
51	66
51	179
51	268
51	332
51	597
52	438
52	484
52	597
52	667
52	709
53	72
53	166
53	690
53	799
54	97
54	156
54	323
54	495
54	699
54	710
55	292
56	83
56	214
56	377
56	527
56	760
57	244
57	364
57	392
57	794
58	382
58	621
59	81
59	465
59	693
59	715
60	306
60	308
61	700
61	768
62	355
62	374
62	468
62	634
63	370
63	436
63	446
63	462
63	542
63	606
63	648
64	275
64	408
64	436
64	466
64	549
65	121
65	147
65	408
65	422
66	202
66	230
66	459
66	465
67	179
67	309
68	527
68	791
69	146
69	262
69	646
69	697
70	774
71	260
71	527
72	231
72	451
72	543
72	687
73	401
73	440
73	645
74	568
74	664
74	699
75	263
75	405
76	115
76	402
77	143
77	504
77	637
78	113
78	362
78	501
78	601
78	682
79	225
79	626
79	732
80	95
80	652
80	674
80	733
82	324
82	670
83	182
83	663
83	671
83	739
83	769
84	225
85	122
85	137
85	731
86	636
86	646
87	265
87	296
88	109
88	149
89	118
89	134
89	329
89	406
89	692
90	594
90	607
91	564
91	677
92	490
93	212
93	359
93	431
93	720
93	747
94	121
94	369
94	482
94	791
95	133
95	265
95	551
96	128
96	147
96	346
96	349
96	524
96	646
96	694
97	144
97	391
97	474
97	483
98	108
98	208
98	244
98	793
99	204
99	538
99	714
99	774
100	130
100	750
100	764
101	706
102	206
102	249
102	655
103	313
103	343
103	366
103	376
103	578
104	385
106	660
107	118
107	187
107	192
107	211
107	441
107	610
108	443
108	500
108	585
108	771
109	115
109	242
110	365
110	402
110	795
111	181
111	212
111	237
111	724
112	129
112	392
112	696
112	741
113	322
114	599
114	610
114	694
115	270
115	436
116	381
116	589
117	269
117	312
117	637
118	314
118	486
119	413
119	449
119	517
119	519
119	566
119	794
119	797
120	487
120	549
120	558
120	763
121	217
121	275
121	403
122	359
122	741
122	796
123	228
123	496
123	498
124	452
124	503
124	776
125	321
125	329
125	704
126	340
127	149
127	225
127	485
127	707
128	217
128	595
129	206
129	222
129	516
129	583
129	610
129	699
130	272
130	597
130	620
131	232
131	278
131	395
132	239
132	414
132	704
133	383
133	385
133	469
133	592
133	791
134	186
134	743
135	140
135	300
135	366
135	427
136	320
136	387
136	536
137	465
138	178
138	311
138	763
139	380
139	506
139	635
139	689
140	163
140	226
140	230
140	238
140	700
140	703
141	534
141	659
141	728
142	161
142	294
142	758
143	189
144	381
144	390
144	646
145	270
145	440
145	520
145	533
145	669
146	384
146	403
147	190
147	509
147	531
148	766
149	175
149	190
149	620
149	698
149	746
150	326
150	359
151	202
151	440
152	157
152	277
152	417
152	429
152	670
152	694
153	675
153	751
154	560
155	437
155	713
156	493
156	655
156	692
156	765
157	241
157	276
157	414
157	537
157	545
158	375
158	481
158	513
158	689
159	166
159	368
160	578
161	224
161	237
161	407
162	248
163	378
163	411
163	738
164	195
164	215
164	396
164	577
164	765
165	362
166	268
166	535
166	699
167	714
168	639
169	579
169	653
170	231
170	258
170	273
170	377
170	479
170	738
171	178
171	237
171	637
171	732
172	453
172	559
172	618
172	633
173	290
173	302
174	306
174	356
174	606
175	527
175	776
176	522
176	562
176	643
177	265
177	287
177	328
177	488
177	548
177	632
177	692
178	413
178	787
179	297
179	465
179	707
179	764
180	397
180	469
180	492
180	713
181	356
182	259
182	371
182	517
182	799
183	356
183	398
183	444
183	450
183	475
183	713
184	557
185	322
185	404
185	514
185	725
185	748
186	218
186	316
186	380
186	479
187	371
187	380
187	701
187	703
188	216
188	394
188	615
189	298
189	713
190	351
190	551
190	584
191	641
192	301
192	461
192	735
193	388
193	439
193	448
193	703
193	753
194	658
195	515
196	217
196	244
196	254
196	260
197	355
197	421
197	577
198	230
198	303
198	464
198	697
199	614
199	725
199	766
200	280
200	394
200	428
200	579
200	720
201	449
201	460
201	595
201	680
201	738
201	782
202	297
203	261
203	444
203	773
204	352
204	419
205	211
208	430
208	625
208	644
208	666
209	286
209	403
209	569
210	486
210	628
210	671
211	246
211	580
212	346
212	739
213	234
213	589
214	764
215	559
215	786
216	522
216	551
216	615
217	253
217	256
217	490
217	559
217	605
218	417
218	472
219	597
220	452
220	547
220	578
220	637
221	415
221	681
221	792
222	654
222	751
223	250
223	394
223	516
223	570
224	303
224	383
224	665
224	762
225	551
225	646
225	691
226	253
226	288
226	347
226	395
226	430
226	585
227	230
227	409
227	432
227	498
228	308
228	544
228	552
228	632
229	263
229	284
229	428
229	453
229	594
230	248
230	397
230	491
230	550
230	591
230	698
231	584
231	587
231	695
231	711
232	314
232	580
232	716
233	475
233	572
233	735
234	314
234	332
235	534
235	606
236	447
236	467
236	557
236	568
237	684
237	748
238	320
238	408
238	713
239	439
239	456
239	545
240	302
240	314
240	667
241	316
242	492
242	609
242	645
242	668
242	748
243	605
243	664
243	770
244	260
244	368
244	613
245	658
246	260
246	407
246	496
246	637
246	683
246	701
247	374
247	721
247	738
247	799
248	282
248	342
248	386
248	491
248	587
249	326
249	504
249	732
251	262
251	351
251	440
251	455
251	601
252	385
252	387
252	556
253	342
253	664
254	263
254	485
255	417
256	410
257	436
257	545
257	726
258	513
258	549
258	566
259	393
259	550
259	716
259	781
260	353
260	487
260	667
261	282
261	356
261	561
262	367
262	502
263	667
264	533
264	551
265	302
265	702
265	740
265	771
265	775
266	340
266	413
266	512
266	653
266	676
267	324
267	416
267	727
268	672
269	450
269	532
270	287
270	501
270	668
270	670
270	721
271	282
271	530
271	581
272	459
273	340
273	636
274	318
274	516
275	660
276	655
276	691
277	502
278	443
278	572
279	478
279	504
279	782
280	327
280	392
281	488
281	650
281	772
282	425
282	448
282	538
282	703
283	437
283	483
284	698
285	383
285	454
285	561
285	595
285	720
285	734
285	750
286	654
287	468
287	592
288	291
288	402
288	684
289	293
289	429
289	725
290	422
290	429
290	525
290	672
291	296
291	417
292	449
292	581
293	754
294	576
295	480
295	519
297	464
297	766
298	332
298	339
298	343
298	384
298	466
298	588
298	666
298	706
298	791
299	656
299	752
300	540
300	572
301	379
301	392
302	320
302	350
302	418
303	428
303	596
303	654
303	714
304	350
305	515
305	597
306	426
306	572
306	610
307	399
308	523
308	593
309	322
309	402
309	436
309	510
309	652
310	318
310	683
310	759
311	688
312	711
313	379
313	502
314	377
314	444
315	371
316	331
316	353
316	769
317	328
317	778
318	394
318	702
319	348
319	359
319	530
320	409
320	508
320	563
320	564
320	626
321	549
321	721
322	451
323	376
323	429
323	785
324	350
324	698
325	389
325	429
325	445
325	541
325	546
325	606
325	637
326	330
326	508
326	643
327	422
327	435
328	378
328	481
329	331
329	509
329	515
329	790
330	519
330	579
330	701
330	705
331	513
331	653
331	723
332	370
332	581
332	790
333	627
333	704
334	359
334	373
334	472
334	544
334	565
335	548
335	776
336	379
336	489
336	528
336	541
336	745
337	569
337	685
338	540
338	544
338	632
339	407
339	451
339	661
340	390
341	429
341	493
341	544
341	576
341	598
341	730
342	446
342	682
342	746
343	369
343	674
344	551
345	372
345	618
345	693
345	721
345	747
346	567
347	496
347	648
348	414
348	481
348	600
348	660
349	609
349	629
349	640
351	366
351	646
352	536
353	603
353	659
353	681
354	444
354	447
354	584
355	383
355	411
355	447
355	461
355	561
355	666
356	403
356	725
357	781
358	465
359	424
359	558
360	450
360	469
360	545
360	624
360	684
361	383
361	626
361	662
362	622
362	759
363	455
363	457
363	481
363	494
363	741
364	411
364	775
365	409
367	408
367	614
367	624
369	732
370	500
370	567
370	796
371	429
371	631
372	549
373	549
373	666
373	674
374	742
374	746
374	767
375	628
375	748
376	435
376	579
376	703
377	484
377	531
377	632
378	492
378	534
378	573
378	668
378	712
378	757
378	775
379	420
379	714
380	750
381	435
381	599
381	623
381	630
382	446
382	673
383	706
384	403
384	741
384	748
385	520
385	637
386	434
388	416
389	421
389	483
389	683
389	761
389	780
390	497
390	559
390	583
390	612
392	788
393	514
393	666
393	747
394	406
395	619
396	423
396	666
396	763
397	586
397	609
397	623
397	693
397	792
398	788
399	696
399	706
400	474
400	657
401	423
401	487
401	648
402	547
402	594
403	592
403	791
404	792
408	450
408	564
408	734
409	713
409	783
410	415
410	548
410	563
410	600
410	657
410	749
411	483
411	512
411	524
411	582
411	659
411	754
412	567
412	676
413	739
414	515
414	688
416	449
416	486
416	563
416	594
416	641
417	529
417	680
417	703
417	715
418	792
419	474
419	627
420	732
421	492
421	625
421	679
421	735
422	486
422	498
422	607
422	792
423	607
423	667
424	432
424	544
425	695
425	792
426	686
427	478
427	712
428	650
428	714
429	545
429	592
429	657
430	569
431	449
432	695
432	751
433	541
435	563
435	685
435	754
436	510
437	784
438	449
440	579
442	482
442	640
443	447
443	719
444	568
445	464
446	596
446	618
447	455
447	493
448	773
448	781
449	532
449	541
449	646
450	799
451	506
451	766
453	653
453	665
453	671
455	480
455	666
455	790
456	733
457	524
457	730
457	766
458	707
459	551
460	602
460	622
461	643
461	764
461	771
462	665
463	611
464	493
464	756
465	495
465	727
467	601
467	617
467	622
467	642
468	539
468	762
469	517
469	536
470	676
470	776
471	496
471	569
472	599
473	558
473	591
473	733
474	486
475	506
476	783
477	589
477	594
477	610
477	614
477	663
477	749
478	591
480	506
480	712
480	777
481	483
481	736
483	633
483	642
483	651
483	788
486	649
486	786
488	699
488	751
489	594
490	574
490	597
491	573
491	668
492	773
493	676
493	697
494	613
494	674
498	540
499	691
499	701
500	502
500	555
500	560
501	639
501	685
501	749
501	777
502	623
502	714
502	794
503	715
503	797
505	731
507	550
507	670
507	765
508	603
510	754
511	533
511	746
512	536
513	640
513	745
514	715
516	664
516	749
516	772
517	627
518	538
518	563
518	790
521	711
522	541
522	616
524	569
528	607
528	692
529	542
529	551
529	709
530	738
531	767
532	647
532	794
534	564
535	596
535	729
535	783
536	627
537	571
537	709
538	586
540	718
540	779
541	713
542	627
543	580
543	630
543	715
543	778
544	670
545	674
545	691
547	551
548	593
549	556
549	587
549	760
553	696
556	595
557	580
557	595
557	708
557	720
558	758
560	608
560	785
561	601
563	639
563	760
564	669
564	728
564	737
565	573
567	616
567	620
567	680
567	725
568	725
571	678
571	687
571	747
572	684
572	753
573	732
574	577
575	632
575	677
575	744
577	744
578	585
578	722
578	729
579	638
580	701
581	750
581	767
582	590
582	633
582	755
584	707
585	747
587	635
587	762
589	662
590	760
596	761
597	700
598	764
599	671
600	606
602	652
603	701
604	705
604	731
605	638
605	657
606	646
606	658
607	647
610	648
611	704
612	752
613	668
613	763
613	793
614	623
614	679
615	676
615	761
618	722
622	796
623	648
625	687
626	732
626	793
627	657
627	717
627	760
628	751
630	652
633	640
633	745
634	651
635	651
640	672
640	769
641	649
644	714
645	722
645	748
647	754
648	666
651	674
651	795
653	724
656	729
659	729
662	746
667	708
669	707
672	708
672	758
675	767
677	741
677	765
682	702
682	705
682	736
683	789
685	688
685	689
687	732
688	727
689	732
689	767
690	709
691	727
692	798
694	704
694	759
697	797
700	748
703	706
709	749
710	746
711	731
713	739
717	737
720	779
721	766
721	777
723	777
729	781
730	736
730	740
743	759
746	747
761	785
764	786
773	779
779	787
793	795