0	584
0	794
1	9
1	99
1	158
1	188
1	362
1	404
1	446
2	212
2	401
2	653
2	784
3	232
3	610
4	196
4	474
4	644
5	6
5	778
6	124
6	509
6	692
6	737
7	101
7	112
7	203
7	772
8	227
8	642
9	52
9	189
9	269
9	274
9	363
9	401
10	333
10	777
11	104
11	171
11	295
11	325
11	555
11	718
11	794
12	36
12	464
12	755
12	782
13	62
13	269
13	367
14	93
14	763
15	178
15	313
15	360
15	528
15	550
15	565
15	566
15	599
15	701
15	730
15	753
16	716
17	271
17	350
17	603
17	729
18	158
19	33
19	53
19	99
19	399
19	558
19	675
19	701
19	732
20	52
20	150
20	224
20	247
20	312
20	423
20	680
20	697
21	111
21	503
21	711
22	49
22	687
23	318
23	338
23	780
23	782
24	321
24	372
24	419
24	515
24	541
24	713
25	361
25	505
25	774
26	222
26	335
26	441
26	649
26	665
26	719
27	62
27	77
27	194
27	497
27	505
27	572
27	649
28	314
28	457
28	537
29	450
29	460
29	740
29	761
30	93
30	158
30	441
31	450
31	526
31	731
32	97
32	142
32	520
32	568
32	670
33	215
33	292
33	495
33	657
33	786
34	338
34	778
35	218
35	267
35	278
35	351
35	476
35	549
35	622
35	631
36	469
36	479
36	541
37	117
37	254
37	255
37	294
37	421
37	505
37	595
37	676
37	684
37	693
38	454
38	776
39	507
40	281
40	769
41	102
41	488
42	501
42	509
42	635
43	361
43	564
44	139
44	160
44	173
44	520
45	229
45	334
45	521
45	569
46	125
46	737
47	240
47	359
47	524
48	72
48	286
48	423
48	474
48	739
49	296
49	354
49	739
50	53
50	83
50	148
50	682
51	207
51	225
51	461
51	546
51	614
52	100
52	205
52	500
52	657
52	663
53	487
53	538
53	778
54	346
54	526
54	659
55	111
55	202
55	207
55	284
55	617
56	90
56	425
56	498
57	462
57	520
58	256
58	266
58	370
58	553
58	771
59	75
59	141
59	335
59	378
60	156
60	402
60	424
60	486
60	657
61	71
61	397
61	740
61	797
62	313
62	544
63	587
63	711
63	776
63	790
64	342
65	157
65	194
65	409
65	445
65	483
65	716
65	786
65	788
66	106
66	546
66	575
66	651
67	135
67	439
68	81
68	207
68	336
68	562
68	694
68	786
69	117
69	255
69	424
69	459
69	680
70	270
70	325
70	549
70	671
70	767
72	81
72	369
73	135
73	145
73	435
73	651
73	671
74	139
74	411
74	477
74	580
74	713
74	794
75	128
75	389
75	477
75	491
75	650
75	796
76	84
76	86
77	551
78	87
78	95
78	217
78	320
78	614
78	673
79	206
79	273
80	128
80	443
80	505
80	644
80	701
80	781
81	171
81	419
81	537
81	663
81	757
82	158
82	395
82	463
82	477
83	517
83	580
84	126
84	128
84	261
84	536
84	631
85	549
86	146
86	378
87	491
88	333
88	508
88	512
88	693
88	784
89	97
89	105
89	129
89	230
90	129
90	559
90	560
90	705
91	132
91	231
91	306
91	488
91	520
92	223
92	335
92	538
93	320
93	358
93	688
93	775
94	605
94	734
95	213
95	337
95	370
95	395
95	401
95	411
95	429
95	576
95	586
95	594
96	167
96	190
96	721
96	754
97	222
97	513
97	574
98	265
98	338
98	408
98	798
99	244
99	660
99	665
99	764
100	446
100	488
100	545
101	264
101	417
101	593
101	660
102	154
102	596
102	606
103	155
103	321
104	357
104	708
104	712
105	773
106	107
106	308
106	352
106	397
106	409
107	176
107	268
107	360
108	226
108	362
108	524
108	688
109	234
109	237
109	455
109	753
110	289
110	377
110	702
111	747
112	576
113	139
113	242
113	339
113	559
113	652
113	777
114	440
114	452
114	503
115	403
115	593
115	594
115	708
116	348
116	358
116	529
117	326
117	352
118	694
119	148
119	297
119	324
119	378
120	165
120	722
120	742
120	747
121	263
121	337
121	658
121	779
122	746
123	174
124	489
124	657
124	719
124	737
125	270
125	313
125	443
125	610
126	133
126	285
126	364
126	611
126	695
127	250
127	362
127	669
128	153
128	246
128	266
128	506
128	798
128	799
129	140
129	399
129	435
129	461
129	789
130	449
130	604
130	657
130	731
130	739
131	297
131	336
132	143
132	416
132	622
133	207
133	482
134	388
134	765
135	204
136	233
136	461
136	633
137	207
137	430
137	687
138	794
139	390
139	668
140	302
140	406
140	417
140	468
141	198
141	502
141	588
141	599
141	690
142	202
142	722
143	317
143	527
143	611
144	194
144	215
144	361
144	520
144	530
144	688
145	375
145	392
145	519
145	577
145	597
146	410
146	772
147	311
147	570
148	412
148	476
148	570
149	477
149	631
149	775
150	603
151	229
151	283
152	207
152	528
152	581
152	592
152	675
153	434
153	464
153	470
153	521
153	580
153	725
154	351
154	435
154	608
154	640
154	708
155	220
155	402
155	669
155	770
156	231
156	333
156	380
156	478
156	523
156	624
157	428
157	627
157	764
158	312
158	369
158	683
159	555
159	570
159	670
160	223
160	224
160	312
160	481
161	233
161	632
162	285
162	714
163	459
163	504
163	505
163	581
164	227
164	248
164	293
164	315
164	387
164	407
164	510
164	632
164	776
165	251
166	181
166	609
167	216
167	445
167	473
167	490
167	504
167	589
168	431
169	760
170	343
170	798
171	280
171	468
171	633
171	705
172	425
172	673
173	262
173	295
173	500
174	197
174	276
174	294
174	484
174	591
175	270
176	403
176	456
176	492
176	662
177	210
177	272
177	429
177	557
177	750
178	337
178	408
178	472
178	790
179	630
180	206
180	239
180	521
180	686
180	719
181	486
181	547
182	446
182	548
183	264
183	669
183	696
183	782
184	400
184	406
184	465
184	600
184	602
185	428
185	571
185	653
186	318
186	480
186	500
186	519
187	353
187	387
187	558
187	599
188	199
188	249
188	292
188	418
188	441
188	534
188	687
188	790
189	344
189	410
189	636
190	442
190	527
190	757
191	223
192	455
192	522
192	573
192	703
193	627
194	222
194	372
195	331
196	348
197	291
197	320
197	443
197	445
198	492
198	671
199	390
199	605
200	270
201	230
201	316
201	334
201	628
201	631
201	682
201	705
202	606
202	687
202	716
203	239
203	610
205	295
205	299
206	232
206	320
206	504
206	572
206	598
206	630
206	638
206	644
206	735
207	383
207	481
207	498
207	672
208	519
208	537
208	559
208	661
208	758
209	373
210	297
210	345
210	685
210	701
210	707
211	317
211	339
211	363
211	487
211	566
211	775
212	350
212	480
212	627
212	697
212	706
213	261
213	436
214	353
215	382
215	634
215	677
216	431
216	456
216	591
216	630
217	264
217	560
217	780
218	246
218	319
218	636
219	623
219	718
219	778
220	293
220	794
221	589
221	762
221	766
222	377
222	791
223	282
223	501
223	759
224	606
224	717
224	777
225	288
225	502
225	510
225	594
225	615
225	625
225	753
226	394
226	439
226	480
227	242
228	637
229	240
229	263
229	384
229	432
229	479
230	251
230	344
230	492
230	704
230	705
230	716
231	302
231	580
232	373
232	501
233	441
233	485
233	677
233	705
234	538
234	588
234	768
235	269
236	328
236	515
237	347
237	473
237	575
237	587
238	511
238	736
239	492
239	585
239	634
240	325
240	362
240	623
241	391
241	542
241	613
241	651
241	710
242	438
242	679
243	457
243	493
243	524
243	642
244	260
244	400
244	419
244	466
244	573
244	603
245	282
245	285
245	520
245	637
245	734
245	762
246	356
246	755
247	321
248	401
248	588
249	416
249	569
249	658
249	780
250	317
251	269
251	309
251	756
252	404
252	406
252	585
253	608
254	264
254	275
254	314
255	418
255	436
255	649
255	679
256	313
256	354
256	519
257	424
257	714
258	442
259	343
259	659
259	749
260	384
260	483
260	499
260	600
261	401
261	611
261	764
261	795
262	401
262	655
262	662
263	428
263	510
263	604
263	731
264	418
264	444
264	540
265	429
265	462
266	324
267	638
268	537
268	580
268	799
269	683
269	710
270	273
270	314
270	333
270	412
271	375
272	293
272	296
272	534
272	616
272	775
274	565
274	612
274	712
275	737
276	332
276	697
276	756
277	435
277	537
277	544
277	633
278	570
278	602
278	611
278	703
279	444
279	758
279	773
280	352
280	613
280	751
281	429
281	534
282	654
283	513
283	573
284	319
284	633
285	700
286	476
286	731
287	471
287	593
287	779
288	671
289	347
289	533
289	549
289	577
290	492
290	765
291	390
291	673
292	401
293	370
293	552
293	689
293	723
293	732
293	748
293	753
294	448
295	556
296	299
296	461
296	484
296	537
297	664
298	722
299	352
299	426
299	732
300	507
300	559
301	306
301	364
301	471
301	490
302	572
302	684
303	320
303	415
303	504
304	469
304	760
305	316
305	516
306	503
307	344
307	505
307	600
308	351
308	531
308	543
308	771
309	535
309	566
309	567
310	315
310	509
311	674
311	762
311	763
312	349
312	433
312	554
312	717
313	320
313	464
313	714
314	747
315	402
315	408
315	430
315	780
315	786
316	398
316	406
316	419
316	730
317	523
318	536
320	327
320	449
320	627
321	591
322	762
323	582
324	489
324	632
325	746
326	542
326	751
327	610
327	676
327	716
328	330
328	355
328	366
328	542
328	683
328	693
328	796
329	563
329	769
330	381
330	491
331	445
331	671
332	395
332	490
332	581
333	334
333	368
333	388
333	411
333	420
333	445
333	523
333	571
334	465
334	794
335	562
335	712
336	735
336	783
337	740
338	643
339	358
340	735
341	599
341	723
342	788
342	793
343	488
343	680
345	384
346	748
346	750
347	774
347	777
348	747
349	528
350	522
350	750
351	538
351	590
352	407
352	491
352	716
352	761
353	520
353	680
354	398
354	405
354	437
354	483
354	571
354	778
355	589
355	699
356	425
356	618
356	637
356	643
357	466
357	748
358	434
358	531
359	600
359	610
359	729
360	570
360	719
360	735
360	771
360	779
361	542
361	629
361	704
362	371
362	375
363	439
364	524
365	548
367	467
367	740
368	393
368	465
369	780
369	781
372	725
372	790
374	693
375	671
375	706
375	714
376	497
376	567
376	602
377	738
377	743
378	422
378	571
379	465
379	480
379	666
380	586
380	698
380	715
381	405
381	474
383	426
383	665
384	696
385	535
386	595
386	622
387	544
387	565
388	571
389	726
390	393
390	398
390	598
390	782
391	731
391	736
392	466
392	620
393	787
395	420
395	566
395	777
396	526
396	585
396	731
396	735
396	764
398	435
398	442
398	533
398	537
398	734
399	612
399	645
400	607
401	483
401	751
402	583
402	740
403	534
403	643
404	413
404	573
404	666
405	632
406	556
406	650
406	700
407	536
407	585
407	754
409	610
410	694
411	754
412	506
413	596
413	633
413	781
414	534
414	639
415	450
415	668
415	797
416	625
417	610
418	559
418	625
418	631
418	657
419	484
420	709
421	779
422	525
422	576
423	573
423	646
423	740
426	551
426	625
427	505
427	522
428	519
428	741
429	460
429	505
430	458
430	556
430	568
430	576
430	587
433	647
434	728
436	503
437	544
437	633
437	660
438	746
438	761
439	490
439	714
440	683
441	571
442	487
443	475
443	765
445	530
446	606
446	662
446	688
446	696
447	532
448	465
448	473
448	527
448	734
448	793
449	504
449	621
449	630
450	549
450	583
450	625
450	766
451	587
451	698
451	782
452	714
453	676
454	765
455	657
455	701
456	527
456	596
456	770
457	532
457	575
458	538
458	647
459	676
459	783
461	619
462	567
462	771
465	542
466	629
466	729
467	527
468	675
469	535
469	681
469	708
470	612
470	661
470	710
470	724
471	532
471	796
472	545
473	583
475	496
475	652
475	790
476	494
476	512
476	546
476	560
476	620
476	730
477	577
477	668
477	716
477	775
479	499
480	602
481	670
482	582
484	595
484	718
484	771
485	775
487	489
487	706
488	690
489	737
490	562
490	591
490	682
491	591
492	601
492	608
492	661
492	707
495	640
496	562
497	539
497	587
498	545
498	579
498	597
498	619
498	747
499	768
499	799
501	655
501	663
502	558
502	598
505	602
505	619
507	533
508	520
509	554
509	619
510	533
510	540
510	621
510	747
511	517
511	732
511	742
511	757
512	536
512	606
512	741
512	796
513	624
513	732
514	625
516	643
517	602
517	706
517	766
518	797
519	549
519	720
521	623
522	607
523	755
527	561
527	630
530	670
531	626
532	772
533	545
534	609
535	625
535	671
535	777
536	735
537	713
538	766
539	779
540	549
544	620
547	585
547	601
547	622
547	648
548	553
548	569
548	582
548	629
548	673
549	738
549	760
550	597
550	727
551	622
551	657
554	714
555	749
555	761
556	776
559	712
561	665
564	648
565	584
565	639
565	711
565	752
568	628
568	689
568	745
568	767
570	645
570	761
570	762
571	689
571	757
572	582
572	601
572	691
574	721
574	751
575	582
576	604
577	733
578	648
579	586
584	611
585	695
585	705
586	590
586	734
588	660
589	680
589	691
589	746
590	684
590	723
593	731
594	647
595	784
596	655
596	684
598	797
600	717
601	788
601	792
602	768
603	610
605	609
606	706
606	785
609	636
610	623
611	739
613	670
614	680
614	683
614	764
615	728
616	623
617	725
617	750
618	699
622	645
623	653
623	759
626	750
627	678
627	756
629	698
629	746
631	667
631	688
632	670
632	775
633	701
633	717
633	773
634	679
634	732
638	789
639	785
641	713
642	695
644	654
655	668
656	768
658	689
660	676
660	690
660	691
660	799
662	674
664	799
665	755
666	789
667	697
668	686
668	757
669	738
674	717
680	732
681	725
681	769
684	750
685	717
686	709
687	765
689	723
692	709
692	775
694	712
695	718
699	790
701	721
703	732
704	767
706	732
715	761
719	722
724	780
726	769
727	769
728	765
730	775
731	755
734	757
735	762
735	765
744	754
746	750
746	769
749	798
765	784
769	798
773	774
775	797
779	788
797	798