0	253
0	472
0	474
1	397
2	388
2	475
2	510
2	733
3	114
3	771
4	53
4	315
4	488
4	502
5	19
5	218
5	651
6	787
7	66
7	250
7	642
7	737
8	103
8	267
8	378
8	737
9	195
9	342
9	496
10	223
10	490
10	576
10	760
11	361
11	559
11	581
11	600
12	105
12	175
12	318
12	434
13	317
14	192
14	489
15	117
15	338
15	437
15	443
15	532
15	621
16	175
16	413
16	469
17	216
17	234
17	252
17	750
17	766
18	71
18	418
19	138
20	342
20	377
20	568
20	634
21	133
21	458
22	111
22	796
23	590
24	242
24	334
24	619
25	374
25	475
25	512
25	574
25	708
26	106
26	139
26	277
26	601
26	634
26	676
27	28
27	60
27	433
27	439
27	504
27	551
28	314
28	438
29	124
29	162
29	400
29	468
29	492
29	551
30	225
31	184
31	272
31	426
32	102
32	155
32	181
32	219
32	285
32	503
32	567
32	637
32	666
32	691
33	54
33	279
33	348
33	401
33	575
33	633
34	87
34	194
34	737
34	768
35	586
36	158
36	578
36	755
37	48
37	329
37	413
37	450
37	666
38	143
38	725
39	597
39	702
40	181
40	210
40	255
40	471
40	684
40	735
40	766
41	419
41	660
42	283
42	479
42	512
42	571
42	615
43	308
43	522
43	687
44	521
44	552
45	66
45	85
45	112
45	226
45	328
45	368
45	631
46	254
46	407
47	106
47	484
48	59
48	473
48	579
48	620
48	760
48	764
49	103
49	285
49	380
49	549
49	607
49	641
49	684
50	298
51	64
51	394
51	646
51	765
52	206
52	460
52	551
52	792
53	143
53	340
53	431
54	163
54	208
54	324
54	735
55	385
55	545
55	615
56	64
56	245
56	582
56	740
57	126
57	347
57	596
58	178
58	506
58	659
59	93
59	518
59	533
60	69
60	87
60	154
60	220
60	405
60	478
60	643
60	785
61	152
61	181
61	226
61	286
61	572
61	580
61	645
61	654
62	601
62	610
62	782
63	536
63	574
63	622
63	667
64	109
64	539
65	181
65	203
65	214
65	264
65	289
65	321
65	512
65	675
66	101
66	337
66	422
66	448
66	664
66	753
67	240
67	323
67	433
67	559
67	738
68	96
68	583
68	735
69	94
69	140
69	738
70	302
70	354
70	448
70	478
71	200
71	226
71	400
71	486
72	257
72	412
73	97
73	452
73	610
73	733
74	194
74	222
74	255
74	368
74	470
75	127
75	308
75	329
75	597
76	314
76	680
77	334
77	436
77	573
77	628
77	726
77	796
78	397
79	99
79	679
80	115
80	393
80	428
80	584
80	642
81	99
81	748
81	752
82	639
82	785
83	353
83	367
83	373
83	728
84	189
84	285
84	319
84	371
84	554
84	660
85	427
85	449
85	617
86	194
87	700
87	722
87	742
88	109
88	188
88	283
88	308
88	531
88	541
88	543
88	596
89	357
89	453
89	535
89	577
89	702
90	510
90	720
90	754
91	385
92	126
92	215
92	229
92	356
92	593
92	610
92	656
93	445
93	534
94	105
94	206
94	229
94	343
94	419
94	638
94	645
94	698
95	357
95	437
96	140
96	585
96	589
96	769
97	358
97	447
98	230
98	502
98	559
98	610
98	666
99	261
99	425
99	481
99	490
100	468
101	209
101	282
101	557
102	117
102	121
102	502
102	777
103	794
104	335
104	765
105	450
105	519
105	558
106	143
106	146
106	195
106	336
106	792
107	726
108	292
109	211
109	342
109	494
109	663
110	129
110	659
111	120
111	202
111	322
111	435
111	584
112	358
112	513
112	553
112	568
113	359
113	564
114	477
114	675
115	210
115	453
115	560
115	719
116	291
117	256
117	452
117	477
117	556
117	785
118	134
118	197
118	244
118	637
119	312
119	539
119	626
120	316
120	490
120	504
121	278
121	585
121	595
121	640
122	198
122	482
123	284
123	473
124	208
124	227
124	244
124	367
124	422
124	602
125	341
125	730
126	152
127	152
127	165
127	299
127	305
127	563
128	181
128	404
128	437
129	615
129	798
130	432
130	790
131	191
131	303
131	592
131	718
132	492
133	174
133	312
133	354
133	449
134	140
134	349
134	684
135	208
135	644
135	715
136	438
137	145
137	164
137	223
137	494
137	570
138	618
138	659
139	179
139	236
139	322
139	504
139	505
141	242
142	166
142	323
142	427
142	497
142	550
142	576
142	720
142	723
143	259
143	497
144	154
144	283
144	290
144	420
144	651
145	514
145	626
145	752
147	192
147	356
147	369
147	497
147	790
148	297
148	341
149	451
150	181
150	339
151	564
151	786
151	797
152	327
152	353
152	363
153	173
153	262
153	385
153	630
154	696
154	740
155	222
155	443
155	491
155	512
156	607
157	217
157	230
157	252
157	372
157	490
158	281
158	357
159	161
160	170
160	172
160	642
161	356
161	483
161	659
162	236
162	246
162	327
162	386
162	466
162	562
162	714
163	287
163	791
164	176
165	178
165	519
165	665
165	666
166	425
166	428
167	170
167	187
167	244
167	251
167	624
167	743
168	599
168	679
169	203
170	594
171	416
171	592
171	642
171	657
171	731
171	742
171	750
171	788
171	790
171	795
172	410
172	414
172	450
172	733
173	372
173	480
173	616
174	243
174	349
174	370
174	469
174	494
174	685
175	283
175	296
175	315
175	378
175	741
175	795
176	524
176	595
177	312
178	337
178	391
178	656
179	276
179	443
179	511
179	571
179	594
179	781
180	221
180	279
180	437
180	471
180	745
181	542
181	765
182	216
182	259
182	510
182	673
183	184
183	259
183	663
183	737
184	195
184	290
184	455
184	555
184	703
185	587
185	782
186	581
186	582
186	667
186	777
187	312
187	508
187	579
187	614
187	639
188	294
188	303
188	402
189	272
189	296
189	398
189	421
189	443
189	725
189	727
190	701
191	200
191	505
191	578
191	585
192	493
192	599
192	762
193	261
193	346
193	476
194	327
194	381
195	221
195	666
196	383
196	453
196	772
197	453
197	457
197	793
198	281
198	642
199	314
199	685
200	286
200	462
200	602
201	684
202	295
202	485
202	648
202	742
203	213
203	355
203	445
203	473
203	719
204	234
204	282
204	421
204	627
204	773
205	614
206	262
206	485
206	615
206	618
207	283
207	785
208	692
208	720
209	316
210	731
211	349
211	702
211	705
212	338
212	438
212	579
212	609
212	719
213	485
213	736
213	758
214	728
214	788
214	798
215	321
215	635
216	220
216	487
217	360
217	512
217	596
217	745
218	379
218	433
219	286
219	399
219	675
219	744
220	365
220	549
220	660
220	667
221	302
221	317
221	373
221	446
221	540
221	580
221	660
222	413
222	419
222	459
222	757
223	490
223	626
223	711
224	312
224	782
225	432
226	310
226	328
226	735
227	310
227	328
227	491
227	798
228	666
229	356
229	371
230	238
230	297
230	325
230	416
230	601
230	742
231	262
231	443
231	479
232	460
232	557
232	604
233	254
233	702
234	349
234	404
234	446
234	534
234	655
234	724
235	386
235	469
235	533
235	661
237	521
238	452
239	573
240	486
240	641
240	737
241	486
241	549
241	676
242	285
242	431
242	704
243	271
243	282
243	465
243	785
244	628
244	690
244	758
245	409
245	763
246	306
246	337
246	521
246	524
246	680
246	713
246	780
247	352
247	649
248	485
248	722
249	251
249	648
249	665
249	688
249	719
249	745
249	757
250	483
250	499
251	282
251	388
251	464
251	487
251	618
252	312
253	443
253	536
254	321
254	544
254	737
254	738
256	442
257	469
257	624
258	735
258	746
259	340
259	444
260	681
261	472
261	509
261	584
262	410
262	608
262	676
263	302
264	370
264	497
264	731
265	403
265	630
266	340
266	473
266	714
266	792
267	375
267	417
267	497
267	649
267	746
268	589
269	450
270	306
270	441
270	447
270	556
270	616
271	418
271	536
271	677
272	427
272	445
272	692
273	409
273	437
273	452
273	521
273	615
273	742
273	765
274	720
275	630
278	557
278	743
279	497
279	691
280	372
280	787
281	298
281	336
281	561
281	763
282	488
282	711
282	758
282	788
284	319
284	323
285	349
285	356
285	483
285	577
285	689
286	317
286	635
286	740
286	745
288	454
288	488
288	569
288	581
289	372
289	448
289	553
289	610
289	637
289	667
290	554
291	410
291	640
292	691
293	582
294	681
294	697
294	764
295	379
295	463
295	614
295	732
296	358
296	387
296	388
296	425
297	311
297	718
297	773
298	370
298	397
298	518
299	323
299	398
300	621
301	526
301	635
301	791
301	793
302	625
302	684
303	621
303	755
303	782
304	408
304	413
304	482
304	605
305	417
305	446
305	480
305	522
306	726
307	636
307	650
307	692
307	764
308	514
308	631
308	762
309	505
311	535
312	560
312	668
312	775
313	381
313	460
313	499
313	568
314	327
314	456
314	462
316	561
316	584
316	672
316	703
316	736
316	764
317	448
317	593
318	499
318	610
318	726
319	683
320	571
321	525
321	528
321	766
322	384
322	481
323	495
323	533
323	697
324	333
324	359
324	696
325	373
326	434
326	510
326	603
326	604
327	739
328	542
328	615
329	397
329	698
329	781
330	464
331	382
331	639
332	436
333	342
333	435
333	505
333	657
333	776
335	421
335	671
335	684
335	709
335	746
336	433
337	410
337	413
337	451
337	590
337	764
338	370
338	430
338	443
340	433
340	575
340	582
340	685
341	433
341	477
341	571
341	614
342	542
342	659
343	424
343	521
344	505
344	517
345	357
345	370
345	442
345	772
346	755
347	386
347	598
348	394
348	495
348	723
348	737
348	739
349	424
349	448
349	619
349	711
350	375
351	577
352	488
352	498
353	497
353	605
353	623
355	503
355	649
355	654
356	366
356	671
357	502
357	701
358	584
358	694
359	432
359	436
360	579
361	440
361	605
361	621
361	624
361	794
362	382
362	433
362	525
362	755
364	796
365	448
365	565
365	736
366	585
367	518
367	536
367	630
368	483
368	656
368	756
369	373
369	533
369	651
370	584
370	723
370	724
370	769
371	786
372	415
372	693
372	784
373	695
373	743
374	430
374	767
375	569
376	629
376	700
376	756
377	522
378	573
378	599
379	571
379	762
380	399
380	675
381	629
382	670
382	765
384	791
385	478
385	493
385	599
385	739
386	728
387	701
388	688
388	710
389	503
389	550
389	651
390	454
390	785
391	559
391	635
391	643
392	396
392	637
392	736
392	762
393	677
394	459
394	611
394	631
394	730
395	414
396	590
396	643
397	565
398	409
398	548
398	575
398	740
399	551
400	513
400	725
401	770
402	687
403	663
404	422
404	520
404	572
405	606
405	626
405	635
406	572
408	515
408	680
409	410
409	626
409	631
410	742
410	762
411	433
411	677
414	595
414	657
415	715
416	423
416	667
416	748
417	543
417	625
417	701
417	703
418	639
419	713
421	453
421	537
421	645
422	443
422	624
422	785
423	506
423	533
424	546
425	523
426	539
427	464
427	541
428	551
429	507
431	532
431	720
431	792
432	509
432	750
433	716
434	654
434	714
434	762
435	451
435	635
436	445
436	610
438	478
440	669
443	624
443	651
445	743
445	753
446	474
446	529
446	575
447	452
447	539
447	750
448	633
448	724
449	609
449	678
450	695
450	708
451	466
451	721
452	596
453	589
454	524
454	672
457	475
457	606
457	681
459	584
459	632
460	550
460	638
460	740
461	774
462	566
462	575
464	490
466	672
467	600
468	599
468	725
469	603
469	652
470	589
470	591
470	663
470	799
471	474
471	545
472	644
473	681
474	589
474	710
475	519
475	547
476	573
476	574
476	762
477	571
478	504
478	567
480	561
480	614
480	747
481	689
483	692
484	623
484	740
485	719
486	660
486	717
486	721
487	690
488	650
488	746
490	530
490	651
491	795
493	591
493	628
493	674
493	694
493	704
495	498
495	535
495	612
495	678
495	779
496	547
496	562
498	700
499	525
499	634
499	649
499	682
500	532
500	607
501	527
502	699
502	716
503	611
506	550
506	561
506	592
506	741
509	650
509	675
510	543
510	628
510	719
511	605
512	530
512	757
513	543
513	702
514	635
514	745
515	538
515	580
515	792
516	692
517	582
517	753
519	595
519	660
520	658
520	706
520	757
522	619
523	694
524	561
525	570
525	684
526	632
527	568
528	710
528	739
529	534
529	755
530	759
531	775
532	745
532	753
533	640
533	717
533	753
534	789
535	559
535	664
535	783
536	578
537	620
537	685
538	606
538	735
540	693
540	747
541	583
543	565
543	605
543	727
544	559
544	560
544	580
544	659
544	667
544	745
545	735
545	762
546	738
547	741
548	709
550	791
551	556
553	556
553	570
553	741
554	749
555	728
555	730
556	560
556	602
556	615
556	665
557	684
558	716
560	582
560	629
560	669
560	676
561	606
566	752
567	575
567	722
571	620
571	647
571	715
572	627
574	578
574	586
575	623
575	787
576	777
578	639
581	617
581	773
583	756
584	687
585	634
585	649
585	671
585	795
586	645
588	751
589	639
589	697
590	765
591	790
592	712
595	673
596	740
597	698
597	719
598	639
598	761
599	618
602	765
603	797
604	671
607	732
607	742
607	796
608	690
610	618
611	796
613	616
615	780
624	684
624	794
625	721
626	648
627	646
628	745
629	734
630	631
630	784
632	641
632	758
633	637
633	772
637	658
639	645
641	697
641	779
643	663
644	717
648	678
649	692
649	718
650	740
650	770
653	686
654	681
655	758
657	738
661	723
661	794
662	768
665	799
669	772
669	797
670	731
670	732
670	760
671	702
671	795
672	752
673	704
673	718
673	723
673	754
673	798
677	759
678	684
680	733
681	784
683	741
684	703
686	705
686	772
686	795
688	762
691	792
693	784
693	788
694	745
694	760
697	782
697	783
698	758
700	786
701	778
701	781
702	729
704	733
706	757
707	744
707	794
710	745
711	729
714	756
714	787
716	796
720	727
720	756
720	762
723	786
724	734
727	766
728	736
732	759
733	762
733	767
735	736
735	795
736	784
739	763
741	784
742	753
749	795
757	772
759	794
773	788
774	776
775	778
785	789
791	795