0	31
0	372
0	594
0	651
1	111
1	219
1	691
2	40
2	415
2	583
2	680
2	699
2	706
3	451
3	630
4	90
4	197
5	659
5	676
5	684
6	275
6	326
6	717
6	722
7	112
7	287
7	314
7	420
7	624
7	681
7	786
8	35
8	83
8	165
8	263
8	277
8	400
9	363
10	541
10	586
11	185
11	419
11	619
11	649
12	179
12	234
13	81
13	262
13	799
14	168
14	247
14	510
14	523
14	564
14	670
14	746
15	62
15	68
15	366
15	680
16	202
16	306
16	726
17	65
17	385
17	611
17	622
17	773
18	41
18	235
18	365
18	429
18	690
19	548
19	557
19	698
19	711
19	794
20	52
20	197
20	365
21	36
21	104
21	135
21	327
21	443
21	460
21	506
21	668
21	669
21	705
21	724
21	728
22	444
23	319
23	500
23	767
23	773
23	782
24	263
24	381
24	386
24	513
25	122
25	252
25	307
25	464
25	640
25	735
26	504
26	698
27	209
27	370
27	495
27	522
28	164
28	263
28	680
29	85
29	86
29	136
29	249
29	355
29	482
29	695
30	101
30	210
30	307
30	693
31	79
31	233
31	662
31	683
31	723
31	725
32	92
32	195
32	205
32	521
32	596
32	716
33	72
33	300
33	329
33	542
34	122
34	214
34	234
34	380
34	428
34	574
34	749
35	289
35	585
35	704
35	785
36	91
36	182
36	329
36	497
36	558
36	669
37	592
37	652
38	99
39	54
39	167
39	749
40	64
40	137
40	205
40	299
40	383
41	55
41	244
41	306
41	507
41	657
42	271
42	397
42	558
42	606
43	479
43	607
44	507
44	761
44	764
45	123
45	309
45	441
45	517
45	767
46	48
46	129
46	786
47	465
47	490
47	527
48	69
48	452
48	629
49	64
49	73
49	181
49	306
49	768
50	69
50	228
50	358
50	453
50	696
50	755
51	196
51	217
51	402
51	566
51	571
52	164
52	182
52	404
52	766
53	114
53	295
53	428
53	771
54	778
55	170
55	595
56	335
56	351
57	120
57	245
57	426
57	490
57	665
58	113
58	217
58	399
58	489
58	607
58	743
59	253
60	764
61	260
61	272
61	437
61	641
61	793
62	342
62	475
63	143
63	786
64	122
64	315
64	389
64	447
64	688
65	367
66	142
66	194
66	420
66	518
66	691
67	197
67	247
67	316
67	389
67	598
67	603
67	665
67	784
68	103
68	288
68	378
68	494
68	547
69	258
69	332
69	344
69	448
69	511
69	721
70	131
70	211
70	213
70	226
70	279
70	637
70	740
71	366
72	200
72	229
72	235
72	304
72	420
72	442
73	441
73	522
74	370
75	744
76	107
76	261
76	395
76	539
77	85
77	95
77	452
77	666
78	263
78	336
79	131
79	250
79	265
79	416
79	469
79	597
79	730
80	382
81	481
81	487
81	583
82	120
82	313
82	337
82	463
82	741
83	246
83	317
83	323
83	500
83	599
84	179
84	492
84	643
84	737
84	769
85	439
86	452
87	94
87	166
87	261
87	712
87	765
88	212
89	165
89	185
89	441
89	497
89	582
89	676
89	700
89	705
90	434
90	518
90	521
90	530
90	549
90	601
91	301
92	93
92	187
92	570
93	117
93	296
93	433
93	439
93	640
95	452
95	718
96	402
96	561
97	164
97	333
97	356
97	373
98	153
98	671
99	387
99	429
100	248
101	260
101	344
101	747
102	116
102	343
102	503
103	640
103	673
103	679
103	774
104	157
104	227
104	357
104	450
104	679
104	789
105	139
105	345
105	731
106	183
106	307
107	369
107	571
107	606
108	500
108	531
108	770
109	115
109	190
109	368
109	598
110	353
110	597
110	708
110	734
110	792
111	266
111	478
111	572
111	654
111	657
112	201
112	703
113	418
113	743
114	313
114	404
115	242
115	261
115	325
115	576
115	699
116	420
117	286
117	330
117	469
117	499
117	530
117	732
117	741
118	248
118	461
118	545
118	737
118	758
119	562
119	632
119	638
120	527
121	451
121	621
122	599
122	709
122	713
124	251
124	286
124	331
124	447
124	503
124	560
124	604
125	408
125	429
126	234
126	251
126	565
126	721
127	356
128	212
128	472
129	353
129	358
129	426
129	509
129	532
129	702
130	198
130	609
131	325
131	462
132	400
133	404
133	557
133	740
134	368
135	147
135	479
135	611
135	624
136	359
136	500
137	641
137	688
138	250
138	424
138	449
138	761
138	763
139	160
139	230
139	600
139	755
140	224
141	253
141	524
141	739
142	424
142	791
143	197
143	205
143	267
143	407
143	568
143	645
144	285
144	524
144	590
144	733
145	347
145	452
145	492
146	172
146	609
147	154
148	222
148	502
148	613
148	709
149	158
149	422
150	239
150	523
150	549
150	645
151	207
152	176
152	193
152	786
153	515
154	298
154	627
154	776
154	789
155	386
156	182
156	240
156	242
156	471
156	733
157	178
157	265
157	304
157	403
157	465
157	523
157	684
157	782
158	193
158	204
158	739
159	250
159	441
159	530
160	370
160	515
161	243
161	282
161	541
162	280
162	315
162	317
163	179
163	185
163	467
163	572
163	701
164	333
165	492
165	704
166	544
166	753
167	747
168	548
168	698
169	365
169	644
170	244
170	307
170	371
170	490
171	383
171	439
171	544
171	738
172	369
172	489
172	502
172	658
172	784
172	794
173	316
173	419
173	597
173	618
174	188
174	419
174	584
174	640
174	749
175	400
175	431
175	492
175	591
175	645
175	750
176	250
176	335
176	418
177	472
177	480
177	787
178	223
178	414
178	705
179	404
179	614
180	279
180	285
180	300
180	551
180	674
181	195
181	219
181	291
181	342
181	388
181	399
181	502
182	324
182	359
182	647
183	289
183	479
183	712
183	762
184	234
184	329
184	588
184	699
185	510
185	695
186	422
187	238
187	319
187	507
188	626
189	198
189	563
189	703
190	399
190	403
190	532
191	284
192	225
192	644
192	785
193	435
194	461
194	540
195	448
195	786
196	237
196	273
196	405
196	456
196	528
197	214
197	432
197	639
198	308
198	763
199	491
199	673
199	692
200	318
200	333
200	354
200	433
200	443
200	542
200	651
201	210
201	396
201	406
201	667
202	243
202	303
202	387
202	412
202	722
203	269
203	529
204	211
204	514
205	319
205	665
205	730
206	312
206	326
206	523
206	570
207	299
207	388
207	600
207	619
207	620
207	707
207	759
208	230
208	364
208	374
208	512
208	663
209	696
209	756
211	515
212	291
212	438
212	736
214	638
215	330
215	369
215	438
215	617
215	746
216	224
216	653
217	652
217	797
218	569
219	233
219	272
219	550
219	555
219	561
219	646
220	270
221	329
221	414
223	304
223	537
224	373
224	503
224	512
224	655
224	785
225	281
225	340
225	449
225	743
226	242
226	322
226	432
226	443
226	535
226	567
227	501
227	687
228	241
228	298
228	309
229	544
229	610
229	756
230	287
230	496
230	627
231	637
231	757
232	313
232	430
232	743
233	436
233	445
233	744
234	293
234	405
234	530
234	635
235	418
235	723
236	444
236	533
236	571
236	771
237	532
237	623
237	714
239	559
239	725
239	752
240	487
240	692
241	505
241	706
241	720
241	749
242	735
242	743
243	377
243	488
243	526
244	386
244	600
244	688
245	352
245	603
246	299
246	334
246	656
247	307
247	366
247	384
247	670
247	739
248	470
248	473
248	534
248	765
248	795
249	552
249	632
251	297
251	315
251	372
251	399
251	535
251	577
251	665
252	404
252	424
252	608
253	278
253	335
253	710
253	766
253	791
254	483
254	519
255	609
255	690
255	745
256	695
257	261
257	398
257	517
258	766
259	383
259	725
260	415
260	694
261	320
261	334
261	370
261	564
261	647
262	265
262	386
262	412
263	276
263	584
263	617
264	269
264	290
264	433
264	758
266	389
267	336
267	586
267	638
268	378
268	580
268	748
269	306
269	331
269	377
269	664
269	713
270	342
270	388
270	609
270	664
271	316
271	663
272	288
272	656
272	766
273	398
273	755
273	785
273	788
273	789
273	792
274	650
275	368
275	407
275	519
275	588
276	377
276	488
276	519
277	285
277	516
277	550
277	648
277	657
278	346
279	446
279	634
279	750
280	497
281	381
281	387
281	416
281	705
281	782
282	393
283	337
283	703
284	319
284	351
284	593
284	739
285	476
285	763
286	342
286	652
286	697
286	747
287	289
287	733
288	322
288	352
288	712
289	645
289	685
290	320
291	580
292	402
292	734
293	347
293	404
293	445
294	528
294	598
294	791
295	424
295	502
295	612
295	685
296	413
296	733
297	396
297	428
297	472
297	534
299	528
299	540
299	650
299	700
300	335
300	569
300	783
301	519
301	779
302	706
302	732
302	781
303	550
303	688
303	794
304	422
304	549
304	716
305	308
305	523
305	575
305	584
307	369
307	596
308	404
308	499
308	529
309	370
309	373
310	364
310	377
310	487
310	710
311	387
311	504
311	661
312	604
313	688
313	696
314	443
315	681
315	703
316	464
317	537
317	665
317	746
317	761
319	469
319	658
319	695
320	366
321	588
322	587
322	648
322	677
322	681
324	541
324	566
324	583
324	616
324	650
325	339
325	708
325	751
326	753
327	397
327	659
327	731
328	467
328	545
328	573
328	674
329	606
329	622
329	650
329	731
330	491
330	572
330	689
332	416
332	484
332	588
332	682
333	791
334	723
334	745
336	524
336	610
336	660
338	650
339	684
339	730
340	548
340	787
340	798
341	342
341	531
341	631
341	732
342	710
343	499
343	707
344	551
344	605
344	772
345	459
345	626
345	735
345	746
345	775
346	386
347	621
347	647
347	791
348	480
349	732
350	395
350	548
350	669
351	487
351	573
351	620
352	372
352	427
352	492
352	545
353	561
354	379
354	593
354	622
355	361
355	460
355	589
355	718
356	433
357	486
357	488
357	653
357	742
358	361
358	742
359	368
359	449
359	492
359	493
360	382
360	661
361	600
362	722
363	422
363	751
364	416
364	532
364	537
365	548
365	719
365	733
366	602
366	626
367	530
367	672
367	683
368	444
368	574
368	664
369	479
369	562
370	490
370	624
370	723
371	629
372	591
372	677
372	704
373	597
373	621
374	443
375	430
375	700
376	511
376	520
376	604
377	402
377	452
379	513
379	521
379	776
380	440
381	442
381	518
381	537
381	562
382	468
382	507
382	615
383	501
383	561
384	744
385	468
385	703
385	744
385	782
386	783
387	567
387	794
389	413
389	648
390	425
391	514
391	526
391	645
392	399
392	497
392	747
392	775
394	706
394	719
394	754
395	481
395	533
395	709
396	408
396	431
398	421
398	483
399	603
400	575
400	584
401	469
401	524
401	535
402	404
402	463
402	552
402	782
402	788
403	418
404	644
405	627
406	473
406	539
407	549
407	738
407	778
408	474
408	503
408	565
409	763
410	463
410	498
410	501
410	610
411	466
412	540
412	708
413	598
415	675
416	507
416	588
416	772
417	657
418	504
418	536
419	688
419	735
420	449
420	625
420	632
421	723
422	529
423	502
424	648
424	671
424	695
424	722
425	640
425	694
426	555
426	577
426	659
427	551
427	662
428	697
428	737
430	619
431	645
432	463
432	627
432	735
432	767
432	770
432	777
433	515
434	501
434	539
434	561
435	663
436	455
436	604
436	665
437	510
437	665
437	739
437	788
438	505
438	734
438	767
438	770
439	691
439	725
442	562
443	485
443	500
443	570
444	479
444	575
445	514
445	783
446	721
446	730
447	741
449	652
449	670
449	728
450	689
451	489
451	506
451	695
452	576
452	669
454	559
454	752
454	797
455	569
455	631
456	526
456	620
456	642
456	672
456	714
457	656
458	469
458	787
459	727
460	579
460	689
460	751
461	571
462	569
462	624
462	679
463	500
463	619
463	776
464	485
465	479
465	695
465	705
466	545
466	603
467	505
467	625
468	506
469	580
470	489
471	713
472	581
473	555
473	665
473	772
474	669
474	679
475	580
475	622
475	672
477	544
477	734
477	762
478	510
478	729
479	586
479	785
480	648
481	571
481	575
481	577
482	619
483	604
483	633
484	573
484	796
487	557
489	576
489	585
489	618
489	734
489	777
490	619
491	672
491	701
491	799
493	744
494	685
494	781
495	549
496	546
498	583
498	737
500	615
500	689
500	751
501	678
501	739
502	662
503	519
503	631
503	738
503	756
505	746
505	755
506	736
507	554
507	563
507	745
508	638
508	733
510	514
510	580
510	712
510	732
511	735
512	545
512	578
513	685
515	610
516	677
517	578
519	797
520	778
521	616
522	717
524	652
524	707
524	771
525	582
525	630
525	659
526	762
527	560
527	628
527	676
530	750
534	674
535	731
537	578
537	652
537	654
537	672
538	737
538	795
539	731
539	740
540	592
540	669
540	761
541	636
541	711
542	723
543	588
543	708
544	546
545	669
546	735
546	770
546	780
548	643
549	654
550	604
550	659
551	556
551	683
552	611
553	566
553	692
553	701
553	749
553	777
554	563
554	656
554	694
555	703
555	757
557	619
559	681
560	578
560	759
561	651
561	692
564	718
564	731
564	764
565	604
565	682
568	614
569	749
569	782
570	733
571	581
571	609
571	614
571	630
571	774
572	636
572	662
574	784
576	702
576	793
577	620
577	691
577	755
578	732
579	789
583	587
583	627
583	647
583	678
584	785
586	662
586	723
587	600
588	657
588	760
588	790
591	735
593	621
593	641
593	723
593	776
594	615
595	703
595	724
597	787
599	714
601	721
601	795
602	752
603	777
603	796
604	686
606	616
606	751
609	641
609	790
610	764
611	654
612	745
614	636
615	739
617	633
617	771
618	661
618	684
620	622
623	787
624	626
624	651
624	659
624	743
624	749
626	647
627	724
628	796
630	747
631	673
632	772
634	640
634	655
634	729
635	692
635	788
636	682
636	749
638	728
641	796
642	664
642	798
645	669
646	697
647	770
648	700
650	768
651	786
654	664
654	698
656	777
658	752
658	770
659	693
662	786
665	717
668	790
670	752
670	781
673	705
674	675
676	791
676	797
681	700
681	713
681	790
682	745
688	791
689	716
693	704
696	719
697	710
699	761
701	715
704	710
708	711
708	784
709	798
712	738
715	748
719	755
719	770
721	735
728	746
732	763
733	790
738	799
739	788
745	748
750	779
755	778
756	761
757	780
758	798
768	777
777	787
788	793