0	279
1	503
1	582
2	292
2	459
2	557
2	778
3	162
3	266
3	512
4	167
4	407
4	593
4	697
4	736
5	70
5	273
5	596
5	784
6	170
6	316
6	528
6	619
7	38
7	133
7	432
7	740
8	201
8	209
8	391
8	466
9	174
9	176
9	373
9	499
9	502
9	599
10	244
10	254
10	559
11	40
11	413
11	790
12	185
12	558
12	799
13	414
13	464
13	615
13	686
14	98
14	120
14	126
14	131
14	283
14	293
14	551
14	586
15	19
15	92
15	281
15	361
16	102
16	266
17	58
17	578
17	698
17	722
17	791
18	411
18	421
18	759
19	169
19	620
19	687
20	163
20	206
20	249
20	344
20	396
20	708
21	223
22	45
22	169
22	566
22	763
23	417
24	49
24	309
24	578
25	277
25	335
25	367
25	576
25	764
26	477
26	527
26	667
27	131
28	44
28	533
28	537
28	609
28	668
28	674
28	731
29	68
29	730
30	289
30	482
31	85
31	334
31	506
31	520
31	792
32	702
33	363
33	409
33	565
34	120
34	617
35	269
35	347
35	459
36	48
36	94
36	234
36	283
37	288
37	530
37	677
38	72
38	120
38	239
38	339
38	422
38	424
38	509
38	650
39	367
39	469
39	525
40	94
40	390
41	176
41	373
41	451
41	628
42	345
42	389
43	64
43	272
44	518
45	241
45	366
45	670
45	762
46	102
46	292
46	615
47	81
47	280
47	528
49	184
49	200
49	383
50	229
50	344
50	416
50	476
50	574
50	591
51	312
51	585
51	793
52	123
53	134
53	265
53	364
53	390
53	399
53	498
54	396
54	400
54	484
54	626
55	74
55	260
55	555
55	797
56	193
57	165
57	609
57	692
58	116
58	174
58	285
58	685
58	712
58	719
59	265
59	595
59	683
60	265
60	356
60	380
60	790
61	98
61	201
61	260
61	292
61	586
61	685
62	150
62	327
62	333
62	792
63	332
63	415
63	595
63	620
63	627
63	720
64	292
64	469
64	567
64	701
64	739
65	604
66	74
66	143
66	371
66	551
66	589
66	610
67	177
67	334
67	602
68	112
68	210
68	763
69	276
69	323
69	521
69	630
69	742
69	757
70	177
70	280
70	400
70	473
70	526
70	553
71	632
71	687
71	733
71	754
72	81
72	158
72	171
72	249
72	341
72	476
72	523
73	162
73	196
73	246
73	365
73	446
74	199
74	244
74	372
74	508
74	651
75	140
75	402
75	455
75	580
75	597
75	689
75	768
76	176
76	319
77	195
77	227
77	369
77	568
78	212
78	512
78	586
79	92
79	93
79	461
79	568
79	797
80	98
80	99
80	365
80	446
80	506
81	213
81	263
81	478
82	166
82	193
82	507
82	539
83	225
83	643
83	785
84	334
84	467
85	131
85	388
85	796
86	468
86	523
86	649
86	746
87	312
87	727
88	127
88	170
88	595
89	276
89	326
89	482
89	652
90	105
90	166
90	262
90	380
90	436
90	734
91	106
91	774
92	445
92	719
93	264
93	335
94	257
94	261
94	298
94	409
94	523
95	397
95	424
95	474
96	157
96	370
97	259
97	448
97	487
97	587
97	637
98	444
98	582
98	603
98	690
99	152
99	173
99	365
99	380
99	389
99	452
99	796
100	470
100	504
100	553
101	236
101	491
101	745
102	431
102	508
102	784
103	154
103	174
103	402
103	736
104	221
104	234
104	654
104	678
105	211
106	384
106	718
107	525
107	548
107	698
108	238
108	249
108	319
108	329
109	471
109	543
110	309
110	474
110	670
111	203
111	712
112	182
112	208
112	327
112	672
113	300
113	378
113	574
113	647
114	230
115	412
115	771
116	643
117	195
118	321
118	418
118	432
119	131
119	495
119	585
120	252
120	516
120	647
121	161
121	321
122	334
122	648
122	780
122	794
123	389
123	515
123	665
124	418
125	295
126	240
126	245
127	527
127	716
128	268
128	433
128	473
128	742
129	297
129	421
129	584
129	600
129	710
129	768
130	281
130	494
130	551
130	799
131	225
131	586
131	639
131	652
131	698
132	227
133	164
133	246
133	330
133	391
133	449
133	515
133	572
133	599
134	309
134	420
134	542
134	571
135	196
136	505
136	742
137	236
137	243
137	606
137	661
137	751
138	169
138	459
138	484
139	343
139	659
140	160
140	176
140	177
140	397
140	724
141	219
141	454
141	649
142	378
142	498
142	707
143	268
143	413
143	467
143	672
144	229
144	385
144	705
145	325
145	523
145	748
146	268
146	459
146	740
146	754
147	158
147	762
148	725
149	431
150	255
150	487
150	710
150	768
151	198
151	649
152	294
152	526
152	634
152	675
153	406
153	644
153	773
154	346
154	487
155	240
155	386
155	429
156	372
156	457
156	560
156	599
157	192
157	593
157	717
157	720
158	484
158	640
158	656
158	743
159	453
159	503
159	623
160	677
160	768
161	375
161	692
162	299
162	610
162	789
163	556
163	580
163	671
163	788
164	232
164	320
164	450
164	538
164	629
164	664
165	250
165	384
165	509
165	633
165	672
166	200
166	563
166	618
166	635
167	211
167	282
167	314
167	643
168	297
169	202
169	295
170	273
170	379
170	738
170	770
171	198
171	233
171	390
171	395
171	557
172	543
172	657
172	766
173	397
173	467
173	579
173	646
173	700
174	306
175	290
175	295
176	208
176	248
176	249
176	296
177	287
177	384
177	491
177	755
178	234
178	414
178	502
178	551
178	727
178	749
179	295
179	366
179	525
180	303
180	558
180	594
180	711
181	357
181	481
181	624
182	729
183	332
183	684
184	248
184	306
184	410
184	537
184	636
185	354
185	380
186	336
186	374
186	493
186	662
187	444
187	708
187	712
188	385
189	507
189	725
190	494
190	583
190	678
191	339
191	389
191	493
191	512
191	623
191	659
191	796
192	203
192	233
192	560
192	640
192	686
192	799
193	230
193	452
193	606
193	721
193	780
194	500
194	637
195	571
195	772
195	777
196	338
196	427
196	718
197	219
197	325
197	418
197	496
197	623
197	706
198	251
198	320
198	460
198	547
199	438
199	625
200	250
200	480
200	613
200	699
201	400
201	540
203	218
203	329
203	342
203	661
204	211
204	474
205	525
205	786
206	292
206	399
206	725
207	397
207	497
207	663
207	748
208	426
208	596
208	598
208	685
209	408
209	552
209	792
210	482
210	560
210	730
210	772
211	219
211	256
212	248
212	368
212	397
212	490
213	364
213	554
213	767
214	351
214	465
214	594
215	335
215	341
215	369
215	383
215	444
216	521
216	586
216	680
217	538
218	358
218	368
218	382
218	383
219	269
219	503
219	541
219	756
219	795
220	521
220	588
220	671
221	474
222	318
223	686
223	789
224	424
224	462
225	473
226	437
228	509
228	534
228	541
228	658
230	326
230	477
231	402
231	696
232	350
232	694
233	316
233	636
233	746
234	306
234	378
234	535
234	784
234	795
235	466
236	273
236	334
236	340
236	442
236	790
237	336
237	546
238	476
238	479
238	674
239	720
240	575
240	682
241	442
241	541
241	747
242	277
242	405
242	786
243	316
243	361
243	560
243	688
244	422
245	430
245	455
245	490
245	777
245	797
246	378
246	382
246	755
247	293
247	374
247	528
247	543
247	635
247	715
247	799
248	292
248	384
248	435
249	366
249	420
249	500
250	618
250	664
251	273
251	723
252	346
252	575
253	277
253	303
253	385
253	586
254	330
254	774
255	259
255	422
255	423
255	461
255	509
255	546
256	334
256	373
256	429
256	761
257	395
257	404
257	493
257	666
258	326
258	515
258	699
259	325
259	435
259	599
259	666
259	734
261	506
261	653
262	272
262	453
262	618
262	753
263	450
264	330
264	405
264	564
265	463
265	588
265	686
265	731
266	382
266	397
266	409
266	479
266	531
266	542
266	708
267	271
267	319
268	275
268	391
268	503
268	560
269	380
269	797
270	288
270	387
270	406
270	730
270	740
272	753
272	775
273	352
273	394
273	555
273	622
274	277
274	342
275	545
275	664
276	299
277	311
277	486
277	609
278	484
278	604
279	320
279	457
279	782
280	399
280	599
280	637
280	728
281	484
281	644
281	737
282	332
282	404
282	765
282	794
283	607
284	296
284	571
284	725
285	313
285	702
286	490
287	343
287	590
288	750
290	681
290	684
291	667
291	714
292	333
292	637
293	561
294	540
295	374
296	485
296	678
297	375
297	396
297	611
297	654
297	681
297	729
297	756
298	543
298	551
298	757
299	462
299	662
299	771
299	798
300	605
301	321
301	464
301	615
301	693
302	429
302	542
302	650
302	700
303	564
303	635
303	682
303	755
304	528
304	795
305	442
306	565
306	653
307	494
307	560
307	740
307	760
308	596
309	403
309	608
310	401
310	444
310	458
310	653
310	670
311	440
311	533
312	512
313	449
313	505
314	418
314	443
314	517
314	658
315	555
315	634
315	701
316	429
316	468
316	776
317	504
317	678
318	358
318	538
318	677
319	333
319	368
319	371
319	577
319	639
320	331
320	369
320	675
320	723
321	332
321	465
321	530
321	669
322	326
322	434
322	639
322	718
323	343
323	411
323	477
323	507
324	403
324	430
324	621
325	445
325	622
325	749
325	772
326	403
326	445
327	334
327	461
327	565
327	630
328	461
329	676
330	360
330	439
330	561
330	708
330	779
331	406
331	725
332	651
333	444
333	646
334	647
335	511
335	686
335	771
336	406
336	468
336	622
337	754
338	489
338	589
338	590
339	441
339	484
339	503
340	539
341	423
341	549
341	619
341	766
342	498
343	523
344	507
344	601
344	669
345	594
345	713
347	379
347	481
348	411
349	503
349	780
350	364
351	420
351	443
351	762
353	443
353	744
354	395
354	499
354	635
354	663
354	670
355	505
355	523
356	657
356	667
356	796
357	473
357	539
357	790
358	553
358	673
358	799
359	717
359	784
359	798
360	419
360	438
360	640
360	701
361	402
361	592
361	630
362	433
362	698
362	743
363	398
363	410
363	722
364	442
364	482
364	587
364	590
364	707
365	698
365	756
366	389
366	463
366	638
366	671
367	411
367	752
368	451
368	646
368	660
368	690
369	605
369	648
370	541
370	634
371	602
371	610
371	720
372	659
373	418
373	445
373	485
374	375
374	402
374	417
374	470
374	683
374	726
375	598
375	699
376	714
377	583
378	749
379	477
380	480
380	482
380	522
380	671
381	502
381	689
381	744
382	560
383	399
383	419
383	563
383	743
384	554
384	627
384	734
384	793
385	684
386	533
386	774
387	403
387	581
388	450
388	540
388	712
389	758
390	699
391	449
391	605
391	765
392	611
393	432
395	475
395	676
396	601
397	509
397	681
398	561
398	562
398	588
399	538
399	557
400	437
400	548
400	782
400	797
401	416
401	664
402	440
402	480
402	521
402	683
402	730
403	568
404	556
405	479
405	709
406	723
407	430
407	619
408	539
408	645
411	490
412	717
413	500
413	794
414	717
414	744
415	794
416	626
416	729
417	587
418	533
419	442
419	622
420	495
420	588
420	665
420	710
421	513
421	574
422	541
422	789
423	576
424	484
425	437
427	479
427	721
428	498
428	683
429	612
429	648
430	678
430	757
431	486
431	510
431	678
433	480
434	640
435	546
435	640
435	713
436	454
436	612
436	616
437	562
437	584
440	758
441	475
441	634
442	706
443	528
443	694
444	548
445	448
445	462
446	485
446	724
446	727
447	560
448	610
449	564
449	772
451	497
452	570
452	578
452	580
452	663
453	539
453	576
453	728
454	577
455	519
455	559
456	680
459	627
461	508
461	798
462	568
463	526
463	556
463	603
463	610
465	466
465	759
466	528
466	736
467	565
467	613
467	659
468	471
468	508
470	720
471	489
471	493
471	726
472	505
473	509
473	682
473	733
475	589
476	779
476	795
477	526
480	777
481	683
481	690
482	665
482	708
482	752
483	489
483	584
483	702
484	629
485	516
485	542
485	590
485	625
485	777
486	556
486	631
487	780
488	675
490	501
491	618
492	552
492	602
492	689
492	722
493	593
493	610
494	791
495	526
495	656
496	788
497	611
498	654
500	737
500	745
502	669
502	794
504	567
505	711
505	751
506	661
507	530
507	621
507	708
508	785
509	640
510	583
510	604
510	646
510	701
511	514
512	595
512	670
515	703
516	688
516	745
517	683
517	782
518	736
520	771
522	666
522	667
523	617
524	589
524	682
525	560
526	577
527	582
528	551
528	658
528	676
529	562
530	710
530	731
530	795
532	681
533	763
533	780
534	694
534	747
534	763
536	774
537	623
540	624
542	632
542	681
543	569
544	660
544	665
545	642
545	699
546	598
547	583
547	701
548	586
548	614
548	651
548	766
550	677
550	736
551	687
552	563
552	600
552	734
553	642
554	590
556	615
556	658
557	701
557	762
558	671
559	740
562	740
564	581
564	661
567	575
567	602
567	688
569	573
571	590
571	594
571	649
571	673
572	588
573	704
573	711
575	576
575	580
575	630
575	640
575	710
576	681
579	689
580	717
581	695
582	734
582	768
582	793
583	688
584	599
585	604
585	615
586	704
587	783
593	641
595	695
597	753
598	717
598	740
601	727
601	787
602	794
603	686
605	680
609	673
610	616
610	739
610	778
611	712
612	758
613	653
614	645
615	691
615	774
615	782
616	717
616	784
618	787
620	794
623	729
623	741
624	673
624	778
625	677
626	734
632	717
632	793
637	725
637	793
639	647
640	704
642	710
642	731
643	707
644	738
645	651
645	719
646	764
649	688
651	761
651	785
652	670
653	664
654	782
655	759
659	753
660	756
662	793
663	673
663	756
665	687
665	766
665	771
669	785
670	675
670	768
672	723
673	779
674	715
675	719
675	732
676	782
679	769
680	702
680	757
682	703
682	723
684	706
685	693
685	756
689	713
690	722
695	726
697	757
699	700
700	756
703	711
703	793
705	717
713	776
714	777
716	738
722	749
724	731
726	795
727	736
728	760
732	745
735	785
736	791
738	775
739	742
740	753
742	781
743	749
746	789
762	771
765	774
791	796