0	70
0	368
0	667
0	706
1	207
1	229
1	328
1	771
1	777
2	216
2	307
3	625
3	655
3	669
4	33
4	224
4	299
4	414
4	550
4	795
5	7
5	160
5	277
5	432
5	661
5	724
6	262
6	477
7	568
8	24
8	673
9	367
9	375
10	557
11	688
11	754
11	775
12	310
12	324
12	434
12	594
12	621
13	88
13	667
13	705
13	788
14	70
14	282
14	331
14	561
14	655
14	700
14	705
14	741
15	82
15	90
15	105
15	195
15	226
15	381
15	508
15	693
16	58
16	86
16	247
16	435
16	470
16	483
16	543
16	556
16	625
17	102
17	135
17	174
17	351
18	158
18	338
18	369
18	378
19	143
19	167
19	504
19	648
20	517
20	591
20	649
21	236
21	331
21	480
21	505
21	574
21	679
22	116
22	129
22	189
22	532
23	73
23	203
24	132
24	550
25	85
25	283
25	540
26	475
26	489
26	675
26	704
26	773
27	46
27	170
27	191
27	379
27	434
27	581
27	595
28	37
28	223
28	460
28	647
28	784
29	143
29	247
29	482
29	498
29	499
29	637
30	86
30	470
30	506
30	689
31	111
31	615
31	693
32	147
32	246
32	379
32	687
32	733
33	200
33	317
33	621
34	50
34	245
34	468
34	770
35	63
35	96
35	491
35	644
36	189
36	368
36	613
37	98
37	322
37	624
37	685
38	113
38	421
39	388
39	725
39	782
40	279
40	386
40	607
40	610
40	624
40	673
40	781
41	176
41	231
41	338
41	619
42	64
42	66
42	212
42	496
42	552
43	79
43	139
43	352
43	680
44	235
44	324
44	533
45	60
45	263
45	306
45	707
45	777
46	452
46	682
46	788
47	75
47	299
47	344
47	425
47	531
48	705
49	121
49	144
49	197
49	277
49	310
49	570
49	580
49	624
49	678
50	161
50	188
50	463
50	501
50	553
51	90
51	94
51	129
51	145
51	611
52	298
52	550
52	732
52	738
52	781
53	61
53	177
53	287
53	323
53	431
53	588
53	782
54	222
54	420
54	629
54	780
55	90
55	380
55	467
55	695
56	115
56	213
56	463
56	701
56	715
57	316
57	614
57	776
58	733
58	775
59	130
59	232
59	310
59	371
59	588
59	636
59	717
59	745
59	771
60	95
60	340
61	202
61	242
61	403
62	90
62	393
62	443
62	785
63	131
63	563
63	623
64	101
64	307
64	347
64	571
64	615
64	632
64	753
65	694
66	142
66	311
66	519
67	726
68	113
68	117
68	121
68	216
68	764
68	798
69	70
69	306
69	364
69	693
70	269
70	276
70	525
70	666
70	714
70	760
71	91
71	547
72	74
72	108
72	205
72	539
72	784
73	239
73	247
73	331
73	360
73	509
74	273
75	128
75	424
75	575
75	578
75	693
76	155
76	205
76	472
76	613
76	693
76	708
76	793
77	93
77	232
77	258
77	348
77	395
77	550
77	600
78	476
78	482
78	689
79	89
79	217
80	318
80	388
80	592
80	642
81	673
81	779
82	476
83	295
83	421
83	472
83	551
83	660
83	775
84	394
84	523
84	542
84	787
85	299
85	425
85	428
85	506
86	137
86	154
86	182
86	215
86	305
86	334
86	342
86	398
86	458
86	478
86	638
86	651
86	730
87	387
87	389
87	393
87	487
87	500
87	622
87	640
87	646
87	717
88	722
89	390
89	678
89	708
90	111
90	489
90	639
91	106
91	357
91	461
91	520
92	181
92	670
93	459
93	645
94	109
94	321
94	378
95	115
95	315
95	495
96	140
96	356
96	475
96	480
96	553
96	601
97	357
98	328
98	337
98	338
98	549
99	261
99	395
99	779
100	296
100	508
100	567
100	784
101	540
101	594
101	663
101	782
102	379
102	405
102	513
102	694
102	752
103	341
103	410
103	419
103	446
103	518
103	722
104	115
104	399
104	488
104	694
105	235
105	328
105	397
106	594
107	205
107	234
107	286
107	409
107	538
107	770
108	173
108	342
108	347
108	579
108	606
108	705
108	770
109	336
109	355
109	539
110	290
110	473
111	134
111	301
111	424
111	468
112	145
112	229
112	347
112	369
112	378
112	480
112	704
112	719
113	461
113	632
113	674
114	204
114	542
114	600
114	797
115	219
115	459
115	694
116	187
116	340
117	532
117	594
117	614
118	119
118	602
119	606
119	650
120	244
120	254
120	600
120	735
121	523
121	649
122	309
122	432
122	581
122	762
123	184
123	327
123	335
123	367
124	320
124	398
124	545
124	548
124	552
125	574
125	696
125	743
125	766
126	337
126	453
126	473
126	753
127	205
127	668
127	723
128	275
128	324
128	433
128	544
128	595
128	694
128	774
129	201
129	356
129	633
130	512
130	576
131	521
131	658
131	778
131	791
132	208
133	144
133	363
133	386
133	443
134	395
134	422
134	423
135	364
135	738
136	176
136	207
136	230
136	433
136	498
136	535
136	546
136	583
136	621
137	215
137	372
137	563
137	629
137	657
137	694
137	745
137	759
138	182
138	253
138	554
138	724
138	735
139	176
139	232
139	263
140	560
141	220
141	289
141	353
141	508
141	542
141	548
141	610
141	687
141	740
142	161
142	266
142	411
142	676
143	350
143	420
143	710
143	749
144	175
144	381
144	727
144	757
145	747
146	605
147	198
147	689
148	262
148	431
148	592
148	604
148	663
149	162
149	212
149	392
149	642
149	660
149	734
150	721
151	273
151	354
151	432
151	512
152	343
152	421
152	621
152	677
152	744
153	222
153	413
153	688
153	715
154	244
154	314
154	476
154	734
154	785
155	522
156	163
156	338
156	445
156	605
156	625
156	749
157	367
157	479
157	548
157	604
157	736
157	765
158	388
158	513
158	546
158	600
158	758
159	173
159	366
159	383
159	632
159	781
160	264
160	294
160	491
161	279
161	359
161	398
162	526
163	450
163	605
163	665
163	686
164	431
164	605
164	742
165	225
165	371
165	413
165	518
165	696
166	214
166	399
166	724
167	352
167	559
167	761
168	228
168	278
168	343
168	443
168	693
168	715
169	362
170	514
170	738
171	363
172	208
172	266
172	298
172	605
173	190
173	380
173	414
173	421
173	659
174	212
175	189
175	278
176	218
176	234
176	536
177	216
177	743
178	533
179	376
179	445
180	395
180	606
180	743
181	225
181	441
181	677
182	226
183	282
183	436
183	697
184	435
184	444
184	572
185	288
185	291
185	335
185	435
185	492
185	571
186	240
186	275
186	529
186	690
187	292
187	591
188	313
188	589
188	603
189	196
189	278
189	587
190	217
190	258
190	391
190	407
190	411
190	722
190	775
191	387
191	643
192	272
192	647
193	230
193	525
193	584
194	221
194	471
194	507
194	526
194	688
194	740
195	495
195	515
195	628
196	546
196	753
197	231
197	569
197	662
198	482
198	555
198	575
199	426
199	532
200	549
200	649
201	587
201	677
203	345
203	457
203	589
203	626
204	270
204	346
204	618
205	367
206	383
206	397
206	790
207	418
207	558
208	253
208	448
208	712
209	562
209	790
210	248
210	413
210	489
210	545
210	549
210	744
211	302
211	444
211	455
211	738
212	424
212	441
212	461
213	262
213	335
213	394
213	530
213	718
213	752
214	310
214	495
215	234
215	269
215	330
215	664
215	757
216	319
216	368
216	466
216	530
216	554
217	724
217	756
219	548
219	617
219	763
220	253
220	426
220	577
220	705
221	626
221	735
222	231
222	325
222	402
222	416
222	431
222	648
222	743
223	727
224	247
224	603
224	699
225	292
225	436
225	472
225	660
225	777
226	358
226	753
227	594
227	616
227	773
227	795
228	582
228	682
229	652
230	526
230	726
231	363
231	440
231	444
231	628
231	642
232	252
232	357
232	388
232	579
232	655
233	465
234	259
234	367
234	584
234	682
234	739
235	295
235	638
235	797
236	244
237	283
237	450
237	457
237	586
237	695
238	277
238	495
238	595
238	646
238	797
239	253
239	542
239	685
240	291
240	537
240	558
240	571
240	696
241	390
241	505
241	510
241	553
241	700
242	246
242	329
242	371
243	253
243	497
243	507
243	730
243	737
243	783
244	756
245	474
245	620
245	623
245	772
247	373
247	728
248	326
248	355
248	409
248	469
248	482
248	614
249	286
249	391
249	708
249	786
250	284
250	293
250	576
251	371
251	389
251	587
252	347
252	534
252	680
253	320
253	418
254	440
254	446
254	491
254	619
254	722
255	368
255	738
256	268
256	385
256	421
256	431
256	531
256	792
257	698
258	373
258	661
258	712
259	504
259	519
259	552
260	525
260	731
261	494
261	540
262	275
262	500
262	527
262	790
263	350
263	519
264	586
265	531
265	630
265	760
266	349
266	354
267	748
268	278
268	289
268	433
269	303
269	404
269	426
269	478
269	613
269	642
270	285
270	343
270	521
271	345
271	424
271	626
271	785
274	321
275	346
275	403
275	535
275	547
275	766
276	347
276	580
277	337
277	344
277	375
277	413
277	585
277	685
277	781
278	313
278	668
278	677
279	650
279	793
280	558
280	751
280	775
281	285
281	731
282	387
282	540
282	628
282	680
282	714
282	784
283	359
283	765
284	782
285	302
285	633
285	647
286	400
286	517
286	538
286	541
286	770
287	323
287	351
287	671
287	701
288	510
288	784
289	373
289	715
289	771
290	482
290	682
290	769
291	302
291	410
291	428
291	526
292	453
293	346
293	575
294	521
294	679
295	359
295	643
295	734
296	371
296	567
296	617
296	684
297	499
297	565
298	549
298	570
298	763
299	340
299	702
300	488
301	372
301	399
301	478
301	562
301	636
301	782
302	414
302	626
302	696
302	698
302	763
303	712
304	406
305	435
305	495
305	704
305	759
305	793
306	474
306	660
307	531
307	624
307	741
308	531
308	534
308	699
309	741
309	742
309	776
310	577
311	324
311	612
311	669
311	672
312	314
312	327
312	329
313	635
313	791
314	390
315	662
315	694
315	792
316	521
316	591
316	619
317	597
317	658
317	750
317	775
318	678
319	329
319	361
319	558
319	677
319	695
319	712
320	442
320	482
320	622
320	673
320	697
320	762
321	478
321	658
321	756
322	349
324	353
324	392
324	543
324	683
325	404
326	619
327	343
327	785
328	412
328	414
328	665
328	773
329	495
329	533
329	599
329	675
330	704
332	333
332	340
332	559
332	573
332	587
332	748
333	500
334	584
335	725
336	387
336	664
337	629
339	550
340	420
340	696
340	723
341	375
341	527
342	426
342	559
342	706
343	347
343	590
343	600
343	662
344	405
344	573
344	725
346	405
346	605
346	768
347	521
347	538
347	609
348	405
349	634
350	385
351	523
351	545
351	719
353	371
353	456
353	564
354	410
355	465
355	654
355	703
356	406
356	426
356	562
356	616
357	382
357	567
358	407
358	511
358	627
358	773
359	744
360	721
360	735
360	752
361	403
362	652
362	755
362	794
363	404
363	638
363	699
364	465
364	605
364	627
365	424
365	630
365	664
365	686
365	730
367	468
367	483
367	585
368	560
369	422
370	454
370	470
370	689
371	477
371	519
371	663
372	686
373	742
374	541
374	583
374	699
374	713
374	756
375	492
376	404
376	572
377	524
377	734
377	766
378	421
379	434
379	789
379	795
380	509
380	641
382	485
383	529
384	659
385	718
385	769
385	791
386	449
386	704
386	707
387	395
387	598
388	420
388	575
388	638
388	773
389	538
389	626
390	496
390	508
390	588
390	647
390	721
390	748
391	502
391	640
392	666
393	676
395	408
395	551
395	568
396	564
396	661
397	417
397	419
397	767
399	543
399	587
400	644
400	727
400	770
401	494
401	542
401	757
402	727
405	538
405	619
405	622
405	663
405	749
406	543
407	456
407	589
407	661
408	489
408	709
408	718
409	699
410	418
410	586
410	755
411	567
411	636
412	613
412	688
413	428
413	567
413	650
413	671
415	437
415	538
415	653
415	713
415	761
415	762
416	578
416	692
416	757
418	581
418	703
418	779
419	535
419	585
419	661
419	663
420	441
420	629
420	644
420	707
421	629
421	730
421	753
421	778
422	555
422	757
423	434
423	493
423	507
423	717
423	752
425	549
426	505
426	539
427	781
428	574
428	629
429	513
430	671
431	706
431	707
432	515
433	658
434	451
434	699
435	481
436	507
437	507
437	524
437	588
437	593
438	538
439	761
440	498
440	572
440	731
440	771
441	780
442	462
442	486
443	606
443	715
443	791
444	627
445	584
445	631
445	666
445	673
446	556
447	542
447	568
447	659
448	480
448	769
448	799
449	495
451	463
451	523
452	779
453	497
453	753
454	456
454	507
454	538
455	465
455	585
456	662
456	730
457	499
457	637
457	703
458	679
458	694
460	474
460	480
460	702
461	490
463	484
463	566
464	505
464	522
468	601
470	503
470	614
470	654
470	665
470	750
471	583
472	495
472	498
472	597
473	566
474	686
477	731
478	489
478	492
478	657
478	678
479	572
482	522
483	503
483	619
484	548
485	649
485	757
487	796
488	720
491	503
491	543
491	740
491	788
492	599
493	578
493	630
495	734
495	783
496	754
497	599
499	727
499	771
500	520
500	680
501	537
503	644
503	752
504	622
505	602
505	702
506	567
506	585
507	513
508	748
509	600
510	528
510	665
512	688
512	702
513	559
513	670
514	538
514	669
515	538
516	518
516	678
517	710
518	680
519	790
520	547
520	649
522	729
522	757
523	537
523	692
524	634
525	615
527	766
529	797
531	574
531	781
531	786
533	585
533	601
533	718
534	663
534	737
534	758
536	702
537	540
537	626
537	696
537	728
537	788
538	744
538	753
539	552
541	639
541	676
541	792
545	625
545	707
547	660
547	764
549	627
549	638
550	750
551	575
553	577
553	594
553	660
554	781
555	672
555	725
555	765
556	588
556	702
560	671
561	583
561	674
562	788
563	628
564	740
565	780
566	737
567	590
567	601
567	676
568	704
569	794
570	668
570	777
573	735
573	741
577	658
580	781
581	797
582	656
584	779
585	595
585	715
588	703
588	784
589	703
590	609
591	637
591	657
591	794
592	725
592	773
594	605
594	731
595	657
596	680
601	752
601	787
601	793
602	688
603	758
604	650
606	660
608	644
609	675
610	694
611	731
611	785
614	663
616	656
616	749
617	650
621	633
621	652
621	779
624	659
627	698
627	738
630	637
631	755
633	679
634	635
636	644
636	772
640	720
647	744
648	703
648	751
649	716
649	749
649	786
650	772
652	755
655	715
656	698
658	681
660	754
661	721
661	780
664	666
664	722
664	741
664	792
666	723
668	792
669	710
669	746
672	697
673	692
674	723
678	791
681	697
682	741
682	763
686	687
687	741
687	750
688	750
691	692
693	738
696	739
700	733
700	787
701	731
701	787
702	738
703	749
703	755
707	781
710	793
711	770
713	773
713	775
715	783
717	797
722	783
731	783
732	749
734	772
735	794
748	775
754	782
755	779
760	798
762	785
765	788
765	793
784	795