0	199
0	222
0	427
0	466
1	132
1	301
1	526
1	674
2	76
2	92
2	250
2	609
2	700
3	207
3	215
3	270
3	354
3	524
4	697
5	224
6	101
6	427
6	776
6	798
7	158
7	239
7	441
7	451
7	569
7	581
7	711
7	789
8	38
8	661
9	415
10	54
10	334
11	12
11	353
11	419
12	29
12	146
12	275
12	280
12	340
12	466
12	695
13	82
13	554
13	684
13	693
14	414
14	434
14	669
15	91
15	717
15	789
16	23
16	97
16	159
16	166
16	248
16	626
16	746
17	153
17	461
17	509
17	582
18	127
18	258
19	197
19	204
19	333
19	344
19	452
19	509
19	617
19	624
20	535
20	712
21	165
21	429
22	407
22	513
23	330
23	539
24	364
24	560
24	625
25	160
25	478
26	192
26	243
26	484
26	502
26	519
27	101
27	599
28	96
29	160
29	515
29	642
30	359
30	475
30	779
31	38
31	54
31	86
31	176
31	222
31	235
31	529
32	219
32	497
32	519
32	607
32	649
32	753
33	521
33	761
34	352
34	410
34	548
35	152
35	189
35	423
35	744
36	122
36	186
36	234
36	377
36	505
36	624
37	140
37	400
37	485
37	607
37	651
37	699
37	773
38	180
38	387
38	633
38	687
39	347
39	610
40	199
40	558
41	164
41	275
41	529
41	591
41	603
42	242
42	350
42	420
42	485
43	59
43	83
43	97
43	307
43	392
43	745
44	236
44	437
44	791
45	86
45	707
46	748
47	214
47	414
47	536
47	715
48	55
48	289
48	319
48	423
48	463
48	532
48	543
48	596
49	168
49	479
49	518
50	80
50	341
50	396
51	172
51	509
51	539
51	778
52	349
52	631
52	787
53	328
53	464
53	763
54	88
54	95
54	123
54	140
54	156
54	282
54	433
54	434
54	642
54	653
55	125
55	134
55	319
55	560
55	589
55	617
55	710
55	765
56	344
56	519
57	99
57	421
57	520
57	789
58	222
58	674
59	478
59	779
60	324
60	571
60	605
61	299
61	612
61	696
62	358
62	509
63	260
63	347
64	73
64	253
64	402
64	529
64	623
64	665
65	278
65	551
65	567
65	680
65	711
66	230
66	414
66	548
66	752
67	111
67	345
67	423
67	590
67	624
67	705
68	251
68	312
68	410
68	595
68	702
69	178
69	304
69	462
69	538
69	614
70	301
70	737
71	317
71	422
71	533
71	555
71	658
71	701
71	736
72	496
72	658
72	690
72	715
73	161
73	577
73	654
74	378
74	484
74	726
74	758
75	79
75	355
75	431
75	527
75	608
75	742
75	753
76	729
76	747
77	404
77	530
77	636
77	698
78	733
79	239
79	359
79	394
79	479
79	549
79	664
80	110
80	620
81	155
81	431
81	623
82	98
82	551
82	582
82	797
83	118
83	488
83	717
84	174
84	327
84	612
85	255
85	555
85	763
86	368
87	135
87	520
88	424
88	714
89	167
89	388
89	529
89	770
90	300
90	434
90	513
90	524
90	795
91	196
91	241
91	389
91	772
92	199
92	322
92	460
92	623
92	655
93	144
93	184
93	536
93	751
94	110
94	141
94	214
94	284
94	659
95	379
96	657
97	637
97	738
98	362
98	430
98	459
98	698
98	705
98	770
99	103
99	195
99	509
100	235
100	266
101	109
101	230
101	292
101	345
101	367
101	402
102	191
102	458
103	175
103	260
103	304
103	532
103	558
103	612
103	755
104	231
104	428
104	545
104	559
105	196
105	295
106	124
106	144
106	300
106	475
106	754
107	108
107	481
107	636
107	640
107	785
108	189
108	295
108	504
108	598
109	207
109	328
109	677
110	231
110	422
111	471
112	297
112	368
112	615
113	230
113	233
113	357
113	383
113	566
113	758
113	786
114	129
114	134
114	311
114	358
115	472
115	722
116	164
116	258
116	276
116	455
116	517
117	495
117	735
117	797
118	433
119	173
120	136
120	143
120	193
120	303
120	451
120	496
121	148
121	194
121	542
122	410
122	636
123	282
123	340
123	444
123	686
124	382
124	447
124	673
124	729
124	764
125	204
125	332
125	438
125	607
125	736
126	205
127	221
128	302
128	557
128	767
129	199
129	372
129	539
130	228
130	242
130	482
131	267
131	279
131	371
131	499
131	615
131	699
131	773
132	153
132	475
132	714
133	722
134	167
134	173
134	318
134	349
134	509
135	195
135	295
135	342
135	754
136	161
136	496
136	677
136	699
137	294
137	366
137	532
137	574
137	601
137	615
138	254
138	364
138	403
138	630
138	791
139	499
139	602
139	664
140	715
141	232
141	300
141	485
141	507
141	606
141	612
141	614
142	238
142	423
142	589
142	640
143	172
143	560
144	266
144	315
144	691
145	168
145	446
145	494
145	675
146	336
146	699
147	174
147	527
147	565
147	604
148	294
148	372
149	223
149	224
149	330
149	630
150	215
150	227
150	603
150	731
151	185
151	605
152	499
152	565
152	737
153	243
153	262
153	301
153	403
153	523
154	416
154	514
154	614
155	176
155	408
155	526
155	635
156	159
156	346
156	585
156	604
156	709
157	203
157	309
157	354
157	359
157	679
157	791
158	304
158	483
158	504
158	505
159	202
159	298
159	560
160	407
160	455
160	762
161	331
161	425
161	485
161	782
162	178
162	228
162	239
162	658
163	206
163	417
164	235
164	251
164	348
164	478
164	481
164	508
164	541
164	630
164	701
165	248
165	284
165	505
165	749
166	193
166	200
166	251
166	370
166	572
166	726
167	458
167	719
168	381
168	714
169	258
169	428
169	498
169	502
169	585
169	666
170	217
170	501
170	502
170	568
170	595
170	655
171	631
172	618
173	296
173	597
174	414
174	734
175	288
176	405
176	696
177	178
177	226
177	651
178	243
178	339
178	480
178	552
178	641
178	760
179	287
179	301
179	429
179	541
180	267
180	276
180	298
180	317
180	492
180	725
181	250
181	359
181	383
181	416
181	527
181	614
181	700
182	391
182	769
183	487
184	209
184	414
185	257
185	357
185	513
185	624
185	764
185	765
187	405
187	665
187	782
188	248
188	393
188	608
188	662
189	527
189	654
189	668
190	439
190	620
191	192
191	488
192	328
192	335
192	482
192	600
192	682
192	771
193	472
193	598
193	655
193	771
194	310
194	318
194	431
194	659
194	724
195	256
195	595
195	641
196	356
196	407
196	435
196	580
196	670
196	718
197	248
197	496
197	529
198	775
199	323
200	455
200	545
200	572
200	581
200	787
201	321
201	416
201	793
202	230
204	241
204	472
204	491
205	459
205	496
205	558
206	418
207	531
208	232
209	445
209	521
209	552
210	211
210	243
210	275
210	483
210	657
211	691
212	355
212	398
212	477
212	620
212	743
212	761
213	673
214	326
214	329
214	426
214	591
214	608
215	627
215	637
215	705
215	753
216	551
216	693
217	349
218	431
219	279
219	341
219	668
220	427
220	481
220	596
220	672
220	681
221	291
221	335
222	269
223	274
223	305
223	423
223	782
224	452
224	755
224	756
225	267
225	293
225	432
225	585
226	269
226	287
226	469
226	492
226	790
227	234
227	258
227	267
227	481
227	702
228	290
228	304
228	714
229	783
230	405
230	486
230	506
230	604
230	764
230	775
231	282
231	491
231	748
232	435
232	566
234	338
234	389
234	441
234	542
234	564
234	687
235	741
236	469
236	628
236	650
236	657
236	726
237	366
237	378
237	611
238	442
238	521
238	754
239	330
239	406
240	601
240	613
241	385
241	731
242	381
243	396
243	634
243	712
244	448
245	536
245	603
245	751
245	756
246	728
247	614
247	755
248	403
248	439
248	596
249	345
249	530
250	474
250	532
250	543
250	596
250	640
250	653
251	443
251	575
251	636
251	643
251	721
251	789
252	349
252	463
252	759
253	387
253	476
253	546
253	799
254	361
254	680
254	774
255	470
255	493
256	430
257	279
257	532
257	697
258	310
258	391
258	499
258	674
258	740
259	277
259	280
259	536
259	571
260	288
260	368
260	387
260	593
260	619
260	672
260	708
261	286
261	292
261	469
261	578
261	782
262	364
262	394
262	554
262	769
263	720
264	321
264	460
265	400
265	516
265	761
266	483
266	602
267	324
267	451
267	550
267	604
268	282
268	391
268	559
268	628
269	532
269	613
269	717
270	622
270	707
271	383
271	667
272	373
272	422
272	480
272	515
272	566
272	586
272	587
272	725
273	415
273	733
274	341
274	498
274	710
274	770
275	519
275	781
276	451
276	604
276	615
276	674
276	718
276	742
277	524
277	551
277	614
277	640
277	665
278	391
278	519
278	588
278	609
279	408
279	425
279	519
279	522
279	538
279	565
280	393
280	682
280	689
280	777
280	792
281	540
281	695
282	445
283	531
283	699
283	728
283	781
284	375
284	556
284	771
285	693
286	368
287	402
288	508
289	391
289	406
289	420
289	482
289	673
289	777
291	642
291	794
292	414
292	521
293	316
293	424
293	649
293	733
294	331
294	346
294	403
295	693
295	712
295	735
296	468
296	662
297	702
298	401
298	637
298	650
299	343
299	460
299	467
299	672
299	754
300	418
300	519
300	598
300	792
301	303
301	338
301	363
302	799
303	410
304	306
304	438
304	737
305	573
305	638
305	758
306	409
306	623
308	531
308	653
308	715
308	757
309	579
309	639
309	791
310	496
310	583
311	648
312	590
313	542
313	658
314	740
315	447
315	760
316	548
316	598
316	693
317	319
317	432
317	514
317	605
318	369
318	739
319	425
319	623
320	731
320	764
322	432
322	473
322	631
323	378
323	533
323	665
324	576
325	342
327	332
327	382
328	508
328	526
328	544
328	617
329	506
329	615
330	436
330	660
330	749
331	661
331	777
332	406
332	646
332	652
333	464
333	558
333	652
334	437
334	542
334	740
334	749
334	755
335	400
335	705
336	485
336	521
336	538
336	569
336	782
337	607
339	640
339	757
340	425
340	461
340	710
341	360
341	686
342	437
342	724
342	782
343	637
343	700
344	374
344	525
344	665
345	352
345	751
345	754
346	674
347	569
348	730
349	366
349	539
351	673
352	356
353	689
354	439
355	771
356	384
356	653
357	482
357	623
358	375
358	419
358	687
359	761
360	538
360	752
360	794
361	597
361	603
361	678
362	393
362	558
362	567
362	630
362	701
363	493
363	501
363	632
363	738
363	790
364	441
364	529
365	402
366	568
367	479
367	559
367	599
367	628
367	740
368	378
368	589
369	393
369	438
370	507
370	516
371	537
371	611
371	767
373	393
373	621
373	719
373	738
374	631
375	436
375	478
375	685
376	512
376	624
378	449
378	589
378	618
379	414
379	515
379	595
380	577
380	695
381	577
381	651
382	608
383	717
385	593
385	675
385	695
386	500
388	491
388	664
389	547
389	665
389	734
390	489
391	439
391	502
391	728
392	467
392	486
392	611
392	704
392	745
392	768
393	685
394	476
395	630
395	707
396	432
396	440
396	741
397	500
397	558
398	502
398	569
399	616
399	646
399	678
400	427
400	553
400	674
402	498
402	637
402	647
402	697
403	436
404	728
405	571
405	696
405	754
406	555
406	769
407	626
408	584
408	713
410	568
410	576
411	422
411	427
411	603
411	648
411	672
411	744
412	469
412	527
412	667
413	501
413	788
415	473
415	510
415	515
416	549
416	649
416	686
416	694
417	449
417	469
417	784
418	426
418	467
418	512
418	554
420	745
420	775
421	499
421	680
421	698
421	726
422	500
424	636
425	445
425	449
425	537
425	550
425	575
426	444
426	772
426	799
427	726
427	786
428	588
429	624
429	719
430	519
430	589
431	451
431	674
431	737
432	506
432	526
432	535
432	560
433	448
433	524
433	548
433	566
434	446
436	579
436	662
437	445
437	568
437	681
437	694
438	465
439	449
439	551
440	573
441	576
441	593
441	719
444	531
444	608
444	677
445	652
445	792
446	556
446	613
446	643
448	510
448	596
448	685
448	768
448	770
449	585
449	764
450	486
450	685
450	719
451	794
452	475
452	530
452	782
453	494
453	509
454	559
454	793
455	478
455	630
455	693
455	695
456	551
456	585
456	595
457	754
458	560
458	651
458	789
459	544
459	593
460	588
460	595
460	636
460	781
460	784
461	517
461	588
461	590
462	559
462	625
462	628
462	782
462	791
463	534
464	474
464	708
465	523
465	537
465	561
465	619
465	774
466	782
467	489
469	523
469	738
471	693
471	799
472	661
472	721
473	499
473	524
473	765
475	552
475	658
477	588
478	689
478	718
479	574
479	631
479	672
479	755
480	527
481	647
481	671
481	714
482	641
484	570
485	542
486	582
487	503
487	790
489	792
490	601
491	568
491	660
492	515
492	650
492	781
492	782
493	529
493	758
493	785
494	638
494	651
494	670
494	703
495	497
495	499
495	545
495	789
496	663
497	527
497	746
499	682
501	602
501	689
501	693
501	710
501	736
501	770
502	645
502	750
503	528
503	782
505	575
505	604
505	657
505	770
507	540
507	579
507	760
507	784
507	791
510	523
510	577
510	582
511	712
512	548
512	750
513	687
513	711
514	646
514	762
517	787
519	556
519	658
519	735
522	636
522	679
522	769
523	602
523	666
526	641
527	666
527	740
528	652
528	798
529	695
531	665
531	755
533	599
533	616
533	792
534	538
534	569
535	589
535	599
536	550
536	762
537	687
538	725
539	571
540	724
541	563
541	622
541	647
541	727
542	721
543	655
543	690
544	634
544	703
544	753
546	725
547	694
548	579
551	685
551	692
552	589
552	732
553	568
554	608
554	623
554	627
554	783
555	644
555	666
555	718
556	590
557	725
559	592
562	574
563	605
564	660
565	676
566	619
567	585
567	624
567	630
567	647
568	673
569	713
569	785
570	579
570	726
570	775
571	675
572	726
579	759
580	776
582	752
584	605
585	740
585	777
585	785
586	714
586	763
589	627
591	770
592	737
594	602
594	607
595	658
595	787
598	795
599	652
600	688
601	645
605	655
607	616
607	625
608	704
608	731
608	737
613	632
614	700
614	701
617	766
618	668
623	629
624	747
624	776
626	706
626	753
627	633
628	720
629	715
630	649
630	778
631	639
631	715
632	673
632	706
634	763
634	776
636	675
637	759
638	654
639	748
639	785
640	743
641	788
642	727
645	729
647	687
647	714
648	682
651	789
653	788
654	778
655	692
656	724
656	756
656	796
657	699
660	728
661	751
669	779
671	731
672	680
672	748
673	690
673	716
677	699
679	796
680	776
681	709
681	736
681	760
682	730
682	763
683	765
684	686
684	735
685	749
687	694
687	783
690	760
691	795
695	774
696	724
696	738
696	775
697	784
697	790
703	710
704	740
704	796
707	745
709	796
710	717
712	718
713	781
723	751
724	737
724	775
726	756
728	779
729	770
729	783
729	791
730	740
734	759
736	763
736	799
739	751
745	751
745	794
750	780
752	757
753	786
768	781
768	786
772	790
783	787
789	791