0	44
0	63
0	199
0	209
0	292
0	395
0	650
0	713
1	240
1	274
1	327
1	341
1	697
2	126
2	224
2	234
2	280
2	314
2	400
2	456
2	503
2	553
2	669
3	21
3	187
3	681
4	51
4	359
4	574
4	614
4	748
5	656
5	693
5	773
6	49
6	80
6	236
6	382
6	555
6	708
6	747
7	51
7	159
7	307
7	494
7	660
7	791
8	34
8	113
8	413
8	643
9	389
9	502
9	519
9	698
10	143
10	244
10	589
10	728
10	770
11	94
11	153
11	306
11	477
11	485
11	528
12	172
12	667
13	232
14	85
14	86
14	174
15	395
15	521
15	657
16	370
16	680
17	216
17	622
17	790
18	95
18	279
19	31
19	167
19	518
19	548
19	679
20	267
20	467
22	176
22	255
22	330
22	380
23	271
23	752
24	164
25	368
26	40
26	379
26	457
27	98
27	456
27	622
27	777
28	264
28	498
28	573
28	777
29	276
29	576
30	100
30	173
30	205
30	292
30	637
30	661
31	120
31	526
31	536
32	122
32	151
32	379
32	683
32	779
33	339
33	486
33	685
33	776
35	62
35	188
35	384
35	595
35	683
35	726
36	70
36	115
36	303
36	794
37	230
37	637
37	683
37	705
37	714
38	148
38	218
38	750
39	40
39	66
39	188
39	641
39	670
39	686
40	66
40	548
40	569
41	169
41	480
42	91
42	209
42	295
43	164
43	265
43	591
43	726
43	727
44	114
44	130
44	478
44	673
45	284
45	349
46	71
46	151
46	244
46	313
46	452
46	660
46	766
46	775
47	150
47	447
48	386
48	395
48	744
49	669
49	769
50	313
50	670
51	62
51	101
51	562
52	176
52	464
52	726
52	795
53	66
53	181
53	243
53	373
53	526
53	541
53	720
54	57
54	165
54	250
54	668
54	761
55	56
55	63
55	112
55	266
55	373
55	465
55	678
56	80
56	178
56	434
56	440
56	462
56	532
56	584
56	632
56	738
56	791
57	78
57	87
57	273
57	274
57	749
58	454
58	719
59	309
59	428
59	593
60	586
61	160
61	335
61	598
62	215
64	324
64	522
65	480
65	498
65	522
65	770
66	491
66	588
66	682
67	446
67	552
67	585
68	110
68	145
68	610
68	752
68	757
69	124
69	366
69	669
70	346
70	590
70	648
70	692
71	279
71	783
72	172
72	498
72	593
72	624
73	248
73	468
73	658
74	97
74	325
74	388
74	579
74	593
75	159
75	198
75	322
75	420
75	626
75	756
76	107
76	111
76	559
77	236
77	394
77	510
78	174
78	184
78	280
78	341
78	363
78	518
78	573
78	682
78	745
79	174
79	414
79	695
80	133
80	458
81	490
82	131
82	161
82	170
82	250
82	764
83	171
83	178
83	229
83	292
83	476
83	499
83	660
83	726
83	733
84	206
84	369
84	462
84	540
84	638
84	662
85	327
85	686
86	283
86	439
86	661
87	201
87	281
87	349
87	413
87	558
87	680
87	797
88	154
88	379
88	539
88	576
88	589
88	723
89	453
89	565
89	570
89	675
90	268
90	276
90	315
90	718
91	212
91	332
91	382
91	566
91	689
92	375
92	493
92	782
93	291
93	305
93	344
93	731
94	187
94	369
94	419
94	468
94	573
94	705
94	720
95	233
95	331
95	358
95	425
95	588
95	787
96	172
96	279
96	326
96	527
97	102
98	132
98	429
99	177
99	287
99	469
99	547
100	567
100	573
100	607
101	129
101	287
101	371
101	569
101	574
101	707
102	112
102	202
102	427
102	588
102	755
103	217
103	401
103	450
103	517
103	743
104	542
104	774
105	120
105	220
105	346
105	409
105	417
105	610
106	559
107	111
107	224
107	381
107	635
107	703
108	223
108	422
108	689
108	764
109	442
109	775
110	286
110	287
110	378
110	467
110	524
110	610
110	691
110	715
111	277
112	364
112	413
112	666
113	229
113	713
113	731
113	764
113	789
114	476
115	125
115	496
115	617
116	410
116	572
116	717
117	189
117	520
118	516
118	650
119	132
119	517
120	136
120	153
120	287
120	325
120	504
120	656
120	693
120	775
121	573
122	399
122	511
122	688
123	366
123	487
123	609
123	650
124	315
124	568
124	622
125	242
125	329
125	361
125	644
125	730
125	784
126	157
126	217
126	276
126	701
127	150
127	236
127	389
127	408
127	641
127	699
128	469
128	559
128	696
129	617
129	724
129	752
130	149
130	346
130	438
130	479
130	579
130	693
131	148
131	462
132	426
132	773
133	189
133	228
133	340
133	427
133	785
134	621
135	219
135	225
135	724
136	198
136	460
136	767
137	313
137	510
137	593
137	606
138	464
138	503
138	552
139	334
140	369
141	266
141	642
142	213
142	414
142	689
142	712
143	307
143	379
143	439
143	777
144	295
144	631
144	687
145	622
145	704
146	536
147	285
147	497
147	510
147	796
148	211
148	219
148	689
149	771
149	780
149	781
150	206
150	684
151	212
151	283
151	338
151	344
151	444
151	504
151	562
151	673
151	725
152	419
152	460
152	490
153	242
154	490
155	528
155	779
156	335
156	528
157	373
157	520
157	768
158	235
158	352
158	597
158	604
158	680
159	180
159	235
159	244
159	335
159	374
160	427
160	743
160	799
161	284
161	289
161	675
161	778
162	332
162	436
162	554
163	694
164	263
164	364
164	451
164	676
164	724
165	334
165	776
166	505
166	576
166	775
167	250
167	439
167	495
167	521
167	522
167	738
168	276
168	408
168	421
168	695
169	198
169	291
169	539
169	658
169	708
169	730
169	741
170	318
170	462
171	215
171	392
171	440
172	710
172	762
173	326
173	460
173	509
174	222
174	262
174	474
174	716
175	523
175	525
176	369
176	518
177	679
178	312
178	372
178	382
178	475
178	493
178	550
178	672
179	456
180	363
180	434
180	499
181	360
181	394
181	407
181	553
181	581
181	633
181	692
182	276
182	328
182	740
183	543
183	609
184	221
184	263
184	451
184	748
185	283
185	464
185	626
186	310
186	341
186	380
186	439
186	476
187	208
187	298
187	328
187	587
187	591
187	685
187	721
188	321
188	408
188	703
189	385
189	476
189	544
189	646
189	788
190	202
190	413
190	677
190	707
191	336
191	344
191	422
191	758
191	795
192	204
192	515
192	552
192	560
192	695
193	645
194	709
195	228
195	688
196	720
196	772
197	265
197	360
197	400
197	483
198	668
199	516
199	577
199	711
199	753
200	470
200	713
201	678
202	248
202	488
202	715
203	536
204	556
205	239
205	336
205	490
205	656
206	409
206	699
206	735
207	235
207	356
207	577
207	635
208	305
208	357
208	540
208	618
210	336
210	361
210	386
210	564
210	699
211	597
211	794
212	250
212	338
212	442
212	780
213	331
213	618
214	245
214	291
214	316
214	374
214	522
214	683
215	271
215	771
216	387
216	538
216	563
217	334
217	677
217	737
217	773
218	422
218	728
218	749
218	752
219	232
219	304
219	591
219	627
219	687
220	315
220	380
220	422
220	700
220	721
221	521
221	655
221	792
222	503
222	683
222	732
223	403
223	786
223	792
224	457
224	722
225	319
225	487
225	514
226	386
226	679
226	696
227	336
227	488
227	562
227	758
228	347
228	497
228	521
228	742
229	555
229	572
229	799
231	585
232	238
232	543
232	677
232	777
233	514
233	690
233	792
234	271
234	379
235	569
235	713
236	420
236	575
236	639
237	545
237	566
237	573
237	698
238	614
238	646
239	357
240	655
240	676
240	746
240	786
241	542
241	587
241	612
242	324
243	427
243	453
243	691
245	259
245	315
245	550
245	624
246	792
247	340
247	350
247	439
247	531
247	569
248	342
248	445
248	709
249	279
249	769
250	297
250	497
250	603
251	254
251	374
251	794
252	611
253	508
254	551
254	600
254	758
254	774
256	470
257	384
258	352
258	360
258	437
258	609
258	712
258	773
259	548
260	510
261	780
262	462
262	703
263	359
264	270
264	459
264	541
265	428
265	569
265	617
265	700
266	435
266	554
267	379
267	646
267	659
267	778
268	492
268	637
268	741
268	791
269	384
270	354
270	621
270	652
271	453
271	654
272	321
272	370
272	716
272	756
273	390
273	648
274	354
275	504
276	389
277	332
277	486
277	504
277	611
278	431
278	566
278	682
279	375
279	602
279	623
280	677
280	761
280	762
281	433
281	444
281	684
282	391
282	439
282	603
283	727
284	417
285	320
285	666
285	702
285	796
287	446
287	762
288	686
288	701
289	458
289	644
289	698
290	305
290	483
290	513
291	778
292	462
292	554
292	639
293	640
293	646
294	469
294	483
295	346
296	715
298	572
298	598
299	527
299	753
300	394
300	631
301	356
301	429
301	560
302	333
302	379
302	455
302	740
302	767
303	426
304	358
305	359
305	478
305	516
305	740
306	511
306	548
306	618
307	490
307	547
307	741
308	490
309	524
309	662
310	416
310	438
310	504
310	618
310	662
310	701
311	415
311	445
311	489
311	604
311	682
311	746
312	666
313	400
313	425
313	429
313	632
313	717
314	381
314	584
314	633
315	350
315	644
316	391
316	466
316	714
317	638
318	333
318	442
318	762
319	644
319	710
320	450
320	527
320	648
320	706
320	792
321	456
322	391
323	410
323	775
324	623
325	606
326	586
327	336
327	363
327	615
328	677
328	702
328	733
329	570
330	368
330	372
330	503
330	545
330	606
331	362
331	370
332	336
332	467
332	583
332	616
332	617
333	466
333	509
333	593
333	704
334	358
334	432
334	530
335	636
335	658
335	669
336	347
336	398
337	420
338	520
338	776
339	365
339	393
339	485
339	764
340	396
340	714
341	424
341	484
342	360
342	443
342	714
342	741
343	362
343	426
344	454
344	676
345	474
345	576
345	724
345	732
345	746
346	423
346	593
346	700
346	796
347	349
347	609
347	619
348	493
349	606
350	661
351	394
352	621
352	667
352	728
352	788
353	363
353	418
353	436
355	465
356	626
358	491
358	666
358	744
358	746
359	544
360	765
361	507
362	364
362	386
362	747
364	427
364	651
364	751
365	396
365	424
365	651
365	690
366	646
367	529
367	720
368	637
369	397
369	430
369	504
369	563
369	567
370	478
370	549
370	562
371	611
371	789
372	385
373	458
373	697
373	742
374	469
374	546
374	591
374	643
375	707
375	745
376	506
376	676
377	564
377	697
377	720
378	407
378	644
378	656
378	702
380	498
380	605
380	645
380	670
381	439
381	721
383	570
383	622
383	633
384	398
384	443
384	474
384	704
384	710
385	462
385	651
385	757
386	505
386	578
386	650
387	427
387	570
387	587
387	776
389	495
390	394
390	526
390	527
390	752
390	784
391	483
391	633
392	491
392	545
392	652
392	685
392	731
393	472
393	570
393	604
393	720
393	732
394	543
394	609
394	631
394	716
395	406
395	467
395	681
395	717
396	600
398	576
398	579
399	582
400	717
401	491
401	675
402	519
402	566
402	577
403	581
404	439
405	440
406	495
406	522
406	578
406	605
407	469
407	666
407	703
408	495
410	444
410	468
411	535
411	606
411	611
411	791
412	486
412	596
412	628
413	712
414	554
414	578
414	637
415	516
415	630
416	571
417	528
418	461
418	703
418	704
419	507
419	615
419	747
420	707
421	422
421	450
421	769
422	437
422	626
423	553
423	770
424	573
424	652
424	664
425	499
425	534
425	796
426	792
428	616
428	730
429	472
429	607
430	642
430	700
431	435
431	552
431	796
433	545
433	724
434	435
434	541
434	730
435	506
435	702
436	550
436	662
437	532
437	607
439	449
439	549
440	575
440	597
441	472
441	476
441	628
442	766
443	520
444	480
444	653
445	615
445	691
446	619
447	586
447	780
448	676
449	717
451	655
451	774
453	560
453	610
453	656
453	707
453	737
454	594
454	729
454	772
458	571
458	621
460	510
460	675
460	694
461	485
461	510
461	526
461	535
461	752
462	472
462	529
463	684
464	499
464	613
464	742
464	769
466	522
466	712
466	746
467	503
467	657
468	523
469	588
469	592
469	696
469	732
469	750
470	678
471	497
471	506
471	571
473	639
473	660
474	548
474	551
474	759
475	477
476	689
477	678
477	798
479	525
480	696
480	717
480	748
481	642
482	642
482	697
483	493
483	631
483	745
483	769
484	544
485	724
485	765
485	796
486	530
486	606
486	699
486	735
487	490
488	521
488	568
489	752
490	508
490	623
490	625
491	748
493	701
494	722
494	724
495	500
495	599
495	680
496	654
496	712
497	610
498	532
498	587
501	732
504	516
506	565
507	578
507	595
508	535
508	712
510	647
512	558
512	711
513	695
515	523
515	633
516	530
516	789
517	646
517	666
517	740
518	788
519	550
519	783
520	583
520	704
521	573
521	575
521	694
522	581
525	548
525	765
528	703
529	555
529	601
530	572
530	704
530	731
530	744
531	549
531	580
531	672
533	584
533	634
533	658
533	777
534	608
534	739
535	567
535	576
535	615
535	761
537	760
538	668
538	738
539	562
539	575
539	636
540	548
540	557
541	614
541	690
541	716
542	572
542	584
542	636
542	663
542	732
542	796
543	602
543	679
544	609
547	696
551	772
554	649
558	680
561	657
561	705
561	706
562	778
564	582
565	647
566	650
567	585
567	591
568	723
569	686
569	777
570	654
571	601
571	629
571	677
571	678
572	661
575	584
575	708
577	644
578	779
580	696
581	706
582	674
582	783
583	619
583	699
584	601
584	732
585	619
585	775
591	612
591	614
591	655
595	642
595	656
596	672
598	695
598	770
600	605
600	772
601	793
603	618
604	678
605	660
606	643
606	655
607	662
607	743
609	700
610	630
610	688
610	793
611	689
611	757
616	739
617	691
617	759
619	741
619	772
620	737
621	662
621	754
622	782
622	796
623	742
624	644
625	672
625	796
626	708
630	636
630	781
632	785
638	666
639	737
642	664
643	665
645	680
645	777
645	780
648	787
649	682
650	691
650	735
652	718
653	697
654	672
656	795
658	671
660	666
661	785
663	690
663	743
666	676
672	703
673	700
676	765
677	718
677	724
678	748
680	744
681	768
685	711
685	781
685	799
687	756
687	768
689	730
689	741
692	763
693	741
695	780
696	724
699	711
703	754
703	796
705	781
707	726
712	736
712	788
714	787
727	735
728	772
734	783
735	769
737	787
743	795
745	772
748	770
764	785
766	780
772	779
775	796
777	782
780	791
783	789