0	134
0	461
0	551
0	584
0	708
0	762
1	69
1	183
1	381
1	500
1	597
1	617
1	664
2	106
2	144
2	348
2	377
2	395
2	406
2	425
3	39
3	390
3	428
4	45
4	209
4	242
4	312
4	352
4	679
5	112
5	134
5	157
5	525
5	546
5	716
6	66
6	482
6	530
6	634
6	762
7	25
7	217
7	315
7	370
7	451
7	470
7	498
7	580
7	602
7	612
8	181
8	207
8	516
8	545
8	791
9	567
9	586
10	110
10	168
10	204
10	305
10	443
10	499
10	563
10	636
11	355
11	387
11	394
11	428
11	621
12	244
13	320
13	348
14	281
14	303
14	702
14	769
15	88
15	390
15	440
15	729
16	327
16	456
16	498
16	773
17	316
17	634
17	714
17	732
17	772
18	167
18	341
18	412
18	496
19	64
19	357
19	520
20	506
20	547
20	615
21	251
21	494
21	631
22	124
22	231
22	315
22	565
23	239
23	583
24	134
24	404
24	413
24	590
25	200
25	246
25	261
25	520
25	578
25	720
26	70
26	119
26	786
27	216
27	310
27	388
27	533
28	314
28	572
29	85
29	238
29	312
29	513
29	690
29	731
29	788
30	104
30	351
30	373
30	670
31	266
31	563
31	693
32	153
32	268
32	476
32	781
33	78
33	345
33	348
33	509
33	580
33	603
34	253
34	554
34	646
34	694
34	726
34	746
35	151
35	157
35	192
35	718
35	766
36	157
36	188
36	314
36	688
36	716
36	720
37	71
37	73
37	120
38	354
38	537
38	723
38	779
39	43
39	267
39	424
39	434
39	646
40	237
40	266
40	313
40	351
40	445
40	684
41	178
41	537
41	654
41	715
41	749
41	758
42	358
42	749
43	330
43	358
43	372
44	523
45	645
46	196
46	240
46	309
46	321
46	411
46	487
46	561
46	566
46	593
46	673
47	201
47	359
47	492
47	653
47	679
48	523
48	751
49	199
49	321
49	406
49	716
50	508
50	600
50	614
51	706
52	233
52	254
52	302
52	513
52	636
53	91
53	712
54	299
54	421
54	471
54	666
55	296
55	399
56	220
56	677
56	798
57	341
57	783
58	171
58	218
58	276
58	374
58	633
59	69
60	507
60	557
61	226
61	405
61	450
61	456
61	536
61	594
61	685
62	352
62	533
62	586
63	165
64	454
64	484
65	79
65	174
65	571
65	586
65	656
65	723
66	608
66	734
67	415
67	506
67	758
68	481
68	655
68	672
68	706
68	752
68	780
69	178
70	442
70	660
71	117
71	538
71	681
72	179
72	184
73	405
73	412
74	267
74	363
74	449
74	729
75	96
75	378
76	300
76	511
76	614
77	177
77	286
77	375
77	667
78	540
78	712
79	181
79	202
80	529
80	537
81	491
81	558
81	584
82	476
82	557
82	574
83	85
83	157
83	699
83	722
83	775
84	212
84	304
84	509
84	577
84	751
85	329
85	602
85	724
86	404
86	417
86	532
87	412
87	716
88	107
88	201
88	329
88	618
88	628
89	125
89	418
89	445
89	667
89	689
90	106
90	625
90	718
91	493
91	511
91	679
91	747
91	792
91	799
92	189
92	389
92	442
92	490
93	239
93	305
93	708
94	152
94	351
94	379
94	476
95	267
95	474
95	528
95	544
95	607
96	401
96	550
96	661
97	128
97	131
97	327
97	364
97	530
97	543
98	143
98	155
98	172
98	312
98	435
98	596
99	374
99	581
100	268
100	331
100	536
100	651
100	697
101	141
101	146
101	243
101	501
101	594
101	601
102	259
102	322
102	653
102	755
102	779
103	185
103	318
103	367
103	573
103	775
103	795
104	641
105	489
105	622
107	573
107	662
107	762
108	227
109	368
109	498
109	562
109	607
109	695
110	391
110	440
110	715
110	761
111	179
111	280
111	764
112	118
112	171
112	172
112	193
113	367
113	567
113	621
114	142
114	535
114	537
115	130
115	456
115	600
115	710
116	138
116	169
116	362
116	471
116	478
116	673
116	692
116	714
116	746
118	124
118	168
118	288
118	345
118	354
118	384
118	485
118	663
118	732
119	187
119	194
119	310
119	651
119	690
119	752
119	784
120	365
120	509
121	148
121	237
121	327
121	586
121	737
121	764
122	562
122	662
123	758
124	212
124	399
124	427
124	660
125	205
125	239
126	409
126	412
126	428
126	454
126	470
126	488
126	783
127	570
128	197
128	249
128	295
128	717
128	796
129	687
130	221
130	378
130	517
130	754
131	191
131	360
131	469
131	522
131	694
131	798
132	248
132	303
132	308
132	495
132	621
132	790
133	216
133	427
133	478
133	715
134	177
134	443
134	458
134	619
135	210
135	316
135	325
135	721
135	763
136	190
136	395
136	474
136	632
136	715
136	780
137	183
137	340
138	231
138	323
138	367
138	747
139	260
139	281
139	448
139	469
140	189
140	195
140	360
140	400
140	489
140	697
141	293
141	421
142	145
142	320
142	702
142	754
143	172
143	268
144	426
144	696
145	212
145	213
145	366
145	619
147	174
147	178
147	198
147	504
148	526
149	539
149	571
150	204
150	343
150	721
151	269
151	755
152	695
153	235
153	417
153	641
153	649
153	691
153	741
154	183
154	234
154	292
154	364
154	791
155	191
155	218
155	656
155	685
156	177
156	580
157	282
157	596
158	420
158	428
158	450
158	554
159	568
159	688
160	311
160	360
161	180
161	597
161	747
162	483
162	678
162	683
162	716
163	276
163	353
163	567
163	640
163	710
164	452
165	532
165	778
166	606
166	754
167	333
167	575
167	656
167	756
168	315
168	419
169	366
169	590
169	650
170	223
170	422
171	242
171	271
171	342
172	290
172	321
172	428
172	473
172	586
173	251
173	284
174	204
174	463
174	611
174	681
175	214
175	373
175	637
175	674
176	643
176	775
177	219
177	346
177	356
177	688
177	737
178	736
179	258
179	655
179	690
180	196
180	460
181	506
182	560
182	780
183	542
183	794
184	544
185	352
185	372
185	461
185	701
186	614
187	473
187	699
188	291
188	505
189	325
189	485
189	525
189	544
189	587
189	674
191	344
191	396
191	758
192	257
192	313
192	470
192	549
192	698
193	362
193	570
194	294
194	503
194	741
195	259
195	289
195	457
195	471
196	738
197	264
197	286
197	460
197	628
198	419
198	598
198	650
198	685
198	799
199	546
200	299
200	328
200	372
200	373
201	207
201	503
201	567
201	676
201	696
201	717
202	419
202	427
202	454
202	488
202	519
202	596
202	618
203	377
204	257
204	348
204	553
205	221
205	405
205	485
205	488
205	490
205	655
205	668
206	371
206	412
206	533
206	718
208	590
208	723
209	411
209	416
209	451
209	564
209	596
209	763
210	279
210	307
210	325
210	676
210	743
210	793
211	469
212	637
213	251
213	689
213	780
214	322
215	610
216	237
216	568
216	788
217	345
218	353
218	402
219	367
219	384
219	752
221	356
221	439
221	636
222	281
222	350
222	798
223	427
223	444
223	462
224	518
225	285
225	329
225	595
225	765
226	735
227	655
228	327
228	419
228	561
228	630
228	699
228	735
229	791
230	250
230	471
230	478
231	407
231	717
231	746
231	788
232	406
232	434
232	453
232	565
233	642
234	730
235	362
235	475
235	793
236	357
236	468
236	711
237	513
238	299
238	433
238	444
238	452
238	554
238	608
239	719
240	359
240	548
240	655
241	535
242	673
242	795
243	347
243	480
243	502
243	587
243	709
244	616
244	782
245	302
246	343
246	352
246	641
247	357
248	403
248	418
248	631
249	302
250	431
250	436
250	533
250	633
250	740
251	265
251	537
251	658
251	670
251	728
252	381
252	532
253	680
253	684
254	358
254	528
254	642
255	411
255	415
255	502
255	504
256	265
257	341
257	459
257	485
257	686
257	734
258	474
258	479
258	534
258	743
260	444
260	456
260	710
261	451
261	673
261	684
262	481
262	501
262	604
263	400
263	496
264	341
264	509
264	605
265	569
265	635
266	498
266	512
267	403
267	501
268	606
268	758
270	311
270	357
271	674
272	461
272	495
272	506
272	779
272	794
273	358
274	484
275	348
275	390
275	551
275	608
275	719
276	383
276	589
276	717
276	781
277	560
277	563
277	650
277	656
278	380
278	432
278	767
280	506
281	375
281	424
282	395
283	307
283	330
283	420
283	423
283	723
284	360
284	591
285	603
285	719
285	740
286	725
286	774
287	545
287	632
288	708
288	723
288	736
288	757
289	344
291	384
291	561
291	728
292	430
292	605
292	728
293	390
293	471
293	532
293	686
293	787
295	315
295	336
295	351
295	367
295	630
296	399
296	582
296	771
297	405
297	468
297	542
297	659
297	667
297	711
298	450
299	306
299	661
299	701
299	779
300	648
301	308
301	335
302	707
303	387
303	489
303	726
303	734
304	384
304	410
304	417
304	564
304	587
304	712
304	727
305	324
305	713
305	780
306	665
306	751
307	419
307	527
307	589
308	628
309	426
309	497
309	498
309	727
310	685
311	341
311	549
311	760
312	484
313	355
313	472
313	637
314	374
314	519
314	708
315	599
315	689
316	383
316	416
316	437
316	471
316	502
316	533
316	575
316	693
316	796
317	366
319	500
320	738
322	380
322	431
322	612
323	524
323	543
324	368
324	467
324	562
324	718
325	379
325	518
325	546
325	744
326	360
326	491
327	584
327	671
327	678
327	710
327	761
329	559
329	622
330	400
332	364
332	427
333	603
334	341
334	352
334	480
334	513
335	695
336	782
337	557
338	536
338	653
338	657
339	502
339	557
340	387
340	478
340	730
340	779
342	754
343	440
344	442
344	530
344	715
347	689
347	754
348	474
348	538
348	785
349	414
349	719
349	741
349	778
350	693
350	712
350	723
351	523
351	575
352	793
354	631
356	358
356	416
356	486
356	600
357	382
358	435
359	564
360	400
360	521
360	648
360	799
361	432
364	421
367	687
367	711
367	719
368	557
369	492
369	709
370	431
370	444
370	526
370	611
371	440
371	549
371	685
372	503
372	650
374	394
374	490
374	681
374	742
375	529
375	674
376	544
376	761
377	514
378	697
379	419
379	429
379	623
379	707
380	671
380	779
381	509
381	618
381	667
382	437
382	511
382	561
382	610
382	689
383	466
383	536
383	632
383	643
383	667
384	698
385	404
385	694
385	698
385	733
386	406
386	513
386	785
387	420
387	477
387	654
387	663
387	667
387	672
388	470
389	394
389	445
389	498
389	511
390	788
391	775
392	549
393	598
394	767
395	605
396	455
396	469
396	725
396	732
397	550
397	591
398	670
399	485
399	791
401	561
402	463
402	680
402	794
402	799
403	547
403	772
404	431
404	619
404	692
405	606
406	631
407	457
407	537
407	628
408	682
409	443
409	731
410	646
412	492
412	547
412	706
412	716
412	777
413	530
414	617
414	664
414	797
415	505
416	474
416	703
417	524
418	533
418	614
419	442
419	676
419	779
420	579
421	442
421	495
424	631
424	659
426	644
426	683
427	489
427	539
427	690
427	775
428	497
428	616
428	708
429	598
429	604
430	441
431	601
431	727
432	619
432	676
432	791
433	613
435	570
435	713
435	780
437	475
437	505
437	565
437	741
438	656
439	673
439	679
440	665
441	615
443	471
443	540
444	781
445	561
445	724
446	467
447	596
447	708
448	511
449	482
449	530
449	717
450	568
450	614
451	481
451	757
455	748
456	542
457	473
457	576
457	605
457	619
458	611
458	661
458	767
459	749
460	549
461	643
462	464
462	539
462	622
462	664
464	591
464	602
464	700
465	490
465	528
467	511
467	759
469	512
469	601
469	681
469	724
471	494
471	581
472	638
473	500
473	585
473	747
474	753
475	568
475	675
476	591
476	654
476	716
477	590
477	633
477	688
477	725
480	663
480	678
480	765
481	488
483	662
483	683
483	749
484	756
484	793
485	581
486	758
487	592
487	609
488	608
489	547
489	739
489	792
490	662
491	627
491	634
491	688
492	612
492	709
492	793
493	553
493	604
493	798
494	757
495	562
497	561
497	665
498	780
499	650
499	711
500	645
500	765
501	609
501	619
502	769
506	516
506	718
506	754
509	562
509	647
509	762
510	699
510	718
510	742
511	753
513	661
514	592
514	785
515	659
515	734
516	726
517	740
517	780
518	607
523	624
523	714
523	769
524	787
526	754
526	766
528	624
528	713
528	716
529	588
529	629
529	630
529	672
529	697
529	728
530	713
531	644
531	668
533	556
533	710
534	575
534	639
534	776
535	548
535	661
536	538
536	607
536	702
536	758
537	714
538	698
539	738
539	767
540	581
541	631
541	673
541	687
541	690
542	705
544	568
544	606
544	685
545	734
546	612
546	768
547	597
547	613
548	708
548	742
548	791
551	707
551	796
552	691
552	744
553	575
553	754
555	607
555	699
555	760
555	768
557	631
557	637
557	750
558	619
558	787
559	641
560	675
561	722
562	730
563	634
564	673
564	729
565	780
566	769
567	600
567	747
568	660
570	596
572	633
572	752
572	766
573	604
573	776
576	775
579	773
580	663
581	644
581	767
582	729
583	656
583	664
583	667
583	697
583	716
583	783
584	718
584	793
585	685
585	746
586	705
587	623
588	598
588	690
590	680
590	734
592	599
593	647
593	664
593	665
593	710
594	737
595	736
596	615
596	637
597	664
599	607
599	710
600	621
602	603
602	617
602	764
603	689
603	725
603	731
605	790
606	687
607	690
607	764
608	623
608	796
609	731
609	796
610	626
610	688
611	691
614	654
614	732
615	668
615	786
616	798
618	741
620	647
620	729
621	740
623	691
623	698
624	765
624	785
625	709
628	649
629	694
629	715
632	687
632	796
633	722
634	679
634	791
637	695
640	643
641	721
642	786
643	701
644	647
645	704
645	713
647	789
648	703
649	755
652	685
654	725
654	771
656	729
658	699
658	706
661	795
662	744
663	791
664	718
669	758
673	691
674	684
675	719
677	708
678	738
678	776
678	786
681	743
683	747
683	756
684	743
686	688
686	755
689	697
693	701
693	785
695	705
697	753
698	745
701	724
704	753
706	754
709	772
713	743
727	751
727	771
729	739
729	747
733	757
738	777
744	762
747	770
748	757
752	780
758	765
758	772
770	787
775	791
779	780
782	787