0	150
1	230
1	409
1	540
2	206
2	255
2	303
3	29
3	100
3	229
3	358
3	375
4	358
4	485
4	533
5	378
5	408
5	467
5	499
5	589
6	60
6	159
6	207
6	259
6	347
6	421
7	144
7	233
7	360
7	365
7	389
7	432
7	590
8	100
8	184
8	426
9	184
9	216
9	260
9	382
9	469
10	331
10	418
11	174
11	374
11	391
11	518
12	57
12	75
13	455
14	528
14	530
15	206
15	235
15	388
15	396
15	552
15	597
16	370
16	556
16	563
17	115
17	159
18	513
19	27
19	326
19	340
19	405
19	415
20	202
20	339
20	410
20	448
20	575
21	240
21	248
21	294
21	368
21	532
22	288
22	384
22	448
22	452
22	461
22	581
23	346
23	362
23	540
24	71
24	99
24	321
24	436
24	478
24	493
24	508
25	58
25	378
25	396
26	105
26	472
27	47
27	57
27	248
27	401
28	87
28	405
28	414
29	193
29	423
29	442
30	112
31	161
31	370
31	586
31	597
32	331
32	374
32	433
32	483
33	43
33	160
33	181
33	214
33	469
33	563
34	159
34	263
34	480
34	589
35	111
35	267
35	396
35	439
35	452
35	500
36	160
36	419
36	552
37	172
37	232
37	233
37	234
37	388
37	561
38	510
39	471
39	557
40	43
40	330
41	70
41	435
41	524
42	136
42	270
43	75
43	196
43	214
43	238
43	332
43	333
43	536
44	95
44	147
44	160
44	192
44	207
44	208
44	460
45	126
45	157
45	421
45	468
46	264
46	400
46	448
46	537
47	100
47	104
47	108
47	334
47	346
48	191
48	244
48	515
48	548
49	174
49	426
49	427
49	451
50	318
50	475
51	106
51	215
51	369
51	467
52	180
53	109
53	315
53	563
54	97
54	271
54	530
55	108
55	136
55	195
55	213
55	470
56	148
56	371
56	469
57	71
57	155
57	283
59	118
59	154
59	203
59	285
59	378
60	145
60	358
61	91
61	227
61	271
61	366
61	381
62	106
62	152
62	230
62	433
62	469
63	180
63	215
63	245
63	384
64	75
64	119
64	477
65	311
65	429
65	432
65	448
65	506
66	118
66	147
66	501
67	280
68	150
68	195
68	405
68	419
69	132
69	243
69	247
69	480
69	485
69	490
70	139
70	253
70	328
70	435
70	463
70	487
71	226
71	273
71	326
71	344
71	354
71	401
71	467
71	526
72	117
73	137
73	209
73	223
73	284
73	489
74	249
74	255
74	344
74	371
74	433
74	506
74	578
75	84
75	174
75	227
75	306
75	500
75	582
76	333
76	454
76	525
77	91
77	187
77	206
77	519
78	301
78	315
78	330
79	258
79	436
80	278
80	449
81	298
82	136
82	347
83	97
83	237
84	278
84	313
84	329
84	585
85	318
85	433
85	534
86	94
86	216
87	411
88	98
88	340
88	354
88	412
88	475
89	177
89	229
89	599
90	559
91	159
91	216
91	592
92	181
92	360
92	425
92	439
93	162
93	424
93	559
94	228
94	350
94	566
95	119
95	208
95	407
95	451
96	201
96	367
96	502
97	162
97	578
98	251
98	376
98	418
98	456
98	506
99	206
99	270
99	373
99	558
100	177
100	218
100	296
100	330
100	344
100	444
101	487
102	298
103	573
104	156
104	393
104	468
104	544
105	165
105	259
105	311
105	415
106	210
106	542
106	599
107	471
107	527
107	595
108	266
108	379
108	444
108	526
108	568
109	419
109	472
110	125
110	138
110	229
110	444
111	275
111	380
111	572
112	190
113	220
113	271
113	476
113	550
114	170
114	245
114	272
114	434
114	452
115	128
115	288
116	257
116	296
116	347
117	257
117	285
118	210
118	291
118	314
118	352
119	339
119	485
119	533
119	582
119	594
120	534
121	151
122	218
122	324
122	327
122	511
123	194
123	299
123	461
123	477
124	329
124	481
124	519
124	569
125	394
125	558
125	566
125	579
126	410
126	440
127	137
127	327
128	196
128	454
128	531
129	186
129	203
129	252
129	302
129	350
129	393
129	419
129	532
129	555
130	346
130	373
130	574
131	563
132	200
132	206
132	236
132	306
132	401
133	310
133	344
133	405
133	457
134	255
134	342
134	433
134	554
135	159
135	219
135	442
135	510
135	511
136	142
136	428
136	429
137	169
137	379
137	401
137	553
138	318
139	201
139	300
139	341
139	524
139	530
140	180
140	305
140	470
140	533
141	388
141	465
141	501
141	563
142	173
142	287
142	385
142	458
142	555
143	179
143	180
143	203
143	216
143	266
143	310
143	467
144	206
144	369
144	454
144	585
145	228
145	285
145	516
146	150
146	250
146	317
146	416
146	481
147	153
147	191
148	236
148	237
148	288
148	397
149	472
149	576
150	452
150	471
151	223
151	472
151	476
152	368
152	462
152	471
152	557
153	309
153	346
153	359
153	474
153	582
154	203
154	350
154	385
155	159
155	160
155	218
155	350
155	445
155	588
156	207
156	276
156	407
156	535
156	553
157	224
157	408
157	533
157	550
158	352
158	574
159	170
159	255
159	281
159	397
159	441
159	443
159	506
160	210
160	317
162	203
162	444
162	467
163	226
163	259
163	489
163	511
164	565
165	303
165	316
165	425
166	449
167	356
167	366
168	178
168	215
168	248
168	445
168	458
168	538
169	308
169	580
170	184
170	248
170	570
171	544
173	189
173	433
173	472
174	380
175	226
175	525
176	335
176	337
176	479
176	490
177	206
177	439
177	574
178	246
178	390
178	469
178	588
179	369
179	445
179	453
179	482
179	552
180	198
180	279
181	241
181	278
181	280
181	291
181	316
181	360
182	310
182	320
182	395
182	489
182	587
183	553
184	313
184	426
184	493
184	495
184	584
185	186
185	244
185	250
185	272
185	274
185	367
186	401
186	585
187	202
187	361
187	594
188	277
188	334
189	355
189	506
190	381
190	447
191	281
191	491
192	253
192	399
192	563
193	206
193	361
193	571
194	225
194	378
195	370
196	202
196	344
196	385
196	470
197	224
197	248
197	537
198	458
198	552
199	245
200	202
200	262
200	346
200	368
201	419
201	431
201	504
201	505
201	538
202	286
202	448
203	433
203	456
204	560
205	295
205	309
205	447
205	457
206	370
206	524
207	290
207	596
208	211
208	230
208	346
208	362
208	426
208	459
209	413
210	503
210	522
211	369
211	567
212	418
212	508
213	266
213	568
214	234
214	369
214	560
215	217
215	360
215	395
216	292
216	502
216	573
217	330
217	401
218	316
218	382
218	494
218	558
219	226
219	349
219	414
219	560
220	317
221	479
221	540
222	239
222	253
222	366
222	397
223	354
223	358
224	423
225	499
225	529
226	229
226	249
226	319
226	346
226	438
226	457
228	234
228	284
228	341
228	349
228	475
228	515
228	571
229	377
229	435
229	512
230	454
230	568
231	319
231	379
231	412
231	473
232	259
232	267
232	380
232	481
232	488
232	549
232	595
233	403
233	428
234	236
234	367
234	481
234	558
234	565
235	284
235	356
235	418
236	281
236	477
236	556
237	265
237	426
237	484
238	276
238	399
238	481
238	584
239	344
239	390
240	387
240	569
241	427
241	462
241	499
242	266
242	341
242	579
243	279
243	484
244	322
244	464
244	526
244	582
245	254
245	275
245	339
245	487
245	499
246	585
247	293
247	304
247	461
248	349
248	464
249	345
250	257
251	424
252	344
252	359
252	447
252	465
252	551
253	488
253	516
253	587
254	351
254	599
255	471
255	546
255	557
256	426
257	268
257	598
258	417
258	426
258	448
259	291
259	416
260	304
260	538
261	492
261	579
262	339
262	456
262	541
262	566
263	341
263	472
264	416
264	437
265	274
265	467
266	314
266	394
266	419
266	426
266	439
267	585
269	541
271	443
271	547
272	471
272	557
273	414
273	528
273	562
274	436
275	468
276	501
276	522
277	325
278	315
278	385
278	558
278	596
279	357
280	281
281	364
281	404
281	551
282	293
282	351
282	446
284	308
285	448
286	389
287	369
287	479
288	319
288	415
288	418
288	446
288	451
289	312
289	455
290	558
290	588
291	315
291	351
291	550
291	575
292	339
293	354
293	540
294	431
294	565
295	369
295	440
295	535
296	373
296	526
296	544
297	563
298	391
298	429
298	539
299	343
299	466
300	304
300	309
300	401
300	473
301	524
301	556
302	311
302	430
302	525
302	544
304	381
305	308
305	392
305	516
305	551
306	372
306	402
306	472
307	314
307	330
307	335
307	553
308	431
308	455
308	539
308	559
308	575
309	394
309	448
309	480
310	501
310	549
310	595
311	340
311	422
314	324
314	369
314	448
316	322
316	496
316	536
316	566
318	465
319	378
319	437
321	470
322	327
322	342
322	436
323	448
324	420
324	525
325	482
325	519
326	359
326	435
327	390
328	389
328	593
329	506
329	531
330	395
330	443
330	461
333	582
334	342
334	428
334	451
335	407
335	499
336	376
336	504
336	508
336	566
337	565
338	495
339	423
339	424
339	488
339	573
340	366
340	432
340	449
340	517
341	406
341	442
342	414
342	558
344	394
344	412
345	451
345	557
346	583
346	585
348	456
348	541
349	504
349	563
350	574
352	482
352	552
353	479
354	420
354	431
356	451
360	517
362	502
363	395
363	416
363	497
364	383
364	389
364	391
367	555
368	584
369	383
370	571
370	575
371	561
372	420
373	404
373	410
373	491
374	453
375	538
376	543
377	491
378	429
378	502
379	511
379	557
380	446
380	549
383	491
383	591
384	419
384	490
384	590
386	536
386	555
387	426
387	473
388	424
392	512
392	584
395	532
397	450
397	459
398	444
398	469
398	544
399	408
400	590
401	406
401	439
401	446
403	480
403	584
404	461
405	498
406	494
406	554
407	453
407	469
408	415
408	454
408	544
409	564
410	420
410	578
411	502
412	486
413	563
415	550
416	559
417	452
418	557
418	576
419	537
420	421
420	522
422	491
422	561
423	588
423	596
424	515
424	578
425	537
425	554
427	473
427	538
429	439
429	527
429	566
433	511
434	479
436	538
437	453
438	545
438	571
438	597
439	504
443	448
447	520
447	562
448	495
450	489
450	596
451	517
452	533
453	599
454	502
454	597
454	599
455	590
460	545
460	578
461	472
462	558
462	561
464	559
467	500
468	509
468	528
468	560
470	586
474	536
476	513
476	525
478	523
479	514
480	563
481	539
483	575
485	527
486	513
486	547
486	552
487	538
487	595
488	582
493	500
493	544
493	569
493	578
494	589
495	544
497	514
501	554
504	574
506	570
507	538
508	551
516	567
518	589
520	523
521	524
521	597
530	539
530	579
532	582
534	577
535	555
535	570
539	590
541	585
544	567
547	591
548	549
549	586
550	582
560	578
560	584
562	568
565	571
575	598
578	591
596	598
597	599