0	6
0	13
0	48
0	247
0	283
0	362
0	448
0	597
1	102
1	457
2	70
2	328
2	573
3	170
3	172
3	469
4	399
4	466
5	406
6	24
6	277
6	409
6	469
6	558
7	76
7	255
7	358
7	482
7	522
8	10
8	25
8	313
8	415
8	523
8	598
9	234
9	299
9	340
9	457
10	217
10	248
10	332
10	387
10	394
10	439
10	448
10	469
10	587
11	501
12	289
12	549
12	574
13	86
13	148
13	272
13	273
13	303
13	321
13	500
14	119
14	379
14	387
14	407
15	258
16	45
17	223
18	244
18	290
19	32
20	329
20	454
20	490
20	532
20	589
21	118
21	436
22	84
22	479
22	485
23	143
23	240
23	336
23	437
23	543
24	44
24	236
24	286
24	513
25	109
25	145
25	243
25	331
26	60
26	64
26	123
26	264
26	284
27	93
27	435
28	33
28	151
28	160
28	459
28	508
29	78
29	136
29	151
29	177
29	409
29	572
30	45
30	140
30	305
30	472
30	579
31	47
31	170
31	332
31	410
32	501
32	596
33	140
33	470
34	328
34	515
35	178
35	296
35	435
35	436
35	488
36	80
36	82
36	136
36	296
36	304
37	308
37	408
37	510
38	208
38	274
39	48
39	111
39	175
39	329
39	380
39	476
39	559
40	93
40	368
40	424
40	475
41	188
41	259
41	319
42	301
42	430
42	480
42	546
43	248
44	171
44	258
44	482
44	576
45	158
45	179
45	207
45	217
45	526
46	155
46	332
46	497
47	108
47	129
47	182
47	233
47	241
47	541
48	62
48	111
48	408
49	101
49	214
50	473
50	508
50	560
51	78
51	397
52	64
52	343
53	216
53	266
53	298
54	239
54	304
55	102
55	125
55	307
55	439
55	455
55	505
56	161
56	238
56	269
56	284
57	391
57	468
57	472
58	258
58	405
59	88
59	124
59	290
59	330
59	560
60	114
60	120
60	336
60	369
60	415
60	512
60	568
61	203
61	213
61	533
62	90
62	138
62	205
62	206
62	238
62	255
62	299
62	430
62	499
63	98
63	104
63	189
63	207
63	247
63	280
63	404
63	407
63	434
64	148
64	477
64	583
65	93
65	296
65	303
65	485
66	259
66	269
66	331
66	498
66	523
67	71
67	210
67	240
67	343
68	107
68	272
69	122
69	317
70	123
70	266
70	274
70	281
70	451
70	579
71	172
71	370
71	411
72	352
73	200
73	222
73	251
73	407
74	76
74	375
74	401
74	583
75	310
75	325
75	516
76	153
76	220
76	573
77	361
77	512
78	94
78	134
78	174
78	263
78	453
78	578
79	212
79	260
79	318
79	581
80	363
81	133
81	253
81	409
82	169
82	257
82	493
83	104
83	145
83	150
83	559
84	233
84	259
84	261
84	279
84	293
84	318
84	439
84	465
84	492
84	576
85	138
85	300
85	580
86	124
87	114
87	197
87	303
87	321
88	129
88	165
88	583
89	232
89	314
90	255
91	143
92	343
92	564
93	123
93	149
93	352
93	358
93	416
93	426
93	479
94	205
94	379
94	441
95	298
95	324
95	388
95	484
95	541
96	573
97	219
97	584
98	266
98	339
98	446
99	103
99	261
99	273
99	341
99	387
100	193
100	595
101	245
101	289
101	481
102	163
102	247
102	279
102	433
103	220
103	355
103	382
103	558
104	195
104	200
104	492
105	149
105	484
105	526
105	596
106	123
106	139
106	220
106	275
106	485
106	507
106	577
108	171
108	218
108	222
108	570
109	347
110	150
110	291
110	515
111	229
111	285
111	419
112	464
112	572
113	234
113	339
113	373
113	378
113	454
114	189
114	205
115	218
115	339
115	419
115	583
116	158
116	211
116	218
116	223
117	162
117	518
118	158
118	313
118	399
118	467
119	327
119	351
119	458
120	208
120	378
120	551
121	365
121	381
121	427
121	506
122	294
123	166
123	198
123	229
123	374
123	444
123	468
124	326
124	477
124	491
124	567
125	469
125	483
125	511
125	536
125	579
126	152
126	259
126	356
126	552
126	573
127	151
127	198
127	267
127	324
127	343
127	584
128	186
128	287
128	578
129	414
130	285
130	287
130	339
131	143
131	315
131	323
131	492
132	366
132	411
132	444
132	465
132	481
133	258
133	352
134	176
134	238
134	293
134	518
134	545
134	561
135	175
135	242
135	334
135	356
135	421
135	496
135	597
136	227
136	233
136	594
137	174
137	225
137	251
137	324
137	398
137	411
137	449
137	502
139	163
139	299
139	315
139	344
139	424
139	521
139	526
140	166
140	417
140	569
140	587
141	319
141	332
141	382
141	550
142	551
143	259
144	324
144	399
145	266
145	314
145	377
145	426
145	499
145	590
146	199
146	308
146	335
146	593
147	347
147	474
147	535
148	181
148	256
149	183
149	337
149	483
149	506
149	544
151	267
151	434
151	468
151	516
151	525
152	238
152	253
152	262
152	545
152	565
152	596
154	160
154	545
154	570
155	351
155	361
156	165
156	309
157	305
157	439
158	421
158	459
158	508
159	309
159	388
159	406
159	525
160	214
160	349
160	448
161	192
161	420
161	528
161	534
161	577
162	540
163	233
163	427
163	546
164	174
164	258
164	452
165	166
165	314
165	524
166	196
166	227
166	242
166	281
166	287
166	409
166	467
166	491
166	537
166	596
167	317
167	444
168	292
169	397
170	204
170	280
170	444
171	338
171	555
172	219
172	328
173	352
173	498
173	584
174	218
174	285
174	444
175	412
175	481
175	523
176	179
176	266
176	526
177	404
178	485
178	567
179	564
180	189
180	264
180	329
180	495
180	532
181	235
181	346
182	289
182	374
182	402
183	281
183	537
183	575
184	191
184	443
184	467
185	356
185	360
186	213
186	555
187	465
187	543
187	594
188	215
188	262
188	289
188	290
188	432
188	525
188	565
188	591
189	211
189	294
189	315
189	584
190	314
190	436
190	567
191	265
191	299
191	414
192	318
193	211
193	431
194	245
194	274
194	335
195	372
196	199
196	298
196	424
196	521
197	312
197	369
197	505
197	567
199	374
200	226
200	466
200	483
200	541
201	280
201	399
202	224
202	403
202	430
202	483
202	507
202	526
203	205
203	357
203	429
203	507
203	516
204	409
204	581
205	491
205	511
206	308
206	418
206	437
206	438
207	228
208	219
208	329
208	544
209	212
209	225
209	254
209	284
209	358
209	506
210	426
210	447
211	276
211	441
211	509
211	564
212	411
212	537
213	273
213	339
213	378
213	380
213	388
213	485
213	488
213	579
214	375
215	373
216	267
216	408
216	442
216	515
217	223
217	578
218	337
219	247
219	472
219	565
220	401
221	279
221	353
222	291
222	554
222	570
223	287
223	291
223	451
224	394
224	433
225	262
225	358
225	536
226	229
226	420
226	486
226	553
226	594
227	581
228	488
228	587
229	414
229	421
230	351
231	303
231	406
231	475
232	393
232	573
232	579
233	311
233	351
233	448
233	480
234	275
234	410
235	265
235	298
235	543
236	303
236	335
237	276
237	293
239	356
239	456
241	318
241	436
241	530
241	561
242	270
242	449
243	342
243	476
243	485
243	523
244	266
244	314
244	447
245	346
245	444
245	493
245	541
246	264
246	293
246	446
247	565
248	329
248	473
249	304
250	329
250	387
250	530
251	326
251	493
252	503
253	322
253	327
253	333
254	349
254	375
254	462
254	477
255	422
255	546
256	279
256	307
257	453
258	348
258	475
258	517
259	522
260	357
260	394
260	558
260	588
261	500
261	575
263	462
264	348
265	372
265	435
266	461
266	468
267	339
267	383
267	491
267	580
267	594
267	598
268	351
268	504
269	363
269	436
269	496
269	505
269	510
270	436
271	320
271	441
272	304
272	517
272	599
273	411
273	535
273	578
273	596
274	307
274	417
274	509
275	405
276	380
276	399
278	369
279	394
279	495
279	529
280	324
280	435
281	455
282	297
282	352
282	454
282	478
283	310
284	405
284	451
284	586
285	528
286	419
286	445
286	503
286	554
286	580
287	360
287	468
287	520
287	597
288	388
288	506
288	518
289	304
290	305
290	327
290	368
290	370
290	432
291	345
291	413
291	532
292	332
292	482
292	509
292	539
293	402
293	415
293	451
293	464
293	541
293	576
294	403
294	464
295	330
295	525
295	546
296	326
297	314
297	466
298	396
298	416
298	449
298	503
298	550
299	323
299	468
299	531
300	454
300	464
301	322
302	311
302	534
302	536
302	584
303	445
304	412
304	550
304	582
305	333
305	481
305	501
305	564
306	565
307	349
307	353
307	355
307	448
307	475
307	503
307	511
308	552
309	358
309	590
310	383
310	397
310	442
310	584
311	341
311	364
311	406
311	569
312	332
312	395
313	327
313	376
313	412
313	458
314	482
314	576
315	341
315	367
315	507
315	561
316	414
316	555
316	596
317	441
317	509
317	519
318	456
319	521
320	345
320	382
320	404
321	390
321	442
322	328
323	326
323	441
323	524
323	588
324	329
324	579
325	476
325	546
326	366
327	402
328	406
329	348
329	350
329	351
329	357
329	443
330	401
330	473
330	515
331	503
331	527
332	532
333	348
333	367
333	386
333	539
334	335
334	368
334	425
334	473
335	541
335	581
336	450
336	559
337	375
337	521
338	415
339	514
340	442
340	599
341	355
341	432
341	450
341	530
341	583
342	373
342	511
342	586
343	354
343	525
343	598
345	385
345	546
345	563
347	523
347	548
347	569
347	585
348	521
349	558
350	492
351	397
352	431
352	440
353	419
353	451
354	577
355	555
356	471
356	494
356	510
357	361
357	425
359	370
359	427
359	572
360	382
360	579
362	374
366	375
366	436
366	505
366	513
369	579
370	592
371	406
371	459
372	550
374	434
374	460
376	549
377	576
378	385
378	389
378	514
379	445
379	499
382	447
383	444
384	451
384	534
385	411
387	532
388	494
389	581
391	597
392	403
392	493
392	534
393	518
393	535
393	550
395	402
395	548
397	580
398	461
399	529
400	553
401	445
402	510
403	409
403	598
405	435
405	472
407	489
408	460
408	492
409	428
410	527
410	566
412	466
412	584
413	469
414	430
415	454
416	500
417	473
417	506
419	441
420	428
423	514
424	513
424	557
424	599
425	485
425	591
426	469
426	519
426	523
427	463
427	530
427	532
427	557
428	565
432	598
433	586
436	571
438	539
441	515
443	461
443	574
444	569
445	481
445	505
446	599
447	474
447	562
448	561
449	546
450	573
450	585
453	506
455	553
456	573
458	480
458	571
459	560
459	573
460	480
460	515
460	589
461	502
461	597
464	522
468	586
471	472
471	593
472	529
473	489
473	546
477	558
479	517
479	540
480	489
480	579
481	575
485	581
486	555
487	560
488	532
488	540
491	570
494	584
495	530
496	589
498	500
500	514
501	515
501	587
502	528
504	582
506	541
509	596
510	532
511	522
512	526
514	577
514	584
517	543
518	575
518	592
519	592
520	593
521	534
522	538
522	562
522	566
522	593
524	539
526	550
526	585
529	588
532	591
533	560
535	550
535	563
537	590
542	546
543	556
546	593
547	566
550	592
553	563
555	596
559	584
561	581
562	574
570	584
573	583
582	588
588	592