0	174
0	419
0	534
0	539
0	553
1	17
1	275
2	50
2	390
3	58
3	482
3	521
3	547
3	570
4	86
4	569
5	305
5	356
6	32
6	34
6	69
6	125
6	219
6	304
7	191
7	268
8	336
9	94
9	205
9	586
10	82
10	111
10	162
10	213
10	303
11	224
12	64
12	221
12	441
13	239
14	138
14	233
14	240
14	364
14	458
14	480
15	110
15	296
15	491
16	404
16	567
16	585
17	111
17	171
17	194
17	211
17	259
17	350
17	518
17	599
18	319
19	73
19	255
19	284
19	414
19	511
19	564
20	253
20	439
21	286
21	439
22	55
22	66
22	242
22	265
22	293
22	374
22	489
22	504
23	88
23	106
23	128
23	344
23	397
23	417
23	588
24	300
25	92
26	81
26	392
27	138
27	371
27	448
27	597
28	138
28	161
28	210
29	31
29	307
29	472
29	493
29	539
30	115
30	130
30	138
30	286
30	314
30	507
31	221
31	252
31	309
31	317
31	596
32	339
32	378
33	117
33	261
33	373
33	393
33	515
33	579
33	586
34	264
34	406
35	46
35	54
35	111
35	384
36	78
36	113
36	141
36	379
36	478
36	593
37	70
37	375
37	495
37	579
38	456
39	226
39	336
39	501
39	515
40	78
40	147
40	206
40	379
41	54
41	71
41	138
41	228
41	458
42	75
43	146
43	306
43	412
44	153
44	188
45	302
45	398
46	198
46	211
46	314
46	520
46	539
47	226
47	437
48	153
48	172
48	204
48	363
49	381
50	105
50	181
50	351
50	537
51	57
51	192
51	223
51	243
51	273
51	394
51	454
52	290
52	299
52	368
53	168
54	557
55	108
55	150
55	429
55	511
55	592
56	283
56	309
56	347
56	373
56	429
56	584
56	592
57	478
58	175
58	211
58	542
59	65
59	547
59	577
60	145
60	159
60	299
60	463
60	569
60	598
61	215
62	227
62	401
62	498
62	521
62	572
63	105
63	435
64	134
64	256
64	419
65	160
66	292
66	390
66	397
67	74
67	156
67	232
67	345
67	351
67	381
67	432
68	476
68	509
69	205
69	218
69	230
69	552
70	219
70	561
71	257
71	352
72	92
72	102
72	133
72	298
72	580
73	101
74	247
74	354
74	376
74	521
75	321
75	441
75	463
75	521
76	285
76	329
76	407
77	94
77	104
77	302
78	135
78	314
78	350
78	401
79	221
79	418
79	559
79	592
80	94
80	114
80	201
80	227
80	407
81	273
82	113
82	498
83	157
83	175
83	320
83	349
83	585
84	97
84	237
84	437
85	271
85	307
85	540
86	128
86	170
86	184
86	298
86	514
86	540
87	88
87	247
88	123
88	196
88	324
88	409
88	431
88	489
89	592
90	159
90	298
90	417
90	520
90	534
91	164
91	287
91	446
92	186
92	361
92	386
92	529
93	160
94	107
94	266
94	433
95	341
96	180
96	321
96	471
97	200
97	208
97	245
97	260
97	274
98	214
98	268
98	406
98	471
98	476
98	568
99	264
99	355
99	389
99	406
99	464
99	507
100	182
100	592
101	138
102	257
102	528
102	529
103	299
103	566
104	316
104	396
104	406
104	425
104	483
104	493
104	504
104	507
105	245
105	487
106	224
106	376
106	391
106	429
107	335
107	541
108	410
108	461
109	297
109	316
109	352
110	304
111	361
111	435
111	528
111	574
112	285
112	472
112	514
113	332
113	421
114	405
114	519
115	392
115	499
116	264
116	272
116	365
116	397
116	413
116	514
116	551
117	253
117	455
117	466
118	311
118	483
119	226
119	510
119	592
120	285
120	301
120	323
120	360
120	531
121	124
121	384
121	447
122	138
122	225
122	245
122	407
122	526
123	200
123	266
123	474
124	140
124	333
124	367
124	459
124	541
125	199
125	229
125	521
126	365
126	563
126	573
127	241
127	390
128	373
128	562
128	566
128	569
128	571
129	161
130	162
130	247
130	307
130	574
131	159
131	205
131	317
131	400
132	144
132	491
132	556
133	336
134	252
135	449
135	464
135	536
136	149
136	341
136	403
136	448
136	472
137	311
137	391
137	427
137	549
137	580
137	592
138	254
138	589
139	407
140	210
140	389
140	430
140	446
140	467
141	560
142	500
142	591
143	232
143	369
143	433
143	528
144	439
145	189
145	226
145	279
145	305
145	321
145	409
145	483
146	269
147	203
147	402
147	455
148	596
149	191
149	381
149	545
151	503
151	585
152	326
152	541
153	197
153	267
153	318
153	341
153	439
154	311
154	353
155	187
155	249
155	438
155	510
156	428
156	472
156	551
157	220
157	514
158	249
158	457
158	485
158	492
158	538
158	579
160	508
161	255
161	269
161	366
161	547
161	581
162	223
162	227
162	350
163	387
163	549
164	259
164	411
164	417
164	493
164	512
165	367
165	439
166	180
166	364
167	321
169	346
169	393
170	324
170	334
171	299
171	332
171	379
173	443
173	482
173	537
174	315
174	416
174	598
175	232
175	480
175	540
176	188
176	577
177	204
177	224
177	314
177	438
178	318
179	244
179	297
180	227
180	247
180	285
181	244
181	436
181	502
181	516
182	315
182	406
182	414
182	585
183	478
183	542
183	554
183	566
184	517
184	526
185	414
185	453
185	548
185	575
185	579
186	193
186	313
187	287
187	296
187	298
187	401
187	555
187	588
188	313
188	386
188	593
189	370
190	226
190	363
190	417
191	224
191	339
191	456
191	459
191	562
192	348
192	584
193	214
193	278
194	231
194	350
194	499
195	239
195	302
195	408
195	558
195	597
196	215
196	281
196	326
197	268
198	395
199	297
199	507
199	554
199	563
200	343
200	382
201	342
201	591
202	342
203	469
203	504
203	569
204	573
205	399
205	545
206	537
207	467
208	443
209	289
210	313
210	346
210	358
210	364
210	460
211	217
211	354
211	581
211	592
212	375
213	355
213	384
213	559
213	588
214	261
214	407
214	418
214	463
214	488
214	596
215	251
215	436
215	539
215	542
215	567
216	419
216	446
216	499
218	440
218	508
219	398
220	269
220	526
221	260
221	317
221	370
221	526
221	532
221	535
221	553
222	466
222	592
223	233
223	238
223	372
223	468
223	564
224	491
224	505
225	416
225	418
225	586
227	370
227	455
227	593
228	257
228	273
228	471
229	234
229	536
230	237
230	300
230	399
230	449
230	514
230	546
231	244
231	430
232	264
232	418
233	310
233	403
233	408
233	577
234	333
234	557
235	312
236	292
236	319
236	365
236	405
236	576
237	244
237	547
238	287
238	430
238	552
238	599
241	408
241	414
241	473
241	592
242	317
242	332
242	359
242	369
242	400
243	427
243	555
244	533
245	344
245	385
245	436
245	545
245	548
246	254
246	305
246	371
246	514
246	554
247	379
247	507
248	324
248	334
248	432
248	562
248	565
249	415
250	451
251	292
251	294
251	313
252	412
252	451
253	587
253	597
255	373
256	345
256	467
258	315
258	506
258	530
259	510
260	306
260	325
260	356
260	389
260	477
261	280
261	317
261	334
262	284
263	419
263	486
263	498
264	301
264	493
265	342
266	344
267	490
268	269
268	434
269	443
269	445
269	494
269	504
269	536
270	277
270	297
270	340
270	463
271	301
271	379
272	328
272	432
272	450
272	504
273	365
273	418
273	567
273	581
274	421
274	460
274	546
275	348
275	579
276	318
276	496
277	452
278	364
278	483
278	491
280	318
280	320
280	345
280	353
280	517
281	350
281	375
281	382
281	456
281	599
282	516
282	567
283	287
283	596
284	299
284	357
284	412
285	542
286	323
286	341
286	342
286	519
287	310
287	467
287	537
288	302
288	497
289	333
289	364
289	365
289	397
289	407
290	336
291	356
293	428
293	483
294	306
294	454
294	499
294	573
295	359
295	419
295	450
296	354
296	494
297	311
297	483
298	426
298	588
299	395
299	471
300	476
300	540
300	583
301	335
301	354
301	370
301	524
301	528
302	347
302	446
302	590
303	337
303	422
304	374
304	394
304	551
305	374
305	445
307	597
308	311
308	364
308	386
308	499
308	515
309	484
310	314
310	545
310	573
312	389
314	417
315	334
316	374
316	379
317	465
317	537
318	578
320	375
321	445
322	559
323	353
323	357
324	346
324	587
325	406
325	424
325	522
326	379
326	451
326	541
327	547
327	555
329	436
329	595
330	362
330	568
331	570
331	573
333	446
334	339
335	403
335	467
335	527
336	511
337	369
337	465
338	393
338	459
338	513
339	352
339	355
339	417
339	592
339	593
342	378
342	425
342	573
343	365
345	419
345	430
347	422
347	568
349	358
350	443
350	506
351	420
351	596
352	515
352	520
354	381
354	438
354	565
354	571
355	567
356	582
358	362
359	365
359	450
359	568
360	487
360	551
361	505
361	522
362	588
363	367
364	410
364	438
364	479
365	405
369	417
371	503
372	463
372	537
373	432
374	562
375	481
375	594
376	408
377	417
377	597
378	561
380	573
381	507
381	529
382	452
383	436
383	495
383	511
384	564
385	474
385	560
386	407
386	509
386	539
388	492
391	562
391	579
393	507
393	518
393	546
394	407
394	414
394	481
395	399
396	536
397	433
398	426
398	450
398	579
399	424
399	538
400	424
400	449
400	507
400	551
402	441
403	476
403	558
403	562
405	571
406	503
406	593
409	461
410	426
411	458
411	568
412	485
413	458
414	474
414	498
414	499
415	560
418	420
419	531
421	597
423	428
423	485
424	430
424	564
426	514
426	591
428	492
428	507
428	586
430	442
431	599
433	527
433	582
434	561
435	445
436	468
437	494
438	480
439	475
439	488
440	529
440	537
440	550
444	498
444	575
446	517
448	477
448	546
449	486
451	578
452	489
452	517
453	515
454	477
454	480
455	532
457	472
458	495
459	501
460	463
460	579
461	590
462	463
462	590
464	523
464	563
465	535
465	560
465	580
467	552
469	562
470	596
471	532
474	588
477	526
478	553
478	571
479	516
479	598
483	533
484	534
486	488
488	559
489	529
491	504
491	574
494	574
495	575
499	588
500	593
504	568
505	529
505	551
506	522
506	531
506	556
512	533
513	531
515	556
515	568
516	529
516	575
516	577
516	582
517	599
518	555
523	577
525	529
525	580
526	543
532	584
534	552
534	565
538	559
538	564
538	581
538	593
539	594
540	544
540	585
540	591
544	552
544	574
555	574
564	589
565	571
572	584
573	584
573	592
582	585