0	221
0	389
0	411
0	563
1	59
1	153
1	526
2	12
2	47
2	308
2	403
2	514
2	573
2	596
3	110
3	310
3	398
3	440
3	470
3	488
4	31
4	489
5	31
5	40
5	89
5	117
5	127
5	280
5	312
5	463
5	572
6	8
6	65
6	106
6	231
6	249
6	305
6	370
6	405
6	455
6	569
6	578
7	29
7	104
8	111
8	227
8	286
8	465
9	255
9	267
9	539
10	46
10	123
10	450
10	455
11	256
11	416
11	524
11	562
12	151
12	217
12	303
13	188
13	503
13	544
14	34
14	143
14	329
14	540
15	531
15	544
16	178
16	202
16	256
16	272
16	343
16	391
16	430
16	581
17	114
17	418
17	428
17	563
18	109
18	576
19	33
19	356
19	389
19	464
20	50
20	76
20	143
20	231
21	167
21	418
21	437
21	511
21	575
21	585
22	50
22	218
22	335
23	157
23	224
23	235
23	421
23	525
23	583
24	144
24	260
24	380
24	387
24	572
24	587
25	97
25	101
25	183
25	491
25	575
26	122
26	482
26	593
27	59
27	282
27	402
27	545
28	150
29	163
29	317
29	349
29	370
29	544
30	231
30	526
31	108
31	216
31	259
31	282
32	320
32	363
32	417
32	493
33	128
33	472
33	541
34	177
35	565
35	586
36	120
36	167
36	215
37	158
37	174
37	184
37	305
37	405
37	466
38	264
38	468
39	168
39	283
40	72
40	86
41	379
41	438
41	559
42	67
42	100
42	459
42	498
42	508
42	515
42	547
43	99
44	45
44	526
44	587
45	87
45	206
45	207
45	455
45	458
46	206
46	279
46	385
47	321
47	460
48	305
48	503
49	101
49	158
49	163
49	333
49	458
50	63
50	83
50	211
50	255
50	557
51	71
51	339
51	527
52	290
52	297
52	387
53	68
53	189
53	332
53	483
53	589
53	597
54	100
54	141
54	147
54	361
54	413
54	414
54	433
54	449
54	533
55	196
56	73
56	149
56	360
56	526
56	579
57	284
57	329
57	444
58	68
58	501
58	561
59	283
60	120
60	177
60	319
61	74
61	174
61	194
61	229
61	334
62	375
62	480
63	520
63	577
64	183
64	335
64	545
65	120
65	164
65	195
65	257
65	277
65	294
65	329
66	238
66	380
66	385
67	81
67	321
67	494
67	502
67	571
68	385
68	388
68	393
68	577
68	597
69	233
70	114
70	145
70	285
71	72
71	205
71	389
71	499
72	163
73	247
73	596
74	321
74	334
74	381
74	438
74	456
75	138
75	225
75	250
75	352
75	433
75	529
76	231
76	342
76	415
76	486
77	82
77	101
77	550
77	586
78	87
78	229
79	134
79	377
79	452
79	457
80	192
80	216
80	250
80	501
81	104
81	307
82	108
82	409
82	417
83	101
83	145
83	154
83	177
83	309
83	313
83	451
84	184
84	428
84	594
84	597
85	327
85	457
85	539
85	556
85	594
86	331
86	352
86	404
86	581
88	154
88	309
88	371
88	393
88	410
88	461
89	180
90	100
90	160
90	488
90	489
91	317
92	111
92	112
92	286
92	443
93	268
93	271
93	347
93	375
93	449
93	486
94	237
94	425
95	121
95	125
95	539
96	212
96	345
97	195
97	268
97	351
97	364
97	385
97	490
97	536
98	102
98	551
99	233
99	294
99	555
100	479
101	132
101	150
101	320
101	541
101	574
102	183
102	216
102	286
102	315
102	321
102	407
102	447
102	522
103	132
103	163
103	181
103	220
103	240
103	373
103	573
104	157
104	179
104	334
104	390
105	121
105	216
105	551
105	566
105	587
106	182
106	307
106	409
106	494
106	561
106	577
107	132
107	266
107	269
107	341
107	357
108	189
108	224
108	231
108	364
109	376
109	396
109	568
110	155
110	323
110	380
111	332
111	365
111	386
111	390
112	128
112	246
112	277
112	318
112	411
112	430
112	492
112	538
112	557
113	180
113	251
113	285
113	334
113	369
114	138
114	467
114	510
115	149
115	275
115	280
115	511
115	560
116	123
116	454
116	556
117	319
117	392
117	573
118	173
119	147
119	378
119	388
119	404
120	550
121	139
121	186
121	268
121	291
121	294
122	369
122	467
122	546
123	187
123	411
123	579
124	326
124	363
124	403
124	469
125	270
125	375
125	527
125	563
126	301
126	509
126	555
127	372
127	425
128	263
128	346
128	577
129	195
129	562
130	169
130	271
130	285
130	308
130	411
130	518
131	237
131	449
131	475
132	259
132	283
132	307
133	228
133	275
133	571
133	597
133	598
134	138
134	194
134	268
134	399
134	583
134	591
134	594
135	553
136	269
137	157
137	288
137	298
137	372
137	464
137	528
137	589
138	370
139	229
139	316
139	578
139	579
140	337
140	538
141	199
141	313
142	147
142	244
142	307
143	165
143	199
143	309
144	186
144	409
144	478
145	214
145	503
146	334
148	285
148	355
148	431
148	440
148	506
148	575
150	155
150	215
150	261
151	170
151	481
151	501
151	584
152	251
152	288
152	368
152	458
152	494
153	203
153	319
154	231
154	275
154	518
155	270
155	459
156	272
156	278
156	312
156	319
156	455
156	554
157	267
157	430
157	486
158	381
158	468
159	298
159	434
159	518
159	550
159	571
160	168
160	340
160	348
160	586
161	258
161	444
161	511
161	514
162	315
162	344
163	250
163	265
163	301
163	329
163	390
163	486
163	597
164	265
164	518
165	213
165	290
165	486
165	494
165	572
166	320
166	341
167	488
167	500
167	546
167	577
168	389
169	222
169	279
170	339
170	352
170	422
170	426
170	456
170	592
171	355
172	444
172	559
173	205
173	546
174	278
174	286
175	213
175	219
175	223
175	283
175	386
176	254
176	501
177	180
177	264
177	293
177	317
177	443
177	448
178	240
178	273
178	398
178	528
180	205
181	213
181	268
181	378
181	399
181	564
181	599
182	254
182	269
182	279
182	407
182	507
182	531
182	592
183	216
183	244
183	257
183	312
184	377
184	598
185	404
185	553
187	213
187	276
187	468
187	527
188	199
188	325
188	458
189	209
189	243
189	252
189	546
190	255
190	359
191	267
191	318
191	328
191	374
191	457
192	200
192	358
192	371
192	396
192	578
193	259
193	302
193	357
193	381
193	442
193	555
194	389
194	429
194	441
194	451
194	513
194	518
195	294
195	316
195	447
196	206
197	216
197	455
197	472
197	474
197	545
198	348
198	486
199	212
199	287
199	290
199	353
200	234
200	306
200	567
201	300
202	428
202	512
203	244
203	574
204	220
204	255
204	335
204	472
204	546
205	259
205	280
205	369
205	408
205	497
206	222
206	509
206	528
206	587
207	373
208	212
208	268
208	353
208	450
209	301
209	302
209	333
210	410
211	255
211	500
213	406
213	585
213	586
214	333
214	371
215	424
216	231
216	238
216	277
216	385
216	404
216	421
216	548
217	230
217	355
217	360
217	525
217	541
218	323
218	337
218	394
218	461
218	503
219	303
219	578
220	254
220	327
221	251
221	285
221	309
222	527
222	545
222	591
223	322
223	394
223	530
224	486
224	512
225	351
225	450
226	413
226	466
227	268
227	292
227	316
227	438
227	588
228	351
228	378
228	385
229	427
229	507
230	372
230	448
230	457
230	489
231	367
231	493
232	276
232	521
233	493
233	517
234	581
235	324
235	330
235	366
236	330
236	372
236	440
237	278
237	424
238	339
238	350
238	361
238	535
239	249
240	438
241	301
241	526
242	450
242	559
244	357
244	517
245	289
247	301
247	354
247	359
247	509
247	588
248	295
248	434
248	468
248	495
248	549
248	564
249	328
249	390
249	508
250	548
251	315
251	512
252	322
253	352
253	448
253	531
253	581
254	494
255	296
255	414
255	500
255	539
255	592
256	308
256	321
256	482
256	536
256	571
257	481
258	523
258	573
259	397
260	290
260	486
260	516
260	528
261	454
262	403
263	302
263	327
263	351
263	356
264	402
265	292
265	386
266	368
266	484
267	276
267	565
268	335
268	462
268	586
269	457
270	282
270	358
271	326
271	329
271	436
273	347
273	395
273	399
274	546
276	445
276	532
277	510
277	560
278	279
278	548
279	328
279	339
279	508
280	308
280	311
280	407
281	472
281	489
281	532
282	396
282	512
282	581
284	457
285	348
285	361
285	367
285	532
286	446
286	529
287	382
287	447
287	476
288	316
288	337
289	505
290	523
291	406
291	546
291	558
292	527
292	543
292	578
293	373
294	383
295	373
296	449
296	571
298	331
298	493
298	517
298	554
299	334
299	355
299	417
299	433
300	303
300	415
300	532
301	335
303	344
303	400
303	580
304	421
304	533
305	306
305	409
305	444
305	551
305	585
306	378
306	595
307	320
307	348
307	444
307	500
308	360
308	469
310	364
311	374
311	421
311	455
311	564
312	470
313	403
314	519
314	545
315	350
316	360
316	505
317	390
318	440
318	473
320	364
320	553
320	588
321	326
323	364
323	421
324	371
324	381
324	500
326	359
326	365
326	553
327	506
327	548
328	583
329	463
329	472
329	575
329	580
330	499
330	523
331	366
331	397
331	492
331	495
332	369
332	397
333	433
333	438
333	515
333	537
333	576
334	593
336	474
336	489
336	568
338	373
338	478
340	374
340	547
341	449
341	511
342	423
344	381
345	384
345	596
346	424
346	464
348	372
349	379
349	435
349	436
349	510
349	547
349	577
350	453
350	500
351	423
352	354
352	355
354	368
354	450
354	543
355	381
355	402
357	360
357	515
358	367
358	514
358	580
359	494
360	502
361	374
361	394
362	453
364	446
364	589
365	416
365	439
366	410
366	475
367	403
367	508
368	520
369	405
369	408
370	493
372	397
372	500
372	579
373	405
373	412
373	520
377	532
379	380
379	430
379	461
379	507
381	457
381	509
383	420
383	453
383	595
386	441
386	451
386	564
387	481
387	491
387	596
388	534
388	577
388	589
389	523
389	539
394	488
394	522
395	419
396	407
396	467
396	570
397	430
398	424
398	592
399	520
399	528
401	406
402	418
402	462
402	563
403	406
403	481
404	445
404	527
405	454
407	450
407	461
407	577
414	440
414	515
415	527
416	525
420	425
420	459
420	509
421	517
422	448
423	465
423	477
423	583
425	499
427	437
428	440
428	500
428	542
429	453
430	496
430	566
431	502
432	461
433	481
433	543
435	481
435	592
436	543
436	548
437	502
438	454
439	478
439	564
440	456
441	503
441	535
442	487
442	586
443	506
446	566
447	455
447	471
447	594
448	554
449	456
452	501
453	489
453	527
455	461
455	569
455	581
457	551
458	546
459	579
461	542
462	487
465	470
465	509
467	478
468	519
468	549
470	530
472	497
472	534
473	488
473	589
473	591
474	513
474	580
476	566
478	569
478	582
480	535
480	589
482	556
485	531
486	590
488	505
489	545
492	559
498	568
502	590
504	512
504	564
505	548
508	540
509	575
509	587
511	530
512	531
512	595
515	523
515	544
516	553
526	542
527	548
527	580
530	598
533	544
534	541
534	587
536	551
536	552
537	538
538	539
538	556
538	598
539	542
539	544
539	595
551	562
551	585
554	591
556	564
556	592
558	569
561	580
567	591
573	592
577	583
578	582
585	587