0	100
0	198
0	222
0	431
1	233
1	271
1	292
1	311
1	478
1	492
2	64
2	116
2	533
3	32
3	268
3	303
3	428
3	554
4	14
4	33
4	79
4	82
4	169
4	278
5	70
5	281
5	402
5	561
6	15
6	190
7	43
7	221
7	348
7	387
8	36
8	46
8	227
8	287
8	292
8	299
8	312
8	408
9	13
9	99
9	228
9	451
10	242
10	477
10	542
11	223
11	358
11	386
11	419
12	47
12	358
12	365
12	436
12	441
12	462
12	482
13	37
13	119
13	275
13	300
13	413
13	549
14	179
14	280
14	331
14	399
14	431
14	461
15	95
15	238
15	287
15	304
15	522
16	99
16	288
16	519
17	326
17	456
17	531
17	559
17	584
18	130
19	59
19	516
20	230
20	417
20	488
20	552
21	104
21	366
21	583
22	269
22	282
23	60
23	80
23	128
23	538
24	73
24	143
24	160
24	272
25	100
25	163
25	485
25	506
26	77
26	177
26	193
26	289
26	319
26	403
26	479
27	163
27	227
27	273
27	339
27	418
28	64
28	247
28	342
28	372
28	473
28	553
29	91
29	479
29	533
30	113
30	192
31	283
31	325
32	190
32	233
32	347
32	378
32	417
32	555
33	100
33	232
33	500
34	39
35	197
35	326
35	418
35	483
36	114
36	122
36	208
36	313
36	555
37	52
37	240
37	255
37	506
37	528
37	531
38	159
39	70
39	243
39	457
39	475
39	562
40	211
40	367
41	170
41	299
41	333
41	523
41	562
42	278
42	364
42	372
42	480
43	169
43	562
44	60
44	142
44	177
44	241
44	270
44	486
45	221
45	352
45	542
46	67
46	182
46	188
46	189
46	550
47	186
47	228
47	235
47	298
47	404
47	425
47	447
47	532
48	148
48	170
48	250
48	253
48	255
48	301
49	75
49	139
49	162
49	294
49	321
49	571
50	67
50	314
50	374
50	405
51	199
51	479
51	524
52	132
52	179
52	208
52	351
52	437
53	95
53	183
53	256
53	336
53	423
53	453
53	462
54	339
55	402
55	492
56	116
56	467
56	481
57	328
57	334
57	549
57	584
58	231
59	72
59	136
59	325
59	356
59	537
60	81
60	519
60	525
61	160
61	513
61	546
61	586
62	191
62	280
62	332
62	520
63	200
63	203
63	220
63	442
64	119
64	223
64	293
64	315
65	120
65	257
65	461
65	528
66	513
67	450
67	500
67	515
68	153
68	308
68	391
69	331
69	366
69	385
69	494
69	495
70	71
70	85
70	259
70	363
72	235
72	456
72	596
73	91
73	207
74	359
74	406
74	467
75	335
75	358
75	365
76	78
76	92
76	403
76	490
77	114
77	232
77	507
77	570
78	114
78	120
78	145
78	300
78	328
78	451
79	140
79	153
79	166
79	509
80	289
80	322
80	409
81	139
81	361
81	541
82	414
82	496
82	521
82	522
82	575
83	100
83	139
83	173
83	312
83	498
84	89
84	254
84	280
84	377
84	411
84	429
85	349
85	361
85	571
86	459
86	527
87	495
88	481
89	103
89	138
89	462
89	523
89	567
90	234
90	353
90	392
91	194
91	230
91	248
91	504
92	243
92	260
92	480
93	405
93	502
93	529
94	288
95	260
95	381
95	395
95	469
96	354
96	574
97	182
97	240
97	347
97	412
97	502
97	592
98	430
98	527
99	409
99	572
99	596
100	201
100	310
100	318
100	560
101	127
102	271
102	311
102	497
102	505
102	549
103	129
103	214
103	235
103	262
103	370
104	219
104	420
105	245
105	312
105	399
105	586
106	313
106	586
107	164
107	282
107	361
107	493
107	530
108	384
109	285
109	459
109	461
109	580
110	142
110	264
110	431
110	474
110	492
110	523
110	596
111	158
111	359
111	507
111	530
112	122
112	258
112	430
113	199
114	206
115	230
115	282
115	364
115	549
115	555
116	133
116	339
116	421
117	146
117	253
117	281
117	293
117	574
118	139
118	157
118	216
118	384
118	408
119	541
121	216
121	225
121	229
121	546
122	330
122	502
123	223
123	373
123	381
123	560
124	377
124	489
124	539
124	561
125	147
125	594
126	190
126	262
126	345
126	487
127	152
127	344
127	465
127	574
128	343
128	371
128	535
129	156
129	498
130	321
130	466
130	598
131	225
131	227
131	253
131	267
132	216
132	251
132	260
133	185
133	314
133	378
133	582
134	143
134	165
134	574
135	232
135	385
135	388
135	403
135	523
136	246
136	437
136	583
137	203
137	322
137	443
137	503
137	561
138	235
138	295
138	423
138	464
139	221
139	246
139	325
139	481
140	509
141	513
142	349
142	424
142	487
142	574
144	548
145	218
145	354
145	530
146	292
146	415
146	433
147	405
147	520
147	574
147	598
149	389
150	458
150	489
151	215
151	279
151	305
151	363
152	173
152	183
152	240
152	295
152	419
153	351
154	306
154	315
154	412
155	521
156	231
156	420
157	436
157	445
158	487
159	217
160	187
160	189
160	255
160	304
160	313
160	419
160	438
160	591
161	172
161	238
161	252
161	496
162	281
162	319
162	512
163	164
163	240
163	251
163	340
163	389
165	232
165	279
165	336
165	390
165	536
167	346
167	368
167	542
168	245
168	299
168	405
168	573
169	211
169	227
169	344
169	350
169	441
169	513
170	303
170	375
170	461
171	303
171	357
171	469
171	554
171	568
172	552
173	175
173	347
173	388
173	577
174	249
175	203
175	236
175	257
175	459
175	476
175	503
175	507
175	585
176	234
177	186
177	230
177	437
178	238
178	495
179	332
179	450
180	384
180	567
181	302
181	394
182	211
182	238
182	241
182	264
183	365
183	470
184	271
184	314
184	485
184	556
184	572
185	245
185	366
185	434
185	478
186	310
186	357
186	420
186	494
186	535
187	293
187	311
187	438
187	489
187	494
188	428
188	500
189	299
189	405
189	561
190	479
190	524
190	548
190	590
191	402
191	502
192	300
192	471
192	514
193	204
193	484
193	537
194	240
194	327
195	290
195	332
195	343
195	354
195	409
196	377
196	457
197	223
197	380
197	459
198	277
199	225
199	390
199	394
199	431
200	407
200	471
200	516
201	250
201	271
201	312
201	313
201	377
201	410
202	219
203	396
203	401
203	526
204	390
204	434
204	588
204	597
205	340
206	304
206	318
206	377
206	480
206	494
207	247
207	360
208	247
208	258
208	295
208	430
209	359
209	371
209	435
210	217
210	291
210	309
210	555
212	300
213	332
213	360
213	466
214	273
214	455
214	486
214	527
214	537
215	333
215	448
215	564
216	263
216	379
216	513
216	516
217	348
218	285
218	509
219	526
220	349
220	445
220	599
221	307
221	321
221	578
222	398
222	400
222	404
222	558
222	570
223	300
224	322
224	381
225	448
225	554
226	350
226	444
226	491
226	535
226	585
227	319
227	324
228	384
228	480
228	567
228	585
230	318
230	524
230	545
230	566
231	347
231	400
231	406
231	569
232	311
232	432
233	454
233	542
233	574
234	354
234	372
234	438
234	500
235	520
236	283
236	335
236	475
236	530
236	583
236	597
237	303
237	325
237	423
237	589
238	271
238	406
239	381
239	382
239	518
240	465
240	585
240	593
241	360
241	556
243	260
244	245
244	333
244	360
244	494
245	256
245	524
246	303
246	401
246	461
246	478
246	518
247	332
247	507
248	431
250	353
250	376
250	531
250	596
251	377
251	448
251	547
252	284
252	316
252	500
253	294
253	353
253	443
253	489
253	531
253	574
254	335
255	299
255	404
255	537
256	365
256	529
256	575
258	279
259	372
260	317
260	531
261	433
262	362
262	502
262	573
263	328
264	338
264	390
264	403
264	470
264	565
264	588
265	404
265	451
265	469
265	509
266	311
267	305
268	375
269	323
269	380
269	406
269	516
269	595
270	315
270	340
270	555
270	599
271	502
271	510
271	560
272	485
272	551
273	397
273	466
273	484
274	495
275	354
275	426
275	588
276	419
277	278
278	289
278	501
279	354
279	538
280	335
280	369
280	421
281	305
281	357
281	374
281	432
281	457
281	572
281	590
282	479
282	559
283	342
284	289
284	465
284	471
284	550
285	292
285	530
286	378
286	379
286	520
286	553
286	556
287	298
287	563
290	460
291	534
291	545
293	447
293	494
293	523
293	543
294	339
294	354
294	363
294	422
294	455
295	317
295	393
295	481
295	591
296	445
296	499
296	517
296	532
297	396
298	327
298	438
299	313
299	378
299	507
300	333
300	344
300	460
300	521
301	401
301	493
302	360
302	474
302	494
303	387
303	581
305	317
305	340
305	378
305	386
306	310
306	474
306	533
306	552
307	473
308	498
308	540
308	577
309	380
309	599
310	331
310	472
310	491
312	344
312	430
312	536
312	583
314	478
315	567
315	569
317	341
318	340
319	326
320	420
320	440
320	456
320	523
320	593
322	326
322	438
322	494
322	567
323	443
323	470
323	487
324	408
324	492
325	464
325	474
326	337
326	461
326	481
327	368
327	515
327	574
328	471
328	543
329	407
330	343
330	358
331	427
331	433
332	371
333	462
333	499
334	424
335	379
336	388
336	397
336	524
337	351
337	434
340	413
342	355
342	434
342	479
342	487
342	584
343	369
343	411
345	599
346	530
347	571
348	401
348	433
348	492
349	360
349	399
349	443
349	556
350	529
352	420
353	435
353	546
354	370
355	491
356	417
356	532
360	432
360	524
360	537
361	476
362	366
362	511
363	552
364	414
364	445
365	411
365	520
366	424
366	559
367	409
367	418
367	487
368	389
368	478
369	423
369	557
369	563
373	503
374	452
375	575
376	389
376	452
376	591
377	384
377	434
378	580
379	428
380	412
383	461
383	473
383	499
384	385
384	397
385	445
386	407
386	416
386	512
388	397
388	466
388	524
389	443
390	557
391	403
392	429
394	580
396	597
397	499
400	448
401	444
401	587
402	457
402	549
403	517
404	408
405	580
407	433
407	567
408	471
409	511
411	572
411	574
412	418
412	528
413	462
413	556
414	424
414	455
414	552
414	575
417	509
418	447
418	485
419	508
419	519
419	536
420	431
420	513
422	570
422	573
425	590
427	532
427	568
428	562
429	573
431	456
432	494
432	499
434	488
434	508
437	563
437	571
437	575
437	579
438	485
438	494
438	495
438	527
439	597
440	470
441	481
441	517
443	572
444	464
446	483
446	493
446	522
446	555
447	546
447	548
449	502
450	505
450	566
450	577
451	577
452	454
452	504
456	543
456	576
457	460
457	576
457	582
457	585
458	478
458	522
458	558
460	474
461	530
463	548
463	550
463	575
464	467
466	535
468	540
469	490
476	507
479	493
484	493
484	575
485	516
486	556
487	549
491	572
493	541
495	567
495	577
498	535
503	576
508	587
510	517
510	519
510	523
510	527
510	591
524	560
525	583
529	547
533	534
543	561
544	590
545	590
549	562
557	577
562	582
564	597
568	585
574	590
575	593
576	584
585	586
590	593
590	595