0	476
1	163
2	145
2	367
2	581
3	50
3	241
3	316
3	414
3	428
3	433
4	166
4	173
4	178
5	134
5	142
5	182
5	292
5	472
5	485
5	494
6	461
6	554
7	152
7	154
7	173
7	214
7	276
7	423
7	524
7	527
8	129
8	248
8	411
8	438
8	495
9	49
9	253
9	405
10	84
10	88
10	119
10	220
10	350
11	318
11	572
12	279
12	293
12	322
13	229
13	284
13	378
13	380
14	241
14	305
14	359
14	389
14	486
14	520
14	546
14	591
15	304
15	329
15	372
15	442
15	537
15	543
16	138
16	265
16	367
16	421
16	555
17	130
17	361
18	288
18	468
19	39
19	98
19	355
19	369
20	187
20	192
20	288
20	313
20	596
21	213
22	243
22	283
22	292
22	486
22	569
22	580
23	347
23	389
23	460
23	529
24	389
25	93
25	210
25	220
26	154
26	256
26	340
26	440
27	53
27	210
27	385
27	433
27	439
28	58
28	168
29	139
29	252
29	293
29	314
29	507
29	598
30	325
30	331
30	512
31	61
31	137
31	246
31	359
31	388
31	479
32	202
32	345
32	550
33	168
33	442
33	474
34	35
34	314
34	444
34	461
34	517
34	590
35	417
35	427
35	463
35	517
35	559
36	478
36	548
37	58
37	197
37	480
38	481
38	587
39	106
39	474
39	478
40	99
40	264
40	267
40	273
41	157
41	249
41	469
41	520
42	200
42	440
42	441
42	494
42	502
42	593
43	57
43	249
43	373
43	599
44	95
44	128
44	201
44	475
45	200
45	240
45	383
45	451
45	545
45	579
46	277
46	489
47	310
47	372
48	102
48	144
48	411
49	133
49	293
49	370
49	453
50	65
50	145
50	251
50	281
50	503
50	538
50	576
50	592
51	108
52	122
52	222
52	290
52	388
53	268
53	351
53	364
53	421
53	521
54	218
54	255
54	277
54	400
54	424
55	459
55	549
56	395
58	89
58	390
58	433
59	60
59	187
59	231
59	232
59	352
59	531
60	559
60	563
61	179
61	282
61	419
62	79
62	129
62	382
62	425
63	328
63	379
64	99
64	322
64	354
65	231
65	234
65	346
65	384
65	512
65	536
66	75
66	93
66	137
66	214
66	382
66	478
66	530
66	593
67	220
67	238
67	585
68	264
68	333
69	158
69	167
69	213
69	368
69	416
69	443
70	85
70	372
70	405
71	106
71	318
72	91
72	364
72	523
73	180
73	278
73	470
73	505
73	550
74	143
74	182
74	198
74	293
74	295
74	389
75	366
75	595
76	391
76	420
77	127
77	260
77	290
77	292
77	316
77	344
77	386
78	135
78	143
78	491
79	128
79	321
80	155
80	156
80	194
80	372
81	178
81	202
81	491
81	593
82	87
82	374
82	484
82	547
83	135
83	335
83	362
83	409
83	576
84	345
84	457
85	271
85	292
85	312
86	177
86	232
86	424
87	231
87	462
87	494
87	518
88	199
88	210
88	425
88	462
89	97
89	120
89	407
89	419
89	424
89	499
90	464
90	540
91	146
91	192
91	335
91	594
92	127
92	477
92	498
92	516
92	577
92	591
93	289
93	323
93	528
94	151
94	235
94	243
94	329
94	511
96	176
96	199
96	275
96	394
96	493
96	549
98	329
99	143
99	267
100	203
100	417
100	514
100	593
101	115
101	223
101	366
101	455
102	477
102	519
103	215
103	287
103	315
103	361
103	489
104	252
105	163
105	202
105	303
106	264
106	544
106	554
106	591
107	204
107	370
107	381
107	548
107	560
108	171
108	291
109	438
109	449
110	146
110	151
110	236
110	591
111	264
111	358
112	228
112	512
113	261
113	346
113	540
113	548
114	183
114	248
114	258
114	583
115	240
115	298
115	535
115	585
116	180
116	396
116	435
116	505
117	122
117	148
117	477
117	552
118	205
118	436
119	395
119	557
120	252
120	337
120	496
120	521
121	464
122	168
122	273
122	339
122	489
122	497
123	345
123	401
123	462
124	136
124	269
124	419
124	564
125	347
125	410
125	421
125	456
126	290
126	585
127	155
127	346
127	516
127	555
128	220
128	236
128	318
128	412
129	183
129	240
129	486
129	520
129	571
130	579
131	269
131	482
131	531
132	174
132	257
132	543
133	238
133	357
133	405
134	188
134	208
134	285
134	599
135	305
135	514
135	522
136	545
137	266
137	441
137	442
137	474
138	148
138	203
138	437
138	501
139	206
139	210
139	219
139	308
139	530
140	177
140	181
140	288
140	468
140	529
140	539
141	289
141	493
141	579
142	443
143	282
143	318
143	356
143	510
143	528
143	545
143	553
144	160
144	282
144	284
144	537
144	559
145	165
145	477
146	188
146	327
146	355
146	362
146	381
147	207
147	233
147	346
147	372
148	476
148	477
148	538
149	235
150	413
151	156
151	533
152	181
152	192
152	550
153	242
153	412
153	451
153	574
153	594
154	181
154	466
155	273
155	325
155	468
155	498
155	527
156	273
156	375
156	582
157	214
157	319
157	520
158	291
159	231
159	246
159	253
159	277
159	374
159	400
159	480
159	541
159	572
160	179
160	283
160	284
160	477
160	509
160	532
160	536
161	265
161	484
162	417
164	213
164	244
164	325
164	349
164	443
164	515
165	343
165	345
165	348
165	394
165	599
166	424
167	247
167	378
167	491
167	531
168	193
168	362
168	401
168	418
168	432
168	525
168	595
169	392
169	396
170	244
170	250
170	289
170	345
170	537
171	189
171	372
172	242
173	177
173	243
173	510
173	537
173	588
174	195
174	415
174	418
174	599
175	193
175	272
175	341
175	565
176	588
177	239
177	282
177	346
177	469
177	527
178	237
178	291
178	388
178	437
178	515
178	587
179	213
179	387
179	529
179	599
180	183
180	467
180	509
181	204
181	360
181	565
183	184
183	200
183	208
183	305
183	502
183	571
184	536
185	249
186	341
186	394
186	415
186	440
186	477
186	587
187	284
187	572
188	268
188	319
188	366
188	400
188	523
188	555
189	296
189	474
189	511
189	590
190	301
191	364
192	232
192	324
192	530
192	584
193	295
193	329
194	356
194	365
194	396
194	465
195	202
195	213
195	556
196	222
197	240
197	338
197	494
197	531
198	359
199	233
199	265
199	304
199	426
199	487
199	533
199	588
200	320
200	488
200	551
200	556
201	271
201	297
201	351
201	520
202	277
202	296
202	570
203	281
203	387
204	457
204	541
205	362
205	401
205	512
206	238
206	560
207	264
207	451
207	498
207	549
208	461
208	569
209	476
209	478
211	326
212	224
212	287
212	317
212	504
213	222
213	287
213	426
213	463
214	538
214	599
215	522
216	265
216	368
216	419
216	468
216	595
217	238
217	293
217	485
217	542
218	462
218	474
218	512
219	373
219	454
220	575
221	460
222	268
222	287
222	328
222	472
223	261
223	360
224	285
224	331
224	563
224	586
225	286
225	518
226	262
226	282
226	490
226	533
226	599
227	302
227	418
227	461
228	498
228	502
228	538
229	313
229	570
230	384
231	256
232	321
232	341
232	379
232	420
232	531
232	588
233	534
233	563
234	257
234	558
234	598
236	385
236	497
237	541
238	314
238	543
239	400
239	452
239	498
241	397
241	420
242	277
242	594
243	281
243	584
244	551
245	268
245	269
245	280
245	286
246	291
246	317
246	422
246	499
248	358
248	507
250	339
250	346
250	577
251	519
251	590
252	276
252	399
253	264
253	274
253	379
253	571
254	325
254	410
254	434
255	273
255	355
255	582
256	536
257	463
257	495
258	589
259	410
259	479
260	378
260	412
260	415
261	473
262	459
262	578
263	300
263	415
263	429
264	400
264	574
265	475
265	566
266	564
267	277
267	439
267	502
268	362
268	402
268	491
269	369
269	465
269	590
270	366
271	273
271	404
271	456
271	518
272	374
272	572
273	274
274	471
274	525
275	282
275	334
275	562
276	334
276	435
278	297
278	309
278	412
278	494
278	552
279	284
279	365
279	476
280	333
280	366
281	582
282	434
283	306
283	320
283	359
283	391
284	353
284	368
284	415
284	505
284	517
284	549
285	330
285	468
287	335
287	485
287	539
288	360
289	484
290	331
290	454
290	465
290	568
291	337
291	403
291	550
293	407
294	306
294	362
296	419
297	317
297	383
297	406
298	389
298	390
298	525
299	339
299	364
299	439
300	336
301	585
302	355
302	566
303	510
303	532
304	363
304	498
305	589
306	365
306	377
306	385
306	404
306	531
307	408
307	416
308	404
308	494
309	370
309	442
310	368
310	453
310	575
311	319
311	452
312	403
312	468
312	593
313	525
314	418
315	347
315	555
316	407
316	492
316	558
316	579
317	500
317	576
319	327
319	430
319	452
320	434
320	441
320	475
321	546
321	575
322	381
322	449
322	473
323	477
325	553
326	426
326	524
326	526
326	581
328	570
329	527
329	589
330	380
330	387
330	448
330	457
330	556
330	580
331	424
331	497
331	575
331	597
332	375
332	455
332	468
333	366
333	447
333	527
333	585
335	548
336	338
336	490
337	464
339	356
339	471
339	491
340	388
340	531
341	374
341	386
341	463
342	383
343	474
344	458
344	544
346	499
346	556
347	418
347	541
348	405
348	538
349	509
350	365
350	414
351	468
352	414
352	553
354	468
355	383
355	524
355	525
356	390
356	564
357	392
357	439
357	565
358	521
359	438
360	471
360	524
361	520
361	523
362	481
363	426
364	377
364	496
366	413
366	468
368	509
370	389
370	409
370	469
370	506
370	571
371	423
371	534
371	545
371	568
372	413
373	375
373	532
373	575
374	425
375	380
376	398
376	402
376	470
376	552
376	573
377	489
377	523
377	575
378	471
380	409
381	439
381	467
382	433
382	472
383	539
384	554
385	478
386	413
386	558
387	478
387	597
388	567
388	580
389	497
390	448
390	518
390	523
390	590
391	401
391	417
391	427
391	476
392	402
392	546
393	397
393	508
393	518
393	569
394	415
394	509
395	443
395	548
396	585
397	516
397	517
400	441
400	582
402	445
406	582
408	425
408	488
409	490
409	580
410	445
410	550
412	442
412	571
413	532
414	440
414	521
415	506
417	437
418	430
418	537
419	543
419	549
420	546
421	465
421	495
423	549
424	515
424	566
425	473
426	595
427	477
428	575
429	481
431	495
431	531
432	454
432	481
435	574
439	507
440	530
443	445
444	463
444	490
446	528
448	536
449	461
450	473
451	452
451	477
451	518
452	527
452	528
453	597
455	494
457	527
459	494
460	468
460	592
463	542
463	575
467	547
471	504
472	584
473	578
474	552
475	537
476	570
478	488
481	559
483	559
486	551
490	509
498	580
500	520
500	532
501	507
502	550
503	539
503	562
504	538
508	516
508	581
510	561
513	559
515	542
515	581
516	571
520	535
520	597
521	562
521	587
525	574
528	585
529	589
530	531
534	595
535	540
535	547
535	580
545	551
546	596
550	580
552	554
555	589
557	584
568	577
569	578