0	8
0	166
0	218
1	28
1	43
1	132
1	391
1	476
2	171
2	536
2	584
3	161
3	171
3	287
3	579
4	27
4	128
4	293
4	380
4	577
5	14
5	106
6	51
6	62
6	311
6	497
6	552
6	597
7	294
7	300
8	498
9	225
9	435
9	450
10	200
10	236
10	265
10	479
10	575
11	57
11	58
11	75
11	106
11	292
11	335
11	523
12	373
12	473
13	135
13	192
13	387
14	195
14	399
14	440
14	525
15	67
15	86
15	134
15	467
15	530
15	585
16	199
16	299
17	59
17	153
17	452
17	493
17	509
17	542
18	25
18	27
18	110
18	152
18	370
18	483
18	526
18	533
18	562
19	175
19	399
19	494
19	543
19	573
20	74
20	132
20	175
20	498
21	147
21	283
21	294
22	588
23	140
23	176
23	228
23	317
24	387
24	473
24	574
25	155
25	182
26	63
26	118
26	345
27	39
27	94
27	104
27	334
27	350
27	575
28	116
28	213
28	282
28	351
29	32
29	156
29	187
29	463
29	593
30	257
30	438
31	81
32	43
32	49
32	349
32	394
32	449
32	570
33	373
33	491
33	572
34	88
34	104
34	119
34	172
34	212
34	269
34	455
34	468
35	322
35	359
35	438
35	463
35	595
36	131
36	344
36	573
37	229
37	343
38	447
39	230
39	315
39	371
39	440
39	493
39	571
40	102
40	114
40	230
40	320
40	420
40	517
40	554
40	559
40	586
41	201
41	243
41	290
41	557
42	351
42	536
42	541
42	547
43	321
43	389
43	560
44	274
44	456
45	87
45	154
45	303
46	112
46	371
46	461
46	480
47	143
47	295
47	397
47	568
48	199
48	277
48	297
48	315
48	406
48	431
48	484
48	562
49	87
49	146
49	204
49	304
49	374
49	429
50	127
50	176
50	368
50	398
50	477
51	117
51	173
51	206
51	323
51	346
51	349
51	475
51	546
52	235
52	411
52	526
53	70
53	340
53	476
53	546
54	234
54	280
54	291
55	97
55	223
55	549
56	224
56	352
56	372
56	434
57	62
57	445
57	484
57	493
57	553
58	60
58	158
58	183
58	369
58	379
59	407
60	381
60	415
60	439
60	497
60	526
61	132
61	151
61	232
61	468
61	582
62	179
62	188
62	189
62	201
62	269
62	392
62	407
62	439
62	545
63	335
63	416
63	550
64	392
65	525
66	264
66	507
66	569
67	176
67	229
67	522
68	414
68	575
69	410
70	74
70	227
71	185
71	208
71	213
71	357
71	403
71	507
72	78
72	190
72	211
72	338
72	527
73	172
73	186
73	288
73	394
74	88
74	237
75	446
76	258
76	285
76	409
76	425
76	594
77	97
77	111
77	171
77	196
77	375
78	109
78	236
78	345
78	438
79	203
79	209
79	358
79	484
79	492
80	162
80	305
80	504
81	162
81	252
81	257
81	331
81	527
82	143
82	403
83	200
83	205
84	497
84	569
85	99
85	202
85	218
85	446
85	449
85	556
86	148
86	386
86	417
87	302
87	462
87	563
88	138
88	259
88	349
88	549
88	584
89	583
90	240
90	333
90	341
90	492
91	149
91	261
91	275
91	351
91	509
92	123
92	180
92	192
92	316
92	431
93	179
93	183
93	454
93	472
93	489
94	376
94	392
94	461
94	465
94	519
95	110
95	278
95	306
95	441
95	527
95	580
96	425
97	180
97	310
97	409
97	479
97	552
98	248
98	310
98	434
98	501
98	570
99	170
99	207
99	465
100	181
100	223
100	289
100	448
101	131
101	188
102	454
102	485
103	130
103	204
103	294
103	304
103	349
104	393
104	454
104	507
105	215
105	473
105	494
106	208
106	343
106	484
107	240
107	365
108	136
108	244
108	356
108	373
108	581
109	240
109	287
111	290
111	385
111	403
111	447
111	488
111	508
112	324
112	537
112	565
113	138
113	154
113	291
113	383
113	448
113	478
115	182
115	397
116	343
116	393
116	449
116	468
116	590
117	279
117	360
117	517
117	580
118	119
118	357
119	135
119	153
119	197
119	215
119	261
119	493
119	548
120	135
120	292
120	315
120	543
120	547
121	233
122	393
122	417
122	510
123	181
123	234
123	275
123	338
123	410
123	449
123	474
124	137
124	160
124	203
124	283
124	497
125	146
125	327
125	462
126	164
126	251
126	469
126	590
127	194
127	583
128	167
128	257
128	315
128	400
128	440
128	540
129	372
129	414
130	308
130	446
130	481
130	499
131	278
131	338
131	486
131	576
132	194
132	526
133	145
133	171
133	188
133	314
133	325
133	380
133	447
133	482
134	298
134	375
134	423
134	473
134	485
135	256
135	559
136	154
136	167
136	260
136	341
136	350
136	423
137	410
137	421
137	446
137	571
138	176
138	332
138	370
138	464
138	535
138	547
139	198
139	458
140	182
140	457
140	522
141	181
141	347
141	360
141	572
142	179
142	347
142	397
142	427
142	508
143	249
144	195
145	221
145	252
145	558
146	242
146	286
146	570
147	471
148	213
148	300
148	354
148	432
148	496
149	206
149	311
149	330
149	374
149	558
149	569
150	382
151	224
151	273
151	313
151	314
151	410
152	195
152	511
153	218
153	304
153	331
153	584
154	250
154	469
155	156
155	196
155	249
155	324
156	206
156	392
156	504
157	250
158	284
159	171
159	220
159	384
159	412
160	181
160	242
161	163
161	404
161	414
161	423
162	301
162	568
162	582
163	367
163	391
163	453
164	219
164	316
164	502
164	517
164	572
165	250
165	294
165	295
166	250
166	393
166	528
166	549
167	415
167	535
167	581
168	213
169	180
169	312
169	370
169	471
169	543
170	207
170	273
170	391
170	416
170	443
170	572
171	181
171	299
171	535
172	257
172	261
172	450
172	485
172	552
173	315
173	381
173	382
173	387
173	478
173	551
174	231
175	313
176	285
176	308
176	441
176	521
177	235
177	317
177	544
177	593
178	187
178	277
178	379
178	387
178	424
179	343
179	582
179	588
180	193
180	297
181	206
181	207
181	439
181	441
181	551
181	552
182	474
183	304
183	401
184	494
184	586
185	263
185	373
185	538
186	386
186	458
186	508
187	255
187	409
187	490
188	327
188	349
188	364
188	454
189	222
189	240
189	584
190	476
190	512
191	217
191	237
191	271
191	285
191	295
191	431
191	465
191	567
192	206
192	451
192	587
193	276
193	466
194	469
194	564
195	551
196	384
196	407
197	274
197	330
197	336
197	436
197	528
198	202
198	230
198	383
198	590
199	343
199	529
200	296
200	408
200	438
201	210
201	242
202	252
202	439
202	486
203	213
203	521
204	329
204	342
205	350
205	378
205	481
205	527
205	570
206	388
207	210
207	274
207	392
207	517
208	554
209	307
209	533
210	418
212	411
212	485
212	496
212	572
212	587
213	261
213	353
214	363
214	474
214	591
215	423
215	440
215	531
216	316
216	318
216	426
216	547
217	242
217	360
217	366
218	222
218	416
218	417
219	345
219	382
219	458
219	512
219	526
220	419
220	556
221	395
222	261
223	265
223	308
223	512
224	303
224	480
224	504
224	527
225	339
226	324
227	237
227	391
228	236
228	287
228	470
228	485
230	384
231	279
231	294
231	478
231	529
231	599
232	548
232	581
233	359
233	554
234	409
234	560
234	569
235	558
236	478
236	522
236	547
236	594
237	239
237	567
238	310
238	349
239	262
239	372
239	396
240	490
240	502
241	257
241	336
241	411
241	553
242	418
242	445
243	457
243	494
243	551
244	338
244	565
245	268
245	316
245	349
245	370
246	296
246	311
246	457
246	579
247	271
247	487
248	328
248	399
248	472
248	481
249	347
249	398
249	427
249	539
250	393
250	452
250	486
250	524
251	432
251	515
251	595
253	493
253	566
254	485
255	294
255	315
255	400
255	502
255	599
256	514
257	297
257	364
257	531
258	275
258	361
258	463
258	557
258	588
259	281
259	287
259	322
259	396
259	440
260	290
262	320
262	437
262	483
262	501
262	535
263	272
263	306
263	349
263	364
263	528
264	514
265	271
265	383
265	487
266	597
267	271
267	338
267	438
268	313
268	401
268	538
269	271
269	339
269	356
269	470
269	503
270	287
270	308
270	323
270	458
270	574
272	368
272	371
272	377
272	380
273	425
273	501
274	428
275	320
275	494
276	334
276	360
276	423
276	456
276	584
278	476
278	488
278	509
279	310
279	362
279	489
279	502
280	375
280	406
280	411
280	465
280	495
281	388
281	496
282	333
282	444
282	573
283	410
283	510
284	297
284	545
285	416
285	515
286	399
286	427
286	440
286	560
287	482
288	594
291	373
291	546
292	332
292	436
292	450
293	307
293	319
293	349
294	390
294	438
294	575
295	556
296	474
296	517
297	335
297	396
297	404
299	593
300	370
300	583
302	415
302	490
302	530
303	357
303	401
305	499
305	515
305	574
306	309
307	457
308	312
309	344
309	444
311	529
311	575
313	334
313	563
313	571
314	429
317	332
317	355
317	390
317	513
320	528
322	433
322	573
323	371
323	562
324	405
325	441
325	513
325	528
325	585
326	379
326	547
326	555
327	332
327	499
330	349
330	412
331	373
331	582
334	487
336	565
337	411
338	431
338	478
338	575
339	370
339	550
340	448
340	558
341	401
342	500
343	442
343	514
344	368
344	404
344	434
344	517
344	529
344	599
345	400
345	562
347	381
347	564
348	442
348	552
350	457
350	464
351	516
353	396
353	408
353	473
353	481
353	518
354	420
355	366
355	392
356	566
357	409
357	431
357	498
357	574
359	555
359	577
359	598
360	364
361	423
361	467
363	419
363	484
364	445
364	527
364	532
365	380
365	521
365	539
366	387
366	599
370	500
371	422
371	451
372	397
372	590
372	591
373	442
373	527
374	571
376	495
376	497
378	407
378	431
379	480
380	516
380	581
381	439
381	476
382	398
382	469
383	416
383	436
383	465
383	483
383	499
383	509
384	403
384	513
384	589
387	430
387	509
388	401
388	452
388	500
388	521
389	525
390	420
390	527
392	413
392	503
393	448
393	467
393	471
394	431
394	491
394	570
395	404
395	480
395	574
396	402
396	448
396	533
396	584
399	404
399	423
401	465
401	533
402	431
402	456
403	408
403	460
406	448
406	455
410	509
411	473
411	510
412	418
412	419
412	540
412	558
414	571
415	536
417	432
417	495
418	510
420	480
423	592
425	519
425	540
428	531
428	595
429	430
429	452
429	534
430	501
431	518
433	511
433	590
434	460
435	541
436	517
437	506
439	471
439	487
439	507
440	524
441	509
442	457
443	465
443	468
443	484
443	488
445	448
445	511
445	549
445	565
447	496
448	595
449	482
450	473
451	484
451	485
451	521
451	593
453	517
453	535
456	565
456	599
457	566
458	474
458	599
459	510
459	573
459	597
460	485
460	520
460	579
462	566
463	588
467	494
467	559
468	571
468	580
469	531
471	472
471	518
472	536
472	593
473	572
474	547
476	496
477	497
479	593
480	596
482	493
482	599
484	599
486	535
489	531
489	566
493	500
494	544
494	589
498	568
499	532
499	593
500	543
504	532
504	584
505	561
505	568
508	525
510	511
510	584
513	566
515	552
516	557
522	581
522	596
523	596
525	563
526	576
526	582
527	560
536	566
537	543
539	590
540	578
541	574
543	586
544	580
544	584
545	556
548	586
550	557
555	591
557	585
566	596
569	594
574	576