0	110
0	294
0	321
0	366
1	102
1	213
1	218
1	279
1	376
2	313
2	316
2	370
2	445
2	453
3	91
3	186
3	348
3	443
3	591
4	239
4	248
4	252
4	327
5	180
5	215
5	225
6	167
6	253
6	293
7	69
7	346
8	325
8	330
8	366
8	369
8	472
9	92
9	420
10	294
10	383
10	393
10	455
10	500
10	557
11	125
11	309
11	383
11	577
12	234
12	254
12	481
13	489
14	121
14	212
14	588
15	117
15	246
15	356
16	158
16	272
16	380
17	387
18	114
18	599
19	222
20	160
20	242
20	454
20	560
21	560
21	594
22	191
22	318
22	476
22	510
23	141
23	180
23	389
23	421
23	491
23	563
24	216
24	517
25	32
25	57
25	68
25	104
25	370
25	554
26	101
26	191
26	240
26	376
26	481
26	497
27	577
28	266
28	296
28	549
29	357
29	416
30	43
30	149
30	151
30	177
30	215
30	432
31	275
31	322
31	590
31	596
32	134
32	225
32	248
32	345
32	352
33	255
33	279
33	556
34	284
34	338
34	507
35	82
35	86
35	180
35	181
35	349
35	417
35	591
36	108
36	216
36	453
37	114
37	247
37	297
37	347
37	398
37	403
38	559
39	70
39	81
39	129
39	163
39	321
39	498
40	203
41	146
41	392
41	445
41	566
42	466
43	60
43	107
43	439
43	510
44	185
44	245
44	446
44	596
45	119
45	262
45	316
45	337
45	412
45	490
46	47
46	172
46	173
46	380
46	469
46	517
47	92
47	426
48	434
48	505
48	541
49	59
49	443
49	498
50	256
50	545
50	582
51	71
51	283
51	357
52	158
52	430
52	517
53	396
54	136
54	188
54	351
54	593
55	159
55	223
55	312
56	201
56	402
56	408
56	519
57	153
57	291
57	506
58	153
58	221
58	321
58	369
59	240
59	263
59	406
59	469
59	589
60	131
60	145
60	273
60	295
60	319
60	426
61	96
61	204
61	278
61	479
61	558
62	316
62	318
62	319
62	505
63	107
63	135
63	309
63	321
63	448
64	132
65	298
65	310
66	72
67	163
67	165
67	175
67	376
68	120
68	277
68	294
68	307
68	594
69	306
69	360
70	237
70	324
70	454
70	456
70	526
72	238
72	440
72	489
73	109
73	162
73	282
73	424
74	120
74	375
74	557
75	85
75	148
75	164
75	508
75	512
75	586
76	349
76	425
76	464
76	479
77	233
77	449
77	558
78	180
78	251
78	284
78	500
78	556
78	581
78	587
79	87
79	204
79	382
79	467
79	547
79	560
80	252
80	266
80	534
80	597
80	599
81	179
81	272
81	308
81	426
81	433
82	400
82	548
83	260
83	330
83	350
83	396
84	410
85	210
85	211
85	310
85	341
85	402
86	158
86	178
86	543
87	240
87	409
87	523
88	511
88	523
89	216
89	287
89	477
90	97
90	518
91	107
91	196
91	408
92	505
92	588
93	161
93	282
94	460
95	576
96	207
96	373
97	132
97	169
97	364
98	254
98	263
98	304
98	356
98	388
98	394
99	104
99	406
99	507
99	585
100	198
100	199
100	239
100	267
100	407
100	493
100	583
100	595
101	126
101	335
101	352
102	234
102	291
102	505
102	520
103	123
103	447
103	481
104	552
104	562
105	110
105	295
106	257
106	286
106	312
106	460
106	595
107	157
107	190
107	211
107	342
107	471
107	565
108	164
108	342
108	366
108	466
109	182
110	266
111	249
111	564
112	562
113	174
113	315
113	453
113	568
114	372
115	183
115	215
115	226
115	441
115	509
116	227
116	479
117	170
117	174
117	397
117	488
117	506
118	533
118	598
119	476
120	160
120	531
120	558
121	155
121	426
121	427
122	320
122	358
122	423
122	527
123	176
123	358
123	372
123	385
123	481
123	598
124	439
124	452
124	456
124	472
125	150
125	590
126	191
126	247
126	266
126	385
126	471
126	533
127	274
127	381
128	157
129	403
129	460
129	539
130	207
130	278
130	283
130	401
130	403
130	511
130	543
131	135
131	156
131	172
131	247
131	388
131	583
131	599
132	195
132	252
132	290
132	425
132	432
132	519
132	592
133	159
133	183
133	233
133	282
133	515
133	522
133	554
133	586
134	159
134	375
134	438
134	539
134	567
135	153
135	298
135	354
135	377
135	458
136	153
136	366
136	512
137	189
137	193
137	254
137	297
137	474
138	256
138	383
138	388
139	239
139	429
139	571
140	301
141	527
142	344
142	482
143	149
143	211
143	535
144	182
144	401
144	485
144	523
146	426
147	186
147	364
147	553
148	579
149	361
150	307
150	384
150	561
151	157
152	257
152	320
152	426
152	590
153	314
154	164
154	186
154	197
154	389
156	264
156	397
157	200
157	364
157	365
158	189
158	221
158	259
158	406
158	490
158	550
158	596
159	281
159	353
160	363
161	500
161	540
161	599
162	407
162	421
162	566
163	164
163	310
163	509
163	514
164	363
164	413
164	598
165	216
165	364
166	359
166	585
167	338
167	363
167	373
168	242
168	283
168	423
169	432
169	568
170	198
170	319
170	559
171	407
172	442
172	538
173	564
174	354
174	408
174	467
174	523
174	528
175	262
176	193
176	195
176	234
176	373
177	195
178	196
178	222
178	326
179	292
179	517
179	553
180	362
180	367
180	430
180	433
180	480
181	255
181	266
181	374
181	424
182	439
182	478
182	504
182	522
182	597
183	211
183	238
183	395
183	447
183	455
183	480
183	579
184	249
184	316
184	374
184	549
185	377
186	228
186	418
186	432
186	518
187	190
187	414
187	455
187	499
187	524
187	536
188	377
188	595
190	373
190	595
191	193
191	305
192	564
193	292
193	402
193	468
193	553
193	588
194	330
194	455
194	558
195	395
196	386
196	472
196	478
196	563
196	577
197	597
198	210
198	320
200	286
200	567
200	581
200	593
201	485
202	423
202	465
203	338
203	350
203	421
203	492
205	340
205	461
206	331
206	465
207	278
207	351
207	370
208	239
208	514
208	551
209	211
210	252
210	364
210	501
210	558
211	449
212	283
212	320
212	396
212	509
213	389
213	473
213	597
214	250
214	425
215	222
215	514
216	478
216	517
216	592
217	557
218	390
218	512
218	589
219	292
219	352
220	234
220	493
221	230
222	309
222	318
222	327
222	348
222	562
222	568
223	282
223	326
223	465
224	238
224	514
225	272
225	344
225	370
226	375
226	405
227	359
227	366
227	385
227	514
228	486
229	502
229	596
230	514
230	593
231	333
232	519
232	562
233	409
234	331
234	362
234	519
234	531
235	267
235	374
235	407
235	483
236	487
236	518
236	552
237	385
238	244
238	353
238	357
239	345
240	365
241	341
241	348
242	288
242	315
243	420
244	320
244	425
245	560
246	361
246	376
246	399
246	488
247	251
247	353
247	469
248	288
249	300
249	547
250	460
250	593
252	470
253	258
253	269
253	286
253	448
253	495
253	498
254	323
254	331
254	455
254	570
255	529
256	259
256	317
256	510
256	589
257	283
257	331
257	529
258	367
259	371
260	378
260	508
261	264
261	331
261	383
261	430
262	361
263	472
264	491
265	366
265	406
265	409
266	498
266	519
267	494
267	501
267	550
268	295
268	317
269	493
270	273
270	349
270	382
270	576
270	599
271	423
271	434
272	337
273	277
274	539
274	588
275	320
275	392
275	437
276	465
277	441
277	568
278	331
278	375
279	587
280	354
280	407
280	545
280	591
281	541
281	579
282	392
282	540
283	430
283	569
284	299
284	484
285	426
285	478
285	558
286	375
287	297
288	420
289	387
289	429
289	556
291	334
294	545
295	376
295	453
296	439
296	582
296	583
297	426
297	462
298	492
298	520
299	372
299	450
300	566
301	390
301	463
302	304
302	515
303	394
303	482
303	486
303	555
303	566
304	428
304	482
306	444
307	327
307	490
308	483
308	593
309	363
309	371
309	437
309	479
309	575
311	349
311	471
312	492
314	490
314	502
314	545
314	579
315	349
316	436
317	328
317	347
318	514
318	560
319	339
319	448
319	501
320	352
320	409
322	353
322	510
323	370
323	380
323	439
325	549
326	395
326	552
327	387
328	350
328	422
328	589
329	353
329	382
329	427
329	433
329	580
330	481
330	509
330	571
332	395
333	552
335	398
335	558
336	459
336	525
337	537
337	594
338	397
338	416
338	467
338	559
340	443
340	555
341	536
341	577
342	462
343	346
344	556
344	580
345	520
346	363
346	450
346	464
346	541
347	368
347	395
348	442
348	539
349	450
350	369
350	525
350	590
351	516
352	390
352	561
353	572
355	399
355	482
356	549
356	594
357	588
358	368
358	582
359	427
359	502
359	527
359	588
360	378
360	522
362	373
362	472
362	576
363	432
363	458
364	558
366	465
366	546
367	589
369	408
369	435
369	577
370	540
371	396
372	379
372	434
372	537
372	541
373	420
373	435
373	458
373	509
373	566
374	416
375	402
375	462
375	543
376	386
378	439
378	544
378	552
379	579
380	389
380	474
381	528
381	583
382	588
382	591
383	491
383	521
383	526
383	598
384	456
384	484
385	403
386	597
387	541
387	559
387	561
387	571
389	496
389	522
389	574
390	489
391	425
392	589
393	570
396	449
396	467
396	573
397	479
397	578
400	446
401	407
401	519
401	536
401	557
402	497
402	525
403	448
404	441
404	455
404	554
405	437
405	443
407	544
408	540
409	597
410	526
410	537
411	541
412	469
412	587
412	590
413	495
413	558
414	505
415	449
415	487
416	418
416	497
417	432
417	500
417	589
418	483
418	574
419	523
420	435
422	448
422	469
422	588
423	468
424	432
424	483
427	433
427	436
427	467
427	524
427	578
431	558
432	504
433	550
436	571
437	491
438	475
438	480
438	490
439	575
440	586
440	588
442	532
445	514
446	456
446	556
447	572
447	588
449	574
450	460
450	497
451	487
451	492
453	462
453	483
453	523
454	484
454	534
455	485
455	516
456	533
457	544
458	506
458	580
460	553
460	559
462	504
462	557
463	469
463	510
465	588
466	508
467	519
468	527
468	571
469	470
469	517
469	574
469	582
471	522
473	490
473	544
474	501
474	576
475	548
476	567
478	515
483	535
484	523
484	574
485	516
487	491
487	545
487	567
488	520
488	553
489	499
492	541
493	506
498	572
499	535
500	539
502	527
502	565
503	544
509	540
510	525
511	566
513	517
515	546
517	594
517	598
518	574
521	536
523	593
524	530
525	593
526	533
527	539
528	549
528	566
533	538
534	549
536	591
538	542
538	555
539	567
540	543
542	573
542	585
545	592
547	553
547	556
547	571
552	583
558	570
558	571
558	594
560	572
567	582
572	584
572	596
581	596
586	595
588	591