0	13
0	221
0	346
0	480
0	563
1	191
1	218
1	399
1	414
1	457
2	253
2	266
2	329
3	52
3	127
3	297
3	403
3	435
3	473
4	259
4	422
5	108
5	161
5	205
5	246
5	413
5	415
5	489
5	573
5	593
6	161
6	326
6	461
6	498
6	539
6	579
7	185
7	205
7	279
7	373
7	587
8	152
8	324
8	337
8	381
8	534
9	66
9	87
9	167
9	258
10	110
10	163
10	212
10	221
10	591
11	24
11	140
11	239
11	577
12	31
13	135
13	144
13	293
13	316
13	436
13	528
14	34
14	218
14	535
15	172
15	366
15	400
15	454
15	532
16	129
16	577
17	309
17	384
17	458
18	115
18	330
19	187
19	441
20	116
20	314
20	324
20	459
20	470
21	22
21	48
21	124
21	294
22	111
22	112
22	361
23	156
23	370
24	310
25	499
25	511
26	108
26	174
26	416
27	49
27	298
28	103
28	116
28	195
29	156
29	162
29	470
29	488
29	507
30	59
30	100
30	238
31	86
31	130
31	162
31	220
31	280
31	451
31	481
32	53
32	196
32	466
33	410
34	48
34	187
34	237
34	254
34	452
35	79
35	96
35	204
35	257
35	365
35	367
35	527
35	531
35	576
35	580
36	79
36	241
36	401
37	193
38	88
38	102
38	155
38	170
38	307
38	401
38	528
39	329
39	509
40	266
41	121
41	217
41	283
41	343
41	424
41	469
41	550
41	591
42	140
42	153
42	347
42	393
43	148
43	185
43	318
43	338
43	446
44	472
45	126
45	159
45	227
45	288
45	305
45	324
45	539
45	590
46	240
46	282
46	403
46	405
46	531
47	110
47	174
47	290
47	361
47	381
48	59
48	70
48	106
48	173
48	184
48	197
48	198
48	337
48	511
49	428
49	452
49	578
49	594
50	90
50	120
50	123
50	499
50	575
51	159
51	411
51	414
51	490
51	525
52	79
52	170
52	314
52	345
52	593
53	70
53	229
53	425
54	81
54	229
54	282
54	407
55	432
56	192
56	212
56	293
56	538
56	599
57	432
57	452
57	543
58	162
59	62
59	370
59	381
59	526
59	575
60	191
60	314
60	327
60	405
61	209
61	219
61	355
61	387
61	470
62	581
62	599
63	222
63	327
63	519
64	96
64	100
64	159
64	433
64	511
65	205
65	434
66	101
66	148
66	375
66	523
67	221
67	471
67	536
68	296
68	430
69	238
69	297
69	480
69	506
69	509
70	247
70	274
70	552
71	553
72	83
72	103
72	156
72	198
72	478
72	498
72	541
73	130
73	403
73	506
73	529
74	234
74	292
74	449
75	212
75	367
75	375
76	172
76	448
76	524
77	246
77	362
77	481
78	174
78	590
79	130
79	136
79	185
79	417
80	171
80	215
80	285
80	414
81	211
81	337
81	390
81	589
82	197
83	341
84	123
84	366
84	381
84	434
84	507
85	213
86	209
86	308
86	429
86	435
86	490
87	273
87	341
87	368
87	555
88	186
88	279
88	331
88	556
89	178
89	241
89	339
89	465
89	468
89	482
89	570
89	591
89	597
90	106
90	111
90	184
90	188
90	204
90	298
90	321
90	515
91	93
91	276
91	486
91	490
91	541
92	132
92	171
92	251
92	382
93	229
93	439
93	575
94	209
95	215
95	222
95	389
95	432
95	438
95	440
95	548
96	171
96	318
96	519
96	541
97	295
98	142
98	162
98	209
98	276
98	428
98	570
99	280
100	399
100	415
101	143
101	294
101	457
102	175
102	294
102	362
102	377
102	485
103	428
104	153
104	299
104	361
104	519
105	218
105	241
105	265
105	396
105	412
105	436
106	234
106	327
107	190
107	478
109	308
109	314
109	374
110	228
110	229
110	269
110	345
110	374
110	468
110	581
111	429
111	470
112	224
112	283
112	415
112	535
113	156
113	206
113	385
113	441
113	442
113	533
114	404
114	560
115	287
115	307
115	343
115	348
115	362
116	137
116	348
116	542
117	352
118	141
118	305
119	193
119	598
120	129
120	208
120	549
120	561
121	163
121	377
121	492
121	539
121	566
121	583
121	599
122	592
123	296
124	466
125	145
125	201
125	481
125	588
126	209
126	277
126	287
126	384
126	481
127	146
127	256
127	302
127	486
127	530
128	195
129	150
129	213
129	266
129	516
130	426
130	503
130	559
130	591
131	505
132	180
132	327
133	369
133	411
134	273
135	186
135	348
135	497
136	138
136	179
136	388
136	575
137	164
137	349
137	379
137	504
138	228
138	408
138	489
139	175
140	549
141	468
142	388
142	431
143	478
143	503
143	506
143	507
143	554
144	351
144	450
145	456
145	485
146	279
146	500
147	254
147	441
147	463
147	489
147	499
148	185
149	222
149	266
149	404
151	370
152	317
152	391
152	454
152	461
152	558
153	446
153	560
154	467
155	187
155	247
155	460
155	556
156	315
156	341
156	483
156	591
157	188
157	197
157	205
158	263
158	404
159	174
159	326
160	450
161	182
161	366
162	267
162	323
162	421
162	534
162	549
162	551
163	209
163	315
163	559
163	588
164	253
164	583
165	290
165	354
165	491
165	551
166	224
166	448
166	516
166	598
167	374
168	181
168	476
169	186
169	584
170	278
170	290
170	504
171	215
171	325
171	596
172	378
172	471
172	548
173	445
173	593
174	211
174	453
174	549
174	599
175	212
175	298
175	374
176	514
176	526
176	540
177	352
177	503
177	524
178	295
178	369
179	252
179	279
179	374
179	591
180	371
180	572
181	232
181	339
181	512
182	280
182	411
183	434
184	193
184	327
184	361
184	503
184	549
184	581
185	578
186	193
186	407
187	291
188	297
188	573
188	574
189	391
190	366
190	580
191	267
191	439
191	553
192	193
192	320
192	470
192	518
192	570
193	253
193	429
193	465
194	234
194	288
194	296
194	337
194	344
194	416
194	549
194	597
195	351
195	500
195	524
195	587
196	345
197	231
197	250
197	262
197	415
197	467
197	481
198	400
198	460
199	287
199	400
199	471
200	393
200	414
200	490
201	326
201	430
201	436
202	246
202	281
202	387
202	463
202	474
203	337
203	382
203	419
203	464
203	520
204	297
204	415
205	549
206	309
206	413
207	223
207	261
207	346
207	435
207	599
208	333
208	392
208	547
208	586
208	592
209	396
210	237
210	261
210	379
210	532
210	555
210	595
211	236
211	278
212	272
212	319
213	249
213	467
214	216
214	295
215	247
215	332
215	407
215	526
216	309
216	382
216	512
216	547
216	560
217	295
217	525
217	535
218	273
219	275
219	363
220	429
220	440
221	466
222	357
222	553
223	392
224	335
224	380
224	413
225	416
225	506
225	546
226	286
226	311
226	403
228	548
230	310
231	268
231	292
231	477
233	338
233	344
233	370
233	420
233	459
235	396
235	466
235	489
236	294
236	306
236	411
236	445
238	347
238	552
238	593
239	382
239	418
239	504
239	506
239	542
239	546
239	559
240	364
241	276
241	322
241	386
241	494
241	596
242	355
243	402
243	480
244	427
245	525
246	499
247	520
247	555
247	556
248	266
248	325
248	470
249	536
249	538
249	548
250	488
250	532
251	254
251	256
251	478
251	581
252	289
252	553
253	304
254	264
254	338
254	406
254	484
255	278
255	429
255	473
255	491
255	508
255	571
255	592
255	596
256	261
256	406
256	418
256	532
257	305
257	495
258	475
259	416
259	525
260	301
260	368
262	384
262	453
262	570
263	450
263	574
264	379
264	382
264	419
264	495
265	308
265	340
265	570
265	595
266	417
266	530
266	550
268	593
269	358
269	389
269	428
269	535
270	416
270	592
271	390
272	366
273	385
275	506
276	367
276	502
277	459
277	482
277	570
278	436
279	306
279	380
280	476
281	360
281	394
281	425
284	380
284	486
284	543
284	549
285	586
286	322
287	385
287	594
288	383
288	595
289	300
289	428
290	318
290	430
291	294
291	357
291	375
291	482
291	533
292	415
293	420
294	496
295	496
297	308
297	430
298	304
298	362
298	394
298	399
298	522
298	579
299	430
301	303
301	599
302	430
302	460
302	473
303	567
303	569
303	571
304	515
305	462
305	496
307	512
307	569
308	516
309	338
309	463
309	571
310	385
311	453
312	372
312	490
312	494
313	416
313	597
314	497
314	501
314	508
314	554
315	504
317	321
317	395
317	503
318	384
318	423
319	323
319	357
320	452
320	490
320	523
321	339
324	418
325	381
325	483
326	333
326	555
327	372
327	401
327	542
327	599
328	392
331	367
331	423
333	583
333	591
334	498
334	576
335	395
336	391
336	588
337	421
337	466
339	511
341	374
342	345
342	477
342	597
343	345
343	443
343	515
343	524
344	355
344	599
345	399
345	404
345	467
345	571
346	469
347	429
347	433
347	436
348	364
348	592
349	436
350	579
352	353
353	444
355	482
355	583
356	496
356	582
357	427
358	490
358	570
359	373
359	437
359	443
359	448
360	363
360	370
360	432
360	473
360	557
361	533
361	558
361	573
362	460
365	529
366	496
366	501
366	544
366	571
367	395
367	501
367	540
367	565
369	440
369	511
370	443
370	470
371	464
371	555
373	406
373	520
374	565
374	570
374	576
375	383
375	392
375	439
375	557
375	568
376	382
376	435
376	467
376	498
377	380
378	556
378	572
379	388
379	400
379	430
379	433
379	525
381	539
381	588
382	451
382	517
382	527
382	543
382	593
385	425
389	429
389	477
389	564
391	473
392	549
394	589
395	427
396	567
397	500
398	467
399	579
400	420
401	485
401	573
403	541
403	574
404	431
404	441
404	508
405	538
405	564
407	444
407	599
409	441
410	590
412	449
412	508
412	512
417	566
418	474
420	479
420	499
421	436
421	517
421	530
421	561
423	491
425	459
425	599
426	435
427	445
427	498
429	487
429	555
429	576
429	580
430	493
432	507
432	514
432	573
433	528
434	543
436	567
436	590
438	508
438	556
439	556
439	568
440	456
440	480
440	520
441	588
442	444
442	514
443	546
445	567
446	447
446	542
447	497
448	512
449	458
450	466
450	523
450	584
451	459
452	485
452	547
454	568
455	456
455	540
458	482
461	531
461	544
461	549
462	511
462	528
464	547
464	572
464	578
465	509
465	556
467	566
469	593
472	505
472	584
473	513
473	535
479	596
480	509
483	590
484	571
485	555
486	565
486	574
488	499
488	545
488	546
491	580
493	554
493	582
494	506
495	549
496	521
497	510
498	537
498	569
498	589
500	576
503	590
504	520
504	589
509	559
510	566
511	518
513	535
513	559
516	562
517	590
519	591
519	592
520	549
522	573
526	548
529	551
538	599
540	585
541	564
542	599
548	589
548	598
549	572
554	557
556	590
559	593
560	580
561	564
561	593
574	583
575	595
580	583
584	587