0	69
0	341
1	91
1	253
1	348
1	470
1	521
1	578
2	154
3	33
3	154
3	193
3	588
4	102
4	126
4	181
4	212
4	258
4	270
4	448
4	513
4	597
5	26
5	114
5	127
5	210
5	285
5	437
6	241
6	320
6	436
6	500
7	102
7	285
7	289
7	410
7	440
7	491
7	548
8	114
8	119
8	208
8	405
8	466
9	41
9	190
9	288
9	363
9	459
10	397
10	434
10	449
11	36
11	196
11	577
12	162
12	414
12	514
12	547
12	548
13	194
13	208
13	371
13	377
13	379
13	438
13	584
14	28
14	46
14	48
14	92
15	197
15	371
15	414
15	506
16	88
16	105
16	227
16	446
17	60
17	197
17	312
17	357
17	466
18	19
19	338
19	364
19	371
19	380
19	434
19	547
20	136
20	158
20	346
20	463
21	29
21	156
21	343
21	444
21	516
22	26
22	240
22	438
22	453
22	455
22	476
22	546
23	80
23	83
23	136
23	197
23	220
24	147
24	206
24	234
24	345
24	352
25	31
26	198
27	301
28	266
28	271
28	315
28	387
28	578
28	581
29	178
29	331
30	422
30	463
30	503
30	561
31	148
31	351
31	396
31	471
32	72
32	573
33	172
33	254
33	368
34	195
34	267
34	270
34	276
34	340
35	220
35	335
35	336
35	534
35	550
36	426
36	442
37	59
37	111
37	129
37	425
38	55
38	119
38	448
38	508
39	178
40	43
40	100
40	372
41	132
41	142
41	402
41	462
41	523
42	253
42	291
42	532
42	535
43	129
43	402
43	429
43	492
44	233
44	378
44	398
44	401
44	505
45	133
45	409
45	516
46	337
46	355
46	466
47	77
47	439
47	590
48	335
48	371
48	437
49	178
50	482
50	492
51	261
51	331
52	274
52	547
53	444
53	501
54	60
54	266
54	308
54	430
54	442
54	563
55	224
55	240
55	404
55	461
55	492
55	570
56	439
56	515
56	535
56	579
57	68
57	229
57	331
57	537
58	322
59	86
59	318
59	478
59	539
60	103
60	143
60	259
60	451
60	533
61	136
61	303
61	363
62	73
62	123
62	135
62	211
62	250
62	429
62	532
63	167
63	517
63	570
64	88
64	453
65	210
65	388
65	564
65	586
66	381
66	396
66	450
67	230
68	86
68	157
68	276
68	518
68	534
69	341
70	142
70	483
71	254
71	450
72	210
72	245
72	424
72	458
73	154
73	201
73	476
73	530
74	120
74	256
75	249
75	288
75	315
75	512
75	529
76	107
76	175
77	115
78	131
78	156
78	282
78	396
78	549
78	556
79	556
80	543
81	145
81	308
81	329
81	532
82	220
82	430
82	579
83	313
83	407
84	193
84	319
84	403
84	525
84	551
85	117
85	220
86	107
86	126
86	436
86	536
87	98
87	158
87	540
88	135
88	228
88	532
89	358
89	453
89	514
90	244
90	302
91	95
92	210
92	352
92	475
92	511
93	249
93	423
94	166
94	303
94	475
94	481
95	221
95	225
95	361
95	594
96	492
97	423
98	200
98	488
98	530
99	308
99	459
100	180
100	248
100	338
100	445
100	546
101	116
101	469
102	281
102	331
102	420
102	467
102	514
103	324
103	462
104	132
104	133
104	432
104	441
104	465
105	135
105	229
106	461
106	587
107	125
107	133
107	182
107	271
107	337
107	401
108	342
108	492
108	514
109	156
109	217
109	237
109	436
109	483
110	226
110	253
110	309
110	315
110	328
110	419
111	150
111	379
111	403
111	505
111	506
111	521
111	538
111	576
112	476
112	480
112	535
113	125
113	142
113	374
114	368
114	371
114	383
116	177
116	512
117	127
117	179
117	356
117	402
117	482
118	127
118	316
118	424
118	494
118	585
119	476
119	537
119	574
120	254
120	298
120	417
120	542
121	193
121	317
121	509
122	206
122	540
123	192
123	209
123	299
123	309
123	418
123	544
124	245
124	594
124	596
125	447
125	484
126	273
126	360
126	482
126	574
127	425
128	205
128	386
129	138
129	489
130	310
131	585
132	199
132	248
132	278
132	447
133	376
133	454
134	174
134	296
134	338
134	530
134	578
134	592
135	243
135	339
136	154
136	221
136	264
136	400
136	469
137	215
137	251
137	421
137	484
137	496
138	256
138	300
138	476
138	506
139	171
139	172
139	326
139	343
139	348
139	402
139	452
139	534
140	171
140	245
140	341
140	348
140	420
140	584
141	231
141	286
141	491
141	505
142	271
142	381
142	432
142	573
143	299
143	309
143	452
143	527
144	461
144	506
145	200
145	308
145	398
145	435
145	558
146	359
146	389
146	527
146	569
147	369
147	480
147	515
148	152
148	173
148	438
149	338
149	392
149	430
149	532
149	547
149	559
150	160
150	194
150	250
150	327
150	399
150	480
150	495
151	269
151	320
151	378
151	459
152	482
152	513
153	449
153	483
153	530
153	535
154	220
154	407
155	338
155	451
156	271
156	338
156	440
157	313
157	565
158	160
158	448
158	457
159	177
159	216
159	244
159	544
159	568
159	585
160	248
160	263
160	329
160	369
160	459
161	498
161	597
162	202
162	408
162	572
163	470
163	524
164	191
164	204
164	350
164	469
164	527
165	174
165	407
166	216
166	231
166	253
166	328
166	358
167	285
167	290
167	466
167	505
168	209
168	362
168	387
168	414
168	455
169	241
169	262
169	545
170	423
170	470
170	561
170	572
171	194
171	489
172	409
173	188
173	233
174	274
174	449
174	484
174	510
174	544
174	553
174	573
175	185
175	215
175	442
176	272
176	460
177	195
177	218
177	370
177	388
177	574
178	233
178	349
178	413
178	504
178	532
178	598
180	247
180	394
181	225
181	260
181	268
181	396
181	503
182	312
182	357
182	394
182	438
182	542
182	549
183	497
184	284
184	536
184	538
185	491
186	248
186	255
186	288
186	300
186	561
187	419
187	528
188	325
188	409
188	420
188	521
189	279
189	489
189	561
190	480
190	556
191	273
192	344
192	441
192	586
193	194
193	206
193	239
193	246
193	383
193	389
193	412
194	259
194	421
194	441
194	462
194	584
195	381
195	444
195	530
196	254
196	265
196	492
197	273
197	320
198	432
198	484
199	227
200	440
201	277
201	441
201	557
202	244
202	268
202	585
203	477
204	520
205	299
206	342
206	344
207	335
207	375
207	434
207	521
208	353
208	471
208	561
209	233
209	582
210	308
210	334
211	271
211	469
211	591
212	374
213	249
213	470
213	543
214	296
214	309
214	327
214	347
214	490
216	338
216	385
216	467
216	543
217	226
217	285
217	408
217	538
218	239
218	306
218	308
218	373
218	560
219	250
219	440
220	282
221	534
222	344
223	229
223	355
224	383
224	406
224	449
224	595
225	432
225	558
226	414
226	502
226	530
226	594
227	453
227	544
228	319
228	390
228	523
229	234
229	353
229	518
231	261
231	332
231	350
231	371
231	385
231	417
231	571
231	584
232	486
233	473
233	517
234	257
234	555
234	590
235	285
235	330
235	532
236	274
236	289
238	321
238	404
239	364
239	589
240	599
241	312
241	352
241	484
241	503
241	533
241	572
242	257
242	493
243	244
243	376
243	522
244	522
244	597
245	264
245	407
246	311
247	369
248	500
249	541
251	333
251	339
251	391
252	282
253	341
255	411
256	555
256	568
257	433
257	482
258	563
258	582
259	302
259	498
259	509
259	553
262	303
262	517
263	291
263	354
263	395
263	533
263	545
263	595
264	291
264	306
264	341
264	499
265	369
265	498
265	556
266	309
266	570
267	378
267	416
267	581
268	306
268	314
268	333
268	362
268	397
268	516
268	558
268	559
268	584
269	307
269	524
269	539
270	328
270	356
270	513
271	318
271	322
271	336
271	582
272	283
272	362
273	276
273	367
273	377
273	477
273	482
274	395
274	423
275	282
275	363
275	454
275	524
275	596
276	387
276	391
276	577
277	476
278	349
278	392
278	595
279	384
279	425
279	592
280	348
280	350
280	356
280	512
280	518
281	362
281	410
282	426
283	393
283	545
284	303
284	311
284	389
284	430
285	417
285	437
286	433
286	561
287	415
287	503
287	536
288	369
288	552
288	560
288	572
292	539
293	515
293	556
294	351
294	471
294	526
295	348
296	348
296	471
296	558
297	338
297	395
297	419
297	451
297	477
297	512
297	575
298	305
298	332
299	419
299	462
299	464
300	353
300	373
300	549
300	586
301	350
301	455
301	496
302	391
302	436
303	365
303	367
303	510
304	579
306	372
306	480
308	506
309	387
309	411
309	559
309	564
310	451
310	507
312	395
312	408
312	467
312	556
314	460
314	533
315	557
318	320
318	441
318	548
319	424
319	458
319	468
319	500
319	516
319	561
321	492
321	537
322	355
322	431
322	583
323	541
324	470
324	488
325	474
325	524
326	472
327	520
328	411
328	492
328	508
329	464
329	555
330	460
330	528
332	575
333	338
333	515
333	554
334	453
334	488
334	561
335	419
335	523
336	383
336	473
337	351
337	524
337	534
338	440
338	495
338	534
338	588
339	419
340	486
340	549
340	559
341	365
341	540
343	460
343	482
343	518
343	532
344	353
344	403
346	357
346	535
347	409
348	486
348	515
350	369
351	456
351	494
352	401
353	419
353	476
353	483
353	487
353	519
354	465
354	535
355	417
355	539
356	473
357	424
357	483
357	491
357	594
358	403
358	429
358	435
360	533
361	429
361	440
362	449
362	464
363	404
363	589
364	397
364	565
365	407
365	415
366	370
366	468
367	403
367	565
367	577
368	387
368	524
369	449
369	476
369	514
370	379
370	488
370	586
371	430
371	549
372	584
373	402
373	437
374	451
374	461
374	514
375	453
375	554
375	574
376	524
376	584
377	397
377	426
377	535
378	587
379	522
379	531
379	559
380	455
381	482
381	583
382	408
382	557
384	437
384	459
384	461
385	473
386	398
386	470
387	590
389	439
389	498
390	439
390	490
390	521
392	551
394	426
395	582
397	515
398	444
398	558
400	421
402	579
404	485
405	491
405	531
405	557
407	509
407	591
408	503
408	571
409	416
409	468
410	491
410	555
411	476
411	560
412	428
413	500
414	467
414	473
414	513
415	550
415	559
416	419
416	429
419	494
419	519
419	567
420	458
420	542
422	572
423	445
423	575
424	469
426	436
427	496
429	595
430	515
430	564
431	501
431	559
432	454
432	472
433	506
433	588
434	461
438	443
438	472
438	565
439	447
439	510
441	536
442	445
442	544
444	497
444	536
445	566
446	569
447	481
447	528
447	553
447	591
449	450
449	510
450	500
452	459
453	514
453	544
454	473
456	482
460	471
460	540
460	594
461	462
463	506
463	520
463	538
465	477
467	520
467	538
468	494
471	516
473	552
473	571
474	542
475	571
476	523
479	568
480	590
481	483
481	580
483	557
486	577
487	507
488	582
489	518
492	550
493	545
495	506
498	591
499	548
500	526
500	573
502	568
502	594
503	576
505	594
506	527
507	582
517	562
517	585
521	594
522	532
522	575
525	553
525	555
525	582
526	557
531	587
531	597
537	576
538	552
538	581
542	593
544	550
545	574
548	596
550	554
552	583
556	570
557	585
568	583
569	583
572	589
579	586
586	596