0	118
0	127
0	364
0	378
0	507
1	161
2	307
3	134
3	176
3	382
3	387
3	412
3	413
3	466
3	531
3	585
4	229
4	231
4	385
4	418
5	58
5	219
5	401
5	442
6	25
6	41
6	50
6	468
7	18
7	171
7	424
7	451
7	556
8	69
8	261
8	353
8	394
8	576
9	52
9	121
9	490
9	499
9	595
10	22
10	392
10	465
10	527
11	55
12	237
12	288
12	356
12	403
12	432
13	58
13	128
13	160
13	354
14	225
14	303
14	402
14	500
14	507
14	512
14	543
15	99
15	235
15	257
15	264
15	283
16	22
16	324
16	574
17	145
17	484
18	119
18	204
18	336
18	346
18	349
18	354
18	494
19	74
19	99
19	262
19	352
19	387
19	565
20	237
20	301
20	515
20	539
20	559
21	204
21	340
21	510
21	585
22	528
23	60
23	290
23	316
23	402
23	438
24	246
24	431
24	588
26	118
26	231
26	238
26	322
26	561
26	577
27	220
28	273
28	514
28	540
28	550
29	465
29	500
29	557
30	364
30	378
30	435
30	566
31	596
32	53
33	185
33	586
34	352
34	383
34	433
34	528
35	54
35	332
35	538
36	177
36	197
36	284
36	353
36	464
36	587
37	523
37	581
38	113
38	533
38	538
39	43
39	71
39	180
39	187
39	212
39	227
39	358
39	363
39	504
40	321
40	507
41	112
41	290
41	414
41	536
41	549
42	329
43	49
43	385
43	521
44	255
44	270
44	451
44	505
44	594
45	52
45	105
45	168
45	190
45	361
45	423
45	446
45	570
46	367
46	422
47	342
47	433
47	512
48	155
48	295
48	530
49	83
50	288
50	390
50	397
50	415
51	67
51	80
51	101
51	232
52	128
52	243
52	324
52	582
53	558
54	56
54	66
54	218
55	410
55	587
55	590
56	225
56	302
56	392
56	506
57	204
57	275
57	428
57	589
58	126
58	431
58	513
59	494
60	181
60	216
61	207
61	221
61	293
61	480
61	528
61	539
61	578
62	100
62	127
62	301
62	313
62	405
62	438
62	440
62	452
62	472
63	191
63	262
63	403
63	431
63	446
64	341
64	503
65	181
65	463
65	500
66	189
66	235
66	240
66	552
67	99
67	157
67	199
67	286
67	448
67	472
68	78
68	324
68	345
68	569
69	333
69	491
69	520
70	200
70	352
70	369
70	583
71	227
71	385
72	256
72	443
72	492
72	523
72	543
72	569
72	583
73	74
73	199
73	271
73	401
74	184
74	250
74	498
75	165
75	263
75	462
76	414
76	475
77	423
78	177
78	210
78	261
78	329
78	520
79	174
79	358
79	367
80	139
80	512
81	148
81	211
81	429
81	595
82	170
82	287
83	94
83	149
83	154
83	377
83	387
83	426
83	526
84	104
84	508
84	549
85	104
86	122
86	129
86	247
86	371
86	452
87	382
87	432
87	494
87	497
87	553
88	379
88	383
88	437
89	409
90	504
91	126
91	315
91	344
92	191
92	475
93	288
93	291
93	368
93	380
94	284
94	551
95	262
95	273
96	127
96	483
97	265
97	320
97	358
97	450
97	478
97	523
97	560
98	172
98	174
98	314
98	413
98	423
98	447
99	230
99	456
100	201
100	270
100	411
100	474
101	317
101	393
102	180
102	202
102	224
102	308
102	323
102	491
103	208
103	418
103	541
104	161
104	175
104	480
104	543
105	170
105	546
106	147
106	489
107	246
107	266
107	315
107	350
107	358
108	478
108	521
109	315
109	542
110	475
110	485
110	516
110	526
110	587
111	233
111	255
111	309
111	461
111	576
112	122
112	133
112	149
112	164
112	418
112	511
112	520
113	260
113	369
113	457
113	524
114	285
114	292
114	346
114	409
114	521
114	598
115	254
115	421
115	460
116	245
116	525
117	176
117	258
117	276
117	536
118	122
118	150
118	159
118	245
118	528
119	158
119	230
119	539
120	217
120	387
120	426
121	147
121	416
121	580
122	152
122	568
123	442
123	515
124	127
124	167
124	340
124	384
124	521
125	396
126	265
126	496
127	218
128	512
128	527
129	238
129	258
130	377
130	516
131	384
131	533
131	560
131	589
132	172
132	541
132	563
133	326
133	333
133	545
133	572
134	550
135	189
135	495
136	182
136	223
136	244
136	247
136	457
137	316
137	360
137	509
137	531
138	400
139	488
140	359
140	417
140	582
141	188
142	356
143	273
143	481
144	179
144	229
145	176
145	273
145	559
146	508
147	320
147	473
148	172
148	298
148	442
149	220
149	355
149	441
149	465
151	210
151	551
152	290
152	304
152	572
153	227
154	332
154	449
154	529
155	418
156	259
156	328
156	532
157	197
157	261
157	300
157	319
158	164
158	175
158	251
158	322
158	331
158	567
159	425
159	542
159	599
160	242
161	225
161	236
161	277
161	494
162	245
162	563
163	333
163	586
164	428
164	530
165	232
165	442
165	494
165	501
165	524
165	599
166	173
166	177
166	300
166	518
167	221
167	359
167	523
167	554
167	592
168	181
168	229
168	396
169	309
170	315
170	414
170	580
171	374
172	310
172	323
172	384
172	495
173	373
174	213
174	428
175	488
175	595
176	192
177	252
177	264
177	362
177	428
177	485
177	526
178	519
179	353
179	382
179	434
179	506
180	189
180	323
180	391
181	201
181	272
181	470
181	472
182	437
183	229
183	542
183	592
184	310
184	354
184	421
184	470
185	210
186	427
187	446
188	278
188	294
188	496
188	589
189	230
189	281
189	282
189	506
189	510
190	423
190	444
190	481
191	456
191	585
192	200
192	373
192	551
193	299
193	503
193	511
194	244
195	253
195	449
195	584
196	293
197	325
197	560
198	302
198	527
199	259
200	234
200	331
201	342
201	420
201	492
202	314
202	316
202	485
203	212
203	307
203	411
203	439
204	486
205	580
206	236
206	392
206	555
207	252
207	267
207	371
208	518
209	438
210	296
210	499
210	575
211	521
212	219
212	249
213	291
213	336
213	448
213	508
214	364
214	471
215	242
215	333
215	590
216	278
216	521
216	581
217	511
218	284
218	344
218	400
219	227
219	459
219	547
220	340
221	310
221	312
221	388
221	454
221	532
222	496
223	281
223	517
223	549
223	569
224	247
224	396
225	264
225	275
225	279
225	291
225	338
225	437
225	477
225	524
225	542
226	340
226	437
226	450
226	530
227	241
228	520
229	257
229	565
230	399
230	508
230	585
231	367
232	431
232	536
232	564
233	246
233	374
233	405
233	473
233	503
233	506
234	383
234	443
234	451
234	512
234	553
235	557
235	568
236	274
236	448
236	513
236	546
237	265
237	276
239	460
240	288
240	380
240	421
240	540
241	489
243	507
243	571
243	579
244	250
244	343
244	382
244	390
244	418
244	512
244	519
245	516
245	539
245	580
246	300
246	324
246	336
247	306
247	574
248	498
249	495
250	299
250	317
250	327
252	318
252	359
252	534
253	257
253	323
253	390
254	302
254	441
254	490
254	545
254	572
255	431
255	483
255	560
256	269
257	296
257	546
258	289
258	421
259	278
259	294
259	306
259	309
259	417
260	515
261	293
261	588
262	342
262	413
263	283
263	352
263	376
263	587
264	443
264	548
265	534
265	561
266	458
266	467
266	544
267	444
267	520
267	564
268	392
269	274
269	436
269	489
270	302
270	429
271	489
272	396
272	455
273	343
273	345
273	360
273	455
273	506
274	318
275	481
276	345
276	528
277	474
277	582
280	524
281	341
281	566
282	284
282	482
283	323
283	378
283	559
284	286
284	396
285	378
285	438
285	508
286	394
287	434
287	462
288	375
289	513
289	541
290	376
290	563
290	567
291	469
292	325
292	395
292	412
292	421
293	384
293	427
293	447
294	354
294	408
294	429
294	491
295	315
295	581
295	583
297	303
297	531
298	509
299	529
299	594
300	391
300	480
301	303
301	330
301	523
302	421
302	538
303	376
303	394
303	490
304	392
305	460
306	406
307	421
309	366
309	401
309	542
310	336
311	385
312	328
312	449
312	534
314	381
314	440
314	495
315	355
315	555
317	357
317	420
317	553
317	556
318	469
318	515
318	541
319	372
319	519
319	577
320	350
320	351
320	445
323	398
325	475
325	535
326	396
326	450
326	483
326	594
327	475
327	526
327	568
327	581
328	372
328	430
328	461
329	378
329	517
329	590
330	466
330	557
331	393
331	486
331	508
332	372
332	573
333	476
334	401
334	411
334	459
334	481
334	535
335	518
336	589
337	372
337	429
337	493
338	344
338	490
338	566
339	473
340	419
340	444
341	557
343	545
345	489
345	534
346	403
347	368
347	432
347	433
347	576
348	440
348	554
348	579
351	543
352	392
352	461
353	375
353	426
353	544
355	492
355	511
355	580
356	514
356	576
356	588
357	455
357	472
357	556
359	538
360	498
361	471
361	536
361	599
362	461
362	595
363	428
363	507
363	580
364	415
364	506
364	509
364	580
365	497
366	381
366	510
366	516
367	522
368	591
370	440
371	477
371	549
372	518
372	550
373	456
374	442
374	506
374	546
375	481
377	437
378	517
380	558
380	592
381	412
381	430
382	540
382	551
383	425
383	455
385	405
385	413
385	541
386	598
387	420
387	554
388	439
389	497
390	487
390	573
391	520
392	535
392	540
393	396
394	473
398	455
398	506
399	535
400	448
400	533
401	415
402	535
404	415
404	474
405	472
405	544
406	444
406	465
406	475
407	434
408	451
408	502
408	568
408	576
409	484
409	489
409	587
409	588
410	535
410	552
411	439
411	453
411	479
411	514
411	588
412	521
414	452
414	475
415	597
416	444
416	493
417	456
417	465
417	473
417	527
417	548
417	572
418	556
421	426
421	460
421	523
423	583
425	457
425	459
425	558
426	533
426	589
427	517
427	557
428	474
429	546
430	569
430	577
430	595
431	475
432	458
433	444
434	577
435	495
436	441
436	578
437	443
437	489
437	576
439	539
440	466
441	554
441	589
442	467
447	485
448	569
450	527
451	472
451	495
451	540
452	572
453	463
454	510
455	499
457	545
458	579
460	486
460	516
462	579
463	537
465	580
466	538
467	519
469	484
470	510
470	599
472	493
472	500
477	594
478	560
481	517
481	545
483	492
483	548
486	571
488	578
490	495
491	550
494	523
497	535
498	519
503	520
504	517
504	588
507	514
507	522
507	530
510	532
511	531
511	579
512	537
515	593
519	532
521	560
522	585
523	579
523	593
526	587
528	596
531	594
532	535
533	551
537	581
538	562
543	555
552	561
554	585
573	583
573	585
574	580
595	598