0	326
0	459
0	462
0	547
1	324
1	440
1	456
1	489
2	233
2	236
2	564
3	99
3	127
3	559
3	576
4	300
4	590
5	224
5	254
5	399
5	535
6	96
6	287
6	339
6	495
6	547
7	143
8	22
8	394
8	445
9	142
9	177
9	242
9	440
10	50
10	130
10	222
10	277
10	345
11	234
11	267
11	459
11	491
11	505
11	545
12	60
12	67
12	287
12	292
12	331
13	243
13	298
13	402
13	481
13	549
14	153
14	252
14	380
15	89
15	207
15	360
15	424
15	494
16	149
17	133
18	349
18	411
18	458
18	536
19	192
19	228
19	426
20	254
20	272
20	433
20	440
21	325
21	474
22	107
22	196
22	242
22	274
22	495
22	508
23	51
23	147
23	422
23	586
24	346
24	452
24	565
25	188
25	294
25	532
26	33
26	78
26	162
26	178
26	385
26	477
27	161
27	178
27	221
27	389
27	418
27	435
27	445
28	135
28	180
28	316
28	334
28	474
28	535
29	253
29	349
29	472
29	544
30	50
30	97
30	323
30	459
30	566
31	159
31	160
31	169
32	69
32	211
32	375
32	459
32	473
32	574
33	257
33	459
33	511
34	550
35	117
35	244
35	308
35	349
35	351
35	502
36	151
36	163
36	400
36	466
36	513
37	577
38	285
38	435
39	177
39	598
40	152
40	312
40	318
40	592
41	71
41	77
41	103
41	229
41	262
41	363
41	366
42	74
42	247
43	126
43	249
43	395
43	467
44	293
45	517
46	56
46	60
46	136
46	172
46	256
46	310
46	450
46	508
46	527
46	580
47	269
47	485
47	526
48	75
48	102
48	153
48	197
48	532
48	571
49	512
49	587
50	127
50	220
51	359
52	127
52	185
52	243
52	263
52	267
52	428
53	312
53	359
53	374
53	551
54	105
54	210
55	85
55	252
55	447
56	370
56	452
56	511
56	572
57	157
57	173
57	212
57	261
57	525
58	118
59	239
59	271
59	314
60	180
60	234
60	320
61	133
61	255
61	323
61	369
61	488
61	518
62	252
62	311
62	556
63	254
63	288
63	415
64	96
64	146
64	151
64	461
64	525
64	571
65	108
65	133
65	250
65	588
66	383
66	509
66	550
67	200
67	282
67	412
68	198
68	276
68	305
70	383
71	273
71	534
72	104
72	148
72	212
72	241
72	251
72	259
72	405
73	230
73	301
73	380
73	460
73	523
73	594
74	83
74	185
74	438
74	465
74	578
75	207
76	477
77	94
77	199
77	302
77	392
77	518
78	117
78	123
78	250
78	395
78	431
79	276
79	299
79	539
80	277
80	300
80	301
80	315
81	103
81	205
81	304
81	375
81	556
82	130
82	241
82	289
82	402
82	500
83	120
83	188
83	403
83	481
84	274
84	550
85	180
85	208
86	165
86	171
86	224
86	277
87	352
87	378
87	392
87	523
88	427
89	203
89	282
89	351
89	535
90	173
90	317
90	489
90	491
90	576
91	218
91	248
92	120
92	290
92	527
93	308
93	564
94	180
94	219
95	101
95	176
95	322
95	352
95	363
95	503
96	200
96	306
96	447
96	476
97	265
97	341
97	369
97	415
98	203
98	229
98	492
98	516
99	198
99	288
99	430
100	416
100	579
101	153
101	240
101	425
101	473
101	542
102	163
102	457
102	564
103	273
103	581
104	136
105	114
105	200
105	231
105	424
105	477
105	488
106	145
106	277
106	412
106	419
106	532
107	189
107	516
107	537
108	447
108	583
109	210
109	228
109	294
109	370
109	439
109	562
110	450
110	502
110	551
111	140
111	275
111	303
111	557
112	161
112	455
113	178
113	431
114	209
115	249
115	331
115	424
116	197
116	211
116	344
116	358
116	490
117	230
117	245
117	448
118	162
118	182
118	480
119	454
120	247
120	514
120	531
121	242
121	456
121	517
121	531
121	584
122	196
123	168
123	372
124	279
125	285
125	390
125	406
125	543
125	599
126	506
126	514
127	173
128	256
128	257
128	384
128	448
128	471
129	180
129	491
130	138
130	288
130	304
130	339
130	598
131	382
131	477
132	223
132	538
132	572
132	575
133	294
134	197
134	248
134	331
134	401
135	201
135	379
136	176
136	358
136	433
136	542
137	156
137	206
139	329
139	470
139	492
139	528
140	155
140	454
141	192
141	310
141	422
141	433
141	474
141	527
141	573
142	389
142	547
143	271
143	293
143	361
143	458
143	550
143	582
144	236
144	325
144	417
145	293
145	322
145	483
145	513
145	523
145	590
146	234
146	286
146	311
147	276
147	386
148	151
148	322
148	447
149	183
149	261
149	466
149	498
150	201
151	280
152	207
152	385
153	295
153	338
153	547
154	158
155	217
155	319
155	437
155	442
156	193
156	503
157	171
157	197
157	275
157	397
157	496
158	200
158	361
158	456
158	468
159	179
159	307
159	380
159	381
159	548
160	379
160	450
161	567
162	353
162	471
163	206
163	331
163	379
163	511
163	526
163	582
164	194
164	271
164	334
164	427
164	434
164	596
165	425
165	528
166	196
166	227
166	233
167	372
167	385
167	444
168	576
168	577
169	537
170	388
171	318
171	406
171	563
171	583
172	173
172	219
172	317
172	527
173	207
173	220
173	394
174	276
174	365
175	274
175	323
175	389
175	569
176	586
177	235
177	274
177	308
177	354
177	466
177	568
178	220
178	396
178	520
179	297
179	416
179	490
180	278
181	246
181	487
182	232
182	491
182	587
183	270
183	396
184	259
184	547
184	563
185	273
185	371
186	196
186	393
187	221
187	411
187	463
187	593
188	197
188	353
188	413
188	582
189	474
189	485
189	562
189	573
190	527
190	535
191	197
193	303
193	438
194	213
194	584
195	556
195	595
196	221
196	460
196	496
196	500
197	388
197	425
197	593
198	260
198	277
198	344
198	395
198	563
199	297
199	461
201	349
201	401
201	411
202	318
202	364
202	524
202	526
203	267
203	365
203	462
203	538
203	547
204	322
204	437
204	598
205	353
206	269
206	370
206	428
206	456
206	467
206	564
207	239
207	365
207	441
207	485
207	515
208	215
208	252
208	391
208	581
209	313
209	426
209	562
209	595
210	258
210	270
210	506
211	231
211	344
211	575
212	234
212	283
212	395
212	482
212	488
213	599
214	273
214	358
214	402
215	373
215	594
216	392
216	396
216	404
216	460
216	599
217	590
217	595
219	368
219	555
220	240
220	278
220	488
220	501
220	510
220	559
221	565
221	583
221	586
221	592
221	595
222	330
222	435
223	318
224	239
224	284
224	375
224	515
225	360
225	378
225	484
225	561
226	282
226	464
226	510
226	512
226	541
227	357
227	503
227	515
227	560
228	439
228	515
228	518
228	527
228	531
230	305
232	495
232	590
233	235
233	387
233	518
234	270
234	437
234	447
235	238
235	244
235	311
235	329
235	358
235	368
235	466
235	591
236	427
236	456
237	322
237	562
238	371
239	338
239	359
239	415
239	564
240	363
240	377
240	422
240	430
240	552
240	594
241	492
242	293
242	340
242	552
243	365
243	480
244	395
244	455
244	598
245	271
245	327
245	413
245	543
246	311
247	397
247	481
248	506
252	577
253	498
253	522
254	311
254	458
254	522
255	294
256	378
256	498
257	265
257	289
257	296
257	516
258	275
258	469
260	329
260	389
261	410
261	488
262	411
264	288
264	348
264	439
266	347
266	352
266	362
266	395
266	421
266	496
268	567
269	459
269	569
270	482
270	596
271	342
271	423
271	492
272	424
272	497
272	502
273	407
274	293
274	304
274	358
274	388
274	409
274	432
274	456
274	574
275	370
277	425
277	564
278	352
278	423
278	428
278	457
278	480
279	480
281	418
282	286
282	475
283	348
285	290
285	339
286	593
286	598
287	402
287	430
287	461
287	513
288	377
288	391
288	409
288	463
290	339
290	472
291	419
291	498
291	573
292	362
293	381
293	456
295	358
295	473
295	521
295	534
295	561
296	300
296	379
296	469
296	483
296	555
297	402
297	566
298	329
298	544
298	554
298	586
299	339
299	412
299	538
300	469
300	498
302	530
303	328
303	398
303	498
303	504
304	347
304	422
304	522
305	373
305	424
305	493
306	430
306	473
307	330
307	361
307	449
308	374
308	476
309	400
310	460
312	337
312	378
312	530
313	444
313	503
314	429
314	485
314	549
315	333
315	447
316	426
316	488
316	489
318	419
319	374
320	331
320	565
321	357
322	449
323	367
323	379
323	422
323	434
323	552
325	458
325	522
326	383
327	391
327	459
327	568
328	442
329	501
330	424
330	485
330	596
331	482
331	500
331	522
332	542
332	561
333	374
333	571
334	361
334	532
335	488
335	501
336	385
336	555
337	351
337	453
338	587
339	384
339	545
340	408
341	442
342	445
342	581
343	440
344	387
344	402
344	444
344	534
344	541
346	350
346	424
347	398
347	523
348	556
348	562
349	392
349	463
350	473
351	402
351	430
352	521
352	537
353	378
353	409
354	488
354	566
354	587
355	466
355	473
355	512
355	530
356	365
356	406
357	402
357	447
357	499
357	570
358	462
358	569
361	365
361	561
362	589
363	395
363	438
363	497
364	383
364	393
364	417
365	564
366	439
366	527
367	370
367	431
368	414
368	444
368	460
368	463
368	537
369	479
369	581
370	421
370	593
371	511
371	581
372	582
373	557
374	385
375	479
376	537
377	566
378	446
378	532
378	590
379	400
379	571
380	449
384	472
385	397
386	440
386	512
388	536
389	492
389	581
390	395
390	398
390	570
392	491
393	583
394	406
394	566
395	476
395	528
395	572
396	535
398	441
398	454
398	580
399	420
399	473
399	539
401	427
401	545
403	407
403	592
404	457
404	555
404	593
405	465
405	597
408	550
408	598
409	501
409	539
410	516
410	577
412	420
412	434
412	538
412	542
413	443
413	575
414	509
416	474
416	563
417	461
417	591
418	562
419	530
420	460
420	559
421	480
424	448
424	473
424	508
424	582
425	566
426	429
426	461
432	463
433	440
435	506
435	580
436	470
438	483
438	590
440	565
440	595
441	597
442	519
442	569
447	480
447	507
449	501
451	531
452	469
452	546
453	503
454	527
465	468
465	561
466	471
467	499
467	554
467	575
468	484
468	525
474	494
474	536
474	545
475	578
476	585
478	480
478	546
478	595
480	556
481	486
481	585
483	546
484	535
484	562
484	572
485	502
485	523
488	534
490	586
495	523
495	535
496	584
497	566
503	577
509	584
511	535
512	517
515	534
518	528
521	574
523	588
529	538
530	597
532	562
533	546
533	597
534	593
535	592
539	564
539	588
540	570
541	553
541	563
542	593
544	595
549	558
559	599
560	575
568	587
570	590
572	578
573	574
590	595