0	181
0	248
0	313
0	358
0	438
0	550
1	164
1	170
1	597
2	60
2	126
2	251
2	263
2	326
2	410
2	538
3	202
3	442
3	591
4	147
4	304
4	336
4	366
5	89
5	388
5	407
5	567
6	24
6	246
6	580
7	73
7	89
7	296
7	306
7	325
7	383
7	403
7	407
7	434
7	546
7	597
8	101
8	124
8	162
8	577
9	152
9	194
9	200
9	236
9	300
9	348
10	51
10	293
10	327
10	350
10	416
11	102
11	343
11	392
11	507
11	509
11	557
12	19
12	47
12	204
12	258
13	240
13	269
13	497
14	152
14	179
14	280
14	295
14	309
14	350
15	76
15	181
15	356
15	493
16	26
16	105
16	212
16	298
16	334
16	405
16	487
17	39
17	164
17	215
17	261
17	405
17	450
17	485
18	31
18	115
18	122
18	150
18	165
18	202
18	218
18	386
18	520
18	522
18	546
19	82
19	166
19	241
19	294
19	423
19	454
19	581
20	28
20	73
20	96
20	569
21	170
21	204
21	489
21	516
22	111
22	290
22	406
22	439
22	576
23	229
23	291
23	332
23	413
24	339
24	340
24	487
25	186
25	297
26	47
26	420
26	530
26	539
27	30
27	214
27	326
27	373
28	232
28	391
28	399
28	419
29	58
29	196
29	216
29	309
29	422
29	475
30	303
30	509
31	178
31	271
32	499
32	556
32	573
33	108
33	256
33	398
34	364
34	425
34	438
35	194
35	292
35	438
35	442
35	579
35	599
36	460
36	486
36	594
37	532
38	59
38	79
38	290
38	322
38	548
39	227
39	453
39	535
40	235
40	320
40	358
41	345
42	180
42	285
42	453
43	166
43	221
43	224
43	323
43	437
43	565
44	121
44	204
44	438
45	116
45	236
45	527
46	80
46	81
46	91
46	107
46	223
46	233
46	551
46	597
47	171
47	177
47	342
47	369
47	503
48	115
48	260
48	261
48	345
48	458
49	114
49	153
49	209
49	275
49	306
49	351
49	364
49	474
49	530
50	270
51	99
51	153
51	465
51	486
51	511
52	151
52	244
52	254
52	281
52	334
52	341
52	543
53	92
53	168
53	271
53	301
53	404
53	559
53	568
54	95
54	113
54	185
54	189
54	330
54	436
54	564
55	83
55	91
55	314
55	392
55	490
56	187
56	435
57	169
57	174
57	535
58	117
58	239
58	306
58	429
58	587
59	129
59	229
59	272
59	460
60	176
60	456
61	262
61	421
62	155
62	504
62	586
63	292
63	339
63	512
64	214
64	322
64	479
64	527
65	289
65	400
65	531
66	296
66	349
66	480
67	562
68	260
68	329
69	108
69	223
69	247
69	286
69	544
69	572
70	583
71	230
71	312
71	488
72	131
73	170
73	182
73	224
73	253
73	316
73	395
74	134
74	220
74	259
74	272
74	524
74	558
75	95
75	315
75	509
75	571
76	150
76	154
76	512
76	513
77	306
77	331
77	434
77	487
77	517
78	137
78	403
78	411
78	501
79	238
79	320
80	214
80	259
80	334
80	350
81	237
81	448
81	459
81	592
82	392
82	476
83	109
83	245
83	252
83	301
83	500
84	254
84	357
84	428
84	535
85	123
85	251
85	337
86	304
86	477
87	403
88	174
88	404
89	125
89	158
89	315
89	401
89	512
90	144
90	163
90	199
90	213
90	556
91	151
91	167
91	171
91	317
91	447
91	495
91	532
91	578
92	120
92	369
92	522
93	166
93	250
93	287
93	329
93	571
93	593
94	360
94	460
94	495
94	501
94	530
94	531
95	148
95	165
95	183
95	218
96	112
96	202
97	239
97	346
97	383
97	481
97	512
97	569
97	578
98	408
98	422
98	498
99	407
99	436
100	209
101	233
101	318
101	386
101	527
101	558
102	229
102	459
103	128
103	250
103	499
103	511
104	127
105	225
105	297
106	107
106	221
106	325
106	471
106	483
107	146
108	479
108	574
109	199
109	354
109	418
109	558
109	580
110	234
110	287
110	295
110	421
110	459
110	590
111	298
111	558
112	178
112	287
112	459
113	166
113	288
114	182
114	275
114	476
114	526
114	539
114	557
115	191
115	272
115	378
116	172
116	387
116	402
116	488
117	288
117	398
117	410
117	474
117	532
118	376
118	398
119	417
119	445
120	130
120	164
120	413
120	457
120	553
120	595
121	326
121	374
123	169
123	173
123	231
123	253
123	268
123	416
123	512
124	298
124	309
124	326
124	485
125	173
125	175
125	295
125	340
125	350
126	540
127	172
127	196
127	213
127	237
127	417
127	555
127	575
128	200
128	226
128	341
128	420
128	538
128	592
129	266
129	288
129	342
129	351
129	383
129	473
129	575
130	159
130	472
130	504
131	378
131	388
131	502
131	573
131	595
132	241
132	248
132	392
132	445
132	566
133	421
133	547
134	136
134	177
134	367
134	402
134	404
135	381
136	278
137	240
137	337
138	308
138	557
139	491
140	385
140	441
140	442
140	534
140	541
140	560
140	589
141	538
141	544
142	167
142	334
142	462
142	573
143	231
143	291
143	339
144	366
145	232
145	251
145	315
145	333
146	285
146	386
146	549
148	180
148	428
148	555
149	521
149	578
151	320
151	369
151	374
151	435
151	562
152	227
152	234
152	288
152	336
152	402
153	164
154	257
154	273
154	410
154	418
154	544
155	171
155	279
155	335
155	363
155	463
155	467
156	445
156	488
157	255
157	259
157	372
158	306
158	347
159	475
159	480
160	209
160	413
160	568
161	176
161	237
161	419
161	436
162	377
162	500
162	536
163	212
163	404
164	179
164	368
164	432
165	405
165	452
165	554
166	358
167	176
167	198
167	370
167	379
167	450
167	513
167	535
168	569
169	174
169	514
169	555
169	584
170	211
170	453
171	271
171	448
171	459
172	363
173	186
174	204
174	210
174	264
174	473
174	555
175	195
175	219
175	258
175	437
176	272
176	373
176	430
176	564
176	589
177	208
177	350
178	552
178	556
179	422
180	294
180	530
180	539
181	336
181	365
181	440
181	548
182	464
183	348
184	222
184	447
184	478
185	205
185	257
185	283
185	285
186	203
186	395
186	500
186	521
188	264
188	302
188	383
188	506
189	369
189	438
189	584
190	386
191	257
191	273
191	280
191	311
191	521
191	538
192	231
192	265
192	568
192	580
192	598
193	238
193	263
193	297
193	327
193	357
193	507
193	572
194	234
195	437
195	573
196	208
196	227
196	371
196	372
196	449
196	544
197	336
197	354
197	494
197	575
198	228
198	499
199	390
200	263
200	567
200	595
201	218
201	240
201	553
201	555
201	573
202	214
202	215
202	246
202	513
202	569
203	358
203	363
203	419
203	510
204	441
205	555
206	216
206	234
206	345
206	532
207	251
207	340
207	349
207	352
207	406
208	221
208	296
208	430
209	317
209	402
209	498
209	562
210	227
210	493
211	240
211	268
211	397
212	238
212	241
212	256
212	445
212	599
213	224
213	286
213	520
213	593
214	256
214	396
214	451
214	516
216	347
217	428
217	504
218	518
220	282
220	439
220	450
220	558
220	579
220	594
221	387
221	577
222	239
222	301
223	319
223	392
224	347
224	359
224	406
224	419
224	428
224	460
225	233
225	425
225	430
225	488
226	348
226	500
227	518
228	364
229	441
231	380
231	446
232	280
232	472
233	268
233	321
233	354
233	439
233	511
233	547
234	344
234	457
235	383
235	516
236	465
237	278
237	570
238	291
238	312
238	372
239	419
240	363
240	406
241	251
241	313
241	464
241	576
242	443
242	560
243	271
243	343
243	444
243	487
243	572
244	317
244	422
244	425
244	458
245	583
246	444
247	268
247	379
247	445
248	293
248	384
248	454
248	483
249	459
249	507
250	308
250	595
251	516
251	583
251	585
252	278
252	582
253	473
253	502
253	525
254	392
254	465
255	562
256	317
258	384
258	403
258	470
258	576
260	351
260	352
260	455
260	564
262	300
262	395
263	296
263	474
263	486
263	595
264	354
264	413
264	484
264	595
265	410
265	523
266	375
267	369
267	444
268	515
269	272
269	436
269	550
269	592
270	387
270	505
271	409
271	437
271	590
272	335
272	354
272	478
273	457
274	491
275	298
276	354
276	491
277	312
277	382
277	415
278	351
278	429
279	455
280	287
280	589
281	561
282	394
282	522
284	560
285	343
285	391
285	404
285	517
285	582
286	338
286	348
286	472
286	514
287	316
287	510
289	301
289	306
289	349
289	388
289	459
289	510
290	307
291	414
292	314
292	336
292	374
292	440
292	586
292	590
293	309
293	415
293	430
293	524
293	525
293	596
294	314
294	374
294	396
294	503
295	355
295	379
295	560
296	331
296	599
297	552
298	424
298	426
298	566
299	354
300	304
300	583
301	352
301	486
302	331
302	524
302	562
302	574
303	386
303	402
303	552
304	347
304	443
305	355
306	588
308	368
308	446
308	548
309	504
309	532
310	462
311	427
311	582
312	325
312	416
313	324
313	334
313	493
313	518
313	574
314	333
314	372
314	481
317	552
318	340
318	341
319	427
320	358
320	472
320	585
320	594
321	334
321	509
322	340
322	534
322	556
323	580
325	417
326	361
328	386
328	562
328	588
329	589
330	387
331	514
331	558
331	591
333	434
333	450
334	389
334	444
334	566
335	377
336	425
336	465
336	536
336	574
337	520
337	573
338	398
338	478
338	487
339	465
340	562
341	350
342	391
342	450
342	511
343	387
343	526
343	540
343	555
344	390
344	516
344	592
345	450
345	548
346	478
346	525
347	436
347	599
348	429
348	521
349	437
349	546
350	374
350	390
350	429
350	478
351	468
351	481
352	410
352	550
352	588
353	401
353	508
353	569
354	528
356	445
357	381
357	388
357	401
357	444
357	449
357	599
358	569
359	408
359	599
360	490
360	570
361	496
362	452
363	568
364	501
366	375
366	409
367	578
368	467
368	574
369	383
370	451
371	379
372	462
372	469
372	501
373	469
374	432
374	571
374	591
375	463
375	550
376	462
377	410
377	460
378	497
378	537
378	544
379	410
383	405
385	572
386	461
389	577
390	422
390	556
390	586
391	394
391	583
391	586
392	408
392	418
392	456
393	502
393	552
394	513
394	594
395	473
395	521
395	522
395	528
396	557
396	590
397	427
397	549
397	551
397	566
397	583
398	526
399	401
399	439
400	551
401	436
401	585
402	488
403	518
404	455
404	492
405	474
405	572
405	573
411	475
411	594
412	414
412	544
413	553
413	573
414	571
415	563
416	471
416	472
416	499
416	510
417	544
417	554
418	490
419	546
420	479
420	586
421	524
423	553
424	455
425	573
427	447
427	456
427	551
430	520
431	441
432	490
432	557
433	552
434	452
434	482
436	553
438	475
439	470
441	539
442	504
447	509
447	586
448	450
448	477
448	531
449	489
450	467
450	473
450	501
450	575
450	591
451	458
451	460
451	461
451	522
451	550
453	573
456	466
456	560
457	554
458	466
460	480
461	466
462	576
466	542
467	487
468	502
469	514
470	543
471	486
473	565
473	589
474	489
474	525
475	535
477	490
477	586
480	485
481	493
482	566
482	574
483	499
483	577
484	501
484	504
487	519
489	577
491	548
492	504
492	567
493	578
494	505
495	548
498	519
499	550
500	571
502	510
505	534
507	550
508	584
509	529
511	561
513	584
515	528
516	542
518	553
520	569
520	586
521	582
522	555
526	539
527	553
532	586
533	542
534	551
536	577
536	592
538	550
542	564
544	560
545	595
552	563
554	555
555	565
559	572
560	572
564	588
565	579
566	588
570	573
574	593
575	594
582	583