0	95
0	352
0	384
0	395
0	436
0	529
1	21
1	289
1	439
1	509
1	519
1	569
2	450
3	52
3	170
3	222
3	235
4	155
4	168
4	423
4	529
5	42
5	85
5	148
6	67
6	433
7	9
7	25
7	96
7	268
7	304
7	320
7	425
7	596
8	136
8	243
8	386
8	396
8	530
9	142
9	149
9	349
9	505
9	508
9	527
9	531
10	210
10	370
10	414
10	428
10	441
10	537
11	66
11	211
11	357
11	596
12	74
12	206
12	438
13	68
13	72
13	115
13	339
13	407
13	477
14	129
14	435
14	586
15	113
15	126
15	413
15	414
16	594
17	89
17	222
17	346
17	481
18	90
18	209
18	262
18	339
18	433
18	502
19	107
19	387
19	511
19	579
19	594
20	23
20	268
20	450
21	40
21	239
22	196
22	460
22	590
23	163
23	279
23	471
24	84
24	283
24	329
25	385
26	59
26	147
26	462
27	73
27	162
27	177
27	443
27	469
28	88
28	142
29	44
29	229
29	262
29	286
30	562
31	58
31	132
31	166
32	132
32	307
32	454
33	464
34	277
34	566
35	62
35	224
35	257
35	348
36	37
36	143
36	169
36	244
36	388
36	403
36	445
36	516
37	136
37	575
38	78
38	491
39	224
39	341
39	568
40	319
41	60
41	190
41	254
41	466
41	591
42	124
42	395
42	443
43	151
43	171
43	199
43	358
43	372
43	586
44	49
44	120
44	175
44	352
45	132
45	185
45	213
45	457
46	302
46	313
46	457
46	469
46	543
47	70
47	87
47	91
47	116
47	186
47	280
47	453
47	498
48	176
48	394
48	523
49	54
49	332
49	394
50	249
50	503
51	95
51	186
51	283
51	291
51	303
51	557
52	81
52	149
52	183
52	232
52	361
53	65
53	186
53	407
55	129
55	268
55	271
55	440
55	493
56	235
56	498
56	517
57	67
57	163
57	255
57	397
58	68
58	543
59	236
61	319
61	355
61	407
62	417
62	482
62	590
63	66
63	72
63	74
63	183
63	251
63	276
63	309
63	329
63	395
64	88
64	199
64	238
64	473
65	152
65	266
65	370
66	73
66	491
67	104
67	278
67	296
67	305
68	171
68	230
68	325
68	555
69	212
69	444
69	554
70	100
70	149
70	177
70	445
70	472
70	536
71	86
71	89
71	223
71	430
72	100
72	239
72	463
73	328
73	563
73	595
74	204
74	283
74	306
74	403
74	466
75	87
75	505
75	509
75	545
75	549
75	597
76	170
76	365
76	372
76	488
76	590
77	126
77	204
77	224
77	233
77	531
78	396
78	403
79	298
79	456
80	128
80	143
80	284
80	421
80	587
81	139
81	241
81	332
82	162
82	264
82	417
83	176
83	248
83	400
83	454
84	108
84	173
84	293
84	598
85	195
85	260
85	303
85	498
85	589
86	305
86	483
88	351
88	374
88	438
89	297
89	422
89	474
89	590
90	171
90	255
90	419
91	257
91	389
91	453
91	540
92	120
92	510
92	599
93	238
93	456
93	522
94	169
94	271
94	430
95	529
95	561
95	583
96	166
96	181
96	202
96	298
96	421
96	477
96	527
97	109
97	245
97	469
98	254
99	209
99	347
99	350
100	543
101	128
101	353
101	378
101	509
102	223
102	441
103	150
103	151
103	223
103	286
103	287
103	306
103	393
103	497
103	576
104	144
104	551
104	571
105	117
105	163
105	276
105	416
106	370
106	394
106	446
106	584
107	305
108	437
109	116
109	213
109	356
109	403
110	222
110	262
110	370
110	422
111	179
111	374
111	416
111	573
112	174
112	302
112	319
113	129
113	151
113	163
113	285
113	305
113	563
114	191
114	423
114	451
114	470
115	421
115	517
116	140
116	167
116	282
116	502
116	550
117	204
117	347
117	382
117	523
118	227
118	286
118	492
118	515
119	212
119	301
119	438
119	566
120	281
120	297
120	400
120	582
121	170
121	275
121	584
122	274
122	582
122	597
123	139
123	594
124	135
124	382
124	502
124	535
125	169
126	538
126	553
127	534
128	184
128	216
128	233
128	425
128	550
128	580
129	187
129	266
130	191
130	355
130	509
130	575
131	222
131	373
131	475
132	171
132	286
132	349
132	396
133	148
133	376
134	401
134	418
134	498
134	506
134	523
135	476
135	511
135	580
136	331
136	462
136	524
137	201
138	170
139	209
139	486
139	557
140	478
140	504
140	539
141	354
141	381
141	563
141	566
142	297
143	343
143	356
144	237
144	278
144	351
144	537
145	168
145	221
145	319
145	523
146	235
146	256
146	352
146	368
146	428
147	347
147	390
147	573
148	231
148	444
148	496
149	203
149	401
149	536
149	551
150	379
150	381
150	507
151	273
151	552
152	440
152	486
152	595
153	221
153	340
153	453
153	464
153	483
154	444
154	476
155	174
155	226
155	276
155	293
155	594
156	283
156	288
156	307
156	581
157	202
157	374
157	442
157	449
157	547
158	421
158	532
159	343
159	357
159	551
160	242
160	243
160	330
160	376
160	463
160	545
161	172
161	341
161	381
161	421
161	424
161	443
161	542
162	196
162	232
163	174
163	204
163	330
163	415
163	452
164	193
164	404
164	472
164	552
165	316
165	489
166	412
166	594
167	217
167	307
167	383
168	187
168	294
169	328
169	531
170	333
170	377
171	243
171	473
172	240
172	324
172	424
173	284
174	323
174	491
174	529
175	184
175	221
175	346
175	514
177	312
177	329
177	436
177	468
177	471
178	223
178	305
178	377
179	349
179	361
179	453
179	460
180	590
181	229
181	281
182	284
182	392
183	405
183	591
184	208
184	344
184	441
184	580
185	222
185	323
185	378
185	499
186	537
187	225
187	549
187	574
188	389
188	458
188	591
189	253
189	498
189	521
190	192
190	218
190	242
190	277
190	367
190	381
191	273
191	393
192	342
193	541
194	212
194	282
194	353
194	383
194	435
194	443
194	446
195	234
195	269
195	289
196	284
196	472
197	216
197	263
197	380
198	238
199	224
199	279
199	421
199	494
200	428
200	550
200	563
201	464
201	498
202	233
202	476
202	545
203	229
203	351
203	544
204	293
204	298
204	407
204	488
205	590
206	269
206	287
206	324
206	334
206	405
206	421
206	422
207	215
207	253
207	293
208	352
208	424
208	542
208	597
209	228
209	380
209	468
210	349
210	359
211	376
211	472
211	516
211	534
211	546
212	338
212	572
213	237
214	237
214	404
215	440
216	356
216	406
216	407
217	264
218	257
218	480
218	481
218	502
218	527
219	290
219	403
219	412
219	504
219	527
220	383
221	290
221	438
222	227
222	345
223	468
223	568
223	573
224	318
224	539
225	468
225	493
226	527
227	599
228	239
228	306
228	428
228	434
228	484
229	506
229	565
230	404
230	417
230	547
231	269
231	278
231	539
232	445
233	383
233	461
234	334
234	475
235	485
235	506
235	514
236	292
236	481
237	362
238	248
238	492
239	414
240	269
240	342
241	560
243	417
243	512
243	594
244	348
244	477
244	514
245	248
246	332
246	557
247	286
247	422
247	502
248	267
248	313
249	292
249	374
249	431
249	493
249	593
250	328
250	407
250	552
252	268
252	361
252	415
253	272
255	305
255	569
256	257
256	340
256	368
256	392
256	394
256	515
256	522
256	584
257	281
257	336
257	559
258	263
259	386
259	536
260	326
260	356
260	363
260	481
261	289
261	359
262	267
262	362
263	308
263	440
263	529
264	272
264	339
264	460
264	476
265	399
265	585
266	277
266	449
266	576
266	577
267	289
267	506
267	509
268	296
270	414
271	280
271	413
271	423
271	457
271	499
272	319
272	477
273	532
274	375
274	409
274	442
274	569
275	370
275	375
276	322
276	357
276	369
276	388
276	544
276	572
277	293
277	306
277	357
277	370
277	524
277	552
278	459
278	524
278	528
278	536
279	397
279	422
280	291
280	293
280	346
280	358
280	481
280	560
281	374
282	335
283	458
285	317
285	380
285	594
285	599
286	578
287	315
287	404
287	549
288	306
288	378
288	410
288	451
288	500
289	407
289	493
292	464
293	300
293	419
293	464
293	588
294	468
294	503
294	567
295	512
295	529
296	485
297	405
298	435
298	453
298	534
299	446
301	398
303	320
303	357
303	418
303	458
304	335
304	382
304	394
304	525
304	589
306	410
307	405
307	521
308	370
309	508
310	338
310	444
310	531
311	518
311	591
311	592
312	505
313	323
314	325
314	363
314	522
316	408
316	482
316	523
317	587
318	364
318	402
318	426
318	541
320	366
320	379
320	388
320	453
321	414
322	407
322	410
322	548
323	482
323	578
324	590
325	388
326	435
327	371
327	383
327	414
327	528
327	595
328	596
329	342
329	492
329	501
331	370
331	388
333	368
333	370
333	492
334	363
334	427
334	519
335	520
336	398
336	560
336	562
337	367
337	536
337	594
338	539
339	389
339	458
339	472
339	563
340	475
341	418
341	482
341	569
343	447
344	578
345	381
345	512
345	597
346	353
346	439
349	437
350	445
352	443
352	480
353	360
355	596
357	448
358	587
359	545
360	493
360	554
361	425
362	375
362	447
362	506
363	393
364	378
364	433
364	561
366	369
367	480
368	509
368	525
369	485
369	494
369	538
371	486
372	588
373	457
374	551
375	413
376	414
376	445
377	413
377	474
378	430
378	562
378	564
379	404
380	552
382	453
383	384
384	457
385	388
385	455
386	453
386	533
386	547
386	586
387	455
387	468
387	510
388	567
390	416
391	499
392	492
392	548
392	565
392	569
394	545
394	548
395	421
395	547
396	447
399	407
399	467
399	487
400	478
401	452
401	597
402	533
405	412
405	550
406	420
406	481
406	512
408	424
408	516
411	578
414	543
414	554
415	576
415	583
416	509
416	516
417	590
418	427
418	454
421	462
421	583
422	598
423	534
424	524
424	547
426	470
426	556
427	432
427	579
428	559
429	476
431	480
431	503
433	524
433	591
435	535
435	598
436	562
437	516
437	531
439	492
440	448
441	497
441	554
443	534
443	573
445	553
446	535
447	495
448	460
448	481
450	466
450	476
450	496
452	561
454	503
455	462
455	562
456	530
457	595
462	549
463	491
463	513
463	560
463	580
464	584
464	597
465	540
466	592
467	528
471	486
471	558
472	533
473	567
476	494
477	548
478	593
479	544
480	544
480	595
480	597
481	589
482	490
482	529
484	515
488	596
491	559
494	558
497	556
498	502
499	558
499	572
501	517
501	577
502	546
502	576
504	556
505	515
505	538
507	544
513	586
513	588
515	530
515	553
515	583
521	585
523	537
523	558
525	590
526	598
527	569
527	581
529	534
529	575
532	592
533	590
534	554
534	555
535	580
537	559
538	571
539	584
541	561
542	549
544	562
544	573
548	596
550	555
550	571
558	564
558	592
558	593
561	568
562	587
564	582
567	570
581	587
582	596
588	589