0	127
0	239
0	297
0	496
0	517
0	576
1	75
1	306
2	211
2	303
2	416
2	436
3	65
3	116
3	194
3	425
3	495
4	51
4	180
4	181
4	206
4	270
4	275
5	376
6	100
6	133
6	233
7	286
7	403
7	595
8	50
8	82
8	163
8	301
8	443
9	296
10	98
10	99
10	140
10	191
10	372
10	491
10	578
11	174
11	276
11	532
12	22
12	81
12	296
12	372
12	435
12	483
13	112
13	183
13	257
13	372
13	383
13	518
14	32
14	234
14	290
14	388
14	408
15	37
15	77
15	118
15	190
16	286
17	118
17	286
17	289
17	421
17	536
17	566
18	41
18	70
18	148
18	254
18	460
18	570
19	28
19	54
19	339
19	349
20	252
21	244
21	344
22	50
22	352
22	406
22	546
23	351
23	493
23	554
23	570
24	100
24	507
24	530
25	197
25	230
25	311
26	60
26	444
26	578
27	100
27	289
27	403
27	450
27	455
27	554
28	240
29	55
29	168
29	201
29	230
29	280
29	287
29	355
29	402
29	517
29	564
29	580
30	77
30	177
30	364
30	406
30	522
31	97
31	579
32	332
32	475
33	325
34	250
34	348
34	387
34	399
34	426
34	514
34	537
35	39
35	118
35	328
35	334
36	57
36	109
36	124
36	221
36	436
37	104
38	167
38	184
38	276
38	293
38	363
39	97
39	109
39	145
39	227
39	260
39	280
40	401
40	424
40	432
40	503
40	591
40	595
41	134
41	418
41	501
41	559
41	568
42	85
42	96
42	265
42	342
42	434
43	146
43	413
44	283
45	78
45	179
45	263
45	264
45	392
45	424
45	446
45	581
46	517
47	74
47	180
47	339
47	391
47	432
48	55
48	113
48	307
48	412
48	573
49	531
49	566
50	234
50	511
50	575
51	99
51	403
52	453
53	189
53	301
53	389
54	457
55	277
56	72
56	128
56	444
56	468
57	88
57	108
57	219
57	251
57	310
57	318
57	385
57	395
57	442
58	70
59	69
59	178
59	278
59	401
60	68
60	107
60	215
60	280
60	408
61	120
61	314
61	460
61	490
62	268
62	279
63	275
63	307
63	556
64	155
64	505
64	529
65	215
65	497
66	71
66	227
66	588
67	250
67	493
68	456
68	469
69	140
69	208
69	320
69	594
70	524
70	547
71	416
72	143
72	156
72	185
72	555
73	122
73	462
73	489
74	105
74	118
74	442
74	462
74	510
74	581
74	589
75	104
75	113
75	200
75	502
76	157
76	287
76	332
76	535
76	589
77	174
77	225
77	235
77	302
77	312
77	353
78	341
78	374
78	505
78	521
79	312
79	319
79	448
79	557
80	97
80	299
80	317
80	586
81	146
81	505
82	217
82	261
82	348
82	410
82	499
83	415
83	499
84	180
84	260
84	388
84	541
85	180
85	260
85	437
85	455
85	578
86	206
86	306
86	428
86	438
87	175
87	178
87	277
87	303
87	323
87	354
87	393
87	417
87	440
87	506
87	584
88	140
88	205
88	273
88	317
89	117
89	142
89	211
89	331
90	119
90	258
90	463
90	583
91	201
92	148
92	273
92	350
92	539
93	156
93	252
93	255
93	321
93	363
94	161
94	470
94	560
94	592
95	97
95	132
95	262
95	379
95	439
96	206
96	359
96	481
97	260
97	361
97	451
97	532
98	114
98	160
98	400
98	557
99	391
99	489
99	496
99	583
100	220
100	264
101	288
102	104
102	277
102	333
102	339
103	159
103	193
103	259
103	489
103	551
104	192
104	491
105	387
105	421
105	464
106	286
107	141
107	152
107	167
107	302
107	421
107	501
108	299
108	326
108	420
108	518
109	246
109	323
109	325
109	431
109	457
109	509
110	280
111	141
111	455
113	267
113	353
113	389
113	401
113	542
114	218
115	129
115	154
115	187
115	380
115	492
116	495
117	388
117	544
117	598
118	249
118	340
118	488
118	531
118	542
119	238
119	368
120	179
120	369
121	259
121	369
121	400
121	549
121	577
121	590
121	596
122	380
123	583
124	329
124	480
125	268
126	303
126	338
126	486
127	207
127	355
127	402
127	588
128	210
128	239
128	540
129	179
129	216
129	385
130	291
131	157
131	361
132	170
132	180
132	283
132	505
132	583
134	407
134	574
135	225
135	276
136	219
136	225
136	454
137	317
137	382
137	509
137	512
138	270
138	276
138	389
138	575
139	326
140	193
140	195
140	256
141	266
141	429
141	470
142	172
142	462
142	500
143	477
144	174
144	204
144	314
144	369
144	433
145	190
145	293
146	231
146	462
146	536
147	299
147	323
147	337
148	225
148	248
148	332
148	370
149	587
150	174
150	319
150	427
151	470
151	479
152	279
152	352
152	380
152	385
152	518
153	241
153	452
153	510
154	356
154	444
154	531
154	574
154	597
155	341
155	367
155	406
155	429
155	455
155	534
156	428
156	513
157	225
157	240
158	211
158	223
158	277
158	281
158	417
158	449
158	513
158	594
159	181
159	198
160	166
160	183
160	320
160	487
160	594
161	319
161	337
161	411
162	322
162	517
162	586
163	292
163	522
164	228
164	248
164	253
164	361
164	596
165	173
165	396
165	408
165	514
166	179
166	239
166	274
166	492
167	259
167	339
167	394
167	425
167	496
167	582
168	471
168	554
168	597
169	337
169	394
169	552
170	234
170	270
170	369
170	488
170	567
170	575
171	439
171	519
171	530
171	551
172	185
172	429
172	444
173	245
173	588
174	400
174	449
174	476
174	487
175	417
176	325
176	460
177	216
177	371
177	528
177	561
177	571
178	329
178	476
179	269
179	401
181	420
181	502
181	508
182	221
182	320
182	577
182	598
183	204
183	268
184	292
184	326
184	516
185	389
185	410
185	428
185	477
185	542
185	592
186	587
187	357
187	443
187	503
188	370
188	453
189	502
191	225
192	367
193	244
193	250
194	241
194	279
194	281
194	473
194	507
194	527
195	299
195	498
196	247
196	280
196	368
196	479
196	504
197	294
197	424
198	266
199	375
199	408
199	561
200	229
200	252
200	513
201	213
201	372
201	398
201	426
201	569
202	258
202	289
202	348
202	471
202	572
203	261
203	347
203	581
204	425
204	438
204	528
204	551
206	386
207	310
207	457
207	471
207	552
208	280
208	350
208	511
209	247
209	374
209	388
209	403
210	218
210	303
210	456
210	570
211	502
211	568
212	226
212	413
213	242
213	438
214	349
214	585
215	373
215	588
215	591
216	388
217	243
217	259
217	445
217	550
218	358
218	390
218	561
219	293
219	352
219	444
219	514
219	516
220	224
220	362
222	276
222	289
222	494
224	524
225	417
226	377
227	354
229	384
229	395
229	564
230	519
231	270
231	304
231	418
231	485
231	509
231	569
232	250
232	311
232	552
233	261
234	342
235	308
235	523
236	444
236	478
236	551
237	451
238	405
239	322
239	343
239	527
241	256
241	322
241	379
241	473
242	422
242	425
242	514
244	279
245	399
245	432
247	277
247	354
247	387
247	561
247	596
248	565
249	384
249	462
249	550
250	274
250	418
250	428
250	432
250	530
251	366
251	369
251	429
252	288
254	574
255	477
255	519
256	263
256	398
257	296
257	469
257	550
258	351
259	305
259	405
259	561
260	424
261	460
261	473
261	531
261	572
262	278
263	477
263	545
263	576
264	574
266	514
266	553
266	598
267	454
267	467
267	489
269	279
269	317
269	348
269	541
270	343
270	397
270	564
271	369
271	532
272	340
272	505
273	326
273	416
274	296
274	373
274	516
275	300
275	408
275	410
275	493
275	498
276	367
276	381
276	410
276	500
276	508
276	572
277	439
277	473
277	571
277	592
278	291
278	328
279	362
279	412
279	415
279	573
280	285
280	361
280	372
280	436
280	532
281	297
281	379
281	542
281	589
282	349
282	507
282	518
284	533
285	496
287	391
287	406
288	290
288	425
288	551
289	384
290	511
291	498
291	579
291	593
292	319
292	462
292	470
293	355
293	437
293	462
295	361
295	430
295	574
296	473
297	529
297	586
298	568
299	362
299	472
299	580
301	378
301	500
301	525
301	538
301	539
302	459
303	471
304	320
304	378
304	495
304	527
304	588
305	320
305	520
306	363
307	575
308	418
308	478
308	582
309	416
309	588
310	529
311	446
311	477
311	554
311	584
312	338
312	527
313	339
313	391
313	522
314	319
314	495
315	504
315	517
316	334
316	360
316	437
316	564
317	427
317	496
318	448
318	498
318	583
319	427
322	415
322	550
323	361
324	334
324	342
324	368
325	370
327	364
327	394
327	585
329	342
329	348
329	574
330	356
330	375
330	391
330	530
331	519
331	567
332	498
332	588
333	404
333	437
334	445
334	527
335	357
335	379
335	574
335	596
336	414
336	433
336	513
338	427
339	484
339	559
340	365
340	543
341	554
342	447
342	543
342	552
343	593
344	478
344	524
344	583
345	445
346	374
346	420
347	359
347	545
347	546
348	374
349	359
349	393
349	428
350	374
350	591
351	421
351	510
352	427
353	365
353	442
353	522
354	379
354	450
354	587
357	430
359	593
360	488
360	517
361	363
361	530
363	416
365	456
365	495
366	439
367	482
367	570
368	446
369	567
370	502
370	531
373	470
374	409
374	497
375	462
376	416
376	502
377	417
378	496
379	391
379	597
382	396
382	411
384	460
384	535
385	561
389	514
391	441
391	461
393	596
394	509
394	531
394	547
395	558
397	446
397	457
397	570
398	594
401	491
402	528
402	552
403	520
404	476
405	412
406	474
407	423
407	458
407	498
407	584
408	529
408	584
408	588
410	519
410	536
414	465
414	498
414	499
416	529
419	499
419	535
421	517
422	562
423	573
424	468
424	547
425	466
425	519
426	586
428	569
431	509
431	552
431	566
433	548
433	579
434	529
434	596
436	443
436	459
436	589
438	472
438	505
439	479
439	565
440	477
440	599
441	522
441	595
442	471
442	489
442	537
443	477
443	552
443	553
443	599
445	451
447	502
447	570
448	593
449	472
449	544
449	596
450	493
453	572
453	576
454	531
455	493
455	518
455	588
456	479
457	462
457	538
458	579
459	555
459	598
461	539
461	579
461	587
463	479
463	512
463	540
463	581
465	596
467	523
468	587
469	535
470	552
471	526
471	536
471	547
471	571
478	499
482	539
483	486
483	492
484	568
485	494
485	582
487	528
487	588
489	596
490	501
490	504
491	553
491	581
492	554
494	539
494	597
495	496
498	499
498	525
498	536
498	588
501	523
503	590
503	599
504	508
506	554
507	569
509	593
511	516
513	551
515	551
515	570
516	578
518	566
519	569
520	568
522	565
524	585
526	589
527	549
528	561
528	580
528	583
529	534
529	594
535	583
536	598
538	583
539	552
543	557
545	597
546	560
546	563
547	591
548	573
549	553
552	588
554	589
560	565
576	588
582	593
587	596
589	598
590	593