0	24
0	57
0	62
0	77
0	97
0	201
0	276
0	412
0	495
1	103
1	129
1	252
1	385
1	424
1	562
2	10
2	190
2	410
2	418
2	424
3	91
3	163
3	258
3	364
4	17
4	212
4	220
4	264
4	310
5	100
5	166
5	257
5	430
5	532
5	570
6	146
6	456
7	299
7	311
7	379
7	572
7	591
8	99
9	128
9	181
9	191
9	258
9	290
9	335
9	572
10	535
11	115
11	224
11	339
11	350
11	471
11	546
12	17
12	214
12	225
12	309
12	311
12	368
12	531
13	533
14	262
14	282
14	397
14	476
15	224
15	404
15	591
16	346
16	378
16	513
16	579
16	588
17	153
17	185
17	211
17	426
17	500
17	579
17	580
18	311
18	437
18	493
19	221
19	344
20	281
20	383
20	543
20	598
21	118
21	225
21	363
22	87
23	77
24	45
24	89
24	196
24	274
24	390
25	520
25	558
26	123
26	174
26	340
26	419
26	522
27	180
27	229
27	230
27	337
27	437
27	501
27	530
28	177
28	242
28	451
29	148
29	285
29	594
30	51
30	154
30	234
30	266
30	574
31	112
31	277
31	308
32	149
32	401
32	463
33	71
33	555
34	129
34	340
34	381
35	82
35	283
35	514
35	560
36	574
37	203
37	340
37	439
38	261
39	59
39	105
39	163
39	247
39	279
39	360
40	142
40	145
40	217
40	234
40	267
40	366
40	485
41	290
41	350
41	365
42	178
42	262
42	354
42	364
42	500
42	504
43	199
43	542
44	70
44	89
44	190
44	315
44	385
44	389
44	522
45	235
45	255
45	326
45	446
45	594
46	116
46	368
46	400
46	419
46	506
46	553
46	590
47	438
48	241
48	264
48	322
48	363
48	402
48	539
48	577
49	65
49	105
49	173
49	514
49	575
50	52
51	124
51	155
51	159
51	301
51	319
51	402
51	423
52	113
52	245
53	112
54	508
55	103
55	470
56	81
56	207
56	368
57	229
57	277
57	294
57	437
58	71
58	380
58	412
58	537
59	134
59	394
59	405
60	219
60	529
61	145
61	155
61	196
61	436
61	541
62	204
63	111
63	241
63	486
63	585
64	525
65	448
65	483
65	555
65	556
66	276
66	370
66	411
67	346
68	180
68	317
68	357
69	190
69	243
69	333
69	347
69	349
70	128
70	239
71	122
71	136
71	193
71	587
72	410
73	460
74	451
75	178
75	264
75	311
75	442
75	443
75	528
76	180
76	184
76	273
76	424
76	517
76	586
77	240
77	292
77	429
78	171
78	193
78	216
78	332
78	395
78	467
78	468
79	138
79	195
79	276
79	564
80	483
80	499
81	113
81	220
81	456
82	127
82	173
83	106
83	238
83	328
83	348
83	488
84	106
84	119
84	301
84	546
84	591
85	183
85	409
85	596
86	224
87	246
87	348
87	383
87	426
88	134
88	461
90	214
90	350
90	470
91	190
91	448
91	470
92	182
92	198
93	292
93	563
94	261
94	329
94	331
94	415
94	483
95	182
95	317
95	356
95	553
96	139
96	158
96	189
96	333
96	410
97	173
97	198
97	225
97	261
97	312
97	332
97	383
97	477
97	488
98	108
98	193
98	210
98	312
99	141
99	187
99	265
100	411
100	452
100	524
100	586
101	559
102	115
102	231
102	311
102	385
102	394
102	478
102	496
102	529
103	109
103	152
103	258
103	335
103	440
104	172
104	228
104	229
104	292
104	325
104	467
104	495
104	506
104	558
105	209
105	331
105	447
107	291
107	350
107	378
107	458
107	570
107	575
108	183
108	184
108	311
109	183
109	303
109	403
109	525
110	202
110	216
110	383
110	418
110	423
110	508
110	515
111	188
111	515
112	121
112	476
112	481
112	482
112	554
112	587
113	398
114	135
114	307
114	485
115	189
116	359
116	545
116	555
116	576
117	144
117	298
117	318
117	393
117	565
118	376
118	523
119	160
119	217
119	267
119	268
119	305
119	338
119	428
119	450
119	584
120	157
121	455
122	300
122	311
122	357
122	485
123	246
123	311
123	372
123	458
123	585
124	273
124	446
124	502
124	575
124	590
125	249
125	443
126	405
126	541
127	261
127	270
128	130
128	492
129	187
129	201
129	531
130	518
130	523
130	542
131	485
132	198
132	283
132	554
133	179
133	256
133	466
133	489
133	503
133	511
133	585
134	230
134	245
134	429
135	165
135	273
135	407
135	543
136	182
136	560
136	563
137	143
137	245
137	300
137	328
137	399
137	459
137	501
137	562
138	318
138	481
139	140
139	381
140	216
140	275
140	291
140	334
141	184
141	205
141	260
141	289
142	199
142	451
143	331
143	548
144	228
144	273
144	348
144	477
144	503
146	380
146	467
146	513
147	570
147	575
148	386
149	271
149	430
150	166
150	182
150	219
150	263
150	535
150	567
151	391
151	398
151	515
152	267
152	320
152	452
152	465
153	247
153	350
153	467
155	277
156	265
156	353
156	481
157	388
157	573
158	283
158	415
158	447
158	530
159	223
159	261
159	423
159	494
160	293
160	295
160	591
161	260
161	459
162	365
163	297
163	405
163	410
164	287
164	418
164	435
164	484
164	503
164	529
165	324
165	403
165	455
165	456
165	554
166	363
166	571
166	595
167	507
167	525
168	314
168	526
168	527
169	255
170	270
170	302
170	312
170	327
171	340
171	367
171	402
171	420
171	426
171	577
171	595
172	361
172	372
173	323
173	333
174	335
175	242
175	291
175	307
175	366
175	511
176	203
176	265
176	282
176	447
176	545
177	367
177	376
177	479
178	248
178	296
178	593
179	310
181	302
181	462
182	446
182	552
182	581
183	483
183	593
184	253
184	262
184	466
184	472
184	591
185	460
186	223
186	516
187	355
187	525
188	287
188	356
188	379
189	381
189	465
190	302
190	308
191	463
191	491
192	598
193	280
193	296
193	522
193	543
194	526
194	595
195	256
195	524
195	539
196	360
196	482
197	252
197	413
197	545
198	390
199	372
199	390
199	463
199	583
199	596
200	260
200	574
201	353
202	312
202	337
203	344
203	538
204	298
204	354
204	372
205	227
205	259
205	282
205	590
206	236
206	535
206	540
207	259
207	346
207	369
207	485
207	591
208	293
208	348
209	212
209	226
209	331
209	416
209	422
209	424
210	212
210	431
212	263
212	330
212	371
212	401
212	411
213	361
213	539
214	229
214	299
214	322
214	438
215	362
215	475
216	361
216	444
216	520
217	266
217	327
217	375
217	551
217	580
218	336
218	457
219	489
220	238
220	261
221	231
221	330
221	351
221	527
222	245
222	544
223	285
223	316
223	454
224	309
225	232
225	328
225	478
226	259
226	371
226	450
226	598
227	296
228	382
228	433
228	555
228	558
229	546
230	409
230	508
230	534
230	585
231	326
231	550
232	349
232	353
232	447
232	517
233	296
233	385
233	416
233	539
234	331
234	465
234	522
235	537
235	592
235	595
236	257
236	435
236	497
237	258
237	370
237	554
237	587
238	260
238	373
238	550
239	333
239	446
239	482
239	537
239	549
241	340
241	483
242	374
243	393
243	394
243	559
244	408
245	342
245	355
245	527
245	533
245	550
246	319
247	559
248	311
248	531
248	547
250	472
250	497
251	468
252	297
252	298
252	567
253	288
253	342
253	429
253	583
254	306
254	569
255	308
255	538
256	297
256	350
256	457
257	359
258	585
259	373
259	448
259	566
260	339
260	583
261	416
261	543
261	594
261	597
263	416
263	417
263	520
264	345
264	483
264	588
266	302
266	503
266	510
266	530
267	279
267	295
267	427
267	495
267	571
268	270
268	481
269	580
270	284
270	524
270	578
271	401
271	569
272	296
272	337
272	554
273	376
274	450
275	294
275	376
276	528
276	569
277	278
277	376
277	508
277	545
278	439
278	448
279	285
279	452
280	442
280	492
280	512
281	329
281	369
282	457
282	476
282	495
283	369
283	393
283	423
284	291
284	522
285	353
285	498
285	579
286	433
287	381
287	583
288	318
288	503
289	348
290	336
290	582
292	488
294	500
295	318
295	475
296	333
296	351
296	374
296	497
297	393
298	397
298	463
299	364
299	400
299	538
300	523
301	397
301	405
302	410
302	421
302	445
302	476
302	500
302	583
303	598
304	316
304	425
304	451
305	328
305	366
307	391
308	550
309	430
309	480
309	499
309	521
310	598
311	342
311	407
312	327
312	519
313	576
313	599
314	347
314	486
314	495
317	430
317	489
319	333
320	430
320	528
321	542
321	575
322	436
324	530
324	548
324	551
325	349
325	379
325	468
325	476
326	540
326	559
327	588
328	523
330	426
331	362
332	342
333	496
335	550
336	464
337	394
337	501
337	564
338	432
339	512
339	589
340	354
341	472
341	497
341	570
341	575
342	521
343	355
343	370
343	499
344	398
344	529
345	438
345	562
345	575
348	414
348	539
349	430
351	446
352	367
352	399
353	490
355	417
356	429
357	509
357	551
358	380
358	570
359	360
359	519
360	442
361	362
361	485
361	560
362	563
363	417
364	444
364	467
365	581
368	475
369	516
369	548
370	383
371	501
373	398
373	564
374	480
374	527
374	556
374	589
375	555
376	521
376	527
376	586
377	573
377	578
377	595
378	391
378	435
378	516
379	433
379	508
379	568
380	403
380	469
380	585
381	383
381	526
382	516
382	553
382	579
384	426
384	525
385	417
385	440
386	401
386	479
387	391
387	538
389	481
389	501
390	436
390	505
390	570
390	587
391	395
391	524
392	498
392	499
392	556
394	450
394	478
395	518
396	397
396	419
396	484
396	538
397	499
397	594
397	596
398	518
399	451
400	468
401	488
402	504
402	527
403	458
404	442
404	454
404	523
404	538
406	571
407	530
407	556
408	431
408	594
409	443
410	495
411	433
412	471
412	492
412	519
413	427
413	434
414	561
415	459
417	449
417	568
418	477
418	539
418	575
419	454
421	441
422	547
422	560
423	488
423	532
424	464
424	577
424	592
426	490
428	435
429	431
429	454
430	565
433	461
436	553
436	590
437	496
438	552
438	595
440	505
440	531
441	459
441	577
442	503
442	505
443	508
444	538
445	449
445	480
445	493
446	469
446	587
447	593
448	522
448	529
450	453
450	463
453	474
455	575
455	580
459	460
459	574
459	595
460	556
462	516
463	515
463	572
464	557
465	534
467	485
467	540
468	521
470	496
473	535
475	575
477	538
480	577
482	494
482	574
483	501
486	577
487	587
491	592
498	570
499	523
500	579
503	584
504	511
504	599
509	572
510	574
514	556
518	547
519	522
519	536
519	545
522	568
524	557
528	543
528	545
528	557
528	575
532	555
537	563
548	552
551	562
554	558
554	583
563	573
565	592
570	588
589	593