0	75
0	310
0	355
0	390
0	409
1	4
1	8
1	255
1	460
1	557
1	590
2	55
2	170
2	569
3	245
4	69
4	283
4	555
5	196
5	290
5	312
5	315
5	379
6	91
6	155
6	321
6	360
6	399
7	11
7	165
7	192
7	226
7	365
7	438
7	509
8	125
8	205
8	371
8	427
8	546
9	28
9	60
9	282
9	447
10	378
10	435
10	494
10	578
11	201
11	372
11	434
12	490
12	522
12	524
13	481
13	553
14	236
14	460
15	40
15	208
15	308
15	311
15	440
15	578
15	599
16	233
17	199
17	203
17	438
17	468
17	507
18	220
18	514
18	543
19	107
19	271
19	506
19	532
20	140
20	276
20	312
20	413
20	436
21	177
21	192
21	279
21	286
21	401
22	174
22	382
22	458
22	533
22	564
23	200
23	214
23	230
23	317
23	383
23	433
23	441
23	534
23	536
23	549
24	265
24	411
24	515
24	531
24	534
25	61
25	288
26	108
26	449
26	579
27	156
27	164
27	431
28	151
28	239
28	297
28	479
28	519
28	531
28	549
29	121
29	152
29	479
30	173
30	211
30	496
30	585
31	33
31	180
31	274
31	521
32	184
32	310
33	439
33	535
34	102
34	112
34	196
34	474
34	519
35	277
35	294
35	454
35	525
36	82
36	177
36	519
36	528
37	177
37	247
37	426
37	445
38	219
38	288
38	448
38	533
38	542
39	53
39	148
39	265
39	290
39	410
39	417
39	418
39	479
39	488
40	41
40	212
40	257
40	373
40	414
40	578
41	80
41	390
41	515
41	537
42	106
42	354
43	82
43	360
43	495
43	550
44	60
44	77
44	496
45	48
46	171
46	187
46	347
46	421
47	228
47	265
47	393
47	420
47	518
48	59
48	93
48	194
48	485
48	505
48	520
49	202
49	245
49	311
49	370
49	557
50	168
50	247
50	312
50	499
51	96
52	181
52	333
52	383
52	398
52	442
52	514
53	115
53	119
53	183
53	201
53	259
53	281
53	468
53	501
53	510
54	368
55	135
55	423
56	161
56	213
57	106
57	197
57	210
57	325
57	340
58	248
59	82
59	119
59	267
59	375
59	585
60	163
60	299
60	310
60	544
60	554
61	228
61	336
61	387
61	432
62	180
62	237
62	469
62	581
63	258
63	277
63	311
63	423
63	540
64	157
64	210
64	323
64	481
65	173
65	517
65	551
66	211
66	444
66	469
66	566
67	144
68	268
68	599
69	82
69	207
69	525
69	535
70	248
70	412
70	556
71	124
71	458
71	512
72	356
72	395
72	456
72	502
73	219
73	271
74	130
74	272
74	426
74	432
74	475
74	586
75	409
75	480
75	587
76	130
76	224
76	405
76	478
77	133
77	355
77	473
78	201
78	219
78	365
79	187
80	116
80	190
80	291
80	442
80	578
80	582
80	590
81	94
81	103
81	113
81	166
81	268
81	321
81	397
81	403
82	134
82	256
82	558
83	182
83	345
83	493
83	541
83	566
84	176
84	479
85	157
85	332
85	389
86	103
86	199
86	201
86	270
86	352
87	189
88	260
88	315
89	150
89	206
89	236
89	468
89	571
90	487
90	565
91	119
91	352
91	423
91	494
92	238
92	256
92	268
93	178
93	433
93	468
93	540
93	582
94	354
95	201
95	317
96	455
96	470
97	180
97	257
97	288
98	567
99	261
99	363
99	424
100	462
100	501
101	233
101	309
101	431
101	491
101	511
102	229
102	253
102	573
103	304
103	401
103	466
104	127
105	149
105	418
105	589
106	294
106	440
106	465
106	475
106	477
106	518
107	392
107	465
108	382
108	421
108	476
109	125
109	187
109	346
109	419
110	173
110	239
111	380
111	430
111	515
112	166
112	376
112	377
112	431
113	160
113	240
113	341
114	182
114	241
114	288
115	459
116	376
116	457
117	177
117	297
118	257
118	418
118	440
119	343
119	569
119	576
120	185
120	257
120	323
120	466
120	561
121	269
121	512
121	539
122	200
122	378
122	420
122	434
122	457
122	531
123	586
124	307
124	339
124	352
125	205
125	386
125	426
125	577
126	354
126	547
127	233
127	246
127	375
128	538
129	171
129	578
129	594
130	174
130	282
130	386
130	516
131	296
131	375
131	427
132	387
132	507
133	175
133	198
133	430
133	432
133	536
134	184
134	208
134	572
135	144
135	173
135	187
135	281
136	551
137	270
137	293
137	510
137	595
138	224
138	278
138	358
139	211
139	286
139	321
139	330
139	341
139	381
139	408
139	441
139	453
140	198
140	327
140	445
140	467
141	162
141	246
141	466
141	589
142	203
142	565
143	155
143	202
143	222
144	157
144	378
144	410
145	527
146	192
146	321
146	327
146	498
146	506
147	269
147	427
147	428
148	266
148	293
148	378
148	392
149	192
149	566
150	223
150	322
150	403
150	410
150	517
151	161
151	246
151	457
151	540
151	558
152	274
152	372
152	596
153	245
154	432
154	546
156	525
157	214
157	223
157	327
157	416
157	463
157	471
157	539
158	341
159	371
159	377
159	445
160	353
160	494
160	515
161	169
161	194
161	360
161	478
161	552
162	265
162	331
162	578
163	171
163	263
163	418
164	229
164	424
164	495
165	176
165	223
166	178
166	214
167	189
167	491
167	582
168	423
168	503
168	521
168	585
169	392
169	394
169	432
169	570
170	345
171	247
171	287
172	209
172	544
173	187
173	409
173	503
173	573
174	511
175	505
175	576
176	217
176	303
176	368
176	527
177	220
177	407
177	467
177	548
178	210
178	273
178	351
178	375
178	517
178	519
179	399
180	283
181	189
181	560
182	369
182	519
183	207
183	390
183	429
183	546
183	548
183	555
183	574
184	186
184	405
184	483
184	548
185	482
186	439
187	389
187	444
187	510
187	527
187	583
188	453
189	261
189	407
190	275
190	276
190	532
191	514
192	196
192	283
192	310
192	351
192	402
192	492
192	503
192	562
193	309
193	371
193	388
193	545
194	228
194	484
194	538
195	569
196	297
196	555
197	383
197	490
199	215
199	228
199	297
199	361
199	401
199	499
199	576
200	514
200	595
201	405
202	402
202	530
203	207
203	295
203	425
203	550
204	306
204	559
204	567
205	226
205	241
205	321
205	346
205	584
206	263
206	463
206	485
207	214
207	227
207	335
208	414
208	472
209	426
209	482
211	569
212	329
212	479
212	495
212	536
212	550
212	570
214	227
214	236
214	493
216	466
217	244
217	302
217	539
218	331
219	328
219	343
219	481
220	261
220	385
220	489
220	495
220	514
221	247
221	438
221	490
222	268
222	269
222	288
222	424
222	579
223	255
223	525
223	526
223	562
224	323
224	369
225	386
226	251
226	302
227	394
227	426
227	437
227	504
228	548
229	230
229	286
229	536
230	301
230	337
230	373
230	471
231	233
231	336
231	407
232	244
233	320
233	392
234	484
234	582
235	321
235	323
235	534
236	271
236	283
236	325
236	598
237	343
237	517
237	559
238	476
238	547
238	586
239	369
239	449
240	451
240	485
241	407
241	463
241	487
241	515
242	444
242	593
243	316
243	327
243	347
243	440
243	580
244	314
244	332
244	393
244	443
244	460
244	530
245	266
245	341
245	454
246	300
246	390
246	457
246	563
247	323
248	341
248	348
248	496
249	279
249	413
249	448
250	313
250	498
251	421
251	525
251	569
252	382
252	396
253	306
253	411
254	502
256	394
256	517
256	565
257	397
257	586
258	394
259	401
259	443
259	559
261	325
262	421
262	522
262	586
263	296
263	421
263	558
264	309
264	331
264	344
264	506
265	304
265	320
265	446
266	314
267	508
269	339
269	350
269	398
269	535
270	532
271	502
272	305
272	480
272	540
273	411
273	458
273	519
274	596
275	304
275	416
276	338
276	489
276	530
277	517
277	594
278	368
278	591
280	362
280	376
280	445
280	540
280	586
280	587
281	365
281	549
282	381
282	411
282	575
283	343
283	540
283	587
284	367
284	404
284	452
284	585
285	518
286	540
286	545
288	392
289	556
290	327
291	483
292	450
292	554
292	560
294	318
294	432
294	542
295	314
296	341
296	502
297	342
297	377
298	442
299	437
299	487
299	514
300	309
301	392
301	477
301	571
302	402
304	457
306	379
306	469
307	462
309	411
310	372
310	515
310	532
311	552
313	391
313	522
313	530
314	422
314	429
315	440
315	479
315	522
316	330
316	576
316	579
317	422
318	563
319	331
319	408
319	539
320	493
320	553
321	332
321	557
323	508
324	385
324	404
324	507
326	582
327	341
328	497
328	520
328	555
329	364
331	465
331	598
332	338
332	487
333	396
333	498
334	385
334	473
335	371
335	374
335	503
335	557
336	381
337	404
337	444
337	502
338	432
338	487
338	506
339	543
340	464
341	488
343	557
344	502
345	375
345	389
345	406
345	555
347	411
348	357
349	411
350	367
350	535
351	398
351	514
351	527
352	545
353	394
353	437
353	498
353	500
353	505
354	567
355	376
356	431
356	527
357	369
358	437
358	488
359	396
359	403
361	424
361	509
361	526
361	536
362	421
362	488
362	503
363	505
364	398
364	552
364	598
365	467
365	566
366	427
366	449
367	420
368	443
370	453
370	465
372	501
373	441
373	549
374	377
374	497
374	525
378	462
378	489
378	505
380	381
380	576
381	555
382	473
383	459
384	482
385	455
385	512
386	448
386	450
386	544
386	599
388	435
388	547
388	580
389	540
390	511
391	404
391	474
391	488
391	501
391	597
392	538
392	545
392	546
393	592
394	476
394	569
394	591
395	408
397	398
398	453
398	500
398	576
400	551
401	518
401	571
401	581
402	468
402	522
403	410
404	551
407	456
407	530
408	580
409	521
411	535
411	556
412	495
412	535
412	565
413	458
413	488
415	450
415	479
415	549
415	588
416	426
416	514
416	536
417	453
417	563
419	578
419	583
419	598
420	474
421	507
421	557
424	594
425	451
425	462
425	547
425	587
425	594
426	454
426	482
426	580
429	534
429	571
429	591
430	585
431	464
432	451
433	467
433	530
433	580
434	459
434	467
435	472
435	560
436	577
437	577
439	546
442	511
442	582
443	599
444	599
446	447
446	521
448	485
449	538
449	595
451	543
452	494
455	532
455	554
456	466
457	471
457	598
458	516
458	528
458	561
459	524
460	492
461	490
461	529
462	554
463	476
464	566
465	558
466	470
466	497
467	499
467	560
469	534
471	569
473	587
475	597
476	494
476	543
478	555
479	485
479	514
483	574
486	528
487	533
492	531
494	528
499	546
501	504
506	515
506	565
506	589
508	559
509	517
513	591
515	588
518	587
519	547
519	566
520	535
520	570
520	594
522	562
523	557
524	598
525	553
525	573
533	534
533	547
537	568
539	545
546	548
547	550
548	561
554	582
578	583
589	592
589	597