0	17
0	349
0	423
0	434
1	576
2	117
2	191
2	259
3	292
3	294
3	437
3	474
4	186
4	321
4	375
4	596
5	33
5	81
5	169
5	345
5	428
5	445
5	467
5	523
5	536
6	225
6	231
6	477
7	71
7	76
7	238
7	562
8	59
8	431
8	472
8	520
9	281
9	359
9	439
9	533
9	559
10	91
10	159
10	244
10	311
10	497
11	129
11	301
11	430
11	478
11	549
12	85
12	105
12	126
12	486
12	488
12	545
13	78
13	240
13	269
13	278
13	291
13	551
14	117
14	236
14	306
14	476
14	571
15	430
15	587
16	456
17	93
17	145
17	289
17	436
18	491
18	596
19	125
19	129
19	408
19	479
19	533
19	563
20	194
20	261
20	466
20	546
21	154
21	260
21	454
21	481
21	526
22	331
22	577
23	268
23	378
23	401
23	498
24	168
24	215
24	408
24	492
24	559
24	579
25	363
25	393
25	403
25	516
25	532
26	481
26	544
26	552
27	82
27	541
28	29
28	78
28	211
28	312
28	378
28	530
28	543
29	219
29	276
29	432
29	447
29	459
30	112
30	163
30	178
30	324
30	325
30	395
31	45
31	232
31	443
31	525
32	524
32	539
33	194
34	345
34	348
34	472
34	501
35	459
35	482
36	188
36	428
36	442
36	562
37	206
37	211
37	249
37	575
38	95
38	222
38	282
39	151
39	404
39	429
40	244
40	412
40	423
41	293
41	540
42	143
42	228
42	528
43	60
43	203
44	112
44	163
44	247
44	281
44	356
44	375
44	413
44	558
45	70
45	98
45	390
45	392
45	491
46	84
46	155
46	418
46	459
46	509
46	553
47	215
47	453
48	54
48	202
48	396
48	444
49	183
49	218
49	336
49	514
49	550
49	580
50	130
50	447
50	489
51	184
51	227
51	243
51	258
51	359
51	399
51	412
51	567
52	189
52	260
52	345
52	364
52	406
52	559
53	94
53	297
54	74
54	251
54	391
55	208
55	333
55	359
56	153
56	317
56	347
57	198
57	303
57	439
57	481
57	585
58	79
58	209
58	234
58	281
58	322
58	348
58	432
58	589
59	114
59	192
59	442
60	114
61	378
61	443
62	66
62	225
62	270
62	490
62	495
63	110
63	169
63	195
63	292
64	248
64	311
64	416
65	508
66	164
66	256
66	384
66	404
66	462
67	134
67	489
67	566
68	150
68	293
68	411
68	462
68	512
69	255
69	450
70	149
70	175
70	555
71	164
71	246
72	329
72	511
72	517
73	77
73	348
73	467
73	539
73	540
73	592
73	596
74	75
74	137
74	155
74	223
74	273
74	433
74	523
74	594
75	84
75	207
75	241
75	313
75	581
76	82
76	92
76	101
76	354
76	542
77	283
77	310
77	561
78	149
78	216
78	234
78	305
78	339
78	518
78	521
79	216
79	218
79	363
79	555
80	222
80	294
81	253
81	479
82	96
82	136
82	332
82	339
82	409
82	417
83	182
83	388
83	468
84	203
84	536
85	107
85	268
85	283
85	326
86	129
86	248
86	297
87	185
88	156
88	184
88	345
88	454
88	460
88	597
89	126
89	292
89	420
90	223
90	307
91	394
91	461
91	586
92	180
92	287
92	317
93	215
93	340
93	374
93	459
93	562
94	159
94	173
94	176
94	247
94	301
94	388
95	126
95	164
95	328
95	515
95	573
95	580
96	105
96	245
96	274
96	297
97	136
97	168
97	243
97	389
97	513
98	148
98	338
98	414
98	521
98	562
99	449
100	527
100	593
101	219
101	265
102	218
103	202
103	261
103	378
103	486
104	226
104	324
106	288
106	319
106	486
107	426
107	513
108	434
108	502
109	122
109	148
109	283
109	378
109	399
109	422
110	322
110	335
110	388
111	301
112	563
113	182
113	186
113	305
113	545
113	562
114	485
114	535
115	185
116	369
116	405
117	167
117	175
117	236
117	246
117	356
117	592
118	230
118	320
119	504
119	550
120	222
120	255
120	386
120	434
120	536
121	221
122	392
122	587
123	322
123	326
123	377
123	510
123	581
124	145
124	170
124	349
124	448
125	351
125	353
125	507
126	151
126	183
126	204
127	201
127	579
128	448
128	482
128	558
129	240
129	358
129	578
130	198
130	239
130	268
131	242
131	332
131	342
131	399
131	453
131	464
131	595
132	275
132	363
132	387
132	434
132	518
133	295
133	301
133	453
134	169
134	234
134	581
135	196
135	548
136	485
136	488
136	579
137	210
137	270
137	276
137	356
137	488
137	516
137	560
138	464
139	195
139	231
139	399
139	519
140	161
141	198
141	328
141	500
142	219
143	389
143	546
143	583
144	216
144	306
144	470
145	209
145	533
145	599
146	190
146	305
147	550
148	161
148	362
148	423
149	253
149	282
149	463
149	480
150	223
151	291
151	333
151	434
151	511
151	533
152	205
152	506
155	195
155	452
155	495
155	499
155	564
157	301
157	392
157	442
157	548
158	291
158	306
158	441
158	567
158	583
159	224
159	238
159	366
159	414
159	540
159	565
160	373
160	382
160	463
161	260
161	580
162	249
162	290
162	523
163	308
163	359
163	553
164	208
164	440
164	469
164	594
165	239
165	505
166	345
166	586
167	313
167	334
167	400
167	435
167	437
168	237
168	318
168	321
168	381
168	491
169	279
169	515
169	586
170	522
171	328
171	337
171	551
172	312
172	541
173	271
173	341
173	346
173	391
173	457
173	562
174	359
175	176
175	270
175	284
175	356
175	447
175	545
175	589
176	255
176	403
177	204
177	208
178	200
178	572
179	270
179	313
179	317
179	437
179	586
180	230
180	257
180	324
181	460
181	532
182	268
182	441
182	459
182	520
183	210
183	433
184	423
185	226
185	369
185	597
185	599
186	243
186	270
186	412
186	592
187	471
187	554
188	201
188	330
188	343
188	393
188	450
188	503
188	566
189	284
189	376
189	411
190	327
190	383
191	481
192	430
192	510
193	280
193	357
193	423
193	593
194	253
194	262
194	276
195	331
195	435
196	303
196	338
196	525
197	239
197	275
197	332
197	419
199	458
199	560
200	591
201	243
201	263
201	526
201	533
202	264
203	327
203	391
203	470
204	319
204	507
205	333
205	390
205	469
205	595
206	207
206	261
206	292
207	283
207	583
208	236
208	361
209	293
209	324
209	460
209	549
210	224
210	252
210	255
210	391
210	396
210	437
211	230
211	461
211	492
211	558
212	407
212	448
212	525
212	565
213	341
213	443
214	374
215	375
215	528
216	314
216	414
217	346
218	238
218	296
218	397
218	457
218	472
219	340
219	515
219	583
220	248
220	286
221	246
221	325
221	464
221	598
222	387
222	510
222	596
223	318
223	412
224	247
224	491
225	245
225	263
226	243
226	335
226	388
226	427
227	385
227	395
228	457
228	566
229	266
229	571
230	324
230	435
231	452
231	536
231	568
232	576
233	317
233	535
234	237
234	280
234	313
235	238
235	254
235	437
236	513
237	398
238	540
239	323
239	441
239	520
240	247
240	314
240	584
241	492
241	532
242	521
243	321
243	398
243	532
244	359
244	427
244	477
245	343
245	366
245	367
245	495
245	546
246	264
246	395
246	444
247	478
249	557
249	568
250	336
250	534
252	393
252	449
252	483
252	486
252	572
252	593
253	555
254	349
254	560
255	426
255	552
256	449
257	484
257	561
258	473
259	331
260	296
260	300
260	335
260	418
260	423
260	464
260	536
261	560
262	269
262	312
262	391
262	408
262	429
262	466
263	335
263	562
264	282
264	309
264	455
265	478
265	507
266	338
266	352
266	391
267	301
267	412
267	491
267	587
268	304
268	347
269	374
270	354
270	570
271	461
271	511
272	559
273	487
275	583
276	283
276	358
276	501
277	438
278	425
278	498
278	594
279	385
279	597
280	333
280	354
280	368
280	385
280	402
280	452
280	537
281	364
282	313
282	388
282	405
282	553
285	361
285	588
286	461
286	503
286	511
286	568
288	317
288	327
288	408
288	540
289	323
289	563
290	320
290	429
291	316
291	597
292	390
292	420
293	309
293	320
293	562
294	530
294	572
295	327
295	431
295	509
295	586
296	513
297	429
297	476
297	511
298	311
298	431
298	545
299	344
300	481
300	586
301	541
301	599
302	539
302	596
303	401
303	441
305	351
305	438
305	481
305	579
307	353
307	418
307	438
307	584
308	353
308	390
308	493
308	519
308	597
309	355
309	501
309	559
310	374
310	468
310	496
310	538
311	413
311	429
311	443
313	390
313	496
313	519
313	524
313	527
313	558
315	430
317	408
317	448
317	482
317	539
317	549
317	574
317	584
317	598
319	409
319	452
319	478
320	362
320	498
320	514
321	332
322	337
323	510
323	511
323	547
324	399
324	524
325	331
326	350
326	491
327	405
328	583
329	592
330	347
330	455
330	502
331	352
331	418
331	592
332	380
333	557
333	574
334	434
334	566
335	446
336	361
336	379
337	497
337	503
338	370
338	400
338	430
338	542
339	443
340	342
340	567
343	369
344	353
344	527
345	420
345	558
347	352
347	358
347	425
347	560
348	505
348	554
348	568
350	484
350	508
351	493
352	412
354	417
354	546
356	452
356	595
357	439
358	433
358	511
359	518
360	477
360	503
361	470
361	569
363	380
364	545
365	428
365	444
365	472
365	494
366	440
367	472
369	414
369	498
370	442
370	469
370	472
370	534
371	488
372	463
373	417
374	398
376	507
377	534
377	587
378	435
379	395
379	437
379	582
380	394
380	441
381	404
381	441
382	517
384	405
385	565
386	430
387	393
388	570
390	407
391	458
393	398
393	543
393	546
393	562
394	407
395	443
397	402
398	568
399	476
401	429
401	467
401	470
401	512
401	588
403	412
403	566
404	452
405	516
405	534
406	469
408	427
408	499
409	524
409	580
410	465
410	467
410	536
411	494
411	552
412	488
413	419
413	569
413	582
413	599
414	441
414	480
414	490
415	455
415	491
416	440
416	478
417	464
417	519
417	538
418	468
418	502
419	474
420	467
421	555
424	465
424	502
424	581
425	476
425	517
425	531
427	514
428	471
428	546
432	534
433	526
434	549
435	440
436	563
437	485
437	565
438	444
438	497
438	537
441	465
441	466
441	539
442	468
443	449
443	530
443	575
444	476
444	535
445	501
445	576
447	596
448	481
448	520
448	543
449	527
450	524
451	554
452	466
452	479
452	505
453	472
453	475
453	518
453	597
454	519
455	527
456	518
458	467
458	592
460	535
460	571
461	547
463	529
463	589
469	472
469	564
469	595
472	589
473	507
477	525
477	537
478	492
482	545
483	489
483	530
483	554
484	518
484	562
486	537
491	549
491	574
491	589
493	530
496	556
499	524
503	592
504	561
505	588
508	525
509	588
510	543
513	575
521	589
521	590
522	541
526	551
528	566
530	534
530	571
534	539
540	561
540	581
542	569
545	575
547	555
552	558
552	574
552	593
558	587
559	561
566	584
567	571
567	587
568	571
573	593
589	592
590	597