0	134
0	220
0	333
0	384
0	399
1	103
1	146
1	273
1	415
1	476
1	518
2	96
2	243
2	376
2	433
2	518
3	87
3	116
3	215
3	337
4	10
4	126
4	360
4	410
4	487
5	27
5	237
6	398
6	510
7	60
7	102
7	117
7	124
7	126
7	292
7	409
7	456
7	508
8	24
8	366
9	437
9	465
10	78
10	114
11	51
11	143
11	299
11	313
11	394
12	170
12	195
12	294
12	563
13	92
13	321
13	345
13	441
14	456
14	458
14	536
14	545
15	286
15	458
16	87
16	573
17	167
17	172
17	192
17	292
17	411
17	450
18	73
18	125
18	577
19	167
19	307
19	310
20	21
20	356
20	385
21	117
21	234
21	262
21	375
21	440
21	516
22	135
23	58
23	60
23	136
23	516
23	554
24	178
24	183
24	474
24	535
25	38
25	66
25	102
25	261
25	539
25	549
26	151
26	229
26	521
27	109
27	141
27	169
27	267
27	380
27	523
27	546
28	151
28	359
28	400
28	441
28	474
29	119
29	158
29	231
29	330
30	58
30	94
30	176
30	317
30	402
31	223
31	228
31	420
31	477
31	579
32	209
32	334
32	373
32	459
32	493
33	40
33	148
33	301
34	188
34	334
34	379
34	527
34	585
35	201
35	438
36	260
36	289
36	295
36	338
36	459
37	304
37	334
37	479
37	481
37	541
38	315
38	322
39	197
39	291
39	335
39	359
39	567
39	570
40	560
40	581
41	576
42	263
42	355
42	366
42	508
42	540
43	493
44	114
44	304
44	420
44	458
45	53
45	325
45	374
45	380
46	49
46	277
46	491
46	559
47	441
47	480
48	122
48	142
48	331
48	385
49	151
49	183
49	301
49	343
49	544
50	59
50	94
50	114
50	206
51	105
51	129
51	291
51	310
51	459
51	527
51	548
51	595
52	153
52	172
53	313
54	230
54	379
54	404
55	87
55	105
55	395
55	473
55	503
56	111
56	124
56	359
56	362
56	469
56	499
56	520
57	188
58	66
58	86
58	304
58	410
58	491
59	229
59	243
59	315
59	401
59	470
59	576
60	74
60	192
60	206
60	424
60	575
61	93
61	310
61	324
61	336
61	549
62	126
62	229
63	344
64	281
64	302
64	425
64	553
65	391
65	490
65	583
66	122
66	317
67	89
67	195
67	221
67	390
68	115
68	258
68	287
68	491
68	551
69	76
69	258
69	278
69	501
69	559
69	560
70	347
70	469
70	557
71	561
72	123
72	255
72	382
72	431
72	518
73	212
73	218
73	288
73	488
73	595
74	334
75	289
76	352
76	408
77	103
77	159
77	265
77	371
77	386
77	435
77	515
78	103
78	194
78	280
78	473
79	96
79	371
80	188
80	293
81	173
81	279
81	421
81	582
82	142
82	185
82	207
82	235
82	397
82	504
82	521
82	522
83	143
83	530
83	563
84	279
84	330
85	120
86	413
86	466
87	458
88	144
88	418
89	373
89	413
89	473
89	503
89	552
90	303
90	475
90	483
91	99
91	363
92	328
92	343
92	401
92	496
93	451
94	538
95	268
95	415
95	544
95	548
96	104
96	132
96	134
96	483
97	132
97	561
98	114
98	144
98	211
98	225
98	271
98	372
98	394
98	542
99	305
99	422
100	226
100	424
100	482
100	508
100	584
101	130
101	313
101	374
103	191
103	229
104	112
104	252
104	330
105	297
105	310
105	570
106	185
106	376
107	249
107	355
107	428
107	525
107	551
107	571
108	377
108	446
108	543
110	123
110	181
110	268
110	366
110	507
110	597
111	271
111	399
111	430
112	466
112	521
112	572
113	356
113	475
114	321
115	474
116	403
116	578
117	182
117	241
117	292
117	439
117	504
118	193
118	317
118	484
118	498
118	528
119	188
121	220
121	249
121	455
121	509
121	519
122	241
122	303
122	465
122	503
123	206
123	277
123	329
123	342
123	557
124	309
124	575
125	370
125	416
126	185
126	362
126	466
126	485
126	547
127	188
127	285
127	420
128	285
128	422
128	438
128	536
128	595
129	348
129	391
129	423
130	444
130	457
131	139
131	317
131	341
131	544
132	197
132	242
132	578
133	140
133	161
133	314
133	397
133	544
134	273
134	482
135	153
135	324
136	229
136	369
136	439
137	227
137	229
137	265
137	444
137	502
138	192
138	341
138	349
138	392
138	478
138	502
138	530
139	197
139	589
140	146
140	233
140	269
140	319
140	512
140	557
141	277
141	350
141	398
141	470
141	570
141	596
142	151
142	426
143	213
143	367
143	382
143	409
143	507
143	533
144	264
144	565
145	153
145	252
145	379
145	493
145	519
146	273
146	459
146	537
147	212
147	409
147	451
148	220
148	483
149	269
149	326
149	343
150	213
150	292
150	470
151	265
151	402
151	444
151	488
152	295
152	508
152	568
153	336
153	416
153	473
154	161
154	175
154	348
155	182
155	353
155	368
155	409
155	566
155	571
156	159
156	166
156	224
156	235
156	365
156	449
156	464
157	473
157	517
157	583
158	221
158	224
158	234
158	265
158	599
159	222
159	356
160	256
160	272
161	382
161	492
161	517
162	297
162	325
162	456
162	473
162	556
163	227
163	244
163	460
164	335
164	468
164	482
164	504
164	562
165	421
165	427
166	190
166	285
166	385
167	331
168	448
169	184
169	226
169	383
169	400
169	417
169	450
170	251
170	292
170	402
170	468
170	475
170	589
170	593
171	242
171	562
172	372
173	337
174	221
174	340
174	364
174	368
174	372
174	380
174	434
175	248
175	512
175	513
176	575
177	182
177	242
177	257
177	552
177	591
178	203
178	362
179	218
179	290
179	371
179	478
179	552
180	213
180	341
180	548
182	257
182	331
182	376
183	236
183	244
184	190
184	331
184	340
184	343
184	522
185	284
185	309
186	200
186	419
187	259
187	362
187	563
188	230
188	348
188	565
189	328
189	330
189	361
190	285
190	412
190	513
191	331
191	446
191	533
191	570
192	465
192	504
193	296
193	497
194	197
194	380
194	453
195	459
195	569
196	262
197	215
197	235
197	292
197	415
198	316
198	524
199	545
200	506
200	542
201	278
201	546
202	253
202	334
202	460
202	501
202	578
203	281
203	298
203	320
203	398
203	532
204	511
205	526
206	348
207	269
207	322
208	232
208	241
208	464
209	311
209	470
209	473
209	507
209	558
209	590
210	338
211	266
212	227
212	342
212	418
212	429
212	583
213	236
213	404
213	550
214	467
214	568
215	314
215	339
215	428
216	252
217	336
217	479
217	491
218	296
218	434
219	479
220	273
220	305
220	507
221	307
221	318
222	405
223	243
223	293
223	319
223	373
223	435
223	448
224	401
224	414
225	487
226	309
226	350
226	483
227	339
227	438
227	586
228	347
228	511
228	560
228	592
229	268
229	441
231	369
231	397
231	424
232	377
232	572
233	259
233	294
233	344
233	348
233	392
233	552
234	337
234	493
234	494
235	365
235	376
236	278
236	292
236	335
236	433
236	568
237	432
238	418
239	330
239	333
239	364
239	366
239	397
239	403
240	341
241	361
241	382
242	436
242	505
242	507
243	512
244	338
244	370
244	553
245	253
246	264
247	259
247	384
247	526
248	303
248	367
248	392
249	359
249	364
249	512
249	550
249	569
249	580
250	406
251	460
251	491
252	329
253	316
253	400
253	449
254	264
254	520
255	449
255	458
255	539
255	588
257	335
257	349
257	446
257	527
258	269
258	424
258	518
259	390
259	414
260	356
260	576
261	262
261	322
261	442
262	277
262	414
262	476
263	327
263	402
263	502
263	507
263	509
264	463
265	283
265	522
265	559
266	349
267	407
268	596
269	552
270	415
270	569
272	281
272	428
273	468
273	496
273	531
274	353
275	315
275	374
275	585
276	366
277	539
280	291
280	300
280	512
280	529
281	540
281	543
281	547
282	300
282	363
282	514
282	567
283	358
283	523
283	583
284	441
284	560
285	375
285	411
286	382
286	479
287	318
287	396
287	418
287	447
287	519
288	290
288	322
289	375
291	357
292	561
292	564
293	411
293	572
295	362
295	387
295	565
296	322
298	352
298	531
298	598
299	308
299	346
300	337
300	443
301	327
301	410
301	424
301	557
302	558
302	577
303	321
303	352
303	572
304	343
304	535
304	575
304	598
305	465
305	511
306	536
306	595
307	408
307	442
307	454
307	586
308	534
309	333
310	338
310	376
312	577
313	450
315	323
316	552
317	322
317	454
317	488
317	568
317	571
318	387
318	506
320	424
321	444
321	506
321	536
323	378
323	418
323	445
323	486
323	533
323	542
323	571
324	342
324	436
325	349
325	391
325	493
326	372
326	383
326	520
327	574
328	557
329	397
329	570
330	364
330	468
330	592
331	381
332	379
332	548
332	576
332	590
334	415
336	425
336	517
337	449
337	487
338	409
338	462
338	497
338	547
340	352
340	523
341	432
343	345
344	478
344	522
345	401
345	479
346	495
348	355
348	546
349	481
350	441
350	453
351	397
352	587
353	464
354	482
354	524
355	374
356	424
356	443
356	449
357	575
358	499
358	527
359	438
361	552
362	390
362	537
362	547
363	425
363	542
364	477
365	501
365	557
366	529
366	566
367	481
368	431
368	487
369	422
369	444
369	552
370	388
370	459
370	547
371	382
371	558
373	471
373	485
373	548
374	584
375	408
376	490
376	533
377	454
377	598
380	503
380	520
380	522
382	502
383	401
383	454
385	552
386	400
386	443
387	426
387	535
387	588
388	398
388	513
389	547
391	456
393	448
393	508
393	528
396	403
396	523
396	543
396	576
397	404
397	541
397	544
397	570
397	577
398	450
398	546
400	478
401	500
402	465
403	459
405	431
405	508
405	559
406	482
406	521
407	469
407	494
408	497
410	470
413	448
415	498
417	485
418	525
418	552
420	437
421	432
421	452
421	564
422	447
422	504
422	509
423	500
425	461
425	572
426	520
427	540
429	591
430	551
430	559
431	454
431	491
431	518
431	527
431	576
432	555
433	502
435	459
435	584
436	545
436	591
437	486
437	511
438	472
438	509
438	563
440	581
441	562
442	450
442	474
443	591
444	497
445	563
445	567
446	592
447	588
452	476
452	507
454	477
455	594
456	495
456	507
457	515
457	539
457	590
460	519
460	536
461	504
464	481
464	581
466	546
467	477
470	528
470	572
471	582
472	595
474	497
475	549
476	488
478	501
478	543
485	570
487	529
489	574
490	549
491	545
494	562
495	522
496	553
500	569
503	506
504	512
508	559
509	516
509	541
509	559
511	559
511	567
516	578
517	585
518	564
519	570
526	589
527	567
530	542
531	569
533	544
533	565
535	550
535	561
535	579
536	559
537	549
538	540
538	562
539	574
545	553
546	589
549	578
550	567
551	552
555	556
560	566
568	591
569	577
569	584
570	572
578	580
580	592
585	586