0	84
0	122
0	242
0	263
0	454
0	509
1	474
2	181
2	251
3	347
3	367
3	453
4	203
4	488
4	579
5	6
5	168
5	266
6	33
6	508
7	19
7	72
7	193
7	211
7	356
7	392
8	437
8	532
8	575
9	35
9	98
9	120
9	127
9	156
9	225
9	300
9	375
10	254
10	577
11	33
11	319
11	357
11	530
12	197
12	426
12	485
12	533
13	35
13	213
13	277
13	480
14	142
14	238
14	409
14	436
14	592
15	45
15	422
15	445
15	468
15	594
16	23
16	147
16	209
16	314
16	349
16	496
17	30
17	209
17	219
17	268
17	405
17	442
18	71
18	333
18	447
19	73
19	353
19	399
19	417
20	211
21	157
21	320
21	522
22	176
23	109
23	407
23	588
24	320
25	98
25	251
25	367
25	449
25	540
26	180
26	231
26	261
27	91
27	109
27	249
27	525
27	593
28	29
28	349
29	46
29	57
29	127
29	206
29	259
29	335
29	337
29	445
30	156
30	171
30	229
30	283
30	319
30	371
30	544
30	595
31	128
31	277
31	372
31	434
31	559
32	368
32	477
32	546
32	598
33	191
33	193
33	403
33	447
33	493
33	536
34	216
34	330
34	568
35	439
36	54
36	190
36	255
36	485
36	507
37	64
37	143
37	508
38	170
38	437
38	452
38	559
39	89
39	271
39	304
39	406
40	190
40	194
40	288
41	47
41	250
41	270
42	577
43	133
43	208
43	226
43	379
43	535
44	55
44	103
44	173
44	320
44	478
45	335
46	247
46	351
46	416
46	434
47	141
47	168
47	229
47	439
47	482
47	565
48	268
48	295
48	338
48	427
49	116
49	150
50	216
50	261
51	190
51	216
51	593
52	319
52	351
52	355
53	160
53	363
53	402
54	112
54	334
54	431
54	457
54	537
55	333
55	340
55	341
55	366
56	65
56	109
56	313
56	317
56	343
56	393
56	451
57	79
57	420
57	442
57	570
57	578
58	396
58	397
58	403
58	439
58	485
59	152
59	300
59	346
59	355
59	548
60	86
60	180
60	331
60	367
60	416
61	421
61	440
61	489
62	135
62	308
62	368
62	587
63	350
63	407
63	437
63	565
63	590
64	229
64	325
64	447
64	526
65	69
65	395
66	72
66	228
66	273
66	588
67	101
67	583
67	599
68	135
68	174
68	506
69	127
69	131
69	205
69	235
69	355
69	466
69	532
70	522
71	359
71	410
71	414
71	487
72	201
72	266
72	450
73	135
73	376
73	558
74	362
74	396
74	408
75	92
75	333
75	437
76	178
76	490
77	126
77	359
78	251
78	359
78	413
78	570
79	595
80	504
81	521
81	531
82	100
82	188
82	224
82	366
82	440
83	117
83	357
83	362
83	541
84	114
84	218
84	353
84	447
84	462
85	236
85	266
85	496
85	520
86	143
86	161
86	193
86	233
86	273
86	293
86	478
86	486
87	389
87	439
87	545
88	111
88	119
88	146
88	178
88	206
88	227
88	232
89	147
89	160
89	433
89	507
89	509
89	532
89	548
90	118
90	141
90	184
90	289
90	460
91	97
91	151
91	450
92	141
93	234
93	382
93	486
94	98
94	263
94	322
94	397
94	417
94	481
94	575
95	276
95	280
95	334
95	384
95	410
95	426
95	436
95	493
96	141
96	366
96	499
96	512
97	162
97	164
97	201
98	144
98	549
99	113
99	148
99	333
99	353
99	455
100	439
100	585
101	170
101	344
102	502
102	533
102	562
103	140
103	154
103	462
103	487
103	531
103	579
104	172
104	325
104	507
104	559
105	379
106	114
106	128
106	277
106	285
106	301
106	450
106	467
107	258
108	203
108	282
108	341
109	287
110	190
110	397
111	165
111	223
111	253
111	279
111	430
111	515
111	545
112	183
112	229
112	341
112	421
113	396
113	418
114	133
114	288
114	494
114	537
115	170
115	263
115	328
115	444
115	495
115	498
117	391
117	598
118	148
118	194
118	275
118	322
119	179
119	216
119	223
120	314
121	222
121	253
121	334
121	458
121	502
122	184
122	430
122	563
123	269
124	503
125	160
125	465
126	185
126	340
126	351
126	536
127	300
128	147
128	580
129	395
129	525
130	448
130	594
131	328
131	424
131	442
131	570
131	572
132	411
132	598
133	194
133	221
133	223
133	497
134	224
134	272
134	277
134	305
134	545
135	172
135	203
135	249
135	499
136	214
136	425
136	433
136	466
137	292
137	299
137	487
138	313
138	401
138	439
138	457
139	203
139	224
139	235
139	542
140	318
140	400
140	481
141	205
141	250
141	512
141	524
143	153
143	591
144	178
144	560
145	185
145	215
145	231
146	320
146	422
146	453
146	578
147	202
147	331
147	377
147	395
147	531
148	218
148	344
149	328
149	542
150	423
150	446
150	508
150	543
150	552
151	331
152	172
153	263
154	270
154	532
155	199
155	579
156	186
156	267
156	575
157	217
157	568
158	213
158	477
158	562
158	567
159	371
160	216
160	423
160	564
161	372
161	477
162	189
162	311
162	503
163	179
163	558
164	244
164	458
164	483
165	182
166	210
166	393
166	428
167	175
167	480
167	497
167	548
168	222
168	534
169	276
169	360
169	519
169	537
169	564
170	227
170	278
171	324
171	338
171	345
171	494
171	559
172	256
172	378
172	558
173	194
173	304
173	309
173	512
173	573
174	587
175	222
175	314
175	330
176	366
176	479
177	300
178	234
178	240
178	397
178	478
178	583
179	327
179	424
179	480
179	558
180	233
180	390
180	560
182	477
183	308
183	430
183	431
183	442
185	419
185	507
186	322
186	354
187	272
188	268
188	569
190	292
190	395
190	441
191	201
191	406
191	411
192	537
193	382
193	412
193	597
194	256
194	441
195	212
195	219
195	230
195	255
195	264
195	292
195	324
195	365
196	336
196	350
196	447
196	465
197	345
197	358
197	388
197	419
197	474
197	477
197	498
198	257
199	233
199	355
199	458
199	497
199	514
200	223
200	258
200	287
200	348
201	390
201	464
201	465
202	289
202	406
202	500
202	546
204	480
204	488
204	489
205	235
205	516
205	583
206	207
206	274
206	448
206	573
207	298
207	457
207	487
207	520
207	573
208	514
209	222
209	230
209	581
210	256
210	312
210	528
211	229
211	438
211	574
212	262
212	335
212	473
212	537
213	470
213	585
214	477
215	272
215	327
216	217
216	254
216	386
217	336
217	408
217	592
218	412
218	543
219	339
219	391
219	556
220	230
220	309
220	407
220	462
220	471
220	502
220	592
221	238
221	598
222	422
222	437
222	526
222	575
222	579
223	326
223	552
224	310
224	350
224	489
225	296
226	502
227	470
227	537
228	230
228	314
228	496
228	565
229	425
229	502
230	398
231	310
231	413
232	235
233	298
233	579
234	379
234	423
234	522
234	526
235	246
235	416
235	477
235	566
236	243
236	332
237	271
238	343
239	380
239	409
239	410
239	578
240	398
240	593
241	245
241	254
241	290
241	351
241	352
241	359
242	386
242	400
242	421
243	318
243	362
243	537
243	569
244	407
245	251
245	272
245	329
246	254
246	415
247	384
247	597
248	348
249	422
249	599
250	295
250	481
251	253
251	463
251	473
252	437
252	496
254	409
254	564
255	313
255	367
255	476
255	577
256	400
256	573
258	288
258	324
259	316
259	397
260	313
260	377
260	472
260	483
260	485
260	590
261	496
262	270
262	289
262	312
262	385
262	415
262	483
262	500
262	543
263	293
263	317
263	366
263	435
264	321
264	385
264	483
264	595
265	375
265	567
266	293
268	431
268	554
269	523
270	272
271	341
273	364
273	465
273	514
273	560
273	584
273	586
274	352
274	396
274	472
275	341
275	387
276	589
277	303
277	457
278	406
279	503
280	462
281	463
282	315
283	508
284	347
284	428
285	543
286	345
286	520
286	588
287	302
287	366
287	376
287	424
287	440
287	445
288	329
288	498
289	363
289	470
289	570
290	468
291	462
291	518
291	547
291	583
292	599
293	305
293	313
293	405
293	473
294	592
295	456
295	594
296	307
296	418
297	571
298	420
298	447
299	564
300	504
301	319
301	435
302	336
302	337
302	535
303	413
304	422
304	478
306	390
307	347
307	431
307	450
307	554
308	332
308	379
308	423
309	332
309	459
309	539
310	344
311	343
312	436
312	463
312	467
313	340
313	357
313	368
313	435
313	449
313	572
314	538
315	320
315	405
315	592
317	469
317	556
318	569
318	588
321	403
321	474
321	520
321	521
321	571
322	412
323	549
324	527
324	562
324	566
325	495
325	508
325	555
327	337
327	411
327	534
328	379
328	499
328	587
329	352
329	367
329	558
329	585
330	428
330	448
331	452
332	461
332	532
333	358
335	559
336	467
336	505
337	405
338	366
338	418
338	471
338	485
339	409
339	474
339	567
340	596
341	511
341	580
342	452
342	533
343	397
343	406
344	368
344	477
344	568
345	375
345	477
346	433
346	449
346	576
347	369
348	354
348	488
349	363
349	519
349	558
350	372
351	374
351	451
351	565
351	569
352	550
353	361
353	393
353	492
353	533
354	363
357	406
358	538
360	374
360	457
360	541
361	398
361	506
361	569
362	422
362	540
362	561
362	566
363	490
363	525
364	405
364	599
365	467
365	574
365	595
366	499
366	527
367	433
367	548
368	478
368	490
369	370
369	574
370	534
370	546
370	572
371	388
371	549
372	486
373	493
374	474
375	378
375	387
375	477
375	500
377	423
377	498
377	500
377	531
379	401
379	547
381	491
382	415
383	578
384	544
384	597
386	394
386	443
386	484
386	503
386	576
387	399
387	468
387	561
388	406
388	588
390	510
390	523
391	513
392	535
393	410
395	454
397	496
398	527
398	578
399	411
399	431
400	429
401	437
401	559
402	597
403	555
404	421
404	598
405	463
405	550
405	591
406	502
407	459
408	466
408	575
409	507
410	442
410	465
410	585
410	586
410	587
412	510
412	553
413	479
413	584
416	538
417	569
420	424
420	562
423	578
424	513
424	531
425	573
427	535
429	466
429	576
430	523
430	564
432	470
433	489
433	491
435	545
436	517
436	558
437	438
438	445
442	558
444	496
444	585
446	505
448	459
448	549
448	568
448	579
449	530
450	559
451	578
452	559
452	584
454	482
454	570
456	499
457	592
459	535
461	475
463	512
463	544
465	572
468	485
468	564
474	506
474	561
476	579
478	594
479	545
480	494
481	585
487	596
488	519
489	499
490	598
491	500
491	586
493	527
494	599
495	514
496	542
498	550
499	579
501	589
502	512
502	575
504	521
504	555
506	561
507	564
508	544
508	572
511	551
521	553
526	527
529	542
529	549
529	557
530	578
531	566
534	564
536	561
536	568
539	550
541	571
542	575
550	575
557	564
558	582
561	586
572	596
581	585