0	321
0	445
1	21
1	22
1	174
1	223
1	597
2	41
2	255
2	296
2	584
3	112
3	360
3	375
3	388
3	553
4	403
4	445
5	61
6	28
6	120
6	186
6	255
6	333
6	480
7	179
8	279
8	424
8	564
9	268
10	54
10	144
10	422
10	424
10	444
10	445
10	478
10	511
11	42
11	226
11	250
11	291
11	342
11	404
11	479
12	63
12	233
12	381
12	406
13	147
13	227
13	301
13	411
13	554
13	557
14	70
14	167
14	549
15	59
15	99
15	299
15	319
15	390
15	415
15	551
16	220
16	332
16	477
16	524
16	589
17	84
17	256
17	483
18	347
18	360
18	468
18	562
18	589
19	157
20	21
20	259
20	482
20	509
21	176
21	284
21	309
21	359
21	373
22	304
22	414
23	522
24	50
24	52
24	130
24	222
25	72
25	272
25	342
25	585
26	117
26	427
26	541
27	88
27	490
27	521
27	565
27	588
28	429
29	146
29	577
30	381
30	465
31	536
32	287
32	311
32	313
32	349
32	364
33	230
33	292
33	415
34	410
34	468
34	569
35	129
35	168
35	495
35	589
36	57
36	251
36	357
36	464
37	242
37	260
37	330
38	543
39	134
39	181
39	427
39	483
40	54
40	193
40	413
41	341
42	132
42	144
42	311
42	499
42	571
43	145
43	198
43	384
43	574
44	50
44	236
44	267
44	282
44	321
44	433
44	463
45	56
45	316
46	113
46	218
46	249
46	434
46	447
47	258
47	313
47	379
47	463
47	477
48	332
48	372
48	551
49	76
49	363
49	510
50	185
50	340
50	415
50	593
51	149
51	424
51	449
51	539
52	194
52	370
52	440
52	480
52	487
52	548
52	555
52	589
53	212
53	246
53	357
54	59
54	238
54	288
55	168
55	233
55	478
56	114
56	162
56	307
56	343
56	480
56	561
57	89
57	380
57	447
57	579
58	230
58	544
58	599
59	177
59	236
59	248
59	257
59	263
59	411
60	353
60	365
60	496
60	546
60	549
60	585
61	138
61	390
62	222
62	424
62	523
62	573
63	423
64	518
64	555
64	573
65	162
65	278
65	503
65	578
66	165
66	266
66	299
67	99
67	275
67	366
67	434
68	163
68	291
68	304
68	504
69	107
69	153
69	343
69	550
70	80
70	377
70	408
70	449
71	243
71	252
71	277
71	292
71	373
71	417
71	440
71	582
71	587
72	142
72	218
72	259
72	265
72	358
72	387
72	506
72	553
73	112
73	382
73	552
73	573
74	109
74	184
74	279
74	303
74	553
75	169
75	271
75	279
75	556
76	168
76	183
76	184
76	370
76	380
77	479
78	155
78	417
78	423
79	269
79	283
80	88
80	391
80	418
81	85
81	127
81	241
81	294
81	482
82	91
82	108
82	212
82	437
82	539
82	542
83	141
83	192
83	250
84	89
84	422
84	488
84	517
85	222
85	274
85	507
86	102
86	139
86	161
86	586
87	389
87	392
88	425
89	505
90	281
90	428
91	231
91	361
91	505
92	170
92	581
93	243
93	317
93	328
93	408
94	108
95	539
96	326
97	309
97	349
97	380
97	583
98	286
98	328
98	455
98	489
99	187
99	225
99	320
99	323
99	453
100	209
100	264
100	303
100	414
101	200
101	313
101	436
101	482
101	497
101	567
102	327
102	338
102	385
103	187
103	488
103	564
104	197
104	336
104	369
104	375
104	456
104	571
105	506
106	139
106	293
106	588
107	164
107	203
107	224
107	363
107	384
107	416
107	546
107	586
108	348
108	367
108	561
109	216
109	219
109	333
109	399
109	400
109	531
110	130
110	264
110	458
111	309
111	407
112	339
112	540
113	385
113	480
114	124
114	240
114	470
114	510
115	276
115	316
115	396
115	427
115	463
116	444
116	565
116	566
117	146
117	159
117	259
117	393
117	429
117	519
118	266
118	274
118	294
118	355
118	443
118	454
118	468
118	499
118	571
119	384
119	500
119	548
120	226
120	274
121	352
121	586
122	161
122	177
122	185
122	312
122	360
122	486
123	141
123	219
123	287
123	400
123	448
123	551
124	214
124	285
124	347
124	376
124	472
125	250
125	293
125	460
125	494
126	408
127	141
127	502
127	575
128	207
129	275
129	414
129	545
130	243
130	270
130	362
130	585
131	340
131	485
131	541
132	245
132	468
132	476
133	224
133	458
134	161
134	344
134	392
134	462
135	459
136	148
136	213
136	329
136	413
136	422
136	574
137	389
137	392
137	466
138	164
138	335
138	463
138	500
139	165
139	181
139	191
139	280
139	328
139	489
139	570
140	217
140	223
140	300
140	306
140	337
140	431
140	511
140	558
141	177
141	360
141	451
141	596
142	286
142	308
142	312
142	356
142	503
143	337
143	428
143	485
143	505
143	507
144	154
144	279
144	283
145	315
146	282
146	332
146	440
146	572
147	204
147	216
147	327
147	345
147	403
147	537
147	541
149	574
150	279
150	503
150	567
151	410
152	190
152	228
152	283
153	289
153	372
153	389
153	506
153	514
154	362
154	486
155	207
155	570
156	243
156	271
156	554
157	180
157	344
157	560
158	214
158	247
158	283
158	486
158	555
158	572
159	268
159	340
159	437
159	461
160	409
160	473
161	263
161	407
162	245
162	322
162	405
162	420
162	458
162	507
163	257
163	387
163	578
164	194
165	241
165	255
165	369
165	519
166	350
166	394
166	560
166	582
167	223
167	352
167	393
168	170
168	173
168	189
168	284
168	443
169	171
169	253
169	354
170	380
170	413
170	420
170	426
170	450
170	467
170	577
170	581
170	583
171	557
172	290
172	322
172	461
173	325
173	333
173	450
173	519
174	385
174	457
175	222
175	464
175	489
175	577
176	382
176	436
176	449
176	513
177	195
177	556
178	282
179	196
179	357
179	425
179	571
180	328
180	387
181	212
181	328
182	592
184	247
184	297
184	535
185	270
186	506
186	573
187	287
187	309
187	369
187	572
187	584
188	359
189	330
189	418
189	479
189	539
189	592
190	295
190	448
190	490
190	542
190	576
191	361
192	298
192	519
192	588
193	447
193	496
194	240
194	376
194	389
194	433
195	497
195	503
196	227
196	407
196	416
196	568
197	200
197	426
197	490
197	556
198	236
198	507
198	593
199	288
199	454
199	504
199	561
200	226
200	336
200	402
200	587
201	292
201	323
201	390
201	416
201	534
202	512
202	592
203	341
203	412
203	503
203	520
203	576
205	447
205	482
205	540
205	598
206	414
207	371
207	456
207	541
207	582
208	310
208	496
210	329
210	443
210	498
211	221
211	466
211	562
212	339
212	366
213	242
213	256
213	336
213	400
213	440
215	266
215	306
215	463
216	254
216	366
216	426
216	542
217	350
217	579
218	264
218	302
218	403
219	280
219	446
219	448
219	449
219	542
220	287
220	505
221	304
221	400
221	524
222	241
222	375
222	396
222	408
223	577
224	531
224	535
225	283
226	375
226	399
226	413
228	316
228	324
229	483
229	536
230	483
230	530
230	547
230	597
231	511
231	533
232	238
232	528
233	333
233	432
233	597
234	455
235	266
235	386
236	305
237	258
237	331
237	404
237	481
238	276
238	328
238	383
238	510
239	406
241	366
241	419
241	433
241	456
241	586
242	296
242	514
243	340
243	381
243	471
244	269
245	356
245	396
245	414
245	527
246	261
246	429
246	445
246	548
247	324
247	434
248	454
248	507
248	597
249	406
249	424
250	483
250	509
251	443
251	586
252	298
252	405
252	549
253	337
253	590
254	276
254	419
254	511
256	417
257	328
257	402
257	429
257	439
257	512
259	263
259	367
259	584
260	284
260	430
260	549
260	570
261	290
261	426
261	427
261	518
262	436
263	414
263	587
264	342
264	414
264	524
265	350
265	492
265	585
265	597
266	475
266	549
266	584
267	507
267	522
267	576
268	313
268	411
268	462
268	551
268	598
269	424
269	441
270	403
270	510
272	331
272	379
272	401
272	536
272	561
273	402
273	410
273	525
274	292
274	302
274	584
275	495
275	507
276	454
276	487
277	541
278	379
279	282
280	487
280	501
280	557
281	486
283	355
284	286
284	368
284	373
284	483
285	486
285	570
286	376
287	295
287	398
288	452
289	400
289	528
289	536
289	541
290	398
290	418
291	326
291	385
293	374
293	564
294	326
294	481
294	528
295	335
295	389
295	399
297	348
297	362
297	518
297	591
298	529
299	337
299	427
299	440
300	461
300	525
300	537
300	578
301	375
301	381
301	442
301	470
302	380
302	419
303	589
304	474
304	483
305	331
305	395
306	324
306	463
307	545
308	396
308	456
309	312
309	485
310	462
311	364
311	587
312	349
312	559
313	570
313	571
314	520
314	549
315	343
315	428
316	364
316	399
316	447
316	520
317	390
317	446
317	494
317	580
318	320
318	564
319	431
319	442
321	372
321	422
321	473
322	356
322	359
322	422
322	583
323	389
323	444
323	507
324	397
324	426
325	421
325	529
326	397
326	539
327	338
328	515
329	522
330	488
330	550
331	475
332	335
332	595
333	537
333	550
334	347
334	394
334	465
335	344
335	417
335	433
335	495
336	546
337	438
337	492
338	584
339	541
340	462
341	351
341	506
341	584
342	439
344	490
344	544
345	416
345	440
345	545
345	568
346	420
346	492
346	549
347	456
348	449
348	478
348	491
349	402
349	449
351	358
351	565
352	384
352	551
354	507
354	582
355	381
355	492
355	517
358	363
358	515
358	534
358	573
359	369
359	549
360	501
360	507
361	382
361	518
362	449
362	469
362	526
362	537
363	563
366	444
367	447
367	452
367	460
367	495
367	530
368	425
368	426
368	489
368	515
368	579
369	453
369	506
370	377
371	466
371	519
371	577
374	433
374	572
375	522
375	588
376	509
378	545
380	440
380	554
381	546
382	416
382	446
382	530
382	531
383	409
383	463
385	453
385	511
386	402
386	576
387	564
388	464
388	554
388	585
391	520
392	465
393	463
393	464
395	495
395	503
395	535
395	557
396	457
396	527
398	556
399	445
400	436
400	452
401	427
401	462
401	466
403	457
405	552
407	469
407	492
408	444
408	498
408	570
410	429
410	495
411	445
411	546
413	458
413	461
413	525
413	537
414	465
417	597
418	429
418	587
419	478
420	449
420	491
420	591
421	518
422	493
422	507
422	534
423	432
423	497
424	446
424	513
425	518
425	571
426	502
427	432
427	543
428	591
429	586
431	433
431	521
431	526
433	473
434	443
434	458
434	516
434	549
435	514
435	583
436	510
438	537
440	486
442	556
444	465
446	466
448	481
448	555
449	500
450	548
451	537
451	572
452	512
452	596
454	520
454	531
454	545
456	551
457	502
458	545
461	524
462	529
462	582
463	552
463	588
464	538
466	514
466	590
467	553
468	559
469	507
469	537
470	499
470	541
471	486
471	498
472	513
472	569
473	551
475	551
477	488
479	511
479	592
480	540
480	587
481	593
483	530
484	566
488	514
488	553
488	569
489	528
492	524
492	538
492	572
493	591
494	505
495	594
495	598
498	533
499	597
501	578
503	513
504	590
505	541
505	579
506	507
506	531
508	542
508	571
508	584
511	535
513	541
514	567
515	538
517	537
518	527
518	546
519	566
525	542
527	596
528	543
532	545
537	585
539	565
540	597
541	565
542	551
543	548
544	597
546	573
548	566
556	587
559	593
568	597
572	593
578	579
582	597
586	587