0	49
0	300
0	500
1	19
1	21
1	239
1	327
1	400
2	31
2	93
2	148
2	213
2	317
2	450
2	552
3	60
3	194
3	300
3	452
3	577
4	81
4	171
5	467
5	544
5	597
6	184
6	352
7	20
7	114
7	203
7	222
7	550
8	36
8	113
8	160
9	49
9	599
10	221
10	438
10	525
10	534
11	62
12	56
12	173
12	182
12	309
12	372
12	589
13	254
14	103
14	419
15	156
15	359
15	571
16	31
16	557
17	30
17	103
17	111
17	266
17	489
17	499
17	557
17	561
18	54
18	188
18	231
19	114
19	193
19	266
19	323
19	453
20	24
20	42
20	156
20	344
20	435
20	553
21	92
21	98
21	111
21	161
21	310
22	123
22	138
22	165
22	247
22	340
22	465
22	507
23	40
23	344
23	434
24	119
24	157
24	191
24	228
24	421
24	487
24	488
25	63
25	121
25	142
25	332
25	379
26	527
27	238
27	306
27	348
27	579
28	113
28	350
28	474
29	58
29	147
29	161
29	257
29	321
30	122
30	125
31	107
31	143
31	186
31	286
31	288
31	289
32	79
32	83
32	319
32	476
32	479
32	508
33	334
33	554
33	584
34	121
34	179
34	312
34	369
34	461
35	40
35	58
35	77
35	158
35	243
35	249
35	398
35	455
36	258
36	366
37	54
37	110
37	305
37	419
37	485
38	138
38	144
38	437
38	488
38	561
39	43
39	253
39	327
39	474
39	505
39	514
40	149
40	201
40	439
40	519
41	60
41	153
41	371
41	584
42	131
42	335
42	412
42	489
43	175
43	568
44	114
44	380
45	271
45	338
46	211
46	215
46	230
46	234
46	325
46	405
47	326
47	542
48	232
48	442
48	483
48	593
49	158
49	195
49	280
49	374
49	595
49	599
50	56
50	117
50	285
50	517
51	128
51	180
51	443
51	449
52	187
52	264
52	271
52	419
53	212
53	246
53	343
53	419
53	551
53	561
54	268
54	445
54	568
55	260
55	308
55	326
55	522
56	516
57	112
58	77
58	151
58	236
58	439
59	118
59	555
59	582
60	328
60	449
60	488
60	592
61	139
61	407
61	417
61	463
61	469
62	121
62	126
62	512
63	567
63	580
64	375
65	117
65	272
65	283
65	350
65	434
66	247
66	347
66	459
66	544
67	304
68	266
68	296
68	348
68	398
68	403
69	243
69	371
69	414
70	112
70	260
70	506
70	552
71	76
71	163
71	345
71	397
71	497
72	191
72	357
72	597
73	300
73	388
74	388
74	522
74	532
74	548
75	199
75	206
75	361
75	548
75	560
75	582
76	338
76	392
76	394
76	465
77	106
77	149
77	303
77	380
78	187
79	242
79	452
80	192
80	451
81	152
81	277
81	438
81	541
82	192
82	246
82	280
82	297
82	448
82	466
82	472
82	498
83	178
83	250
83	317
83	475
84	353
84	392
84	434
84	476
84	586
85	273
85	417
85	424
86	225
86	286
86	415
86	557
87	159
87	199
87	352
87	369
88	108
88	219
88	478
89	98
89	120
89	239
89	397
90	288
90	426
91	193
91	200
91	261
91	353
91	517
91	530
91	559
92	301
92	315
92	470
93	556
94	193
94	223
94	550
94	559
95	109
95	361
96	286
96	502
96	535
97	245
97	343
97	360
97	399
97	546
98	100
99	271
99	395
99	492
100	510
100	569
101	319
101	383
101	468
102	136
102	161
102	192
102	315
102	403
102	460
103	209
103	261
103	534
104	144
104	279
105	270
105	457
105	547
106	321
106	322
106	402
106	429
107	211
107	238
107	264
107	269
107	453
107	541
107	550
108	213
108	453
109	238
110	367
110	468
111	336
111	445
111	486
112	245
112	391
113	323
113	588
114	148
114	240
114	320
114	509
115	417
116	186
116	283
116	568
117	400
118	138
118	145
118	392
118	569
118	599
119	204
119	354
119	531
119	577
120	154
120	446
120	474
121	200
121	249
121	356
122	217
122	411
123	215
123	254
123	276
123	391
123	574
124	139
124	284
124	327
124	395
124	582
125	136
125	166
125	201
125	219
125	248
125	253
125	306
125	311
125	348
125	426
126	188
126	305
126	356
126	501
127	156
127	258
127	265
127	308
127	504
127	566
127	569
128	142
128	245
128	448
128	537
129	202
129	384
129	404
129	439
129	496
129	523
130	179
130	416
130	528
131	133
131	162
131	165
131	166
131	273
131	305
132	170
132	222
132	289
132	291
132	370
132	400
132	508
133	179
133	382
133	403
133	489
133	532
133	564
134	347
134	457
134	580
135	502
136	137
136	204
136	362
136	378
136	400
136	409
137	213
137	368
137	551
138	195
138	283
138	352
138	417
139	241
139	561
140	515
140	599
141	549
142	215
142	521
142	567
143	248
143	417
143	591
144	174
145	272
145	446
145	497
146	176
147	167
147	456
147	579
148	188
148	342
149	311
149	448
149	496
149	545
150	329
151	200
151	221
151	337
151	438
151	458
151	482
151	565
152	265
152	324
152	350
153	186
153	234
153	349
153	426
154	162
154	404
154	433
154	533
155	195
155	304
155	333
155	497
156	408
157	264
157	403
158	218
158	262
158	380
158	472
159	262
159	299
159	454
159	516
160	195
160	480
161	218
161	367
161	443
161	476
161	572
162	293
163	169
163	452
163	496
163	563
164	508
164	586
164	593
165	222
166	178
166	511
167	218
167	404
168	267
169	188
169	272
170	174
170	290
170	298
170	303
171	359
171	403
171	526
172	177
172	387
173	474
173	488
173	550
174	206
174	452
174	569
174	590
175	331
175	400
175	411
175	432
175	535
176	268
176	291
176	388
177	592
178	207
178	421
179	303
179	530
179	577
180	373
180	409
181	287
182	303
182	348
182	453
182	460
183	186
183	287
183	291
183	317
183	384
183	448
183	499
184	207
184	299
184	304
184	319
185	305
185	343
185	445
186	322
186	585
187	486
187	498
188	392
188	541
189	410
189	493
190	329
191	228
191	302
191	397
191	469
192	231
192	367
192	386
192	454
193	308
193	427
193	445
193	462
194	235
194	322
194	358
194	379
194	476
195	353
195	375
196	198
196	343
197	267
197	329
197	442
197	590
198	218
198	291
198	380
198	466
198	536
198	543
198	594
199	238
199	254
199	453
199	471
199	489
200	219
200	360
200	390
200	448
200	554
200	588
201	287
201	335
201	514
201	529
201	542
201	546
202	499
203	254
203	432
203	539
203	594
204	350
205	397
205	446
205	591
206	340
206	484
207	463
207	479
207	526
208	313
208	367
208	561
209	465
209	553
210	239
211	220
211	432
212	226
212	360
212	476
213	287
213	536
214	305
214	390
214	576
215	230
215	269
215	387
215	427
216	405
216	530
217	408
217	431
217	558
218	337
218	349
218	516
218	554
219	243
219	409
219	468
220	544
220	548
221	261
221	314
221	326
221	379
221	594
222	241
222	346
222	546
223	548
224	567
225	435
225	472
226	338
226	422
227	332
227	359
228	315
228	571
228	580
229	269
229	385
229	573
230	498
231	314
231	342
232	323
232	344
233	265
233	275
233	305
233	315
233	412
233	429
233	503
233	530
233	560
233	562
234	370
234	527
234	599
235	413
235	424
235	544
236	477
237	307
237	473
238	365
238	411
238	423
238	464
239	382
240	253
241	358
241	403
241	597
242	250
242	289
242	422
242	513
243	333
243	374
243	545
244	287
244	343
244	362
244	389
245	346
245	575
246	354
246	414
246	435
247	457
247	461
247	575
247	595
248	554
249	448
249	521
249	578
250	257
250	300
250	314
250	561
251	259
251	520
252	276
252	289
252	377
252	446
252	500
252	504
253	364
254	319
254	361
254	506
254	530
255	285
255	299
255	323
255	330
255	350
255	358
256	395
256	539
256	565
258	445
258	457
258	504
258	584
259	395
260	305
260	513
260	521
261	442
262	282
262	319
262	331
262	356
262	394
262	474
262	558
263	460
264	353
264	421
264	595
265	272
265	309
265	563
266	309
266	437
266	449
266	596
267	561
268	438
268	448
268	526
268	568
269	350
269	438
269	454
269	579
270	422
270	471
270	502
270	559
271	330
271	474
272	379
272	555
273	494
274	275
275	304
275	377
275	382
275	395
276	351
276	469
276	530
276	596
277	367
277	448
277	496
278	356
278	507
279	289
279	397
279	456
279	465
279	539
280	398
281	325
281	408
281	461
281	570
281	576
282	396
282	536
283	348
284	372
284	411
284	583
286	315
286	401
286	481
286	488
286	544
286	560
287	312
287	357
287	446
287	539
288	414
288	547
288	548
289	322
291	434
291	564
292	308
292	466
293	511
293	554
293	573
294	400
294	440
295	376
295	438
295	554
295	586
296	445
297	360
299	316
299	415
300	551
301	439
301	443
303	373
303	532
304	368
304	462
305	479
306	428
306	538
306	596
307	333
307	362
307	411
307	485
308	532
308	599
309	534
310	377
310	420
310	435
310	558
311	406
312	355
312	386
312	463
313	546
314	585
315	598
317	369
317	430
317	492
318	449
318	460
318	586
319	491
319	524
319	525
321	329
321	406
321	563
321	577
322	366
323	325
323	424
324	353
325	344
325	352
327	350
327	418
328	579
329	571
331	488
332	421
333	594
335	466
337	383
338	465
339	456
340	421
340	483
341	411
341	438
341	487
342	404
342	446
342	466
342	488
342	533
342	573
342	580
345	446
347	376
347	382
347	406
348	457
348	479
349	353
349	395
349	507
349	597
351	423
351	553
352	359
352	380
352	596
356	401
356	468
356	573
357	589
359	437
359	450
359	510
359	558
359	581
360	551
361	364
361	408
361	445
362	409
363	374
363	392
363	529
365	505
366	501
367	425
367	523
369	437
369	586
370	503
370	526
371	434
371	553
372	382
372	514
372	536
372	599
373	401
373	407
374	442
374	569
375	563
376	422
377	384
377	428
377	466
378	477
379	445
380	446
380	487
381	478
381	543
383	545
384	431
386	399
387	430
387	509
389	572
390	486
391	417
392	487
392	586
393	418
394	422
394	497
395	468
395	594
396	456
397	547
398	467
398	494
398	590
400	507
400	589
401	447
401	575
402	526
404	431
404	477
404	487
404	583
405	415
405	513
407	427
408	570
409	579
410	467
410	580
411	479
412	514
412	520
412	527
413	438
413	527
413	576
414	424
414	548
415	515
416	473
418	501
418	503
418	560
420	464
420	586
421	527
422	484
422	594
423	449
423	515
423	594
426	461
427	495
428	486
431	478
432	596
433	541
435	503
436	450
437	531
438	486
438	512
438	541
441	500
441	507
442	514
444	544
445	571
447	495
449	490
450	509
451	559
451	597
453	594
454	473
455	479
457	566
458	471
458	520
461	512
462	514
462	565
464	498
464	542
465	539
467	495
467	530
468	557
469	535
469	564
471	540
472	490
473	486
473	561
475	487
475	495
479	504
482	572
483	523
484	590
484	593
488	589
489	511
491	525
491	552
491	565
494	534
496	557
498	560
499	529
499	583
500	563
502	512
502	550
502	581
506	595
511	571
512	563
514	594
515	521
515	532
515	599
517	563
518	551
519	558
524	537
526	537
531	585
535	566
537	595
538	569
539	593
541	555
546	587
548	578
549	569
552	576
553	560
554	583
561	581
561	588
561	589
570	584
572	578
576	593