0	138
0	173
0	329
1	104
1	120
1	132
2	194
2	216
2	239
2	501
3	120
4	215
4	233
4	423
4	499
5	344
6	90
6	124
6	239
6	277
6	298
7	13
7	93
7	221
7	308
7	564
8	89
8	457
8	503
8	568
9	129
9	290
9	509
10	50
10	54
10	57
10	99
10	214
10	412
10	459
11	330
11	363
11	366
11	414
11	432
12	171
12	442
13	270
13	593
14	187
15	122
15	284
15	300
16	31
16	311
17	20
17	47
17	75
17	83
17	357
17	442
17	561
18	497
19	157
19	281
19	338
20	102
20	240
20	317
20	465
20	490
20	534
21	27
21	33
21	165
21	215
21	353
21	495
22	242
22	443
22	473
22	527
22	541
23	240
23	244
23	258
23	441
23	526
24	92
24	295
24	362
24	540
25	67
25	122
25	220
25	249
25	350
25	565
26	112
26	230
26	346
26	490
27	315
27	551
27	559
28	139
28	168
29	89
29	126
29	164
29	374
29	398
29	430
30	364
30	452
31	75
31	145
31	443
31	487
31	509
31	537
32	76
32	280
33	503
33	529
33	546
34	340
34	343
34	401
34	492
35	234
36	218
36	291
36	464
37	40
37	215
37	244
37	260
37	504
37	555
38	168
38	223
38	368
38	401
38	464
38	592
39	126
39	170
39	171
39	373
39	439
39	583
40	72
40	119
40	176
40	252
40	333
40	390
40	471
40	567
41	233
41	296
41	437
42	82
42	146
42	156
43	87
43	457
43	546
44	154
44	463
44	527
45	49
45	70
45	91
45	332
45	527
45	588
46	77
46	223
46	363
47	147
47	379
47	415
47	502
47	564
48	405
49	82
49	243
49	282
49	336
49	397
50	199
50	265
50	278
50	289
50	327
50	331
51	65
51	232
51	262
51	380
51	435
51	529
52	315
52	510
53	256
53	431
53	561
53	593
54	136
54	536
55	255
55	309
55	397
55	449
55	454
55	481
56	313
56	564
56	567
57	109
57	199
57	349
57	437
57	446
57	453
57	481
58	188
58	598
59	102
59	316
59	406
59	460
59	590
60	78
60	148
60	229
60	271
60	432
60	535
61	264
61	358
62	73
62	171
62	193
62	205
62	219
62	256
62	287
62	327
62	412
62	520
62	592
63	434
64	213
64	215
64	518
64	526
64	591
65	188
65	195
65	269
65	319
65	568
66	456
67	335
68	71
68	298
68	489
69	102
69	259
69	562
70	88
70	286
70	333
70	373
70	432
70	517
70	580
70	589
70	591
70	593
71	521
71	529
71	541
72	249
73	219
73	273
73	516
74	84
75	94
75	152
75	162
75	239
75	327
75	357
75	407
76	111
76	130
76	270
76	328
76	389
76	539
77	241
77	370
78	258
78	485
79	242
79	268
79	316
79	437
80	151
80	188
80	411
80	435
80	506
81	141
81	272
81	392
81	496
82	291
82	404
82	496
82	591
83	374
83	484
83	519
84	273
84	298
84	572
85	229
85	303
86	112
87	225
88	172
88	438
88	485
88	494
89	149
89	225
89	253
89	276
89	310
89	500
90	268
90	308
90	422
90	534
91	165
91	374
91	504
91	505
91	576
92	236
92	279
92	316
93	432
94	237
95	269
95	329
95	441
95	457
95	519
95	582
95	591
96	219
96	226
96	299
96	355
96	379
96	429
97	156
97	197
97	308
97	417
97	423
97	454
98	160
98	259
98	354
98	466
98	581
99	118
99	121
99	241
99	280
99	281
99	343
99	512
100	286
100	366
100	485
101	348
101	462
101	555
101	576
102	541
102	560
103	392
103	452
103	480
104	272
104	319
104	402
104	586
105	204
105	280
105	404
105	488
105	589
106	385
106	450
107	295
107	343
107	432
107	502
108	113
108	342
108	388
109	344
109	549
109	572
110	309
110	443
110	519
111	229
111	484
112	205
112	264
112	405
113	253
113	423
113	594
114	377
115	272
116	221
116	228
116	464
117	345
119	199
120	497
121	147
121	162
121	247
121	402
121	413
122	294
122	401
122	408
122	511
122	512
123	245
123	314
123	542
124	131
124	143
124	161
124	315
124	321
125	492
126	293
126	409
127	371
127	574
128	206
128	263
128	280
128	324
128	469
129	237
129	293
130	199
130	261
130	293
130	475
130	527
130	576
130	598
131	159
132	332
133	235
133	357
133	398
134	255
135	274
135	562
136	204
136	305
136	342
136	429
136	500
137	378
138	358
139	306
139	485
139	525
140	476
140	563
141	241
141	389
141	458
141	517
142	444
142	562
143	346
143	505
144	303
144	391
144	397
144	426
144	501
145	395
145	513
145	530
146	236
146	433
147	359
147	425
147	466
148	220
148	374
148	414
149	279
149	348
149	478
149	482
150	285
150	425
151	229
151	287
151	371
151	432
151	452
151	581
152	173
152	183
152	218
152	254
152	288
152	343
152	461
152	468
152	471
153	175
153	188
153	232
153	318
154	189
154	375
154	494
155	202
156	221
156	262
156	303
156	536
156	558
156	593
157	242
157	253
157	369
157	521
158	379
158	496
158	592
159	213
159	253
159	338
159	520
159	532
159	599
160	484
160	528
161	482
161	495
161	503
161	581
162	211
162	228
162	509
162	542
163	228
164	275
164	405
164	495
165	324
165	441
165	490
165	569
166	593
167	171
167	460
168	311
168	325
168	367
168	435
169	330
169	423
169	471
169	486
170	368
171	233
172	264
172	440
173	287
173	424
173	478
173	575
174	186
174	236
174	376
174	485
174	492
175	308
175	380
175	415
175	472
176	326
176	394
176	452
177	429
178	292
178	300
178	330
178	387
179	270
179	358
179	475
179	507
180	239
180	400
180	523
181	451
182	213
182	404
182	570
183	472
183	475
183	479
183	521
184	243
184	378
184	547
185	257
185	307
185	344
185	352
186	187
186	448
186	501
187	286
188	382
188	393
188	447
188	468
189	306
190	329
191	278
191	304
191	488
191	522
191	577
192	194
192	250
192	305
192	328
192	440
193	257
193	458
193	561
194	319
194	579
195	440
195	515
196	263
196	286
196	473
197	323
197	399
197	498
197	509
198	224
198	461
199	374
199	384
199	478
199	530
200	407
200	411
200	442
200	493
201	334
202	458
202	502
203	526
204	351
204	424
205	309
205	359
205	377
205	492
205	554
206	295
206	573
207	225
207	301
207	372
207	565
208	217
208	586
209	404
209	599
210	289
210	488
210	546
212	259
212	360
213	442
214	397
214	587
215	422
215	469
216	565
218	310
219	436
220	520
221	306
221	448
221	500
221	536
222	347
223	251
223	408
224	358
224	407
224	488
224	549
224	573
225	360
225	380
225	503
225	504
226	238
226	367
226	450
226	472
227	303
228	320
228	340
228	557
229	246
229	558
230	328
230	404
230	483
230	508
231	298
231	479
231	552
232	283
232	458
232	478
232	595
233	315
233	359
233	501
234	328
235	245
236	300
236	324
237	323
238	366
238	531
239	303
239	364
239	380
239	461
240	401
240	451
240	478
240	495
240	545
241	472
241	538
242	245
242	290
242	368
242	394
242	542
243	257
243	510
244	376
244	484
245	304
245	381
245	389
245	495
245	548
246	250
246	398
246	574
247	413
247	445
247	505
247	587
248	318
248	531
250	385
250	540
251	253
251	290
251	439
251	457
251	589
252	265
252	277
252	372
253	360
253	402
253	497
253	506
253	516
254	317
254	354
255	361
255	399
255	434
255	467
255	523
256	343
256	490
257	392
257	541
257	568
258	371
259	271
259	280
259	296
259	365
259	392
259	404
260	377
260	459
260	475
260	487
260	571
261	290
261	479
261	481
262	454
262	511
263	327
264	377
264	423
264	434
264	505
265	349
266	336
266	392
266	398
266	530
267	318
267	517
268	359
268	443
268	459
270	296
270	545
271	413
272	472
272	527
272	534
273	392
273	459
273	575
274	422
274	510
274	525
275	300
275	314
275	320
275	353
275	415
275	439
275	466
277	289
277	415
278	441
280	444
280	559
280	561
281	300
282	413
284	355
284	407
284	446
284	504
284	532
285	338
285	449
287	330
287	341
287	376
288	354
288	464
288	469
288	597
289	293
289	586
290	410
291	312
292	431
293	299
293	313
294	325
295	328
295	364
295	405
295	453
295	524
295	570
296	355
296	451
296	469
296	501
297	429
298	304
298	482
298	485
298	512
298	554
299	360
299	465
299	519
300	304
301	404
301	406
301	430
301	484
301	495
302	346
302	490
303	395
303	415
303	467
304	388
304	400
304	468
304	558
305	493
305	494
306	466
306	481
308	365
308	518
308	526
309	423
309	428
309	570
310	580
311	402
311	431
311	564
312	353
312	418
312	475
312	527
313	498
313	534
313	573
314	384
314	398
314	581
314	593
315	389
315	412
315	528
316	473
317	427
317	462
317	485
317	512
317	558
318	452
318	460
319	388
319	584
320	501
320	529
321	433
322	362
323	418
324	366
324	381
324	502
325	381
325	570
327	466
327	512
328	563
328	575
329	428
332	444
333	370
333	386
334	431
335	338
335	372
335	528
336	532
337	368
338	347
338	396
338	416
338	433
339	340
339	457
340	437
340	474
341	344
341	349
342	484
342	589
343	583
344	536
344	593
345	470
345	550
346	503
348	521
348	590
348	597
349	472
349	515
349	542
350	536
351	389
351	414
352	464
352	494
352	498
354	447
354	483
355	564
356	421
356	532
356	553
356	554
357	450
358	369
358	431
358	489
359	385
359	501
359	534
359	574
360	397
360	421
360	522
361	362
361	595
362	384
363	473
364	417
364	587
365	410
366	466
366	550
367	424
367	451
367	472
367	488
368	423
368	440
368	478
368	599
370	411
370	455
370	507
371	395
371	465
373	435
373	493
373	536
374	458
374	562
375	419
375	471
376	431
378	534
379	412
379	446
382	537
383	499
383	576
384	436
385	413
385	522
386	412
386	566
387	425
387	537
387	567
388	460
388	481
389	597
390	531
391	428
391	436
391	457
391	467
391	508
392	563
393	590
394	513
395	590
396	448
397	543
398	490
398	500
398	515
399	569
399	580
401	433
401	542
402	533
402	574
403	414
403	469
407	562
408	450
408	550
410	541
411	424
412	419
413	423
415	450
415	529
416	585
417	573
418	492
418	561
418	580
420	501
420	579
421	432
421	578
422	440
422	520
422	567
423	452
423	478
425	434
425	532
426	473
427	478
428	520
430	576
437	508
437	580
441	511
442	506
442	513
444	478
444	543
445	588
447	513
447	598
448	511
448	524
450	511
451	479
452	518
454	514
456	508
457	502
457	503
457	548
457	568
458	519
463	498
463	521
464	520
465	562
466	477
467	503
469	516
469	552
471	506
472	544
472	591
473	519
473	567
473	591
476	562
482	486
482	555
482	588
484	542
486	527
489	508
489	523
491	528
491	530
491	537
493	537
493	543
494	512
496	526
496	539
496	568
500	504
501	515
503	528
507	537
508	585
519	556
521	575
523	543
523	566
525	595
527	595
531	544
535	561
535	562
535	568
538	596
541	599
544	550
547	548
548	599
550	562
550	566
555	593
568	578
569	590
581	596