0	38
0	76
0	98
0	237
0	257
0	342
0	597
1	14
1	72
1	135
1	165
1	525
1	599
2	26
2	348
2	453
2	511
2	515
2	578
3	9
3	208
3	392
4	114
4	170
4	495
5	196
5	214
5	347
5	351
5	572
6	151
6	233
6	421
6	427
6	538
6	542
7	47
7	80
7	231
7	338
7	528
8	77
8	232
8	293
8	418
8	454
8	543
9	69
9	279
9	310
10	64
10	151
10	379
10	476
10	559
11	126
11	202
12	232
12	470
12	533
13	182
13	332
13	580
14	54
14	71
14	285
14	588
15	64
15	81
15	189
15	312
15	410
15	514
16	327
16	408
16	412
17	200
17	270
17	350
17	479
17	494
17	555
17	562
18	291
19	144
19	169
20	36
20	110
20	298
20	360
20	558
20	596
21	38
21	206
21	283
21	289
21	533
22	24
22	95
22	420
23	60
23	167
23	204
23	207
23	455
23	531
24	103
24	106
24	350
24	407
24	448
25	311
25	370
26	56
26	266
26	323
27	178
28	59
28	115
28	186
28	248
28	466
29	323
29	403
30	236
30	448
30	502
30	557
31	78
31	141
31	200
31	397
32	124
32	191
32	235
32	295
32	350
32	501
33	268
33	271
33	517
34	172
34	249
34	375
34	426
34	477
34	492
35	100
35	327
35	386
35	394
35	584
36	41
36	238
36	324
36	383
36	407
36	412
37	458
37	467
37	497
37	564
37	569
37	588
38	108
38	446
39	365
40	117
40	147
41	109
41	391
42	98
42	288
42	332
42	482
43	352
44	109
44	120
45	222
45	369
45	568
46	228
46	242
46	335
46	361
46	593
47	68
47	372
48	377
48	467
48	471
49	443
49	550
49	553
50	203
50	446
50	569
51	123
51	243
51	334
51	376
51	513
52	322
53	466
54	141
54	210
54	526
54	558
55	77
55	327
55	388
56	289
56	292
56	465
56	504
57	83
57	437
58	326
58	538
58	588
59	140
60	109
60	137
60	251
60	323
60	479
61	219
61	413
62	266
62	292
62	519
63	163
63	216
63	279
63	310
63	330
63	384
63	457
63	537
63	590
64	85
64	122
64	197
64	396
65	99
65	310
65	377
65	552
66	108
66	228
66	265
66	273
66	299
66	300
66	414
66	452
67	251
68	125
68	127
68	274
68	437
68	514
68	599
69	286
69	352
69	373
70	440
70	458
70	515
71	148
71	189
71	209
71	258
71	342
71	389
71	535
72	161
72	306
72	332
72	342
72	455
72	530
73	150
73	151
73	220
73	379
73	459
73	595
74	234
74	245
74	330
74	520
75	119
75	554
76	311
77	109
77	191
77	307
78	153
78	295
78	386
78	435
78	500
79	180
79	344
79	389
79	397
79	572
80	125
80	269
81	256
81	554
81	562
81	596
82	179
83	107
83	221
83	549
84	429
84	466
84	536
85	426
85	446
85	455
85	522
86	303
86	382
86	594
87	162
87	419
87	537
88	410
89	142
89	279
89	399
90	141
90	395
90	546
90	568
91	195
91	229
91	235
91	476
91	504
92	333
93	99
93	129
93	177
93	313
93	398
94	278
94	464
94	497
95	103
95	466
95	519
95	556
96	198
96	272
96	571
97	500
97	505
97	529
98	352
98	521
98	530
98	554
99	132
99	192
99	214
99	296
100	241
100	249
100	316
100	516
101	143
101	189
101	212
101	505
101	524
102	192
102	437
102	510
103	136
103	301
103	388
104	163
104	253
104	497
104	588
104	596
105	240
105	361
105	506
106	280
106	459
108	136
108	190
108	351
109	231
109	315
109	556
110	336
110	507
110	510
111	288
111	490
112	232
112	341
112	473
112	594
113	168
113	233
113	291
113	300
113	450
114	156
114	273
114	309
114	459
114	496
115	309
115	315
115	483
115	507
115	526
115	528
116	345
116	552
116	581
117	164
117	509
118	146
118	155
118	433
118	463
119	407
119	453
119	505
120	179
120	287
120	378
120	382
120	391
121	138
121	561
122	305
122	470
122	509
123	287
123	450
123	481
124	143
124	161
124	254
124	475
124	490
124	526
125	259
125	535
125	591
126	214
126	221
126	269
126	273
126	359
126	529
126	590
127	188
127	293
127	389
127	497
127	556
128	145
128	231
129	241
129	281
129	503
130	331
130	407
130	447
130	459
130	520
131	478
132	201
132	231
132	336
132	372
132	510
133	539
133	586
134	457
134	474
134	579
136	508
136	595
137	191
137	442
137	537
137	549
138	239
138	277
138	311
138	443
138	461
138	547
138	581
139	296
139	417
139	546
140	250
140	373
141	234
142	482
142	489
143	264
143	439
143	515
143	584
144	338
144	451
144	463
145	469
145	583
146	328
146	422
147	337
147	430
147	468
147	586
147	588
148	258
148	422
149	479
149	555
149	580
149	590
150	260
150	299
150	427
150	459
151	414
151	461
152	221
152	278
152	359
152	360
152	422
153	334
153	393
153	418
154	181
154	221
154	550
156	216
156	560
157	408
157	492
158	318
158	354
158	440
159	345
160	175
161	309
161	559
162	191
163	340
163	437
165	167
165	259
165	347
165	552
166	179
166	296
166	361
166	397
166	447
166	458
166	532
167	209
167	255
167	280
167	290
167	405
167	502
168	223
168	278
168	413
168	519
169	259
169	573
170	178
170	259
170	502
171	468
172	220
172	271
172	490
173	250
173	343
174	182
174	302
174	418
174	500
174	534
175	183
175	220
175	476
175	595
176	224
176	331
177	471
178	253
178	306
179	283
179	532
180	226
180	235
181	316
181	483
181	503
181	573
182	311
182	331
182	332
184	436
185	536
185	569
186	444
187	445
187	448
187	529
187	588
188	434
188	504
189	206
189	225
189	540
189	575
190	352
191	228
191	300
191	388
193	422
194	251
194	287
194	418
195	378
195	524
196	199
196	214
196	282
197	487
198	208
198	479
199	452
199	505
199	527
200	400
201	580
202	433
202	491
203	476
205	281
205	563
206	349
206	435
206	449
206	461
206	598
207	215
207	219
209	330
209	490
209	540
209	544
209	597
211	554
212	421
212	429
213	215
213	227
213	350
213	415
214	217
215	314
215	329
215	428
217	271
217	278
217	314
217	365
217	462
217	469
217	586
218	438
219	444
220	250
220	373
220	565
220	574
221	316
221	388
222	253
222	291
222	432
223	311
224	457
224	537
225	491
225	525
225	538
225	559
226	279
226	346
226	573
227	318
228	261
228	372
228	560
228	585
230	332
230	367
230	500
231	267
231	458
231	467
231	567
231	574
232	360
233	277
233	367
233	392
233	506
234	259
234	543
235	462
236	316
236	597
237	331
238	349
238	553
238	581
239	242
239	381
240	475
241	381
241	426
241	517
242	370
242	521
243	305
243	309
243	318
243	366
243	526
244	246
244	397
244	554
245	391
245	550
246	324
246	374
246	426
247	277
247	312
247	370
247	390
247	394
247	505
248	394
248	397
249	319
249	364
249	403
249	433
249	468
250	360
250	456
252	363
252	562
253	313
253	476
253	586
254	473
254	533
256	509
257	302
257	400
258	276
258	421
259	499
260	268
260	325
260	340
261	460
261	561
261	593
262	385
262	488
262	559
263	391
263	478
264	295
264	387
265	298
265	497
266	349
266	507
267	395
267	516
267	559
267	581
268	300
268	317
268	438
268	450
268	595
269	280
270	298
270	373
270	535
271	443
272	289
272	324
272	328
272	402
272	420
272	422
272	427
272	499
273	314
273	342
273	427
273	458
273	568
273	579
274	371
274	436
274	508
274	571
275	423
275	459
275	475
275	478
276	474
276	481
277	514
277	538
277	592
278	280
278	502
279	295
280	294
280	498
281	375
281	407
281	458
281	469
281	517
281	534
282	347
283	369
284	469
285	291
285	330
285	474
285	540
285	573
286	323
286	598
287	528
288	406
288	542
288	557
289	400
289	439
290	340
290	368
290	467
290	524
291	303
292	298
292	338
292	340
294	330
294	409
294	568
296	385
296	591
297	335
297	545
297	595
298	459
298	461
298	551
299	357
299	556
300	331
300	552
303	376
303	478
304	437
304	517
305	460
305	481
305	508
306	396
306	488
306	562
307	387
307	451
308	510
309	360
309	426
309	488
309	528
309	593
310	331
310	584
311	375
311	390
311	415
311	428
312	423
312	472
312	494
313	366
313	492
313	558
313	566
313	577
314	393
315	391
315	411
316	517
317	519
318	444
318	452
319	393
319	431
320	405
320	419
320	436
320	442
321	352
321	365
321	475
322	416
322	418
322	419
322	566
323	412
324	345
324	461
327	394
327	526
327	552
328	577
329	384
329	414
330	389
330	569
331	350
331	547
332	478
332	483
332	589
333	356
333	417
333	482
333	489
333	538
334	499
334	505
334	545
335	546
336	485
337	350
337	437
337	456
337	461
338	423
338	505
338	561
339	417
340	422
340	432
340	472
341	455
341	476
341	590
342	402
342	470
342	562
343	396
343	534
344	377
344	489
345	362
345	570
345	585
346	411
346	589
347	518
347	570
350	360
350	466
352	374
353	432
353	516
353	542
354	401
354	405
354	438
354	497
355	548
356	579
358	390
358	440
359	502
359	535
360	383
360	481
361	387
361	568
364	453
364	501
364	519
366	492
367	503
368	422
369	498
369	539
369	583
370	427
371	401
372	381
372	463
374	400
374	477
374	547
375	458
375	593
377	514
378	470
378	499
380	410
381	515
382	596
383	467
383	533
384	510
384	545
385	593
386	480
386	543
386	544
387	391
387	429
387	570
389	408
389	451
389	545
390	549
390	582
390	590
391	476
392	494
392	577
392	581
393	493
393	537
393	546
394	424
394	547
395	404
397	443
398	455
400	523
400	561
401	587
402	437
402	438
402	541
403	425
404	414
404	415
404	455
405	426
405	481
406	474
406	491
406	581
407	498
407	559
407	565
408	591
412	577
414	518
417	453
417	577
418	571
419	538
420	505
421	599
426	552
426	560
427	438
427	451
427	530
431	477
434	455
434	471
436	456
436	469
436	533
436	585
440	447
441	447
443	486
443	490
443	570
444	510
445	492
445	592
446	525
447	486
449	510
449	581
449	598
450	543
450	556
450	564
452	516
452	557
453	576
454	548
455	501
455	562
457	593
458	540
459	581
460	488
460	545
461	478
462	565
463	469
465	515
468	508
468	567
469	518
469	597
471	536
472	484
472	561
474	568
476	504
477	504
477	536
478	542
484	517
484	547
484	597
485	541
485	558
486	580
487	562
488	516
489	529
489	532
489	589
490	569
493	504
493	525
497	594
499	534
499	597
501	560
502	573
506	534
507	598
508	591
511	562
512	522
515	554
518	562
523	544
528	551
530	579
531	532
531	552
531	589
538	578
539	546
540	583
542	581
542	586
551	563
553	564
558	584
558	587
562	586
563	576
572	585
575	589
577	595
578	587