0	33
0	319
1	47
1	168
1	216
1	246
1	250
2	160
2	216
2	366
2	387
3	122
3	195
3	243
3	274
3	299
3	331
4	28
4	56
4	322
4	341
5	29
5	63
5	102
5	273
5	338
6	28
6	65
6	138
6	140
6	320
7	19
7	65
7	104
7	105
7	127
7	254
7	337
8	60
8	84
9	142
9	229
10	54
11	12
11	25
11	34
11	39
11	120
11	185
11	215
12	74
12	109
12	244
12	389
13	117
13	133
13	326
14	285
14	286
14	288
14	293
14	326
15	307
15	355
15	377
16	72
16	180
16	184
16	296
17	67
17	156
17	163
17	344
17	365
18	94
18	105
18	106
18	111
18	214
18	267
19	50
19	170
19	212
20	178
20	235
21	99
21	118
21	396
22	29
22	109
22	265
22	275
22	332
22	376
22	397
23	122
23	164
23	221
23	240
23	276
23	363
24	51
24	70
24	384
25	104
25	158
25	211
25	298
25	325
26	67
26	70
26	80
26	117
26	133
26	269
27	140
27	212
27	397
28	34
28	107
28	220
28	229
28	345
28	370
29	122
29	165
29	201
29	268
30	209
30	373
31	198
31	224
31	270
32	57
33	71
33	194
34	312
35	47
35	130
35	136
35	202
35	284
36	228
36	334
37	83
37	131
37	379
38	75
39	250
39	363
39	387
40	58
40	341
41	204
41	237
41	325
41	358
42	93
42	148
42	184
42	271
42	343
42	392
43	182
44	168
44	230
44	243
45	311
45	327
45	356
46	139
46	160
46	188
46	299
47	106
47	131
47	287
47	304
47	320
47	323
48	155
48	182
48	268
49	276
50	56
50	57
50	263
51	222
51	230
52	152
52	157
53	188
53	291
53	317
53	327
54	171
54	280
55	65
55	358
56	158
56	352
57	148
57	152
57	297
57	331
57	398
58	94
58	251
59	316
60	70
60	224
60	378
61	257
62	86
62	189
62	203
62	317
62	357
63	85
63	115
63	154
63	357
64	97
64	357
64	399
65	188
65	214
65	281
66	186
66	359
67	123
67	138
67	225
68	95
68	182
68	279
68	319
69	140
69	206
69	325
69	368
70	103
70	250
70	266
70	300
70	358
71	165
71	300
72	243
72	388
72	391
73	86
73	171
73	262
73	325
73	363
74	232
74	241
74	291
75	117
75	157
75	167
75	176
75	262
75	301
75	383
76	167
76	169
77	337
78	187
78	194
78	248
78	316
78	325
79	126
79	299
80	168
81	103
81	272
81	345
81	347
82	187
83	141
83	363
84	150
84	182
84	282
84	288
85	178
85	204
85	206
85	211
85	212
85	337
85	344
85	395
86	125
86	164
86	238
86	301
87	165
87	255
87	362
88	156
88	176
88	206
88	268
88	328
89	126
89	193
89	279
90	127
90	202
91	344
92	388
92	393
93	296
93	367
94	310
95	207
95	300
95	359
96	256
97	161
97	272
97	311
98	129
98	169
99	125
99	187
99	297
99	304
99	333
99	372
100	211
100	390
101	255
101	270
102	182
102	215
102	320
103	168
103	211
103	268
103	274
104	159
104	172
104	257
105	234
105	249
105	254
105	303
105	370
107	134
107	186
107	253
107	288
107	335
108	223
108	325
108	347
108	357
109	132
109	245
109	307
110	114
110	165
110	267
110	304
111	142
112	120
112	165
112	291
113	116
113	318
114	351
115	198
115	259
115	372
116	148
116	190
116	307
116	386
117	136
117	199
117	314
117	319
117	353
117	364
118	180
118	260
118	339
118	381
119	138
119	333
119	363
119	376
120	150
120	181
120	353
121	236
121	276
122	153
122	206
122	231
122	301
122	309
122	351
123	213
124	191
124	263
125	138
125	176
126	145
126	189
126	221
126	227
126	284
126	307
126	350
127	237
128	317
128	397
129	186
129	253
129	254
130	162
130	166
130	200
130	222
133	164
134	173
134	391
135	163
136	219
137	154
137	160
138	184
138	392
139	152
139	262
140	185
140	209
141	393
142	346
143	289
143	291
143	304
143	317
144	224
144	338
145	149
145	223
145	239
145	328
145	377
145	378
146	196
146	341
147	376
147	381
148	149
148	192
148	198
148	226
148	248
148	272
148	334
149	238
149	291
151	179
151	182
151	295
152	236
154	233
154	266
154	273
154	332
156	163
156	182
156	247
156	283
156	350
157	213
157	300
157	381
158	279
158	320
158	376
159	291
160	331
160	346
161	183
161	204
161	335
161	340
162	202
162	278
162	298
162	314
162	383
163	213
163	218
163	337
164	254
164	327
164	329
165	267
165	283
165	328
166	346
166	399
167	264
167	367
168	179
168	219
168	363
169	187
169	215
169	303
169	375
171	282
171	362
171	380
172	212
172	245
172	251
172	263
172	288
172	336
172	386
172	387
174	268
174	377
175	192
175	209
175	242
176	302
176	352
176	370
177	368
178	186
178	195
178	203
178	356
179	188
179	236
179	275
179	380
179	381
180	272
181	306
181	338
181	378
182	204
182	239
182	241
182	261
182	291
183	339
184	211
184	239
184	335
185	201
185	325
186	222
187	219
187	220
187	246
187	315
188	229
188	298
189	200
189	359
189	397
190	212
190	259
190	385
191	368
192	200
192	205
192	229
192	313
192	360
193	258
194	307
194	331
194	340
195	200
195	303
195	319
196	322
197	265
198	333
198	374
199	277
199	307
199	351
199	358
201	298
201	343
201	345
201	366
201	374
202	280
202	359
202	392
203	220
203	242
203	352
204	295
205	247
205	248
205	369
206	292
207	365
208	269
209	222
209	255
209	288
209	297
209	347
209	364
210	213
210	386
211	296
211	313
211	378
212	255
213	302
213	319
213	363
214	237
214	247
214	277
214	307
214	319
215	248
215	350
216	313
216	353
217	238
217	244
217	312
217	332
217	339
219	257
219	362
219	389
220	235
220	251
220	256
220	338
220	356
221	363
221	372
222	231
222	233
224	273
224	371
224	374
224	383
225	228
225	251
225	319
226	306
226	396
227	240
227	317
228	256
228	297
228	338
228	341
228	377
228	395
230	238
231	372
231	388
232	361
233	322
237	277
237	339
237	366
238	285
239	284
239	307
240	259
241	334
242	247
242	301
242	371
243	356
244	257
244	283
246	322
246	333
246	362
247	280
247	285
247	301
247	395
248	278
248	332
248	352
249	338
249	398
250	291
251	344
251	384
251	397
252	288
253	310
254	255
256	282
256	286
256	368
257	312
257	322
257	377
258	341
258	379
260	331
261	265
261	394
262	365
263	396
265	333
267	292
267	362
267	396
267	399
268	308
268	329
269	306
270	316
270	320
270	397
271	278
271	308
271	350
271	373
272	281
272	345
272	356
274	362
274	389
278	323
278	345
278	367
278	375
279	306
280	325
280	346
281	362
285	373
285	392
287	349
288	305
288	333
288	340
289	298
290	391
292	383
293	393
294	333
297	330
297	334
297	337
298	389
299	325
299	370
300	339
300	353
302	338
302	386
303	333
305	318
306	354
307	398
310	395
311	360
312	344
313	345
316	342
317	352
319	374
321	395
322	344
322	376
322	378
324	385
330	390
335	398
340	365
342	389
343	386
345	346
346	390
347	381
348	382
353	398
355	369
357	370
359	383
370	391
372	381
374	398
385	390
386	392
392	399
394	395