0	3
0	194
0	311
0	341
1	134
2	306
3	30
3	128
3	355
4	334
4	343
5	48
5	87
5	168
5	245
5	385
6	84
6	135
6	146
6	203
6	254
6	284
6	315
6	331
7	86
7	137
7	353
7	370
8	39
8	170
8	187
8	220
8	295
9	235
9	315
10	11
10	91
10	97
10	139
10	247
10	256
10	368
11	74
11	84
11	118
11	185
11	238
11	268
11	357
12	281
12	321
12	376
13	74
13	112
13	116
13	126
13	148
13	155
13	212
14	378
15	93
15	164
15	228
16	23
16	132
16	209
16	254
16	312
17	130
17	138
17	224
17	226
17	262
17	284
17	329
17	362
17	390
18	40
18	349
19	230
19	341
20	63
20	129
20	331
20	365
21	195
22	129
22	281
22	335
22	368
23	71
24	353
25	205
25	380
26	31
26	339
27	55
27	128
27	198
27	221
27	296
28	127
28	245
28	276
28	337
29	48
29	114
30	148
31	33
31	281
31	333
31	361
32	51
32	54
32	80
32	127
32	323
32	389
33	42
33	72
33	116
33	184
33	312
34	40
34	136
35	47
35	52
35	144
35	147
35	269
35	336
35	349
36	153
36	230
36	231
36	318
37	49
37	102
37	291
38	128
38	132
38	257
38	265
38	316
39	106
39	119
39	207
39	225
39	234
39	271
39	313
39	367
39	391
40	47
40	168
40	204
40	257
40	263
40	273
40	320
41	212
41	243
41	263
41	384
42	130
42	133
43	67
43	140
43	221
43	232
43	262
44	135
44	209
44	242
44	253
44	290
44	326
45	145
45	173
45	202
45	366
45	373
45	385
46	75
46	364
46	390
47	116
48	139
48	290
49	287
49	299
49	342
50	94
50	217
50	252
50	276
51	206
51	212
51	306
52	208
52	315
53	55
53	100
53	303
54	94
54	154
54	245
54	287
55	110
55	147
55	306
55	361
55	370
56	76
56	173
56	282
57	194
57	250
57	328
57	355
58	70
58	312
58	333
58	367
59	237
59	260
59	299
59	327
59	387
60	327
61	180
61	284
61	316
61	343
62	244
62	292
62	383
63	193
63	214
64	65
64	304
64	314
64	355
64	386
64	397
65	126
65	141
65	158
65	185
65	332
65	348
66	183
67	180
67	308
67	359
68	72
68	173
68	280
68	315
68	352
68	391
69	138
69	144
69	227
69	278
69	296
69	301
69	373
69	377
70	131
70	168
70	254
70	275
71	133
71	178
71	286
71	386
72	237
72	292
72	346
73	159
73	218
74	197
75	124
75	140
75	149
75	234
75	325
76	172
76	192
76	281
76	351
77	133
77	195
77	301
77	380
77	389
78	100
78	325
79	142
79	147
79	152
79	276
79	293
80	92
80	121
80	266
80	301
81	198
81	298
82	208
82	352
82	371
83	235
83	341
84	325
84	336
85	126
85	253
85	275
85	381
86	182
86	222
86	368
86	381
87	148
87	162
87	165
87	240
87	293
88	90
88	171
88	272
88	285
88	298
88	375
89	101
89	115
89	132
89	190
90	125
90	270
90	355
90	363
91	183
91	258
91	294
91	328
92	233
92	342
92	374
93	153
93	218
93	328
93	358
94	126
94	281
95	116
95	129
95	258
95	347
96	136
96	225
97	138
97	201
97	217
97	283
97	300
98	153
98	188
98	232
98	236
99	227
99	269
100	109
100	150
100	235
100	281
100	321
100	356
101	136
101	281
101	345
101	352
102	204
102	258
102	353
102	355
103	129
103	245
103	345
104	154
104	191
104	269
104	303
104	349
105	183
105	287
105	391
106	261
106	357
106	396
107	231
107	325
108	211
109	118
109	151
109	288
110	150
110	237
111	283
112	149
112	266
112	292
112	296
113	228
114	116
114	312
114	325
115	148
115	210
115	239
115	349
115	356
116	163
116	166
116	195
116	354
116	357
117	166
117	231
117	287
117	322
118	331
119	228
119	278
119	285
120	145
120	318
120	322
120	335
120	363
121	156
121	241
121	262
121	296
121	340
122	131
122	335
123	154
123	157
124	286
124	339
124	375
125	206
125	288
125	338
125	365
126	191
126	238
126	304
126	314
127	134
127	163
127	259
127	285
127	393
128	132
128	200
128	331
129	209
130	143
130	234
131	226
131	265
131	315
132	321
133	194
133	213
134	245
134	369
135	150
135	173
135	258
135	267
135	277
136	230
136	333
137	282
138	216
138	315
138	374
138	397
139	156
139	160
140	212
140	248
140	256
140	318
140	330
140	360
141	142
141	284
142	216
142	253
142	384
142	387
143	215
144	159
144	164
144	346
145	202
145	360
145	373
145	398
146	228
146	243
146	249
146	300
147	282
147	384
149	155
149	213
149	332
154	247
154	340
154	351
156	308
156	394
157	229
157	354
158	182
159	256
159	321
160	175
160	234
160	258
160	342
160	371
161	204
161	294
161	348
162	191
162	313
163	285
163	326
164	234
164	326
165	285
166	312
166	350
167	190
167	192
167	360
168	245
168	313
169	193
169	358
170	225
170	248
170	324
170	343
170	375
171	248
171	277
172	189
172	248
172	342
173	289
174	305
175	197
175	279
176	233
177	205
177	209
177	316
178	194
178	264
178	303
178	318
178	354
179	191
179	331
179	378
179	396
181	192
181	353
182	235
182	259
182	313
182	320
182	347
183	222
183	295
184	308
184	332
186	225
186	227
186	267
186	315
186	335
188	312
188	338
188	369
188	375
189	201
189	263
189	302
190	283
190	325
190	371
191	211
191	304
191	310
192	227
192	337
193	332
194	331
195	254
195	294
195	342
195	353
195	391
195	396
196	202
196	364
197	206
198	360
199	245
199	394
200	367
201	295
201	329
201	372
202	317
202	347
203	207
203	266
203	286
203	293
205	213
205	223
205	295
205	358
206	382
207	222
207	247
207	284
208	267
208	374
208	399
209	257
209	260
209	384
210	219
210	278
210	290
211	308
211	310
211	348
212	323
213	266
216	308
216	337
216	343
216	371
218	296
220	230
221	399
222	245
222	305
222	347
223	260
224	271
224	309
224	328
225	310
225	364
226	229
226	361
227	260
227	282
228	268
228	308
228	310
228	332
228	344
228	372
229	253
229	375
229	384
230	373
231	246
231	338
231	339
231	350
232	350
233	266
233	285
233	390
234	322
235	257
235	298
236	389
238	341
239	327
240	257
240	318
241	372
243	287
243	310
245	358
246	314
247	297
247	337
248	378
249	316
249	354
250	390
251	268
253	333
253	343
254	313
254	356
255	277
255	368
256	384
258	260
259	342
260	314
260	369
261	267
261	376
262	289
262	317
262	331
264	281
265	293
267	272
267	374
268	304
268	375
269	356
273	283
273	355
273	381
273	398
274	301
274	335
275	391
276	294
277	366
279	286
279	375
281	311
283	379
284	354
285	391
287	393
290	379
293	336
294	388
295	340
296	371
303	386
305	339
305	363
306	369
307	310
307	315
307	328
307	333
308	342
310	342
312	371
314	380
315	370
315	397
317	343
318	363
319	344
319	370
319	391
320	327
320	392
321	340
321	392
322	367
322	375
332	351
338	373
339	378
341	381
343	371
344	361
350	384
352	378
353	374
356	361
358	360
358	375
360	384
363	383
368	396
374	376
376	390
394	395