0	21
0	49
0	73
0	110
0	130
0	261
0	321
0	347
1	74
1	325
2	272
3	10
3	66
3	203
4	123
4	252
5	73
5	105
5	155
5	209
5	344
5	368
6	187
6	291
6	322
7	139
8	136
8	139
8	149
8	202
8	238
8	277
8	344
9	132
9	188
9	377
10	139
10	184
10	365
11	187
11	315
12	218
12	312
13	255
13	257
13	265
13	284
14	260
14	366
15	33
15	51
15	243
15	340
16	30
16	124
16	286
17	271
17	379
18	38
18	132
18	268
19	47
19	109
19	113
19	118
19	234
19	283
19	384
19	391
20	214
20	283
20	362
20	363
21	40
21	188
21	201
21	297
21	318
21	376
22	110
22	312
22	349
23	125
23	134
23	188
23	271
23	287
23	352
24	87
24	213
24	348
25	89
25	202
25	324
25	386
26	75
26	230
27	80
27	101
27	165
27	330
28	108
28	146
28	153
28	211
28	213
28	265
28	304
28	312
28	334
29	31
29	173
29	361
29	367
29	398
30	113
30	173
31	41
31	117
31	380
32	46
32	85
32	100
32	374
34	114
34	232
34	244
34	371
35	111
35	117
35	152
35	210
35	237
36	50
36	188
36	208
36	250
37	122
37	239
37	241
38	147
38	232
38	368
39	255
39	319
40	45
40	203
40	340
41	105
41	149
41	248
41	289
42	216
42	325
43	44
43	67
43	113
43	123
43	217
43	240
46	107
46	266
46	286
46	398
47	116
47	199
47	303
47	383
48	52
48	159
49	276
50	75
50	81
50	107
50	130
50	184
50	383
51	349
51	391
52	125
52	311
53	136
53	320
53	366
53	373
54	88
54	107
54	219
54	308
54	343
54	383
55	87
56	81
56	120
56	226
56	375
56	392
57	60
57	240
57	264
58	191
59	310
59	398
60	185
60	295
60	298
61	195
61	235
61	307
62	73
62	205
63	326
64	241
64	252
64	275
64	279
64	317
64	324
65	159
65	253
65	317
65	320
65	325
65	356
66	187
66	370
66	394
67	390
68	138
68	273
69	124
70	114
71	312
71	321
72	246
72	267
72	310
72	311
72	346
73	103
73	143
74	190
74	247
74	317
74	321
74	356
74	387
75	115
75	256
76	147
76	217
76	239
76	330
77	157
77	335
77	361
78	339
79	229
79	313
79	325
80	236
80	251
80	264
81	93
81	155
81	200
81	381
82	175
82	216
82	393
83	127
83	202
83	226
83	399
84	141
84	161
84	163
84	294
85	145
85	151
85	333
86	291
86	316
86	332
86	355
86	399
87	170
87	241
88	273
89	253
89	354
89	371
90	163
90	194
90	279
90	343
91	300
91	316
91	372
91	393
92	133
92	277
92	306
93	129
93	148
93	151
93	302
93	327
94	166
94	376
95	226
95	240
95	273
95	288
96	149
96	157
96	260
97	280
97	327
97	342
97	377
98	174
98	301
99	177
99	250
99	282
100	211
100	290
100	292
100	385
100	397
101	282
101	286
101	338
101	356
102	121
102	253
102	266
102	277
103	245
104	255
106	135
106	144
106	313
107	167
107	260
108	293
108	340
109	155
109	233
110	123
110	143
110	153
110	265
110	371
111	239
111	299
112	192
113	273
113	278
114	155
114	196
114	272
115	310
115	330
116	174
117	248
117	261
119	204
119	380
121	273
122	151
122	259
123	338
123	379
124	151
124	216
124	283
125	134
125	147
125	195
126	152
126	176
127	191
127	210
128	157
129	332
129	333
130	206
131	156
131	351
131	365
132	288
132	323
133	246
134	266
134	323
134	349
134	391
136	151
136	208
136	240
137	144
137	301
138	339
138	380
139	221
139	251
139	257
139	317
139	392
140	286
142	228
143	152
143	163
143	227
144	175
144	238
144	274
145	196
145	217
145	225
145	275
146	299
146	303
147	205
147	328
147	345
147	398
148	163
148	228
149	214
149	265
149	345
150	182
150	220
150	305
151	175
151	191
151	207
151	214
151	217
151	262
151	333
152	232
153	189
153	219
153	222
153	242
153	338
153	360
154	192
154	207
154	240
154	245
154	336
155	255
155	385
156	178
156	361
156	373
156	389
157	163
157	232
157	343
157	399
158	231
158	302
159	369
160	232
160	312
160	367
160	382
161	197
161	353
162	171
163	187
163	263
163	366
164	328
164	359
164	366
165	328
165	371
165	382
165	383
166	267
166	379
167	193
168	337
168	376
169	337
170	254
170	353
170	364
171	183
171	269
172	262
173	285
174	244
174	343
175	181
175	242
175	257
175	282
176	311
177	182
177	219
177	257
177	281
177	312
177	357
177	392
178	282
179	192
180	301
180	333
180	359
182	220
182	225
182	385
184	296
184	321
185	362
186	312
186	333
186	384
187	379
188	224
188	310
188	399
189	360
190	239
191	276
191	388
192	220
193	216
193	232
193	294
194	230
194	355
195	260
195	360
196	238
197	216
197	248
197	292
197	368
198	327
200	222
200	266
200	350
200	359
200	390
201	247
201	255
201	266
201	327
202	314
202	332
202	380
203	209
203	212
205	316
206	248
206	256
206	288
207	319
207	354
208	213
208	227
208	256
208	260
208	319
211	242
211	298
211	334
212	220
213	286
213	291
213	349
214	222
214	359
215	220
215	370
216	325
216	338
219	294
219	313
219	347
220	281
220	356
220	366
221	263
221	321
222	255
222	291
222	292
222	347
222	378
223	349
224	276
225	237
225	348
225	376
227	327
227	359
227	370
228	254
228	271
228	393
229	248
229	277
229	380
230	251
230	263
230	295
230	315
230	359
230	372
231	283
232	248
233	282
233	320
235	316
236	238
236	241
237	275
237	297
237	322
237	386
238	338
238	367
239	284
239	345
239	379
239	395
240	285
240	344
244	271
244	350
248	358
248	363
249	294
249	346
251	388
252	257
252	263
252	279
252	340
253	273
254	373
255	297
255	319
255	397
256	386
257	258
257	276
258	324
259	290
261	271
261	307
261	389
262	287
264	289
264	399
265	363
267	342
268	361
269	275
269	286
269	302
269	353
269	378
270	287
270	326
270	333
270	336
271	318
271	353
271	372
272	313
272	340
272	346
273	388
274	303
275	346
276	305
277	337
278	381
278	390
278	391
279	325
281	305
282	301
282	365
285	312
286	340
287	389
290	355
290	361
292	328
292	336
292	360
293	317
293	379
295	366
295	375
295	389
295	394
296	377
296	396
298	394
302	375
303	325
305	308
307	370
308	366
309	341
309	361
311	324
312	373
312	378
314	335
314	380
316	367
317	355
317	361
318	387
319	369
323	380
324	347
325	328
325	348
327	353
327	378
327	397
329	398
331	338
331	357
331	374
333	366
335	385
339	387
340	377
342	351
346	351
346	391
348	354
348	383
349	363
352	391
353	365
357	376
359	365
369	387
374	387
377	389
379	395
383	386
393	395