0	51
0	322
1	51
1	170
1	171
1	245
1	262
1	371
2	8
2	9
2	23
2	81
2	94
2	156
2	196
2	334
2	396
3	226
3	267
3	391
4	84
4	116
4	209
4	277
4	380
5	96
5	121
5	387
6	263
6	264
6	363
7	181
7	210
7	255
7	393
8	257
8	280
9	45
9	87
9	121
9	202
10	162
10	175
10	322
10	327
10	369
11	72
11	77
11	139
11	183
11	242
12	14
12	312
12	333
13	35
13	224
13	359
14	208
14	230
14	333
14	348
15	117
15	168
15	222
15	232
15	268
15	384
15	393
16	122
16	173
16	254
16	381
16	396
17	44
17	173
17	218
17	254
17	358
18	34
18	163
18	291
18	324
18	379
19	104
20	176
20	188
20	339
20	365
21	130
21	276
21	342
21	343
21	384
22	244
23	28
23	100
24	66
24	279
24	346
25	48
25	157
25	177
25	222
25	301
26	100
26	265
26	266
26	286
27	127
27	380
28	123
28	289
29	155
29	362
29	364
30	178
30	351
31	90
31	250
31	280
31	308
32	63
32	186
32	241
32	270
32	302
33	42
33	177
33	239
33	338
34	47
34	345
35	183
35	252
36	137
36	196
36	253
37	111
37	137
37	138
37	204
37	386
38	221
38	286
38	290
38	389
39	49
39	89
39	140
39	233
40	137
40	214
41	303
41	373
42	119
43	56
43	179
43	203
43	204
43	384
44	205
45	121
45	154
46	79
47	223
47	249
48	78
48	260
48	340
49	92
49	190
49	236
49	311
49	392
50	83
50	169
50	319
50	323
50	342
51	70
51	119
51	175
51	271
52	74
52	134
52	152
52	182
52	301
53	172
53	258
53	332
53	393
54	168
54	171
54	211
55	249
55	306
55	355
56	286
57	93
58	64
58	123
58	149
58	166
59	74
59	90
59	115
59	184
59	315
59	389
60	116
60	128
60	148
60	199
60	259
60	276
60	311
60	367
60	381
61	117
61	151
61	191
61	193
61	338
61	373
62	278
62	358
62	389
63	104
63	115
63	159
63	211
63	218
63	256
63	385
63	391
64	75
65	197
65	283
65	352
66	144
66	265
66	364
67	93
67	157
67	221
67	399
68	282
69	249
70	214
70	237
70	301
70	332
71	276
71	291
71	364
72	112
72	328
73	220
73	260
74	106
74	183
74	295
75	79
75	100
75	154
75	394
76	148
76	366
77	206
77	220
77	222
77	242
78	87
78	109
78	124
78	256
78	292
78	307
78	390
79	175
80	276
81	217
81	252
81	369
82	138
82	166
82	250
82	342
83	163
83	305
84	153
84	162
84	229
84	234
84	253
85	321
86	399
87	95
87	154
87	197
87	327
88	96
88	210
88	285
88	288
88	381
89	209
89	319
90	156
90	177
90	257
90	279
90	398
91	173
91	216
91	276
91	299
91	330
92	94
92	208
93	277
93	316
94	113
96	355
97	192
97	226
97	284
98	320
98	359
98	371
99	324
99	336
100	194
100	210
100	247
100	331
101	117
101	184
101	211
101	254
101	303
102	132
102	219
102	278
102	319
103	183
103	186
103	252
103	275
103	285
103	375
104	111
104	169
104	202
104	299
105	218
105	312
105	375
106	146
106	147
106	251
107	211
107	271
108	243
108	382
109	231
109	335
110	183
110	212
111	294
111	341
112	257
113	118
113	197
113	199
113	246
113	303
114	256
115	274
115	278
115	385
115	396
116	177
116	335
116	344
116	391
117	200
117	306
117	339
117	359
118	200
118	215
118	345
118	356
119	165
119	186
119	347
120	158
120	240
120	370
121	261
123	140
123	248
124	127
124	144
124	191
124	209
124	216
124	276
124	335
124	343
125	141
126	145
126	222
126	264
127	318
127	353
128	157
128	248
128	274
128	292
128	323
129	138
129	278
129	281
129	314
129	319
130	286
130	300
130	346
131	336
131	376
132	194
132	230
132	248
132	259
132	281
132	321
133	219
133	330
134	240
135	217
135	243
135	348
135	353
135	396
136	168
136	179
136	252
136	319
136	361
137	360
138	205
138	373
139	189
139	194
139	236
139	395
140	190
140	257
140	323
141	303
142	162
143	209
143	220
143	312
143	363
144	225
144	394
145	224
145	333
146	231
146	256
146	317
147	175
147	235
147	293
148	216
148	249
149	259
149	299
149	333
149	341
150	323
150	386
151	349
151	384
152	224
153	226
154	176
156	217
156	321
156	360
157	182
157	197
157	227
157	316
157	352
157	355
158	243
158	289
158	306
158	372
160	223
160	269
160	361
160	392
161	223
161	224
161	232
162	395
163	173
164	346
165	285
165	316
166	244
166	362
166	373
167	365
168	188
168	356
169	199
169	283
169	309
169	349
170	243
170	251
170	258
170	270
170	298
170	308
170	315
171	182
171	199
171	220
171	280
171	361
172	210
172	282
173	369
174	202
174	377
174	389
177	205
177	284
177	294
177	346
177	356
177	357
177	382
178	204
178	380
180	199
181	232
181	311
182	219
183	220
183	370
184	238
184	251
184	344
184	388
185	230
186	245
186	266
186	289
186	309
186	352
186	353
186	381
187	294
188	230
188	304
189	228
189	384
190	251
190	259
190	374
190	381
190	390
191	204
191	261
192	326
193	258
193	304
193	366
195	263
196	231
196	289
196	352
197	259
197	379
198	321
198	347
198	348
199	380
200	324
201	241
201	392
201	394
202	229
202	230
202	289
202	310
202	363
203	302
204	281
206	209
206	287
206	328
207	228
207	270
207	331
207	373
208	393
209	294
209	329
209	331
210	233
210	356
210	384
211	266
211	347
212	275
212	307
212	313
212	367
212	389
213	329
213	338
213	354
213	366
213	392
214	235
214	264
214	270
215	304
215	377
215	379
216	251
217	274
217	358
217	385
218	372
219	262
219	324
219	394
221	356
222	287
222	305
222	316
222	387
223	276
223	318
226	297
227	324
227	346
228	315
228	352
228	367
228	399
229	360
230	279
232	258
232	324
233	371
235	329
236	272
236	289
236	314
237	251
239	287
239	299
239	329
239	399
240	272
241	301
241	335
243	343
244	250
244	266
244	384
245	360
247	326
247	344
247	380
247	393
251	343
251	399
253	294
253	307
253	333
254	318
254	339
254	346
254	367
255	375
256	290
257	360
258	348
258	353
259	304
260	288
260	391
261	337
262	301
262	330
262	339
262	345
262	366
263	283
263	370
264	395
265	266
266	377
268	308
269	280
269	281
270	390
271	344
271	377
272	291
272	381
273	286
275	392
276	336
276	399
277	375
277	384
278	282
280	318
280	330
281	302
283	289
283	349
283	358
284	292
284	382
285	287
286	385
287	305
288	307
288	365
288	385
289	365
289	395
290	297
291	307
291	316
291	329
291	385
292	365
292	374
293	376
294	354
295	312
295	352
296	323
296	347
296	358
297	367
298	384
299	334
301	323
303	336
304	307
309	367
310	345
310	393
311	362
311	381
313	353
318	373
319	373
320	391
324	371
325	343
329	357
329	358
331	361
331	387
332	362
335	370
336	337
337	391
338	388
340	379
340	380
342	377
344	366
350	393
351	387
354	359
355	359
357	393
358	374
360	378
360	394
363	382
367	378
368	387
369	382
372	380
373	399
374	388
376	387
379	398
381	397
383	388
388	390
393	399