0	134
0	150
0	175
0	202
0	226
0	327
0	341
1	30
1	197
1	239
1	398
2	44
3	29
3	70
3	92
3	146
3	148
3	155
4	112
4	131
4	265
5	11
5	110
5	153
5	177
5	372
6	249
6	351
7	71
7	333
7	374
8	42
8	75
8	126
8	162
8	167
8	248
8	353
9	33
9	128
9	151
9	371
9	394
10	26
10	104
10	123
11	46
11	185
11	246
11	307
12	105
13	58
13	163
13	331
14	70
14	280
14	313
15	171
15	188
15	257
15	300
16	21
16	39
16	180
16	329
16	399
17	67
17	150
17	324
18	84
18	129
18	175
18	207
18	317
19	132
19	254
19	299
19	321
19	333
20	65
20	236
20	392
21	43
21	118
21	209
21	311
21	389
22	42
22	67
22	163
22	217
22	300
23	188
24	53
24	95
24	103
25	33
26	324
27	158
27	332
28	117
28	210
28	269
28	270
28	354
28	391
29	134
29	315
29	389
30	166
30	214
30	341
30	353
31	141
31	234
32	73
32	248
32	302
32	323
33	350
34	53
34	99
34	101
34	170
34	373
35	151
36	71
36	166
36	246
36	271
36	364
37	90
37	216
37	237
37	317
38	101
38	187
38	364
39	66
39	111
39	208
39	383
40	103
40	106
40	147
40	204
40	249
40	254
40	279
40	338
41	43
41	187
41	226
41	243
41	341
41	366
41	392
42	71
42	75
42	160
43	324
43	344
44	133
44	255
44	348
45	82
45	274
45	276
46	96
46	158
46	212
46	360
47	63
47	101
47	198
47	342
47	364
48	118
48	338
48	358
49	275
50	95
50	99
50	259
50	319
51	83
51	112
51	133
51	333
52	151
52	277
52	327
52	344
52	350
53	384
54	79
54	135
54	240
54	345
54	383
55	118
55	172
55	327
55	347
56	113
56	174
56	336
57	111
57	315
57	331
57	396
58	61
58	222
58	317
58	355
59	67
59	119
59	126
59	168
60	204
61	122
61	204
62	76
62	385
63	69
63	285
63	298
63	313
63	387
64	68
64	161
65	280
65	305
65	382
66	136
66	255
66	261
66	319
67	211
68	98
68	186
68	238
68	304
69	173
69	225
70	320
70	326
70	354
71	154
72	156
72	166
72	213
72	220
72	356
73	152
73	355
73	382
74	97
74	123
74	128
74	204
74	217
74	315
75	135
75	143
76	279
76	326
76	328
77	145
77	149
77	150
77	231
78	110
78	115
78	186
78	193
78	226
78	276
78	301
79	90
79	168
79	229
80	146
80	148
80	347
80	379
81	182
82	315
82	380
83	144
83	248
84	136
85	158
85	178
85	190
85	285
85	305
85	389
86	146
86	161
86	303
86	392
86	394
87	164
87	169
87	195
87	257
88	102
88	125
88	132
88	264
88	282
88	298
88	344
88	362
89	189
90	149
90	169
90	231
90	379
91	202
91	334
92	168
92	190
92	279
92	307
93	129
94	223
94	259
95	128
95	222
95	360
96	129
96	214
96	365
97	207
98	115
98	136
98	163
98	174
98	251
99	167
99	237
99	244
100	161
101	184
101	382
101	387
102	175
102	324
103	120
103	307
104	259
104	346
104	374
105	328
105	387
106	187
106	198
106	230
107	137
107	356
108	235
108	359
109	116
110	333
110	364
111	334
111	394
112	171
112	313
112	342
112	379
113	196
113	203
113	240
113	387
114	153
114	257
115	280
115	285
115	353
115	361
117	300
117	344
118	199
118	229
118	265
118	282
118	309
119	140
119	310
119	358
119	384
120	236
120	391
121	301
121	342
122	294
123	134
123	317
124	376
125	238
125	240
125	328
125	381
126	145
126	315
126	329
127	287
127	350
127	388
127	396
128	203
128	214
128	254
128	277
128	280
129	131
129	184
129	386
130	158
130	318
131	136
131	137
131	274
131	363
131	393
132	353
133	330
135	175
135	248
136	206
136	234
136	367
137	349
137	362
138	192
138	217
138	239
138	241
138	367
139	385
140	162
140	185
140	187
140	319
140	342
140	373
141	158
141	167
141	171
141	290
141	328
142	163
142	178
142	325
142	366
143	288
143	365
144	289
146	354
146	398
147	160
147	171
147	333
147	390
148	176
148	250
148	280
148	354
148	392
149	176
149	182
149	287
149	304
150	203
150	257
150	297
150	333
150	342
150	353
151	193
151	346
151	374
152	195
152	227
152	348
152	352
152	367
152	377
153	208
153	283
154	300
154	347
155	165
155	240
155	311
156	181
156	229
156	232
156	314
157	383
158	171
158	283
159	227
160	204
160	216
160	284
161	169
161	228
161	351
162	168
163	180
163	184
163	199
163	285
163	322
164	280
164	355
166	243
166	279
166	329
167	225
167	335
167	368
168	171
168	286
168	383
169	181
169	338
170	251
170	265
171	185
171	190
171	199
171	310
173	258
173	353
173	368
174	233
174	355
175	181
175	196
175	225
176	231
176	262
176	282
176	399
177	287
178	197
178	215
178	239
178	273
179	369
180	255
180	279
180	373
181	348
181	357
182	266
182	337
183	387
183	397
184	266
186	249
187	228
187	243
188	294
189	224
189	271
189	341
189	377
190	338
191	196
191	235
191	361
191	362
193	239
194	246
194	277
195	271
196	299
196	367
197	283
197	309
197	346
198	336
199	226
199	387
200	220
200	362
201	208
201	209
201	305
202	334
202	352
203	281
204	350
205	265
205	282
205	286
205	295
205	340
205	377
207	296
208	239
208	270
208	285
209	310
209	342
209	360
209	372
210	254
211	245
211	292
212	395
213	238
214	286
214	378
216	283
217	293
218	358
219	222
219	316
220	291
221	251
222	231
222	260
222	319
222	369
223	381
224	278
224	326
225	315
226	227
226	270
226	388
227	373
228	236
228	241
228	248
228	369
228	389
229	281
230	271
231	361
232	280
234	237
235	244
235	304
238	320
238	365
239	326
240	284
240	359
241	253
241	261
241	308
241	362
241	388
242	380
242	396
243	360
243	389
244	342
244	396
246	286
246	350
246	381
246	398
247	374
249	272
249	281
250	280
250	282
252	259
253	267
253	290
253	320
255	348
256	300
256	341
256	365
257	383
258	260
258	334
259	310
259	321
261	384
263	268
263	374
263	381
264	377
265	298
265	389
266	339
266	387
267	273
267	314
267	366
268	273
268	275
268	315
269	346
269	362
269	368
270	336
270	350
271	381
271	399
274	286
274	331
274	339
274	346
274	361
278	296
280	370
281	337
281	346
281	362
282	296
282	337
283	344
286	308
286	382
288	327
288	351
289	309
290	311
290	323
290	348
290	389
293	360
293	383
294	349
295	394
296	322
297	342
297	383
298	307
298	310
301	317
302	322
303	387
304	309
304	314
304	338
306	309
306	339
306	346
306	352
308	333
308	375
308	382
310	331
310	332
312	329
314	327
315	372
319	329
321	377
322	327
325	377
326	339
328	334
329	354
329	372
331	375
333	347
334	353
334	374
337	345
339	380
341	348
343	381
344	362
349	369
352	357
354	368
356	372
357	376
364	388
364	398
365	375
365	379
372	388
374	385
374	387
379	387
383	384