0	88
1	83
2	51
2	105
2	187
2	242
3	12
3	56
3	91
3	217
3	285
3	296
4	134
4	248
4	281
4	289
4	397
5	54
5	145
5	201
5	290
5	310
6	39
7	108
7	193
7	214
7	387
8	17
8	63
8	66
8	147
8	164
8	211
8	292
8	340
8	347
9	57
9	250
9	297
9	330
9	382
10	107
10	143
10	257
10	283
10	319
10	391
11	159
11	196
11	311
11	397
12	47
12	68
12	136
12	191
12	256
12	333
12	336
13	305
13	351
14	120
14	149
14	162
14	256
14	383
14	399
15	63
15	116
15	218
15	326
15	337
15	342
15	361
16	219
16	279
17	78
17	109
18	161
18	182
19	244
20	76
20	124
20	230
21	67
21	69
21	77
21	251
21	269
22	34
22	36
22	39
22	54
22	223
22	349
23	172
23	232
23	338
24	44
24	129
24	289
25	46
25	53
25	125
25	239
26	196
26	332
26	393
27	207
27	291
27	386
28	135
28	210
28	289
29	157
30	68
30	89
30	213
30	347
31	45
31	244
32	47
32	143
32	195
32	270
32	279
33	52
33	299
33	387
33	397
34	55
34	91
34	185
34	301
35	223
35	358
36	168
36	194
36	227
36	266
36	367
36	382
37	78
37	287
38	96
38	129
38	207
38	249
38	286
38	321
39	127
39	355
40	155
40	231
40	258
40	371
41	131
41	208
41	219
41	238
41	365
42	68
42	110
42	150
42	193
42	309
43	95
43	343
43	351
43	371
44	86
44	87
44	104
44	122
44	167
44	224
45	73
45	246
45	255
45	395
46	123
46	203
46	301
46	336
47	329
47	366
47	397
48	160
49	66
49	126
49	243
50	159
50	177
50	278
50	300
50	324
51	83
51	180
51	284
51	337
51	345
51	399
52	256
53	127
53	330
53	369
53	382
54	137
54	256
54	260
54	369
54	385
55	122
55	195
55	196
55	360
56	78
56	140
57	62
57	99
57	338
57	340
58	151
59	76
59	218
59	306
59	337
60	107
60	174
60	294
60	306
60	372
61	169
61	177
61	188
61	229
61	363
62	189
62	384
63	187
63	192
64	68
64	78
64	386
65	91
65	107
65	198
66	124
66	150
66	232
66	366
67	337
68	386
69	145
69	313
69	382
70	213
70	252
70	260
70	262
70	371
70	373
71	201
71	289
71	361
72	146
72	158
72	196
72	221
72	269
72	280
73	396
74	131
74	311
74	355
75	133
75	164
76	101
76	110
76	137
76	140
76	149
76	308
76	343
76	384
77	143
77	372
78	130
78	181
78	328
78	355
79	90
79	97
79	271
79	384
80	109
80	339
80	341
81	104
81	140
81	240
81	256
81	306
82	174
82	265
82	346
82	388
82	389
83	263
84	89
84	142
84	158
84	327
84	355
85	214
85	343
85	348
86	392
87	188
87	222
88	117
88	154
88	203
88	294
89	112
89	301
89	304
89	378
90	116
90	211
91	325
91	378
92	235
92	248
92	331
93	195
93	239
94	124
94	258
95	390
96	124
96	147
96	218
96	245
96	323
97	216
97	376
98	120
98	155
98	229
98	247
99	148
99	282
99	338
100	325
101	166
101	215
101	356
101	398
102	197
103	224
103	362
104	322
104	338
104	345
105	107
105	194
105	216
105	245
105	288
106	181
107	145
107	277
107	283
108	131
108	201
108	263
109	118
109	191
109	204
110	342
111	128
111	139
111	200
111	286
113	115
114	165
114	235
114	237
114	271
115	131
115	155
115	199
115	232
115	266
115	270
115	344
116	234
117	178
117	259
118	212
118	288
119	251
119	269
119	281
119	387
120	184
120	258
120	357
121	124
121	270
121	348
122	296
123	144
124	221
124	310
125	127
125	383
126	130
126	241
126	284
127	173
127	319
128	154
128	361
128	390
129	162
129	385
130	208
130	298
130	320
130	321
131	281
132	159
132	164
132	270
132	298
132	320
132	343
133	142
133	167
133	393
134	342
134	352
135	164
135	181
136	181
137	272
137	336
137	337
138	274
139	263
139	369
140	205
140	268
140	272
140	289
140	315
140	318
140	376
141	145
141	225
143	353
144	316
144	339
144	385
145	181
145	206
145	219
146	327
146	367
147	374
147	379
148	212
148	382
149	238
149	378
149	383
150	204
150	211
150	218
150	268
151	304
151	347
151	365
151	384
151	390
152	221
152	389
153	158
153	171
153	193
153	202
153	363
153	389
154	164
154	243
154	313
154	377
155	252
155	324
155	391
156	175
156	222
156	293
157	285
157	384
158	191
158	215
159	261
160	197
160	207
161	309
161	317
162	178
162	323
162	334
163	180
163	221
163	265
163	298
163	300
163	314
163	322
163	342
164	212
164	310
164	386
165	224
165	354
166	254
167	215
167	274
167	325
168	337
168	354
168	372
168	396
169	192
169	204
170	392
171	243
171	300
171	391
172	201
172	237
173	225
173	299
174	199
174	335
175	224
175	255
175	298
175	365
176	218
176	384
177	200
177	284
177	347
177	370
178	255
178	297
178	300
178	337
179	182
179	309
179	369
180	331
180	347
181	224
181	255
181	321
181	388
182	257
182	291
182	297
183	316
183	317
183	383
184	360
185	233
185	322
186	300
187	195
187	257
187	259
187	374
188	220
188	231
188	253
188	279
188	292
189	232
189	242
189	249
189	321
190	202
191	342
191	362
192	194
192	217
192	337
193	235
193	242
194	368
195	243
196	217
196	241
196	325
196	390
197	221
197	231
197	307
199	203
199	326
199	381
200	211
200	219
200	288
200	298
201	304
202	386
203	207
204	271
205	289
205	290
205	326
206	363
206	388
208	231
209	239
210	344
210	391
211	274
211	276
211	339
211	351
212	213
213	322
214	337
215	267
215	319
215	371
216	301
216	335
217	219
217	267
217	351
218	324
220	264
220	346
220	373
221	374
223	268
224	260
224	326
226	235
226	295
226	323
226	336
227	357
228	287
230	246
230	306
232	246
232	301
232	382
233	245
233	285
234	292
234	378
235	365
235	375
236	304
238	345
240	267
241	359
241	388
242	267
242	268
243	319
244	288
246	293
246	375
248	287
248	321
248	342
249	274
249	339
249	355
249	386
250	297
251	313
254	259
254	262
255	369
255	372
256	260
256	284
258	357
260	331
260	358
261	388
261	392
264	361
265	359
265	390
267	308
268	322
269	270
269	324
270	389
271	309
271	336
272	281
272	337
273	328
274	382
275	326
276	293
276	305
276	392
279	372
280	284
280	289
280	309
283	367
284	307
285	344
285	375
285	381
286	374
286	380
287	292
287	297
287	348
287	370
287	396
288	369
290	302
290	304
293	394
294	345
294	366
295	376
296	380
297	340
297	363
299	368
300	324
300	326
300	328
301	333
301	384
303	313
308	312
310	367
312	337
313	393
316	350
317	321
317	347
318	327
319	351
319	386
322	360
322	374
322	376
323	327
323	331
324	334
324	364
325	350
329	389
330	391
332	340
333	396
334	357
336	344
338	358
343	384
344	345
348	383
353	366
355	386
362	392
363	380
374	395
376	388
384	388
386	390