0	30
0	180
0	200
0	270
0	376
1	19
1	22
1	159
1	175
1	221
1	231
1	242
1	319
1	354
1	386
2	78
2	84
2	216
2	266
2	300
2	339
3	232
4	51
5	177
5	314
5	345
6	66
6	69
6	99
6	142
6	170
7	8
7	104
7	126
7	214
7	248
7	331
8	72
8	133
8	182
8	199
9	233
9	255
9	303
9	388
10	23
10	99
11	304
11	314
11	315
12	112
13	246
13	255
14	51
14	60
14	113
14	167
14	183
14	263
15	22
15	200
15	337
15	356
16	317
17	26
17	141
17	150
17	175
17	194
17	324
18	71
18	73
18	243
18	253
19	24
19	384
20	60
20	77
20	108
20	335
20	361
21	51
21	76
21	202
21	233
21	240
22	224
22	351
22	368
23	30
23	44
23	96
24	133
24	161
24	182
24	184
25	197
25	237
25	239
25	262
26	127
26	192
26	219
26	281
27	101
27	104
27	159
27	168
27	195
28	162
28	228
28	297
28	377
28	397
29	49
29	61
29	324
29	397
30	59
30	259
30	365
31	62
31	176
32	38
32	197
32	334
33	113
33	170
33	241
33	330
33	348
33	355
33	363
34	44
34	75
34	396
35	184
35	195
35	234
35	252
35	266
36	191
36	294
36	375
37	383
38	370
39	131
39	204
39	215
39	231
39	244
39	288
40	127
40	198
40	276
40	331
41	225
41	347
41	358
42	122
42	192
43	46
43	134
44	178
44	246
44	273
44	334
45	178
45	314
45	366
45	379
46	212
46	373
47	286
48	55
48	176
48	212
48	229
48	278
48	282
48	371
49	142
49	377
50	70
50	302
51	87
51	175
52	285
52	299
52	389
53	143
53	304
54	153
54	206
54	208
54	243
54	313
54	367
55	87
55	185
56	155
56	217
56	353
56	366
57	66
57	111
57	274
57	344
57	392
58	178
58	250
58	393
59	83
59	305
60	303
60	329
61	87
61	90
61	360
62	246
62	276
62	279
63	66
63	132
63	338
63	371
64	71
65	144
66	186
66	199
66	344
67	227
67	287
68	194
69	238
69	242
69	246
69	302
69	309
71	166
71	229
71	269
71	300
71	339
72	158
72	231
72	308
72	331
73	157
73	263
74	83
74	260
74	309
74	381
75	129
75	138
75	213
75	353
76	81
76	282
76	290
76	301
76	373
77	196
77	226
77	253
77	399
78	122
78	140
78	209
78	332
79	135
79	136
80	92
80	208
80	314
80	324
82	178
82	246
82	284
82	351
82	376
83	130
83	217
83	249
85	89
85	143
85	386
86	207
86	272
87	170
87	197
87	215
87	238
87	252
87	278
87	281
87	296
88	124
88	200
89	149
89	305
89	371
90	151
90	248
90	345
91	312
92	93
92	105
92	128
92	220
92	233
93	112
93	119
93	312
94	223
95	106
96	100
96	164
96	225
96	259
96	378
96	394
97	283
97	355
97	378
98	204
99	205
99	332
99	338
100	218
100	353
101	266
101	336
102	136
102	221
102	302
102	325
102	362
102	386
102	399
103	229
104	157
104	159
104	305
105	135
105	179
105	218
105	302
105	326
105	380
106	250
106	298
106	308
107	319
108	116
108	258
109	160
109	175
109	274
109	299
109	363
109	398
110	221
110	256
110	269
110	365
110	376
111	275
111	394
112	142
112	268
112	325
112	397
113	365
114	169
114	248
115	350
115	388
116	193
116	214
116	344
116	357
116	365
116	367
117	183
117	259
117	280
118	241
118	287
118	353
118	363
118	384
119	398
120	125
120	202
120	223
120	298
120	392
121	123
121	140
121	142
121	183
121	320
121	331
122	152
122	234
122	295
123	179
123	308
124	138
124	191
124	362
125	128
125	136
125	146
125	233
125	364
126	129
126	132
126	259
127	158
127	216
127	319
128	289
128	298
128	346
128	354
130	208
130	279
131	137
132	142
132	152
132	238
132	364
133	175
133	262
134	140
134	225
135	385
136	205
136	383
137	205
137	366
138	390
139	394
141	206
141	295
141	321
141	385
142	207
142	208
142	337
142	354
142	357
142	363
143	360
144	232
144	285
144	332
144	366
145	323
146	171
146	217
147	223
147	316
147	375
147	379
148	194
148	395
149	270
149	282
149	359
150	198
150	250
150	268
150	322
150	347
151	239
151	343
152	197
152	222
152	366
153	379
154	304
154	338
154	380
154	381
155	201
155	231
155	266
156	159
156	177
156	258
156	278
156	330
157	307
157	314
158	159
158	307
158	309
158	334
158	338
158	376
159	382
160	198
160	229
161	326
162	239
163	284
164	232
164	265
164	333
164	396
165	168
166	175
166	268
166	336
167	283
167	289
168	204
168	268
168	382
169	183
169	184
169	378
169	383
170	292
170	345
171	212
171	324
171	326
171	384
172	271
173	281
173	305
173	325
174	245
174	250
175	191
175	277
176	203
176	209
176	278
177	211
178	302
178	356
179	192
179	287
179	357
180	268
181	200
182	275
184	197
184	304
185	200
185	396
186	308
186	355
187	320
188	247
188	340
189	190
189	339
189	396
190	284
190	357
191	283
191	313
192	257
192	272
192	302
192	340
193	284
193	314
193	366
193	381
194	195
195	233
195	359
196	393
197	229
197	246
197	347
198	242
199	387
200	233
201	262
201	309
202	307
203	315
203	326
204	312
204	361
204	362
205	235
205	384
206	209
206	255
206	262
206	277
206	384
207	221
207	248
207	263
207	328
207	364
208	349
209	233
210	296
211	304
212	295
213	277
213	357
213	363
214	257
216	377
217	374
218	356
219	335
220	251
221	245
221	314
222	313
223	254
223	261
223	350
224	242
225	276
225	309
226	268
227	253
228	251
229	284
229	388
230	267
230	310
230	341
230	360
230	397
231	318
231	323
231	345
233	278
233	376
234	298
235	326
236	342
236	377
237	315
238	276
238	343
239	333
241	281
242	283
242	296
244	280
245	377
246	251
246	270
246	344
247	336
247	361
248	263
248	371
250	260
250	296
250	390
251	299
252	265
253	310
254	264
254	280
254	350
255	274
256	396
257	391
258	262
258	307
258	335
259	266
260	354
261	384
263	377
263	383
267	308
269	360
270	396
271	296
272	325
273	343
275	340
276	293
277	283
277	308
277	320
278	320
278	322
278	323
278	353
278	377
280	313
280	319
281	327
281	352
281	356
283	305
283	366
285	299
285	332
286	336
286	353
287	288
287	393
288	310
288	398
289	316
290	396
291	347
292	336
297	308
297	360
298	317
298	359
300	313
301	331
301	365
302	319
302	374
304	349
305	312
306	373
307	326
307	330
307	333
308	319
308	383
309	369
310	342
310	373
310	381
311	328
312	361
313	338
317	337
319	349
323	331
326	395
328	362
328	399
329	384
330	376
331	356
331	388
332	340
332	396
335	353
335	357
335	363
335	375
336	346
336	366
336	379
337	385
340	344
341	392
343	396
344	370
347	368
347	380
349	376
353	354
353	388
356	389
357	359
358	377
359	370
360	385
361	366
361	384
362	372
362	394
364	388
365	369
366	379
368	390
369	379
372	392
373	385
383	393
385	397
386	396