0	199
0	237
1	19
1	103
1	205
2	14
2	37
2	49
2	129
2	352
3	36
3	53
3	149
3	276
3	285
3	338
3	366
4	182
4	192
4	344
5	19
5	89
5	93
5	134
5	260
5	297
5	353
6	36
6	70
6	255
6	340
7	8
7	117
7	122
7	205
7	219
7	267
7	284
8	54
8	231
8	264
8	318
9	228
9	278
10	126
10	192
10	245
10	352
10	394
10	396
11	43
11	125
11	248
11	280
11	333
11	348
11	394
12	97
12	248
12	333
12	342
12	350
13	37
13	179
13	248
13	255
13	275
13	289
13	317
15	326
16	52
16	96
16	186
16	193
16	240
16	321
16	330
17	20
17	56
17	118
17	162
17	253
18	58
18	154
19	46
19	164
19	248
19	344
19	366
20	127
20	208
20	237
21	68
21	97
21	116
21	134
21	141
21	147
21	268
22	214
23	162
23	214
23	304
23	387
24	77
24	107
24	274
24	376
25	105
25	114
25	116
25	155
25	171
25	364
26	333
27	65
27	151
27	208
28	132
28	200
28	240
28	277
28	325
28	350
28	372
28	382
29	337
30	113
30	132
30	277
31	117
31	158
31	192
32	40
32	244
32	253
32	294
33	88
33	174
33	205
34	59
34	230
34	303
35	72
35	181
35	257
36	38
36	68
36	288
37	125
38	231
38	273
38	398
39	56
39	183
39	301
40	260
40	346
41	60
41	101
41	148
41	241
41	360
42	64
42	87
42	230
42	257
42	267
43	138
43	341
44	95
44	198
44	221
44	385
45	85
45	137
45	286
45	315
45	322
45	335
46	54
46	91
46	150
46	302
46	330
46	366
47	56
47	91
47	144
47	209
47	380
47	398
48	164
50	74
50	316
50	327
51	64
51	83
51	201
51	213
51	251
51	338
52	99
52	136
52	158
52	205
52	235
52	270
52	276
52	299
52	350
53	112
53	172
53	186
53	313
53	319
53	386
54	310
54	354
55	253
55	312
55	389
56	206
56	381
57	60
57	84
57	94
57	265
57	282
58	293
58	308
58	376
58	392
59	132
59	150
59	161
59	299
59	318
60	175
60	180
60	242
61	189
61	214
61	258
61	266
61	287
61	362
62	372
63	101
63	257
63	267
63	329
63	338
64	228
64	272
65	74
65	244
65	246
65	271
65	394
66	76
66	157
66	250
66	304
67	93
67	95
68	76
68	91
68	181
68	205
68	206
68	214
68	301
69	176
69	197
70	144
70	183
70	294
70	369
71	99
72	106
72	232
72	249
72	295
73	120
73	126
73	288
73	336
74	102
75	153
75	216
75	240
75	257
75	311
75	358
76	208
76	215
76	226
76	232
76	315
77	375
78	134
78	250
78	265
79	143
79	232
79	398
80	93
80	152
80	258
80	380
81	357
82	134
82	207
82	280
82	321
83	120
83	147
83	180
83	234
83	270
83	317
83	327
83	340
83	355
84	135
84	154
84	155
84	275
85	140
85	359
86	123
86	146
86	209
86	286
86	321
86	386
87	290
87	310
87	365
87	390
88	225
89	153
89	232
89	260
89	279
89	396
90	148
90	156
90	219
90	228
90	298
90	367
92	212
92	228
92	363
93	136
94	301
94	323
94	389
95	107
95	165
95	272
96	98
96	121
96	257
96	260
96	319
96	338
96	350
97	106
97	268
97	274
97	333
97	385
98	165
98	167
99	154
99	311
100	150
100	261
100	334
100	342
100	370
101	229
101	335
102	373
103	165
104	399
105	127
105	231
105	398
106	253
106	378
107	242
107	272
108	118
108	245
109	216
109	335
110	212
110	228
110	265
110	318
110	342
111	120
111	122
111	126
111	370
111	388
112	153
112	217
112	225
112	258
112	268
113	215
114	155
114	212
114	265
114	324
115	199
115	235
115	259
116	282
116	293
116	366
117	199
117	245
117	303
117	337
117	351
118	204
119	345
120	133
120	243
120	322
121	181
122	137
122	268
122	278
123	165
123	368
123	369
124	165
124	172
124	184
124	237
124	282
125	142
125	184
125	244
125	332
126	335
126	336
127	256
127	257
128	160
128	233
128	354
129	161
129	180
129	206
129	231
129	245
129	273
129	370
130	259
130	262
130	364
131	214
131	311
131	357
132	238
133	257
133	279
133	304
134	149
134	306
134	361
135	169
135	178
135	227
136	209
136	393
137	186
137	216
137	220
138	159
138	189
138	230
138	262
138	349
139	160
139	197
139	281
139	291
139	300
140	156
140	208
140	244
140	333
141	181
141	355
142	143
142	196
142	213
142	232
143	144
144	229
144	250
144	295
144	308
145	198
145	202
145	345
145	381
146	207
146	384
147	160
147	205
148	311
148	367
148	369
149	305
150	170
150	385
151	168
151	235
151	290
151	368
151	378
152	324
152	358
154	300
154	361
155	169
155	187
156	312
157	266
157	267
157	373
158	164
158	181
158	223
158	342
158	370
159	179
159	229
159	312
160	270
160	302
160	350
162	210
162	227
162	253
162	366
163	169
163	209
163	266
164	167
164	201
165	170
165	286
166	265
166	329
166	369
166	395
167	240
167	277
167	374
167	397
167	398
168	192
168	199
168	308
169	215
169	340
170	214
170	318
170	370
171	172
171	254
171	305
172	259
172	267
172	292
173	239
173	257
173	339
174	333
174	348
174	383
175	282
176	198
176	323
177	359
177	399
178	305
178	318
179	221
179	313
180	218
180	223
180	283
180	369
181	360
181	390
182	186
182	335
182	360
182	396
183	285
184	327
185	379
186	198
186	243
186	263
186	286
187	207
187	229
187	237
187	316
188	298
189	249
190	229
190	382
191	269
191	397
192	233
192	255
192	341
194	218
194	254
194	323
195	296
195	310
196	256
196	374
197	341
198	300
198	337
198	342
199	293
199	318
199	366
200	262
201	222
201	300
201	302
201	350
203	215
203	229
203	251
203	302
204	381
205	231
206	375
207	256
207	272
208	236
209	253
209	376
211	388
212	322
212	329
212	331
212	375
213	250
213	332
213	351
213	380
214	369
216	323
216	324
216	330
216	376
217	327
217	349
219	288
219	308
219	325
219	335
220	336
220	362
221	304
221	380
222	229
222	333
222	392
223	334
224	326
228	320
229	243
229	277
230	246
230	318
230	398
231	264
231	324
231	367
234	356
235	327
236	308
237	354
237	355
239	372
240	298
240	324
240	393
241	288
241	364
242	378
243	251
244	318
244	331
244	357
245	344
246	293
246	353
246	370
246	376
247	313
247	377
248	395
249	357
252	268
252	371
253	288
253	364
253	397
254	285
254	327
254	340
255	392
255	398
256	287
257	304
258	316
258	329
258	340
258	375
259	280
259	386
260	281
260	286
260	320
260	345
261	361
262	292
264	354
264	398
267	369
269	310
269	367
270	369
271	280
271	308
271	353
271	365
272	277
274	374
275	335
275	381
277	359
277	365
278	308
279	395
279	399
280	294
282	363
283	291
283	343
283	380
284	364
284	365
285	321
286	364
287	316
287	395
289	296
290	310
290	379
291	315
292	362
294	346
294	351
296	312
296	314
296	320
296	339
296	364
297	313
297	376
298	332
299	370
301	372
302	380
303	312
303	374
304	398
305	310
306	373
307	362
309	353
309	357
309	398
311	330
311	372
312	334
315	322
315	329
315	390
316	385
316	394
317	329
317	333
317	347
319	389
320	324
320	327
320	330
322	377
324	394
325	378
326	383
328	344
329	365
329	399
331	399
332	344
335	375
336	376
337	396
338	344
339	348
342	384
346	391
348	387
349	374
350	367
350	388
352	360
353	357
359	375
363	369
363	371
365	370
365	392
366	383
367	390
369	374
374	385
379	398
385	397
388	390
389	396
390	395
394	396