0	102
0	166
0	288
0	307
1	3
1	22
1	106
1	221
1	227
1	335
2	39
2	101
2	275
2	336
2	367
2	371
3	26
3	222
3	379
3	394
4	363
5	149
5	297
6	77
6	100
6	292
6	313
6	390
7	38
7	113
7	160
7	247
7	314
7	334
7	371
7	395
8	61
8	197
9	42
9	83
9	182
9	202
9	249
9	316
9	325
9	330
10	24
10	55
10	136
10	285
10	360
10	370
10	397
11	30
12	64
12	137
12	148
12	350
12	384
13	213
13	216
13	262
13	275
13	277
13	348
13	389
14	34
14	143
14	169
14	223
14	244
14	310
14	394
15	37
16	48
16	277
17	153
17	156
17	167
17	179
18	128
18	244
19	39
19	112
19	182
19	202
20	180
20	367
21	297
22	100
22	193
22	195
22	229
23	112
23	115
23	249
23	278
24	44
24	236
24	250
24	251
24	395
25	85
25	194
25	217
25	376
25	389
26	37
26	100
26	159
26	178
26	392
27	39
27	84
27	195
27	199
27	252
27	307
27	353
28	186
28	193
28	195
29	101
29	178
29	237
29	270
29	298
29	299
29	364
30	81
30	97
31	80
31	179
31	327
32	33
32	90
32	227
32	247
32	399
33	39
33	101
33	135
33	302
33	314
33	349
34	231
34	336
35	76
35	324
36	266
36	312
37	133
37	261
37	345
38	105
38	194
38	246
38	286
39	119
39	167
39	244
39	311
39	369
39	377
39	385
40	198
41	168
41	202
41	272
41	316
42	46
42	136
42	170
42	177
42	232
43	167
43	269
43	358
44	142
44	387
45	118
45	180
45	191
46	81
46	140
46	220
46	264
46	277
47	125
48	52
48	103
48	105
48	222
48	270
48	369
49	69
49	73
49	206
50	229
50	272
51	184
51	232
51	332
51	366
52	174
52	302
52	333
52	344
52	385
53	78
53	97
53	216
53	397
54	89
54	229
54	339
54	393
55	129
55	365
56	100
56	295
56	296
57	166
57	170
57	176
57	177
57	280
57	305
57	306
57	378
58	132
58	163
58	243
58	324
58	352
58	383
59	79
59	157
59	275
59	304
59	311
59	387
60	119
60	242
61	388
62	167
62	206
62	222
63	126
63	226
63	235
64	119
64	359
65	178
65	368
66	255
66	354
67	339
68	354
69	75
70	174
70	204
70	245
71	78
71	288
71	363
72	177
73	329
73	343
74	112
74	143
74	237
75	88
75	202
76	261
76	332
76	355
77	256
78	164
78	285
78	314
79	373
80	238
80	254
81	206
81	221
81	264
81	395
82	162
82	282
83	172
84	264
84	278
84	378
84	389
85	196
85	229
85	264
86	294
87	158
87	191
88	127
88	135
88	218
88	381
89	122
89	147
89	319
89	356
90	93
90	96
91	206
92	118
92	125
92	182
92	235
92	268
92	270
92	312
92	328
92	331
93	99
93	108
93	276
93	281
94	160
94	183
94	191
94	274
94	390
95	114
95	147
95	194
96	130
96	347
98	189
98	194
98	195
98	200
98	219
98	338
98	368
100	141
100	163
100	286
100	302
101	152
102	104
102	155
102	215
103	122
104	158
104	177
104	375
105	164
105	196
105	201
105	233
105	354
105	366
106	139
106	164
106	284
106	326
106	366
107	133
107	252
107	266
107	292
107	293
107	392
108	127
108	188
108	203
108	329
109	134
109	227
109	237
109	342
109	380
110	183
111	166
111	264
111	274
111	330
112	362
113	157
113	226
113	253
113	276
113	283
114	262
114	304
114	357
114	370
114	375
115	162
115	240
116	136
116	164
116	218
116	241
117	177
117	215
117	224
117	327
117	338
117	366
118	154
118	217
118	242
118	249
119	125
119	134
119	145
119	151
119	153
119	234
119	322
120	152
120	197
120	211
120	293
120	310
121	172
121	206
121	212
121	391
121	397
122	149
123	260
123	301
124	321
124	330
124	368
124	370
125	178
125	261
125	348
126	220
126	290
126	377
127	248
127	272
127	306
127	360
128	220
128	265
128	311
129	138
129	258
129	304
129	385
130	224
131	171
131	201
131	214
132	152
133	164
133	182
133	185
134	254
134	279
135	366
136	183
136	381
137	185
137	198
137	240
137	349
137	384
138	238
138	278
138	398
140	182
140	324
141	196
142	279
142	387
143	363
144	245
145	264
145	329
146	238
147	182
147	219
148	161
148	245
148	246
148	258
148	295
149	236
149	286
149	393
150	187
150	227
151	196
151	217
151	382
152	190
152	242
152	266
152	340
152	393
153	221
153	265
153	301
154	192
154	369
155	286
156	371
157	190
157	288
158	250
158	321
159	316
159	323
160	195
160	205
161	203
161	224
162	208
162	213
162	216
163	178
163	196
163	300
163	396
164	275
164	352
165	328
166	252
167	172
167	186
167	244
167	261
168	248
168	396
169	204
169	230
169	316
170	204
170	224
170	381
171	371
172	215
172	267
172	273
172	317
173	385
173	397
174	273
174	305
174	358
174	367
175	181
175	198
175	346
176	195
177	266
178	266
178	302
179	309
179	336
180	398
181	201
181	232
181	298
182	292
182	394
183	239
185	234
185	285
185	389
185	399
186	295
187	214
187	243
187	306
188	229
188	233
188	366
189	398
190	204
191	294
191	394
192	194
192	257
192	327
193	228
193	283
193	341
193	390
195	267
195	315
195	326
195	340
197	333
197	349
198	248
198	379
199	223
199	301
199	395
200	306
201	209
201	267
201	289
202	232
202	333
203	283
203	313
204	236
205	293
206	396
207	281
208	275
208	323
209	245
209	284
209	329
209	362
210	216
210	223
210	331
212	218
212	259
212	287
213	229
213	257
213	260
214	215
214	367
215	377
216	219
216	382
217	250
217	286
218	234
219	279
220	286
220	344
221	230
221	374
223	233
223	351
225	310
225	362
226	365
227	276
229	321
230	293
231	353
231	382
232	251
232	278
232	288
233	378
233	390
234	251
235	358
235	377
236	302
236	327
236	388
237	379
238	325
239	308
240	247
240	386
241	267
241	327
241	364
241	371
243	273
243	342
244	254
245	274
245	323
245	396
246	258
249	377
250	306
250	376
251	269
251	310
251	316
252	290
252	330
253	260
253	298
253	356
254	281
254	300
254	318
254	350
254	352
254	354
254	390
255	399
256	265
256	388
257	276
257	339
257	360
258	279
258	285
258	349
258	374
259	390
259	398
260	281
261	320
261	333
261	356
262	281
262	283
262	356
262	368
263	291
264	301
264	351
267	356
267	371
268	329
268	333
269	324
269	369
269	389
270	361
271	332
273	297
275	301
276	351
276	362
277	313
277	317
277	329
279	284
281	301
281	303
281	378
281	388
282	320
282	370
283	309
284	336
289	305
289	306
289	376
290	341
291	324
291	336
291	375
293	378
293	384
294	330
294	332
295	319
295	355
296	378
296	388
298	313
299	325
302	386
304	365
305	329
306	334
306	374
309	397
314	379
315	344
316	360
319	375
319	376
321	337
321	387
322	377
324	333
326	343
326	368
326	377
327	373
328	359
331	378
333	382
335	345
335	356
337	345
342	373
348	363
349	378
349	394
352	395
354	378
355	385
355	394
358	384
358	399
363	393
365	374
368	373
372	391
373	389
384	387