0	154
0	217
0	260
1	75
1	110
1	136
1	147
1	182
1	266
2	60
2	86
2	190
2	295
3	82
3	83
4	236
4	342
4	384
4	386
4	389
5	109
5	129
5	176
5	308
5	309
6	61
6	165
6	196
6	301
7	57
7	167
7	220
7	281
7	288
7	315
7	333
7	358
8	173
8	178
8	194
8	387
9	61
9	72
9	369
10	51
10	115
10	213
10	229
10	246
11	23
11	271
12	202
12	252
13	121
13	182
13	211
14	74
14	234
14	255
15	125
15	210
15	236
15	240
16	81
16	136
16	259
16	333
16	394
16	397
17	110
17	239
17	312
18	213
19	155
19	157
19	241
19	269
19	353
20	29
20	42
20	57
20	62
20	241
20	330
21	240
22	77
22	109
22	215
23	29
23	106
23	302
24	209
24	234
24	248
24	267
25	76
25	184
25	368
25	395
26	60
26	152
26	278
27	139
27	178
27	257
27	287
27	358
27	377
28	84
28	86
28	126
28	139
29	208
29	258
29	341
29	368
30	112
30	240
30	272
31	42
32	150
32	235
32	354
33	163
33	181
33	283
33	371
34	42
34	116
34	135
34	271
34	390
35	80
35	336
35	340
36	108
36	134
37	57
37	158
37	337
37	348
37	354
38	176
38	312
38	327
38	377
39	108
39	308
39	351
40	150
40	179
40	239
40	248
40	251
40	302
40	307
40	373
40	377
41	49
42	60
42	144
42	156
42	293
42	318
42	397
43	168
43	267
44	250
44	380
45	125
45	154
45	169
45	183
45	228
45	290
45	367
46	85
46	102
46	172
46	187
46	243
46	377
47	67
47	85
47	112
47	117
47	174
48	57
48	90
48	170
48	255
48	337
48	372
49	213
49	339
50	92
51	150
51	219
51	259
52	53
52	147
52	189
52	345
52	383
53	59
53	114
53	166
53	225
53	270
54	150
54	153
54	187
54	291
55	131
55	176
55	291
55	340
56	208
56	211
56	321
56	324
56	385
56	396
57	153
57	290
57	388
58	179
58	352
59	250
59	292
60	266
60	277
60	296
60	338
61	109
61	142
61	285
61	375
62	125
62	157
62	180
63	164
63	201
63	218
64	324
65	200
65	314
66	131
66	135
66	148
66	285
66	289
66	365
67	92
67	394
68	340
68	356
69	209
69	297
69	304
70	94
70	374
71	89
71	189
71	191
71	306
72	93
72	94
72	117
72	130
72	391
73	194
73	270
73	312
74	172
74	320
75	214
75	220
75	280
75	303
76	142
76	211
76	344
76	378
77	87
77	176
77	192
78	231
78	254
78	364
79	85
79	188
79	250
79	282
80	179
80	372
81	89
81	132
81	341
82	177
82	216
82	351
83	155
83	262
83	342
84	202
84	344
84	387
85	117
85	376
85	381
86	302
86	347
87	123
87	293
87	363
88	157
88	285
89	328
90	92
90	340
90	391
91	160
91	187
91	315
91	392
92	175
93	165
93	172
93	268
93	334
93	391
94	192
94	326
95	104
95	127
95	219
95	285
95	317
96	302
97	149
97	290
97	296
98	285
99	115
99	278
100	144
100	185
101	245
101	294
101	346
101	383
102	373
103	146
103	269
103	285
103	298
104	124
104	247
104	315
104	392
105	116
105	179
105	373
106	150
106	231
107	244
107	326
108	138
108	144
108	262
108	271
108	290
108	371
109	169
109	331
109	350
109	351
110	298
111	362
112	206
112	223
113	130
113	286
113	288
113	326
114	133
114	171
114	283
115	231
115	370
115	395
116	119
116	123
116	127
116	189
116	259
116	266
117	133
117	280
118	158
118	165
118	176
118	280
118	296
118	356
118	371
119	135
120	128
120	233
120	236
121	374
122	210
123	187
123	212
123	226
123	304
123	306
124	207
125	353
125	383
125	394
126	142
126	332
126	340
126	399
127	134
127	166
127	211
128	178
128	227
129	183
129	214
131	218
131	303
132	172
132	186
132	387
133	357
134	210
135	219
135	330
135	344
135	367
136	188
137	155
137	387
138	167
138	338
139	186
139	284
140	308
140	374
141	158
141	333
141	366
141	385
142	157
142	187
142	216
142	282
143	367
143	378
144	281
144	311
145	151
145	257
145	316
145	332
145	388
146	211
147	250
147	281
147	385
147	398
148	150
148	156
149	328
149	348
149	377
150	178
150	198
150	214
150	265
150	285
150	346
150	381
151	222
151	242
151	321
151	381
152	189
152	218
152	310
152	321
152	358
154	243
154	354
155	186
156	170
156	306
156	349
157	174
157	254
158	175
158	198
158	206
158	255
158	299
158	346
159	193
159	250
159	316
160	268
160	281
160	319
160	386
161	236
162	284
164	233
164	326
165	208
165	211
165	392
166	177
167	260
168	239
168	265
168	286
168	361
169	266
169	336
170	309
170	370
171	355
172	376
172	392
174	234
174	252
176	202
176	340
176	388
176	392
177	178
177	287
177	332
177	335
178	215
178	226
178	321
178	367
179	248
180	292
180	319
181	268
182	209
182	238
183	347
184	198
184	199
184	215
184	282
184	303
184	358
185	268
185	368
186	210
186	265
186	328
186	398
187	218
187	309
188	344
189	198
189	203
189	295
189	396
189	398
191	294
191	353
192	269
192	348
193	264
194	213
194	217
194	278
194	354
195	321
195	377
196	214
196	289
196	319
196	379
197	229
197	246
197	333
198	249
198	336
198	358
198	379
199	344
199	346
199	385
201	230
201	393
202	205
202	294
202	321
203	277
203	310
204	231
204	359
204	395
205	213
205	315
205	320
205	350
207	332
207	399
208	329
209	220
209	292
209	383
210	347
211	214
212	300
212	392
213	225
213	255
215	378
216	355
219	252
220	275
221	225
221	254
223	274
223	338
224	252
224	261
224	343
224	346
225	243
225	330
225	340
225	362
226	317
228	284
230	239
230	246
230	265
230	379
230	397
231	253
231	384
232	342
233	267
233	278
233	376
234	392
236	291
236	333
237	320
239	246
239	277
239	279
239	368
240	245
240	309
240	371
240	381
241	297
242	362
244	262
244	298
244	352
244	386
246	323
248	289
248	296
248	323
248	350
248	398
249	325
249	353
250	278
250	310
250	363
251	360
251	387
252	295
253	325
254	285
254	289
255	306
255	368
256	335
257	396
258	266
259	281
260	320
260	324
261	263
262	366
262	398
264	309
264	359
265	295
265	352
266	393
267	270
267	326
267	389
268	342
268	371
269	291
269	321
269	377
271	318
271	375
272	316
273	305
273	315
276	365
278	289
278	363
278	373
280	351
280	398
283	305
283	371
283	393
284	357
286	305
287	364
287	374
287	387
290	377
291	336
293	321
294	336
294	390
295	371
295	392
297	321
298	319
298	334
298	343
298	358
299	335
299	356
300	395
301	350
301	357
301	389
302	357
305	357
306	387
307	344
307	376
309	312
309	320
309	327
309	337
309	357
309	399
310	361
313	395
314	353
315	382
316	357
318	326
318	371
318	383
319	344
319	393
320	351
322	366
325	356
326	329
327	348
328	365
328	366
329	376
330	372
330	384
333	366
333	380
336	345
340	399
341	342
341	380
341	397
344	380
345	391
345	392
347	362
347	386
350	396
353	397
355	387
359	375
361	385
363	391
372	382
383	393