0	93
0	313
0	354
1	120
1	183
2	55
2	257
2	259
3	131
3	317
4	10
4	36
4	55
4	74
4	83
5	104
5	119
5	214
5	272
6	51
6	203
6	360
6	384
7	269
7	323
7	327
7	345
7	362
7	399
8	50
8	94
8	181
8	242
8	318
9	302
9	364
10	12
10	15
10	126
11	285
11	349
12	76
12	115
12	141
12	154
12	158
12	380
13	92
13	165
13	242
14	185
14	321
15	123
15	240
15	242
15	314
15	385
15	394
15	398
16	132
16	213
16	269
16	317
16	362
17	89
17	198
17	216
17	236
17	341
18	37
18	375
19	26
19	93
19	163
19	266
20	102
20	103
20	370
21	133
21	154
21	156
21	324
22	30
22	35
22	44
22	218
22	257
23	157
23	214
23	240
23	264
24	92
24	130
24	191
24	243
24	256
24	268
24	271
24	321
24	397
25	51
25	225
25	229
25	360
26	154
26	313
26	364
27	85
27	123
28	247
29	43
29	44
29	118
29	228
30	31
30	113
30	212
30	328
31	102
31	300
32	143
32	198
32	335
33	40
33	281
33	388
34	338
35	235
35	257
35	310
36	121
36	276
36	353
37	142
37	311
38	87
38	213
38	235
38	253
39	187
39	287
39	292
39	357
41	92
41	199
41	254
41	344
41	385
42	124
42	223
42	398
43	283
43	350
44	59
44	267
45	255
45	372
45	387
46	134
46	205
47	309
48	50
48	192
48	203
48	250
48	350
49	85
49	267
50	84
50	255
50	267
51	109
51	219
51	305
52	79
52	94
52	106
53	72
53	249
53	367
54	71
54	175
54	222
54	298
54	322
54	340
55	228
56	133
56	203
56	292
56	339
56	399
57	109
57	116
57	342
58	166
58	205
58	357
59	353
60	102
60	190
60	399
61	125
61	127
61	183
61	189
61	364
61	399
62	74
62	241
62	252
63	208
63	216
63	247
63	258
64	140
64	198
64	389
65	70
65	297
65	394
66	269
66	326
66	342
66	359
67	102
68	75
68	229
69	82
69	105
69	112
69	122
69	185
70	85
70	155
70	329
70	368
70	376
71	130
71	137
71	369
72	91
72	122
72	236
72	348
72	393
73	192
73	211
73	213
73	333
74	327
74	353
75	107
75	141
75	184
75	197
75	349
76	99
76	203
76	209
76	364
76	366
77	226
77	318
77	362
78	124
78	223
79	129
79	165
79	227
79	243
79	329
80	90
80	94
80	95
80	143
80	235
80	301
81	156
81	174
81	198
81	247
81	321
82	98
82	108
82	123
82	144
82	198
82	349
82	381
84	165
84	254
86	180
86	211
86	335
86	382
87	113
87	148
87	359
88	144
88	170
89	92
89	165
89	231
89	317
89	390
90	187
90	201
90	361
90	388
91	124
91	253
91	378
92	222
92	393
93	127
93	159
93	166
93	171
93	291
94	196
94	274
94	302
95	223
95	320
95	356
96	120
96	128
96	240
96	318
97	119
97	372
98	124
98	161
98	247
99	169
99	334
100	107
100	382
101	119
101	143
101	163
101	209
101	243
101	293
101	312
102	105
102	220
102	228
103	163
103	177
103	321
103	390
103	397
104	277
104	346
104	364
105	174
105	190
107	261
107	288
107	359
108	179
108	317
109	307
110	112
110	201
110	214
110	344
111	145
111	328
111	372
112	247
112	347
112	372
113	319
113	376
114	162
114	215
114	299
114	304
114	366
115	196
115	214
115	353
115	373
116	179
116	269
116	280
116	336
116	372
117	189
117	296
118	264
119	286
119	298
121	272
122	173
122	194
122	243
123	280
123	325
123	376
124	142
124	290
124	300
124	307
125	198
125	217
125	281
125	295
126	139
126	226
126	240
126	388
127	278
128	238
129	388
130	295
131	217
131	251
131	399
132	273
133	268
133	320
133	391
134	207
135	193
135	226
136	379
137	209
137	240
137	244
137	398
138	354
139	386
140	155
140	245
140	336
141	180
141	231
141	378
143	219
143	253
143	316
143	324
143	391
144	168
144	391
145	184
145	272
146	387
147	210
149	177
149	288
149	356
150	228
150	266
151	187
152	324
153	204
153	216
153	228
155	250
155	396
156	188
156	288
156	299
156	360
157	206
157	381
158	205
158	242
158	308
159	283
160	201
160	325
160	351
164	294
165	323
166	194
166	361
167	230
168	181
169	261
169	293
169	377
170	325
171	242
171	292
171	366
172	234
172	316
173	324
173	377
174	216
175	203
175	324
175	345
176	208
176	239
176	265
176	350
176	396
178	240
178	255
178	315
178	340
178	379
179	229
180	225
181	184
181	201
181	216
181	327
182	268
182	272
182	275
183	196
183	223
184	265
186	380
187	326
187	341
189	203
190	202
190	212
190	244
190	247
191	246
191	286
192	230
192	244
192	254
192	314
192	397
193	243
193	246
193	344
194	268
194	279
195	253
195	321
196	363
197	387
198	224
198	396
198	398
199	212
199	328
200	298
201	241
201	258
202	258
202	368
202	379
203	205
203	233
203	394
203	396
203	399
204	216
204	240
204	264
204	371
205	281
205	327
206	249
206	255
206	285
206	287
206	331
206	381
207	339
207	357
208	359
208	381
209	215
209	255
210	223
210	224
210	234
211	221
211	242
211	271
211	358
213	224
213	236
213	272
213	358
213	383
214	269
214	271
214	286
215	237
215	366
216	261
216	316
217	343
217	374
218	282
218	292
218	355
219	236
219	243
219	247
219	294
219	395
220	260
221	266
221	316
222	384
223	255
223	372
223	392
223	396
224	303
224	307
225	279
225	302
225	349
226	395
227	232
227	240
227	305
227	313
229	297
230	253
230	308
230	327
230	351
230	397
231	316
231	395
232	233
232	359
233	339
234	327
235	360
237	243
237	295
237	323
237	326
237	356
238	294
238	386
240	281
240	338
240	390
241	260
241	348
241	360
243	285
243	319
244	245
244	371
244	387
245	295
245	325
247	328
248	349
248	361
249	294
249	340
251	392
251	399
254	283
254	298
255	276
255	281
257	375
258	388
259	297
259	321
259	396
260	296
260	335
261	322
261	354
261	366
262	287
263	272
263	357
264	393
267	284
269	285
270	349
271	366
271	393
272	280
272	288
272	305
272	324
272	372
273	362
276	299
276	308
276	331
277	320
277	357
278	321
278	370
279	287
280	312
280	331
280	351
280	368
281	315
282	393
283	362
284	394
284	398
287	332
287	362
287	379
288	294
288	353
288	363
289	312
289	341
292	359
292	381
293	390
294	378
294	395
296	302
296	357
296	372
296	399
298	316
298	338
299	387
302	378
303	348
303	390
305	353
305	362
306	312
306	376
307	328
307	343
308	359
309	324
310	326
310	354
312	318
313	385
314	351
315	353
315	378
315	381
316	355
316	372
317	351
318	332
321	340
321	370
321	387
322	329
322	341
323	339
323	364
329	353
329	367
329	379
330	365
331	337
331	349
332	399
334	370
335	338
335	355
336	358
336	378
336	379
337	361
338	363
338	385
341	352
342	344
345	376
346	356
351	377
352	376
358	367
358	375
361	377
363	394
367	391
370	384
375	391
377	392
377	396
385	397
391	396