0	44
0	148
0	244
0	253
0	292
0	347
1	84
1	144
1	248
1	379
2	88
2	99
2	118
2	247
3	98
3	176
3	252
3	363
4	41
4	73
4	94
4	102
4	260
4	347
4	366
4	389
5	92
5	289
6	65
6	203
6	231
6	235
7	176
7	198
7	211
7	218
7	365
8	262
9	110
9	280
9	362
9	388
10	52
10	120
10	171
10	213
10	274
11	173
11	273
11	397
12	67
12	244
12	271
13	39
13	93
14	38
14	85
14	188
14	240
15	236
15	249
15	305
15	312
15	370
16	107
16	116
16	233
16	237
16	242
16	320
17	51
17	64
17	333
18	19
18	80
18	337
19	76
19	209
19	218
19	222
19	230
19	312
19	376
20	53
20	56
20	161
20	256
21	285
21	293
21	398
22	45
22	177
22	282
23	55
23	133
23	147
23	316
23	336
23	345
24	37
24	80
24	102
24	187
24	237
24	293
24	302
25	31
25	114
25	149
25	228
26	40
26	93
26	112
26	339
26	362
26	376
27	41
28	51
28	91
28	195
28	274
28	276
28	293
28	371
29	51
29	185
29	205
29	275
30	66
30	257
31	96
31	120
31	263
31	388
31	390
32	39
32	94
32	145
32	193
33	64
33	243
33	361
34	63
34	129
34	227
34	248
34	310
35	130
35	137
35	203
35	272
35	337
35	362
35	387
36	101
37	53
37	63
37	136
37	149
37	166
37	378
38	135
38	279
38	323
39	258
39	271
39	320
40	194
40	201
40	328
41	272
41	322
41	360
41	383
42	145
43	49
44	107
44	116
44	179
45	244
45	262
45	281
45	310
45	353
45	362
46	135
46	136
47	111
47	325
48	91
48	134
48	177
48	262
48	274
49	93
49	150
49	244
49	249
49	262
49	336
50	63
50	267
51	91
51	170
51	377
52	75
53	56
53	91
53	125
53	179
53	187
53	248
53	279
53	329
53	385
54	252
55	164
55	166
56	213
56	243
56	278
57	221
58	157
58	220
58	328
58	395
59	153
59	262
59	270
59	303
60	130
60	308
61	105
61	172
61	180
61	376
62	67
63	180
64	149
65	83
65	92
65	118
65	162
65	274
65	336
67	75
67	125
67	317
67	394
68	166
68	240
69	202
69	205
69	218
69	316
69	394
70	190
70	269
70	399
71	207
71	230
71	280
72	148
72	149
72	257
72	392
73	125
73	140
73	141
74	146
74	246
74	299
75	148
75	160
75	199
75	228
75	310
75	357
76	250
76	338
76	358
77	110
77	293
77	329
77	378
78	196
78	220
78	239
78	242
78	343
79	175
79	234
79	249
80	149
80	182
80	244
81	299
82	344
83	107
83	154
83	229
83	272
84	342
85	149
85	194
85	384
86	136
86	259
87	142
87	300
87	365
87	399
88	92
88	123
88	225
88	341
89	144
89	181
89	215
90	182
90	291
90	366
90	368
91	138
91	172
91	282
92	103
92	222
92	227
93	249
93	335
94	145
94	373
95	132
96	98
96	181
96	265
96	331
97	117
98	147
98	187
98	205
98	231
98	352
98	385
99	293
99	300
99	310
100	160
100	244
101	348
101	368
102	112
102	139
102	146
102	266
102	362
103	128
103	253
103	362
103	392
104	174
104	306
104	375
105	299
105	315
106	190
106	208
106	230
106	308
106	348
107	137
107	252
108	148
108	219
108	253
108	307
109	191
109	218
109	222
109	234
109	283
109	383
110	111
110	187
110	264
110	354
111	290
111	301
111	320
112	115
112	156
112	309
112	369
112	394
113	287
114	262
114	270
115	210
115	235
115	372
116	181
116	242
116	371
117	203
117	384
118	218
118	309
118	332
119	195
120	204
121	258
121	385
122	288
122	300
122	372
123	239
123	286
123	299
123	330
124	255
124	298
125	166
125	185
125	194
125	279
125	319
125	326
126	187
126	210
127	145
127	199
127	260
128	150
128	230
128	254
128	256
128	273
128	361
130	148
130	234
130	281
130	396
131	347
132	182
132	363
133	326
133	337
133	394
134	148
134	206
134	286
134	299
134	353
134	367
135	295
135	329
135	384
137	233
138	145
138	152
138	306
139	228
139	396
140	145
140	162
140	237
141	147
141	152
141	356
141	374
141	375
142	266
142	352
142	356
142	362
143	265
144	162
144	176
145	386
146	152
146	185
147	164
147	266
147	289
148	273
149	157
150	158
150	182
150	196
150	356
151	320
151	327
151	378
153	177
153	221
153	292
153	339
154	278
154	379
154	389
155	166
155	191
155	216
155	261
155	322
156	159
156	211
156	357
156	371
157	208
157	277
157	315
157	338
157	345
158	274
159	340
160	175
160	176
160	335
160	360
161	216
161	258
161	371
163	174
163	193
163	300
163	324
163	333
164	195
164	248
164	294
164	343
165	185
165	260
165	334
166	377
167	244
168	264
168	354
169	349
171	303
171	394
172	192
172	237
172	356
173	298
173	333
174	255
174	271
174	280
174	396
175	231
175	348
175	380
176	200
176	211
177	384
178	179
178	189
178	250
178	383
179	192
179	226
179	285
179	304
179	351
180	222
180	281
180	341
181	319
181	348
181	351
182	302
182	374
183	249
184	196
184	261
184	264
184	363
185	276
186	222
187	225
188	209
188	219
189	274
189	319
189	321
189	388
189	389
190	216
190	347
190	370
192	225
192	295
192	339
192	358
193	342
194	223
194	330
195	247
195	306
195	313
195	378
196	208
196	213
196	325
196	332
197	263
197	285
198	205
198	211
199	305
199	307
199	355
200	204
200	330
202	203
202	252
202	266
203	346
204	352
205	388
205	399
207	224
207	237
207	373
210	284
211	218
212	369
213	256
213	328
213	334
214	246
214	315
214	327
214	391
215	227
216	261
216	397
217	237
217	335
217	380
218	238
219	352
220	225
220	226
220	342
220	350
221	278
223	290
223	346
224	239
224	368
224	399
225	232
225	258
225	267
225	349
226	353
226	373
226	378
227	229
227	258
227	302
229	241
229	341
229	351
231	309
232	360
233	243
233	318
233	362
234	283
234	284
234	374
237	329
239	284
242	310
244	273
244	281
244	382
245	330
246	288
246	387
248	312
248	348
248	363
249	294
251	258
251	380
252	377
253	261
253	276
256	267
258	389
259	315
259	358
260	299
262	364
263	305
263	370
264	306
266	305
268	276
269	374
271	281
272	384
273	297
273	329
274	303
274	340
274	386
274	391
275	354
275	381
276	317
277	349
278	398
279	328
279	347
281	303
282	347
283	346
284	310
284	320
284	327
284	386
285	382
287	378
288	305
288	308
289	301
289	388
290	332
290	347
290	365
291	330
291	394
292	370
293	323
293	351
293	396
295	330
295	378
296	328
297	374
299	364
301	339
302	358
303	348
306	347
306	353
307	362
310	392
311	334
311	397
312	321
313	386
313	396
314	387
320	366
321	338
323	335
324	360
326	376
329	386
330	334
330	370
330	391
332	350
333	386
334	387
335	385
337	365
340	377
343	387
344	371
345	360
352	399
353	387
353	398
354	377
356	390
357	362
358	375
359	365
360	399
361	394
364	376
371	383
375	394
381	392
386	392
388	393