0	3
0	49
0	92
0	272
0	301
1	241
1	283
1	380
2	45
2	86
2	147
2	324
3	192
3	249
3	273
4	27
4	74
4	117
4	188
4	343
5	95
5	168
6	26
6	39
6	153
6	174
6	214
7	59
7	83
7	135
7	241
7	262
7	276
7	318
7	379
8	51
8	132
8	168
9	326
9	331
9	344
10	242
10	287
11	96
11	97
11	244
11	252
11	277
11	308
11	321
11	375
11	384
12	218
12	226
12	245
12	296
13	392
14	20
14	27
14	80
14	173
14	204
14	256
15	57
15	132
15	166
15	294
15	365
16	181
17	83
17	223
17	377
18	81
18	124
18	130
18	235
18	241
18	271
18	305
19	117
19	172
20	35
20	43
20	52
20	97
20	187
20	201
20	246
20	249
20	251
20	257
20	272
20	346
20	392
21	38
21	63
21	146
21	171
22	77
22	127
22	334
23	97
23	111
23	306
23	375
24	195
24	280
25	164
25	306
25	368
25	393
26	348
27	163
27	283
27	290
28	76
28	207
28	314
28	364
29	185
30	364
31	158
31	178
31	185
31	277
31	318
32	133
32	240
32	256
32	261
32	346
32	358
33	375
34	132
34	164
34	169
34	319
34	344
35	85
35	221
35	321
35	385
36	96
36	296
36	310
36	339
37	50
37	109
37	128
37	153
37	358
38	105
38	124
38	147
38	168
38	223
39	106
39	169
39	284
39	365
40	51
40	165
40	288
41	51
41	290
41	322
41	353
41	380
42	63
42	79
42	150
42	183
42	213
42	309
42	338
42	390
43	120
43	133
43	156
43	258
44	85
44	142
44	198
44	219
44	246
44	349
45	137
45	176
45	243
45	247
45	265
45	376
46	97
46	99
46	121
46	211
47	117
47	171
47	257
47	350
47	367
48	163
48	320
48	337
48	366
48	367
48	382
49	137
49	163
49	180
50	155
50	256
50	320
51	84
51	212
51	323
52	162
52	165
52	346
53	60
53	237
53	257
53	362
53	365
53	386
54	76
54	101
54	172
54	204
54	235
55	113
55	251
55	279
55	302
55	378
55	385
56	119
56	144
56	200
56	278
57	77
57	87
57	192
57	297
57	379
57	392
58	111
58	178
58	206
58	339
58	396
59	82
60	330
60	387
61	235
62	262
62	263
62	284
62	337
62	342
62	363
63	159
63	174
63	255
64	215
64	297
65	108
66	219
66	338
66	351
67	104
67	163
67	279
67	360
68	262
68	289
69	175
69	256
69	262
69	306
70	108
70	125
71	77
71	188
71	206
71	264
72	94
72	146
72	274
72	365
73	83
73	201
73	268
73	360
73	364
74	132
74	169
74	187
74	208
75	169
75	239
75	287
76	154
76	248
76	296
76	322
77	143
77	281
77	287
78	119
78	121
78	272
78	278
79	113
79	254
79	289
79	316
79	350
79	371
79	383
80	268
80	300
81	183
81	395
82	394
83	120
84	93
84	126
84	367
85	346
86	89
86	104
87	207
87	259
87	269
87	323
87	326
87	355
87	395
88	149
88	177
88	185
88	206
88	207
88	262
89	281
89	294
89	380
90	279
90	373
90	396
91	230
91	342
91	366
91	371
91	381
92	107
92	310
92	330
93	387
94	111
96	177
96	196
96	233
96	237
96	300
96	352
96	392
97	258
98	125
98	357
98	395
99	244
99	334
99	344
100	154
100	324
100	387
101	178
101	294
101	316
101	386
101	399
102	176
102	283
102	289
102	313
102	319
103	149
103	166
103	264
103	357
104	117
104	134
105	144
105	156
105	173
105	187
105	318
106	185
106	313
106	326
107	196
107	225
108	145
108	292
108	341
109	114
109	167
109	174
109	281
109	386
110	281
111	130
111	178
111	290
111	292
112	127
112	129
112	158
112	256
112	349
112	386
113	129
113	193
113	250
114	148
114	299
114	343
115	119
115	179
115	268
115	277
115	379
116	260
117	118
117	135
118	213
118	238
118	281
118	361
119	134
119	153
119	177
119	184
119	191
120	370
121	151
121	285
121	333
121	338
121	354
122	283
122	381
123	279
123	338
123	356
125	210
125	265
125	272
125	382
125	394
126	145
127	153
128	229
128	240
128	281
129	260
129	343
130	239
130	261
130	364
130	366
131	201
132	191
132	272
132	327
132	375
132	398
133	155
133	165
133	248
134	184
134	388
135	180
135	330
135	353
136	223
136	276
136	365
136	380
137	228
138	178
138	274
138	354
139	153
139	164
139	330
139	356
139	386
140	188
140	258
140	262
141	208
141	301
142	149
142	186
142	194
142	285
142	313
142	374
143	217
143	286
144	287
145	240
145	249
145	322
146	192
146	202
146	231
147	267
147	364
148	198
148	284
148	350
149	309
149	336
149	362
150	221
150	233
150	267
150	331
150	396
151	243
151	245
152	213
152	283
152	339
153	167
153	212
153	216
153	221
153	261
153	281
153	385
154	169
154	201
155	279
156	285
156	323
157	340
158	162
158	167
158	280
158	369
160	262
160	299
161	167
161	268
161	349
161	395
162	191
162	240
162	312
163	201
163	259
163	277
163	344
163	391
164	235
164	298
164	388
165	227
165	258
165	291
165	321
166	212
166	223
166	238
166	242
166	243
166	300
166	330
167	318
168	350
169	396
170	265
171	227
171	310
171	354
173	239
173	273
173	376
174	289
174	329
175	233
175	393
176	243
176	399
177	200
177	233
178	238
178	349
179	260
179	275
179	310
180	311
180	331
181	196
181	324
182	205
182	257
183	207
183	234
183	260
183	397
184	331
184	353
185	192
185	233
185	298
185	325
185	328
186	258
186	316
187	195
187	253
187	257
187	308
188	211
188	236
188	244
188	258
188	289
188	349
189	267
190	233
190	287
190	316
190	324
191	358
192	208
193	195
193	366
193	372
194	239
194	240
194	367
194	373
194	391
195	197
196	272
196	346
196	378
197	285
197	317
197	363
198	331
199	264
201	206
201	207
201	265
201	387
202	229
202	239
202	290
202	317
202	325
202	356
203	286
203	301
203	310
203	314
203	356
204	383
204	384
205	306
207	218
207	248
207	281
208	337
209	226
210	241
210	269
210	368
210	394
211	221
211	224
211	271
211	337
211	398
212	246
212	289
212	333
213	221
213	234
213	266
213	385
214	246
214	381
216	327
217	368
217	393
218	326
219	345
220	264
220	284
221	250
221	396
222	248
222	276
223	282
224	227
224	293
224	372
224	392
224	394
225	378
226	275
226	301
226	397
227	328
229	390
231	247
231	333
231	398
232	323
233	293
234	249
234	280
234	305
235	387
236	331
236	336
236	395
238	275
238	307
238	357
239	260
239	277
239	295
239	304
240	305
240	319
240	390
241	373
242	263
243	322
243	387
243	392
244	248
244	364
245	359
246	254
246	273
246	391
247	338
247	374
250	373
251	350
251	393
252	278
253	277
253	339
253	360
253	373
254	308
254	350
254	371
255	302
255	303
255	343
255	395
256	351
256	366
257	298
257	341
258	276
259	323
260	263
260	334
260	341
261	322
261	331
262	264
262	266
262	286
262	386
263	345
263	347
264	304
264	354
265	307
265	325
267	351
267	379
268	337
268	351
268	374
270	295
270	327
271	396
273	338
274	296
274	380
278	318
278	340
278	367
278	379
279	291
280	292
280	346
281	317
282	357
283	315
283	343
285	294
286	387
288	300
288	389
289	307
289	349
290	386
291	361
291	391
292	296
292	297
293	339
295	383
296	306
298	333
298	335
298	362
299	329
299	388
300	375
301	320
307	309
308	320
308	346
309	351
309	368
310	383
311	350
311	393
312	354
316	327
317	331
317	340
317	394
318	336
318	384
319	321
320	352
321	395
323	326
324	373
324	389
326	363
327	354
329	343
330	358
331	352
332	368
335	343
335	349
335	382
339	361
341	347
342	399
344	353
345	351
353	394
361	380
361	397
365	392
367	394
368	389
372	388
373	387
393	399