0	179
0	228
0	365
0	383
1	44
1	119
1	141
1	285
1	312
1	324
1	349
2	88
2	118
2	366
3	22
3	44
3	130
3	138
3	210
4	190
4	197
4	394
5	20
5	176
5	294
6	269
6	354
7	117
7	159
7	181
7	236
7	397
8	53
8	295
8	360
9	372
10	154
10	278
10	329
10	348
11	89
11	136
11	240
11	322
12	62
12	112
12	142
12	338
13	38
14	36
14	137
14	195
15	31
15	184
15	262
15	336
15	346
16	203
16	297
16	316
17	28
17	163
17	380
17	394
18	23
18	66
18	71
18	119
18	378
18	383
19	94
19	134
19	202
19	221
19	249
19	327
19	351
19	381
20	72
20	180
20	200
20	266
20	330
21	193
21	295
21	343
21	358
21	378
22	136
22	166
22	280
22	371
22	398
23	145
23	161
24	73
24	92
24	141
24	250
24	308
24	324
25	165
25	352
25	364
26	231
26	247
26	362
26	391
27	71
27	99
27	142
27	274
28	283
28	310
28	365
29	279
29	285
30	59
30	393
31	96
31	105
31	198
32	187
32	230
32	376
33	173
34	235
34	284
34	317
34	398
35	60
35	123
35	219
36	49
36	115
36	272
36	345
36	374
37	131
37	185
37	222
37	395
38	55
38	76
38	124
38	172
38	199
38	253
38	356
38	360
39	43
39	200
39	304
39	380
40	139
40	150
40	175
40	182
41	185
42	138
42	176
42	287
42	305
42	310
43	111
43	321
44	84
44	199
44	347
45	66
45	149
45	243
45	299
46	96
46	128
46	206
46	226
46	265
46	284
47	151
47	171
47	202
47	299
48	69
48	203
48	322
49	83
49	280
50	305
50	329
50	352
51	152
51	229
51	312
51	318
51	393
52	215
52	265
52	325
53	122
53	137
53	355
54	154
56	218
56	249
56	277
56	330
57	172
57	271
58	199
58	281
58	382
59	219
60	76
60	152
61	145
61	183
61	239
62	86
62	157
62	207
63	206
63	235
63	269
63	338
64	263
64	278
64	301
64	302
64	347
65	196
65	203
66	115
66	245
66	313
66	357
66	385
67	174
67	251
67	309
67	370
68	115
68	180
69	110
69	119
69	148
69	154
69	179
69	292
69	360
70	313
70	319
70	399
71	185
71	245
72	80
72	196
72	398
73	154
73	190
73	385
74	96
74	129
74	230
74	323
75	133
75	138
75	169
75	363
76	236
76	255
76	309
76	330
76	343
77	341
78	184
78	233
79	157
79	291
79	314
80	105
80	115
80	221
81	181
81	189
81	227
81	320
81	390
82	99
82	108
82	184
82	208
82	280
82	286
82	324
82	384
83	102
84	133
84	259
84	383
85	192
85	287
85	306
85	362
85	397
86	264
86	367
87	269
87	284
87	309
87	380
88	92
88	135
88	191
88	261
88	297
88	378
89	170
89	202
89	218
89	236
89	357
90	119
90	185
90	346
90	365
90	379
90	386
91	161
91	234
91	378
91	393
92	252
93	183
93	229
93	300
94	108
94	163
95	181
96	116
96	146
96	247
96	274
96	311
96	325
96	392
97	385
97	396
98	121
98	312
99	124
99	229
99	299
99	306
99	399
100	117
101	268
101	331
102	285
102	305
103	314
103	363
104	120
104	140
105	118
105	302
106	368
107	111
107	140
107	287
107	329
108	136
108	389
109	159
109	200
109	271
109	273
110	277
110	353
111	179
111	233
111	320
112	216
112	295
112	308
113	371
114	137
114	152
114	238
114	253
114	316
114	328
114	340
115	233
116	123
116	140
116	187
116	224
116	295
116	373
117	141
117	218
117	309
117	394
118	274
118	348
118	386
119	270
119	357
120	237
120	335
121	164
121	277
121	302
121	360
122	392
123	282
123	328
123	375
123	386
124	176
124	203
124	254
124	384
125	250
125	260
125	355
125	399
126	196
126	221
126	225
126	315
126	366
127	399
128	143
128	268
129	281
129	327
130	179
130	260
130	263
130	326
130	350
130	363
132	188
132	189
133	191
133	267
133	293
133	356
134	276
134	284
135	294
136	241
136	283
137	300
137	308
138	146
138	389
139	154
139	155
139	263
141	171
141	179
141	234
141	300
142	390
144	204
144	339
144	355
145	200
145	223
145	262
146	192
146	325
146	329
147	166
147	193
147	195
147	203
147	239
148	150
148	307
148	325
148	340
148	369
149	155
149	178
149	220
149	272
149	358
150	164
150	174
150	230
150	286
150	318
150	395
151	153
151	351
153	233
153	252
153	388
154	159
154	169
154	233
154	391
155	201
155	317
156	258
157	300
158	168
158	219
158	322
159	294
159	392
160	358
161	248
161	325
161	336
161	358
162	275
162	319
162	381
163	179
163	393
164	235
166	316
166	391
167	241
167	336
167	344
167	362
167	393
168	276
168	281
168	302
169	251
169	330
169	366
170	200
170	296
170	299
170	325
171	324
173	220
173	277
173	306
174	228
174	262
175	301
175	345
175	368
176	190
176	249
176	350
177	264
178	193
178	215
179	243
179	318
180	188
180	266
180	364
180	374
181	187
181	294
182	372
184	198
184	261
184	396
185	350
186	226
186	347
186	377
188	189
188	292
188	389
189	216
189	248
189	381
190	201
191	230
191	250
191	289
191	295
191	381
192	261
192	287
193	207
193	308
193	325
193	365
193	380
193	390
194	349
194	373
195	281
195	352
196	249
196	341
197	399
198	255
199	214
199	264
199	354
200	272
200	276
202	219
202	281
202	283
202	302
203	256
203	258
203	278
203	323
203	398
204	213
204	243
204	252
204	317
205	315
205	323
205	334
205	339
206	209
206	272
208	238
209	306
210	312
211	223
211	301
211	336
211	354
212	367
213	313
213	330
213	342
213	360
214	270
216	341
217	306
217	311
218	312
218	371
219	260
221	237
222	376
223	280
224	323
225	255
226	270
226	300
227	298
228	275
228	277
229	267
231	302
231	383
232	316
232	325
232	390
233	255
236	246
236	271
237	245
238	278
239	317
239	346
239	385
241	269
241	379
242	267
242	298
243	296
243	387
243	391
244	282
244	361
245	367
246	248
246	253
247	254
247	307
247	319
247	339
248	249
248	290
248	294
248	371
249	377
251	257
251	277
255	288
255	378
256	278
258	334
260	360
260	372
260	399
261	273
261	319
261	395
262	271
262	333
262	336
262	392
262	396
263	285
264	306
265	299
266	331
266	353
267	273
267	307
269	309
270	306
270	331
271	384
272	318
272	350
273	353
273	366
274	287
274	300
274	384
275	329
276	392
277	366
277	378
278	303
279	391
280	292
280	318
281	380
281	389
282	286
285	313
285	331
285	384
289	304
291	312
292	355
292	385
293	385
294	321
295	342
296	305
298	317
300	388
301	303
301	341
302	306
302	335
303	337
305	312
305	325
305	368
306	325
306	341
306	354
306	393
311	387
313	325
317	384
318	389
319	326
319	331
320	376
321	385
322	338
322	380
324	332
326	394
327	367
329	332
330	342
330	382
331	355
332	377
334	336
334	384
335	342
335	351
337	345
338	343
338	355
338	381
342	348
344	377
345	378
346	395
347	355
348	368
348	376
350	396
353	370
357	366
357	392
358	376
359	381
360	382
364	379
368	388
369	398
373	375
375	393
378	390
385	398
392	393