0	32
0	123
0	155
0	172
0	226
0	310
0	311
0	379
1	61
1	105
1	235
1	246
1	259
1	387
2	13
2	149
2	180
2	332
3	12
3	44
3	167
3	268
3	319
4	18
4	37
4	72
4	227
5	106
5	179
5	271
6	20
6	200
6	227
6	237
6	311
6	348
7	172
7	220
8	159
8	227
8	256
8	259
8	346
8	352
9	357
10	18
10	196
10	345
11	72
11	139
11	278
11	293
11	339
11	386
12	114
12	131
12	183
14	396
15	68
15	128
15	159
15	310
15	373
16	129
16	243
17	27
17	82
17	236
17	337
18	33
18	177
18	317
18	366
19	62
19	81
19	215
20	162
20	213
20	269
21	68
21	127
21	189
21	220
21	252
21	393
22	38
22	187
22	367
23	68
23	122
23	170
23	358
24	33
24	49
24	172
24	233
24	304
25	232
25	237
25	238
26	239
26	344
27	49
27	155
27	162
27	290
28	60
28	106
28	107
28	120
28	170
29	384
29	391
30	84
30	94
30	98
30	120
31	61
31	233
32	176
32	256
32	290
32	351
32	375
33	120
33	322
33	383
34	164
34	197
34	289
34	328
34	372
35	103
35	128
35	389
36	89
36	132
36	265
36	284
36	339
37	94
37	288
38	354
38	399
39	54
39	116
39	172
39	186
39	285
40	338
41	49
41	157
41	392
42	176
42	248
43	320
43	368
43	378
44	52
45	47
45	161
45	223
45	298
45	348
46	100
46	135
46	263
46	279
46	314
46	393
47	94
47	117
47	150
47	244
47	298
47	311
48	200
48	271
48	326
48	357
49	197
49	308
49	318
50	156
50	184
50	372
50	383
51	65
51	105
51	213
51	278
51	286
52	80
52	251
52	314
53	241
53	244
53	347
54	77
54	190
55	131
56	151
56	267
57	76
57	112
57	119
57	121
57	173
57	297
58	312
58	366
59	98
59	116
59	250
59	252
59	398
60	133
60	149
60	187
60	205
60	233
62	145
62	352
63	72
63	228
63	318
64	175
64	180
64	206
64	282
64	351
65	104
65	149
65	347
65	360
66	165
66	302
67	249
67	266
67	382
68	196
68	273
68	308
68	362
69	189
69	230
69	325
69	349
70	113
70	209
71	122
71	175
71	180
71	201
71	220
71	343
72	79
72	84
72	148
72	158
72	252
72	290
73	89
73	264
73	296
73	372
73	398
74	91
74	144
74	253
75	157
75	339
76	93
76	117
76	189
76	215
76	259
76	261
76	340
77	117
77	154
77	261
77	300
78	81
78	167
78	195
78	313
78	347
78	360
79	147
79	286
79	348
79	360
80	160
80	231
80	289
80	340
80	398
81	194
82	105
82	143
82	310
82	346
82	366
83	235
84	172
84	209
84	327
85	295
85	345
86	185
86	274
87	116
87	192
87	219
87	236
87	243
87	245
88	135
88	271
90	128
90	150
90	163
92	126
92	202
93	204
93	306
94	207
94	218
94	368
94	375
95	204
96	159
96	178
96	206
97	167
97	383
98	152
98	241
98	325
99	181
99	371
100	113
100	349
100	381
101	154
101	174
101	223
101	264
101	293
101	301
101	371
102	203
102	392
103	344
104	163
104	353
106	333
106	342
107	248
107	263
107	286
108	149
109	268
109	335
110	178
110	288
110	335
111	127
111	132
111	157
111	185
111	295
112	253
112	380
113	175
114	147
114	166
115	185
115	236
115	306
116	310
116	359
116	381
117	164
117	279
118	248
118	300
118	313
118	345
119	210
119	259
119	340
120	178
120	271
120	304
120	332
120	337
120	385
121	184
121	307
121	347
122	336
122	393
123	197
123	336
123	374
124	220
124	278
124	284
124	301
125	148
126	290
126	358
126	381
129	186
129	194
129	225
129	334
130	329
130	371
130	375
131	272
131	280
132	159
132	164
132	246
133	167
133	185
133	363
133	374
134	190
134	196
134	286
135	160
135	190
135	307
135	319
136	250
136	314
137	298
137	393
138	157
138	212
138	218
138	245
138	263
139	160
139	212
139	336
140	168
140	301
141	343
142	158
143	296
143	305
143	306
143	321
143	389
144	268
144	293
145	213
145	296
145	352
146	204
146	242
146	348
147	153
147	385
148	168
148	201
148	376
149	165
149	258
150	288
151	184
151	234
151	236
151	396
152	162
152	320
153	220
153	240
153	260
153	299
154	179
154	245
154	383
154	387
155	193
156	347
157	268
157	291
157	322
157	344
157	379
158	210
158	231
158	241
159	256
159	399
160	199
160	339
161	214
161	237
161	353
162	198
163	216
163	229
163	283
163	348
163	371
163	372
163	379
163	394
164	314
165	168
165	222
165	337
165	365
166	344
166	384
167	223
167	269
167	342
168	213
168	286
169	309
169	372
169	378
170	192
170	199
170	219
170	246
170	340
171	191
171	329
172	173
172	229
172	314
172	337
172	345
172	388
173	179
173	261
176	292
176	383
176	397
177	220
177	225
177	317
177	348
177	388
178	317
179	264
179	266
180	204
180	278
180	311
180	332
181	339
182	269
182	365
184	247
184	266
184	366
185	373
186	257
186	383
187	268
188	221
189	253
189	368
190	332
191	335
192	392
193	202
193	261
193	278
193	296
195	249
196	206
196	286
197	257
197	308
198	268
198	339
199	258
199	316
199	355
199	359
199	395
200	253
200	351
201	221
201	224
201	330
202	263
202	296
202	320
204	352
205	294
205	317
206	221
206	319
207	289
207	391
208	209
208	371
208	387
208	390
209	250
210	270
210	310
210	379
211	212
212	265
213	246
213	262
214	342
215	234
215	299
215	341
216	285
217	249
217	289
217	309
217	330
217	366
218	336
219	265
220	245
221	258
221	273
221	369
222	265
225	231
225	338
225	382
226	229
226	329
227	318
228	285
228	394
231	239
231	316
231	363
234	317
234	325
235	361
236	327
238	359
239	250
239	335
240	368
242	346
242	354
242	379
243	277
243	361
246	323
246	358
246	385
247	275
248	258
248	327
249	397
250	390
251	373
252	304
252	314
252	350
252	383
253	283
254	270
254	326
255	372
255	386
256	302
256	308
256	343
256	377
256	399
257	325
258	259
258	283
258	390
259	310
261	302
261	362
262	388
263	319
265	363
265	379
266	369
267	293
268	284
269	296
270	361
270	391
274	393
275	287
275	299
275	364
276	277
276	304
276	319
278	353
278	357
279	289
279	335
280	287
280	398
281	298
281	390
281	399
283	293
283	356
284	347
286	374
287	366
288	314
292	308
292	335
293	376
293	391
295	362
296	395
297	375
297	382
298	302
299	316
300	359
301	331
302	304
302	328
303	384
305	344
305	386
305	389
306	339
307	338
311	316
312	385
313	338
314	321
315	327
315	368
315	383
316	326
316	340
316	361
317	324
317	358
319	327
321	385
322	371
322	384
322	389
323	381
326	344
326	391
327	378
328	346
328	364
329	357
333	343
333	348
334	362
335	363
335	399
336	374
337	365
337	397
340	356
340	358
342	373
343	355
346	399
348	358
355	356
357	384
359	383
363	376
368	391
370	397
372	373
382	388