0	34
0	71
0	95
0	233
0	311
0	373
1	104
1	273
2	14
2	254
2	354
3	143
3	160
3	169
3	186
3	277
3	300
4	111
4	139
4	162
4	223
4	328
5	60
5	133
5	143
5	357
5	395
6	74
6	124
6	352
6	375
7	338
8	60
8	132
8	141
8	165
8	264
9	76
9	89
10	92
10	259
10	283
11	188
12	149
12	239
12	250
12	398
13	35
13	116
13	190
13	390
14	50
14	102
14	252
14	292
14	344
14	377
15	110
15	202
15	303
15	311
15	362
16	185
17	232
17	389
18	74
18	243
19	97
19	141
19	144
19	229
19	245
19	398
20	82
20	302
21	98
21	132
21	276
22	54
22	66
22	311
22	378
23	34
23	172
23	232
24	71
24	81
24	124
24	169
24	279
24	363
24	394
25	58
25	95
25	295
25	301
25	372
25	378
26	97
26	108
26	227
26	299
26	373
27	30
27	35
27	43
27	239
27	288
27	293
27	302
28	43
28	109
28	356
29	43
29	196
29	335
30	55
30	78
30	174
30	304
31	322
31	333
32	75
32	124
32	144
32	171
32	197
32	327
32	349
32	350
32	386
33	82
33	204
33	287
34	110
34	111
34	205
34	282
34	399
35	108
35	114
35	217
35	227
35	329
36	40
36	130
36	335
37	86
37	255
37	326
37	357
38	63
38	105
38	164
39	108
39	141
39	277
39	278
39	337
39	353
40	51
40	345
40	383
40	390
41	278
42	134
42	174
42	180
42	317
42	354
43	154
43	266
43	303
43	324
43	336
44	174
44	280
44	372
45	93
45	128
46	63
46	113
46	154
46	198
46	297
47	127
47	231
47	350
48	284
48	383
49	98
49	119
49	136
49	140
49	237
49	368
50	164
50	255
51	264
52	147
53	139
53	203
53	220
53	269
53	339
53	342
54	89
54	201
54	306
54	399
55	82
55	124
55	278
55	380
56	220
56	247
56	300
56	330
56	359
57	75
57	313
58	94
58	140
58	220
58	299
58	309
59	164
61	165
61	252
61	314
62	366
63	83
63	146
63	187
63	229
63	249
63	299
63	343
63	363
64	100
64	146
64	226
64	330
65	174
65	198
65	262
65	383
66	68
66	98
66	140
66	185
66	338
66	360
67	108
67	169
67	221
67	259
67	335
67	372
68	194
68	315
68	367
68	376
69	113
69	276
69	284
69	305
69	330
69	351
69	391
70	130
70	377
71	86
71	199
72	79
72	90
72	157
72	192
72	206
72	217
72	233
73	92
73	177
73	205
73	212
73	244
74	202
74	278
75	208
76	125
76	134
76	167
76	366
76	368
77	185
77	339
77	395
78	83
78	220
78	236
78	240
78	251
79	169
79	268
79	392
80	92
80	152
80	227
80	248
80	252
80	254
81	200
81	236
81	373
82	125
83	343
83	357
83	359
84	164
84	313
85	151
85	221
85	240
86	208
86	330
86	395
87	310
87	365
87	383
88	108
88	196
88	337
88	350
89	109
89	222
89	293
89	295
90	107
90	192
90	255
91	96
91	118
91	155
91	156
91	210
91	211
91	230
91	271
91	327
92	227
92	278
92	291
92	348
92	361
93	94
93	210
93	227
94	113
94	168
94	189
94	303
94	361
94	368
95	147
95	214
95	295
95	332
96	128
97	247
97	299
97	308
97	390
98	111
98	149
98	280
98	333
98	398
99	144
100	122
100	229
100	317
100	334
101	131
101	385
102	285
102	385
102	386
103	194
103	272
104	108
104	111
104	203
104	220
104	268
105	184
105	207
105	323
105	332
105	340
106	316
106	319
107	246
107	388
108	125
108	178
108	210
108	226
108	227
108	298
109	121
109	126
109	334
110	332
110	395
111	198
111	316
112	265
112	349
112	388
112	396
113	160
113	190
113	282
113	360
113	390
114	287
114	319
115	177
115	285
115	358
116	124
116	218
116	233
116	320
117	151
117	283
118	143
118	180
118	372
119	166
119	238
120	145
120	318
120	385
121	231
121	399
122	391
123	312
124	126
124	200
124	220
124	274
125	180
125	211
125	245
125	277
125	357
126	246
127	165
128	156
128	191
128	336
128	383
129	206
129	391
130	375
131	195
132	133
132	253
132	281
132	313
132	389
134	171
134	305
134	336
134	367
135	176
135	252
135	321
135	380
136	148
136	172
136	178
136	192
136	248
136	283
136	304
136	375
137	350
138	158
138	360
139	301
139	399
140	309
141	309
142	395
143	146
143	266
143	309
143	370
144	302
144	366
144	371
145	197
145	210
145	226
145	269
146	156
146	178
146	306
147	243
147	296
147	300
147	336
148	227
148	271
148	326
148	378
149	305
150	352
151	272
151	315
152	195
152	196
152	203
152	243
152	294
152	353
153	203
153	253
154	358
154	389
154	391
154	397
155	235
155	322
155	353
156	186
156	187
156	222
157	234
157	362
157	395
158	178
158	378
159	166
159	168
159	188
159	236
159	376
160	271
160	321
160	363
160	399
161	262
161	287
161	362
161	389
161	394
163	261
163	269
164	188
164	281
164	314
165	193
165	313
166	202
166	241
166	296
167	233
167	277
167	327
167	372
167	380
168	187
168	245
168	322
168	348
168	374
169	219
170	222
170	232
170	348
171	282
171	305
171	332
171	387
172	188
172	219
172	240
172	278
172	364
173	174
173	183
173	227
173	396
174	192
174	193
174	246
174	314
174	340
175	324
175	325
176	208
176	265
176	305
176	343
177	336
177	368
178	179
178	376
180	255
181	275
182	312
182	381
183	195
183	346
184	214
184	231
184	395
186	201
186	218
186	252
186	320
187	193
187	211
187	281
187	394
188	260
188	297
189	213
189	238
189	303
189	335
190	349
191	269
192	252
192	257
192	364
192	387
193	265
193	342
193	364
194	235
194	248
194	342
195	277
195	390
196	259
196	293
197	398
198	217
198	280
198	331
198	397
199	202
199	222
199	247
199	302
199	384
200	203
200	222
201	250
202	298
202	329
202	333
203	305
204	257
204	364
205	289
205	355
206	280
206	290
206	345
206	373
207	228
207	253
208	329
208	354
208	388
209	270
209	305
209	314
209	354
211	249
211	281
211	341
211	387
211	398
212	225
214	302
214	321
214	396
215	277
215	313
215	361
216	362
217	337
218	390
218	398
219	316
219	326
221	318
221	355
222	241
222	271
223	298
224	275
225	332
225	338
226	230
226	260
229	232
229	268
229	274
229	390
230	268
230	303
230	367
231	283
232	242
232	252
232	337
232	349
232	398
235	269
235	382
236	296
236	325
237	258
237	293
239	253
239	257
239	288
240	278
240	375
242	343
242	391
243	357
244	276
244	389
245	273
246	272
246	297
249	256
249	347
250	263
250	274
250	279
251	315
252	277
254	317
254	346
255	315
256	358
257	268
257	290
257	291
257	336
259	285
259	382
260	273
260	378
262	275
263	378
266	354
267	279
268	310
270	331
271	300
271	384
272	378
275	324
275	337
275	364
276	344
277	333
277	339
277	350
278	396
279	317
280	359
281	367
282	383
283	357
284	398
285	365
285	369
286	300
286	381
286	398
287	337
288	309
290	326
292	362
292	375
294	360
294	396
294	398
295	353
295	369
295	378
296	331
298	353
301	350
301	395
302	391
304	394
306	387
307	389
309	326
309	338
309	355
309	392
311	365
311	387
312	355
313	387
316	320
320	354
324	387
325	350
327	329
327	340
327	375
329	359
330	363
331	333
332	377
333	399
336	366
337	381
338	343
343	397
345	355
348	372
350	351
350	380
350	394
352	360
352	383
355	398
363	389
366	399
370	375
373	379
373	395
378	382
381	391
386	397
388	393