0	148
0	269
0	287
0	376
1	17
1	21
2	17
2	183
2	344
3	24
3	116
3	218
3	387
4	23
4	76
4	353
5	163
5	221
5	266
5	291
5	341
6	150
6	268
6	363
7	22
7	41
7	81
7	103
7	117
7	149
7	193
7	282
7	291
7	382
7	384
7	395
8	18
8	133
8	199
8	327
9	74
9	148
9	348
9	363
10	135
10	291
10	305
10	317
10	322
11	359
12	132
12	186
12	237
12	288
12	368
13	195
13	250
13	264
14	19
14	127
14	137
14	234
14	280
15	22
15	87
15	295
16	123
16	138
16	154
16	223
16	233
17	39
17	162
17	184
17	235
17	334
18	56
18	69
19	160
19	170
19	242
20	171
20	184
20	284
21	76
21	229
21	283
21	296
21	321
21	353
22	77
22	186
22	193
22	389
23	239
23	281
23	294
23	339
23	355
23	399
24	201
24	260
25	136
25	301
26	53
26	151
26	202
26	250
26	357
27	32
27	82
27	121
27	219
27	331
28	33
28	91
29	248
29	257
29	259
30	128
30	357
31	77
31	87
31	191
32	58
32	124
32	138
32	303
33	36
33	141
33	170
33	179
33	183
33	300
33	332
34	182
34	324
34	339
34	376
35	62
35	146
35	265
35	375
36	136
36	179
37	142
37	329
38	43
38	131
38	230
38	259
38	279
39	55
39	223
39	241
39	314
40	108
40	178
40	179
41	58
41	147
41	153
42	84
43	74
44	177
45	52
45	67
45	72
45	146
45	151
45	328
46	140
46	174
46	249
46	272
46	335
47	141
47	149
47	286
48	52
48	186
48	220
48	301
48	351
49	86
49	88
49	120
49	301
49	348
50	182
50	207
50	220
50	238
50	336
51	187
51	350
52	205
53	114
53	206
53	354
54	79
54	264
54	313
55	56
55	109
55	190
55	250
55	273
55	327
55	375
56	191
56	214
56	281
57	205
57	394
58	142
59	138
59	262
59	340
60	264
61	78
62	84
62	113
62	186
62	249
63	76
63	103
63	332
64	125
64	144
64	179
64	236
65	186
65	296
65	313
66	68
66	77
66	145
66	186
66	215
66	286
66	368
67	147
67	248
68	168
68	173
68	254
68	333
68	353
68	374
69	112
69	215
69	337
70	107
70	314
71	119
71	263
71	304
71	365
71	387
72	82
72	102
73	80
73	233
75	124
75	142
75	155
75	316
75	363
76	83
76	216
76	234
77	81
77	98
77	176
77	193
77	329
79	113
79	320
79	362
79	367
80	179
80	225
81	244
81	350
81	384
82	134
82	205
82	208
82	381
83	119
83	171
83	348
83	380
84	230
84	251
84	279
84	313
84	335
85	198
85	364
85	387
86	120
86	156
86	216
86	231
87	216
87	242
87	310
87	322
87	354
87	398
88	100
88	194
88	300
88	383
88	391
89	211
89	395
90	196
90	311
90	355
91	131
91	163
91	200
91	399
92	155
92	159
92	164
92	288
92	341
93	113
93	218
93	266
93	281
93	297
94	270
94	366
95	234
96	201
96	208
96	324
97	107
97	111
97	331
97	369
97	396
98	137
99	138
99	150
99	218
99	246
99	278
99	376
100	317
100	323
101	153
101	156
101	158
101	202
101	264
102	259
103	357
104	122
104	168
104	191
104	219
104	236
104	260
104	265
105	154
105	398
106	126
106	181
106	189
106	395
107	124
108	129
108	308
108	343
109	271
109	276
109	284
109	343
110	200
110	208
110	310
110	340
110	351
110	360
111	260
111	299
111	346
112	174
112	253
112	278
112	387
113	192
113	253
113	254
113	300
113	314
113	323
114	134
114	248
114	285
114	383
115	144
115	248
115	323
116	310
116	324
117	152
117	288
117	323
117	375
118	256
119	305
120	180
120	324
121	173
122	188
122	298
123	191
123	264
123	287
123	346
124	179
124	291
124	360
125	154
125	319
126	158
126	209
126	212
126	221
126	232
126	250
127	179
128	158
128	282
129	162
129	232
129	345
130	376
131	293
131	306
131	387
131	395
132	138
132	176
132	271
133	170
133	237
133	257
133	269
133	300
134	265
134	285
134	313
135	317
135	346
136	231
136	268
137	304
137	367
137	368
138	181
138	325
138	348
138	352
139	187
139	242
140	219
140	228
142	151
143	321
144	208
144	220
144	234
144	352
144	373
144	398
145	394
146	279
146	280
147	174
147	203
147	304
148	289
149	172
149	398
150	190
150	192
150	360
152	298
153	180
153	195
153	200
153	244
153	317
153	383
153	390
153	398
154	255
154	299
154	386
155	232
155	305
155	398
156	326
156	330
157	214
158	339
159	214
159	281
160	190
160	351
160	385
161	187
161	199
164	186
164	233
164	259
164	265
164	271
164	399
165	358
166	199
166	232
167	192
167	204
167	223
169	186
169	312
169	339
169	384
169	389
171	224
171	324
172	204
172	386
173	351
175	390
176	328
177	180
177	205
177	207
177	333
178	348
178	354
179	194
180	259
180	266
181	212
181	220
181	298
182	340
182	362
183	201
183	283
183	300
183	327
184	251
184	286
185	215
185	241
185	252
185	332
185	362
185	369
186	273
186	279
186	398
187	209
188	344
188	360
189	260
189	310
189	346
189	379
189	387
190	279
191	286
191	387
192	209
192	366
193	298
193	375
195	296
195	371
196	231
196	251
196	286
196	328
196	353
196	397
197	217
197	339
198	270
199	203
199	210
199	277
200	270
200	294
200	301
200	375
201	331
201	346
201	397
202	307
203	206
204	271
204	316
204	373
205	292
205	350
206	351
206	387
207	209
207	381
208	271
208	343
208	377
209	269
209	326
209	388
211	391
212	352
212	393
213	289
213	298
213	386
217	336
218	280
219	260
220	321
221	303
221	345
222	246
222	306
222	375
225	397
226	243
226	268
226	291
226	336
227	292
227	363
227	387
228	332
229	237
229	238
229	292
230	257
231	295
231	342
231	384
233	347
234	382
236	237
236	266
236	357
237	273
237	346
237	371
238	369
239	287
239	371
240	274
241	245
241	248
242	307
242	395
243	266
245	318
245	396
247	299
248	279
248	347
248	355
248	375
249	256
249	300
250	259
251	387
252	355
253	275
254	310
254	388
255	267
256	260
256	301
256	308
256	311
257	286
257	313
258	296
258	298
258	362
258	379
259	265
259	309
259	374
260	297
261	303
261	337
261	390
263	353
264	340
266	275
267	367
269	349
270	277
272	383
273	366
275	375
278	311
278	341
280	316
280	395
281	282
281	334
283	337
284	325
285	347
286	295
286	309
286	346
287	302
287	305
287	341
287	365
287	388
289	396
290	311
290	383
291	360
298	328
299	350
301	331
302	331
302	344
304	347
305	320
305	335
305	371
306	377
306	398
307	350
307	368
309	368
310	321
315	319
316	339
316	347
316	398
317	324
317	359
317	388
318	364
318	393
319	379
320	326
320	330
321	356
321	370
321	371
323	353
327	375
328	390
331	380
332	336
335	350
336	344
336	377
338	349
338	362
345	354
345	387
348	395
348	399
349	375
349	389
350	383
354	356
355	357
356	391
357	365
359	363
360	379
361	392
366	390
367	373
370	399
372	388
376	394
378	398
382	394
391	396
392	395