0	103
0	223
0	248
1	68
1	206
1	261
2	51
2	58
2	294
2	308
3	91
3	103
3	134
4	14
4	42
4	156
4	204
4	205
4	242
4	351
5	92
5	242
5	303
6	116
6	119
6	174
6	227
7	41
7	238
7	314
7	323
8	69
8	238
8	316
9	20
9	162
9	243
9	300
9	380
10	21
10	32
10	34
10	122
10	153
10	270
11	21
11	112
11	173
11	221
11	339
11	383
12	26
12	156
13	18
13	61
13	267
14	53
14	259
15	25
15	93
15	105
15	312
16	84
16	179
16	297
16	329
17	72
19	49
19	69
19	79
19	162
19	232
19	243
19	398
20	133
20	134
20	256
20	301
22	48
22	58
22	140
22	294
22	315
22	399
23	45
23	63
23	211
23	328
24	77
24	95
24	343
24	348
25	209
25	226
26	49
26	234
26	263
26	283
27	180
28	74
28	112
28	182
29	128
29	247
29	292
29	301
30	91
30	137
30	156
31	84
31	146
31	184
31	235
31	246
32	90
32	173
32	286
32	327
33	84
33	87
34	82
34	100
34	189
34	392
35	95
35	146
36	88
36	269
36	379
37	54
37	96
37	197
37	210
37	388
38	95
38	200
38	247
39	58
39	69
39	77
39	78
39	89
39	169
39	344
39	361
40	173
40	208
40	335
40	360
41	148
41	204
41	288
41	303
41	380
42	200
42	208
43	180
43	203
43	229
43	295
44	210
44	220
44	252
44	362
44	394
45	136
45	167
45	228
45	241
46	69
46	237
46	365
46	380
47	363
47	394
48	52
48	73
48	140
48	141
48	218
48	265
48	341
49	188
49	393
50	101
50	196
50	277
50	291
50	374
51	75
51	82
51	346
52	280
52	287
52	357
52	369
53	272
53	311
53	384
54	127
54	255
54	279
54	354
55	118
56	113
56	132
56	190
56	238
56	269
56	294
57	104
57	337
57	369
58	196
58	339
58	391
59	227
59	332
59	335
60	73
60	99
60	114
60	188
60	320
60	386
61	287
62	110
62	150
62	218
62	221
62	288
63	77
63	113
63	256
63	270
63	304
63	318
63	359
63	395
64	103
64	116
64	181
64	230
64	234
64	260
64	302
64	319
64	358
64	388
65	253
66	70
66	87
66	316
66	363
67	120
67	131
67	147
67	156
67	267
67	301
68	162
68	174
68	248
68	316
68	357
68	382
69	89
70	391
71	84
71	123
71	155
72	232
72	260
72	325
72	376
73	130
73	188
73	286
73	370
74	79
74	103
74	105
74	256
74	287
74	310
74	325
74	376
74	378
75	143
75	166
75	274
75	341
76	90
76	237
76	394
77	158
77	215
77	237
77	314
78	117
78	250
78	272
78	291
79	88
79	136
79	270
79	282
79	283
79	347
79	391
80	112
80	148
80	365
81	120
81	149
81	181
81	228
81	312
82	117
82	118
82	388
83	87
83	94
83	286
84	231
85	206
85	387
86	322
87	263
87	385
87	396
88	178
88	202
88	253
89	281
89	384
90	137
90	267
90	359
91	141
91	195
92	312
93	154
94	102
94	110
94	136
94	165
94	178
94	246
94	260
95	111
95	218
95	249
95	271
95	280
95	332
95	338
96	221
96	235
96	241
96	295
97	141
97	246
98	111
98	376
99	248
99	251
99	287
100	175
100	197
100	255
100	258
100	317
101	138
101	153
101	189
101	251
101	254
101	335
102	181
102	218
102	276
103	156
103	234
104	250
104	268
104	373
105	185
105	292
105	381
106	200
106	289
106	329
107	250
108	139
108	364
109	115
109	161
109	270
109	361
110	152
112	123
112	153
112	175
113	198
114	137
114	236
114	245
114	251
114	254
114	323
114	331
115	120
115	315
116	130
116	198
116	199
116	221
118	131
118	197
119	167
119	222
119	267
119	317
119	361
120	178
120	291
121	256
121	354
121	367
121	373
122	123
122	147
122	240
122	293
122	299
122	350
123	266
123	340
124	141
124	186
124	199
124	330
125	173
125	206
125	240
125	279
126	339
127	205
127	322
128	289
129	175
129	206
129	355
129	394
130	207
130	349
131	147
131	253
131	318
131	322
132	160
132	175
132	201
132	218
133	299
133	335
133	338
133	357
133	390
134	143
134	151
134	169
134	212
134	243
134	253
134	282
135	312
135	385
136	172
136	347
137	195
137	230
137	294
138	144
138	163
138	274
138	293
138	319
138	361
138	373
138	381
139	390
139	399
140	256
140	322
140	359
141	227
141	279
141	283
141	325
141	336
142	326
143	149
143	232
143	338
143	382
144	176
144	184
144	290
145	209
145	220
145	236
145	308
145	342
146	178
147	317
147	324
147	386
148	265
148	278
149	216
149	336
150	287
150	342
151	388
153	390
154	279
154	297
154	323
154	339
155	282
155	317
156	238
156	254
156	299
156	307
157	199
157	301
157	399
158	267
158	280
159	182
159	292
159	309
159	385
161	219
162	255
162	281
162	322
163	283
164	258
164	317
165	215
165	341
166	271
166	387
167	328
167	372
168	200
169	186
169	196
169	210
169	240
170	278
170	285
170	288
171	311
171	324
172	369
172	389
173	355
174	215
174	316
174	322
174	361
175	184
175	344
175	353
177	242
177	279
177	375
178	306
179	198
179	215
179	309
179	331
180	233
180	313
180	324
180	352
180	387
182	192
182	194
182	198
182	257
182	277
182	286
182	301
183	267
183	307
186	283
186	399
187	271
187	311
188	203
188	219
188	278
188	307
188	310
188	327
188	399
190	299
191	397
192	217
192	331
192	366
193	385
194	219
194	225
195	219
195	249
195	301
196	214
196	322
196	347
196	354
196	359
197	365
198	318
198	339
198	394
199	219
199	276
199	284
200	246
200	262
200	286
200	305
200	329
200	381
201	362
201	380
201	399
203	276
203	299
203	324
203	374
205	360
206	253
208	215
208	282
208	324
210	241
210	273
210	298
211	223
211	262
211	297
211	325
211	371
211	395
212	227
212	235
212	317
213	359
214	302
214	389
215	371
216	243
216	342
217	235
217	304
217	397
218	305
222	247
222	288
222	293
222	321
222	333
222	356
222	365
222	389
224	374
225	227
225	321
226	346
227	239
227	307
227	317
227	329
227	340
227	379
228	232
228	286
228	397
229	241
230	330
231	371
232	240
232	307
232	321
233	298
233	368
234	342
236	327
237	397
240	267
240	304
240	360
240	376
240	396
242	281
242	298
242	349
242	393
243	262
243	284
243	344
244	309
245	323
247	281
248	265
248	290
249	288
250	312
250	323
250	397
251	308
252	336
254	272
255	299
256	270
257	383
259	295
261	269
262	292
262	374
263	333
264	334
264	341
266	369
267	305
267	374
268	284
268	318
268	322
268	356
271	350
272	371
273	374
274	344
274	375
275	285
275	325
276	292
276	368
278	374
279	342
280	323
280	390
281	324
281	344
281	360
281	366
282	286
282	344
282	397
283	316
284	330
285	305
285	334
285	346
287	391
289	291
289	375
289	382
290	293
291	346
292	384
292	395
293	384
294	357
295	342
295	354
296	397
296	398
297	332
297	377
297	379
298	326
299	381
300	363
301	334
301	336
302	386
303	362
304	381
307	361
307	362
308	343
308	350
308	364
309	314
309	341
309	360
309	385
312	323
312	385
314	387
315	382
317	330
320	359
320	362
322	378
324	345
325	375
325	388
329	358
331	368
331	371
334	358
336	355
339	368
341	349
341	399
342	353
342	387
348	358
348	366
349	383
350	384
352	391
353	397
366	390
373	392
374	383