0	211
1	200
1	201
1	285
1	353
2	97
2	264
2	333
3	54
3	237
3	263
4	193
4	221
4	262
4	281
4	337
5	177
5	179
6	19
6	47
6	274
6	348
6	353
7	105
8	382
9	69
9	159
9	203
9	310
9	376
10	22
10	163
10	193
11	17
11	133
11	313
11	393
12	53
12	212
12	364
13	86
13	104
13	159
13	180
14	127
15	295
15	319
15	343
16	36
16	62
16	111
16	356
17	30
17	49
17	71
17	94
17	107
17	146
17	346
17	374
18	131
18	361
18	394
19	23
19	118
19	133
19	270
20	108
21	264
21	341
21	396
22	24
22	214
22	323
22	352
23	145
23	234
23	291
23	337
23	355
23	381
24	48
24	161
24	179
24	277
24	362
25	159
25	216
25	239
26	204
26	271
26	330
26	346
27	282
27	310
28	109
28	120
28	176
28	385
28	391
29	97
29	177
29	366
30	82
30	184
30	205
30	295
30	321
30	361
31	284
32	98
32	105
32	303
32	339
32	379
33	183
33	399
34	74
34	127
34	184
34	204
34	220
34	395
35	106
35	123
35	192
35	199
35	326
36	115
36	127
36	242
36	297
36	317
36	323
36	344
36	350
36	379
37	45
37	118
37	186
37	326
37	366
38	357
38	377
39	138
39	176
39	263
39	352
39	372
40	47
40	171
40	306
41	70
41	77
41	85
41	132
41	216
41	390
42	62
42	177
42	201
42	282
42	321
42	330
42	389
43	55
43	108
43	235
43	261
43	302
44	52
45	47
45	89
45	349
45	367
45	371
46	322
46	351
47	75
47	77
47	318
47	342
48	67
48	83
48	193
48	284
48	372
49	349
49	374
49	390
50	373
51	267
51	308
51	335
51	356
52	130
52	215
53	86
53	120
53	145
53	196
53	210
53	387
54	102
55	89
55	126
55	215
55	347
55	372
55	382
56	352
56	395
57	333
57	371
58	86
58	236
58	292
58	300
58	337
59	156
59	208
59	270
59	349
60	158
60	246
61	65
61	166
61	280
62	248
62	380
62	389
63	167
64	177
64	267
65	149
65	159
65	260
65	345
66	156
66	300
66	301
67	83
67	181
67	255
67	321
68	127
68	224
68	384
69	91
69	168
69	313
69	394
70	194
70	255
70	290
70	350
71	283
71	301
71	307
71	323
72	153
72	197
72	228
73	136
73	202
73	365
74	389
74	393
75	110
75	165
75	183
75	189
75	227
75	259
75	336
75	343
75	344
75	361
76	82
76	144
76	164
77	124
77	348
78	117
78	153
78	220
78	228
78	304
78	369
79	138
79	146
79	174
79	184
79	198
79	284
80	217
80	226
80	265
80	291
80	342
80	382
81	132
81	146
81	147
81	261
81	279
82	158
82	168
82	172
82	188
82	380
83	224
83	280
83	302
84	133
84	138
84	155
84	314
84	376
85	356
86	101
86	164
86	184
86	334
87	148
87	208
87	255
87	329
88	131
88	179
88	314
88	316
89	96
89	153
89	272
89	278
89	307
89	323
89	355
90	99
90	115
90	121
90	179
90	212
90	359
91	237
92	115
92	225
92	245
92	256
92	274
93	129
95	115
95	182
95	210
95	229
95	366
97	140
97	226
98	128
98	327
99	127
99	147
99	219
99	266
99	341
100	159
100	342
101	373
101	397
102	202
102	238
103	154
103	370
104	217
104	222
104	333
105	163
105	193
105	287
105	332
105	379
106	344
107	195
107	205
107	263
107	375
107	388
108	216
108	303
108	314
108	315
108	322
109	150
109	354
110	153
110	242
110	300
110	392
111	116
111	277
112	126
112	206
112	314
113	142
113	225
113	287
113	329
114	311
114	352
115	144
115	251
115	277
115	294
115	297
115	367
115	384
116	289
116	399
117	324
117	384
118	146
118	216
118	265
119	159
119	293
120	166
120	250
120	281
121	171
121	179
121	206
121	327
122	144
122	152
122	228
122	364
122	370
123	180
123	221
123	229
124	147
124	207
124	209
124	350
124	370
125	157
125	260
125	360
126	202
127	297
128	208
128	223
129	234
129	393
130	265
130	302
131	299
131	394
132	195
132	255
132	319
133	315
133	378
134	167
134	311
134	322
134	367
135	161
135	372
136	145
136	190
136	235
136	327
136	342
137	179
137	207
137	223
137	362
138	190
138	241
138	376
139	220
139	241
139	246
139	309
139	334
139	353
139	359
139	396
140	246
141	261
142	240
142	250
142	293
143	156
143	365
143	390
144	213
144	301
145	209
145	263
145	335
146	158
146	392
148	168
149	302
149	316
149	320
149	356
150	307
151	174
151	181
151	212
151	236
151	340
152	153
152	216
153	225
153	341
154	264
154	311
154	331
155	282
155	315
156	238
156	250
156	362
156	367
157	232
158	366
159	225
159	349
159	364
160	233
160	259
160	364
161	236
161	256
161	285
162	205
162	217
162	253
162	292
162	361
162	394
163	166
163	186
163	382
164	272
164	358
164	362
164	391
164	394
165	175
165	207
166	202
166	231
167	226
167	337
167	362
168	376
169	233
170	300
170	321
170	365
171	189
171	209
171	235
171	352
171	379
172	313
172	374
173	209
173	311
174	216
174	316
174	371
176	192
176	195
176	315
177	254
177	396
178	329
180	343
180	375
182	296
182	309
183	214
183	363
183	397
184	189
184	192
184	242
184	244
184	247
184	303
184	312
184	388
185	316
185	374
185	387
186	224
186	236
186	255
186	303
186	310
186	319
187	214
187	249
187	322
187	358
187	376
188	192
189	208
189	235
189	241
189	383
190	239
191	393
192	208
192	389
192	394
193	341
193	356
195	316
195	329
196	276
196	290
196	327
196	333
197	206
197	258
197	383
197	393
198	282
198	365
198	370
199	212
199	254
199	264
200	204
200	293
200	390
201	218
201	387
202	364
202	373
203	246
203	357
204	338
204	366
204	392
205	267
205	268
205	284
205	326
205	387
206	373
207	345
208	375
209	316
210	211
210	234
210	383
211	288
211	373
212	335
213	252
213	263
213	293
213	382
215	256
215	287
215	295
215	314
216	273
216	345
216	369
217	309
219	367
220	249
220	374
222	320
222	382
223	302
223	326
223	358
226	312
226	318
227	244
227	329
228	263
229	272
229	364
229	377
230	287
230	383
231	301
231	320
231	388
234	253
235	271
235	317
235	322
236	245
236	289
236	343
236	365
237	309
237	361
238	295
238	357
238	365
238	387
241	243
241	290
241	322
243	283
243	381
244	299
244	313
244	348
245	248
245	260
245	272
245	387
247	292
247	399
248	266
248	377
249	251
249	259
250	267
250	330
250	396
251	346
252	271
252	302
253	322
254	260
254	356
255	261
255	283
255	284
255	346
256	266
256	326
256	371
257	364
257	365
259	272
259	287
259	297
259	346
260	261
260	316
265	271
265	282
266	282
267	284
267	317
269	311
269	397
270	325
270	332
270	388
273	296
273	359
273	373
274	276
275	340
277	298
277	383
279	339
280	353
280	391
281	290
281	302
281	305
281	316
281	372
281	379
282	301
282	308
282	325
282	342
283	314
283	392
284	301
284	376
285	335
285	371
286	345
287	332
287	399
288	316
288	358
288	386
291	298
291	348
292	347
295	299
296	314
296	368
298	302
298	310
299	342
299	392
300	333
301	374
302	358
305	333
305	371
307	396
309	348
310	390
314	332
314	338
314	391
315	324
315	362
315	364
317	333
322	328
323	343
325	376
326	397
329	334
332	343
333	359
333	367
336	340
336	394
337	345
337	382
338	397
339	372
341	362
344	351
344	370
344	391
346	364
352	359
354	358
354	394
359	366
366	378
366	392
373	392
374	379
378	393
381	382
384	390
385	391
386	388
386	396
393	398
394	399