0	30
0	206
0	389
1	110
1	113
2	202
2	217
3	66
3	113
3	311
3	360
3	372
3	373
4	202
4	296
4	382
5	48
5	274
5	297
6	19
6	45
6	215
6	238
6	290
7	13
7	55
7	61
7	93
7	94
7	175
7	200
7	238
7	278
7	291
7	332
8	38
9	122
9	249
9	257
9	317
9	346
10	38
10	122
10	168
10	229
10	266
10	351
11	18
11	82
11	102
11	270
12	160
12	170
12	177
12	294
13	294
14	360
15	175
15	271
15	278
15	343
15	391
15	396
16	32
16	132
16	150
16	151
16	168
16	194
16	226
16	361
16	388
17	201
17	257
17	263
17	299
18	72
18	125
18	190
18	287
18	358
19	58
19	305
19	330
20	108
21	103
21	257
21	272
22	50
22	103
22	284
23	25
23	43
23	104
23	119
24	245
24	267
24	275
25	82
25	241
25	322
25	328
26	35
26	147
26	214
27	55
27	117
28	58
28	235
28	318
28	350
28	381
29	295
30	109
30	312
30	335
31	241
31	273
31	335
32	239
32	382
33	85
33	89
33	373
34	302
35	89
35	222
35	372
35	385
36	313
36	346
37	277
38	114
38	132
38	259
38	273
38	295
38	304
38	315
38	317
38	324
38	391
39	95
39	176
39	294
39	322
40	46
40	53
40	99
40	303
40	318
41	132
41	237
42	45
42	49
42	54
42	100
42	156
42	289
43	251
43	271
43	373
43	399
44	120
44	227
44	325
44	351
44	376
45	58
45	71
45	152
45	232
46	140
46	146
46	233
46	330
47	60
47	128
47	260
48	62
48	114
48	176
48	288
48	352
49	51
49	88
49	200
49	204
49	258
49	313
49	323
50	58
50	320
51	110
51	112
51	180
51	208
51	301
52	184
52	207
52	216
52	233
52	304
52	340
53	143
53	248
53	279
54	80
54	147
54	293
55	166
55	259
55	278
55	286
56	93
56	163
56	351
57	117
57	236
57	263
57	354
57	386
58	173
58	216
58	345
58	398
59	137
59	202
59	242
59	285
59	344
60	119
60	138
60	161
60	195
60	294
61	155
61	203
61	259
61	316
62	156
62	212
63	107
63	183
63	220
63	360
63	380
63	381
63	395
64	325
64	395
65	142
65	162
65	375
66	152
66	208
66	395
67	148
67	324
68	177
68	214
68	223
68	315
68	336
69	88
69	171
69	301
69	395
70	135
70	186
70	370
71	147
71	378
71	385
72	113
72	248
73	121
73	234
73	292
73	361
74	91
74	181
74	261
74	262
75	232
75	329
75	333
75	369
76	148
76	189
76	356
77	150
78	127
79	260
79	393
80	105
80	123
80	166
80	212
80	236
80	329
81	191
82	234
82	257
83	280
84	119
84	148
84	242
84	246
84	273
84	285
84	372
85	145
85	224
86	115
86	162
86	163
86	322
86	397
87	169
87	368
88	112
88	122
88	154
89	149
89	151
90	160
90	173
92	254
92	257
92	321
93	123
93	286
93	329
94	142
94	209
94	256
94	381
95	251
95	329
96	312
97	141
97	186
97	336
98	136
98	139
98	147
98	151
99	203
100	135
100	399
101	272
102	315
102	372
102	387
103	136
103	186
104	362
104	375
104	399
105	115
105	236
105	330
105	362
105	377
106	268
106	324
106	389
106	398
107	240
107	333
107	387
108	343
109	162
110	290
110	292
110	378
111	193
111	304
111	389
111	392
112	116
112	152
112	218
113	158
113	198
114	168
114	392
115	173
115	198
115	221
115	273
115	289
115	334
116	127
116	179
116	184
116	313
116	323
117	322
117	391
118	278
118	359
118	376
119	177
119	365
119	383
120	275
121	193
121	349
122	204
122	376
123	127
123	161
124	139
124	317
125	357
126	283
127	397
128	151
128	183
128	268
129	151
129	304
129	318
130	285
130	373
130	394
131	209
131	299
132	188
132	194
133	159
133	192
133	268
134	155
134	237
135	144
135	348
136	192
136	228
136	257
136	398
137	207
137	329
137	340
137	394
138	228
138	250
138	313
138	393
139	208
139	268
139	387
140	308
140	344
141	146
141	343
142	268
142	275
142	285
143	267
144	148
144	174
144	261
144	269
144	283
145	155
145	171
145	225
145	296
145	312
145	345
147	160
147	334
147	378
148	216
148	361
148	388
149	178
149	205
149	274
150	186
150	230
151	155
151	178
151	194
151	206
152	217
152	295
152	377
153	375
154	260
154	347
154	387
155	295
155	309
155	372
156	201
156	389
157	286
158	160
158	235
158	356
159	193
159	218
159	228
159	274
159	277
159	284
159	380
159	387
160	189
160	365
161	271
161	284
161	336
162	192
162	251
162	386
163	203
164	183
164	234
164	235
164	367
165	382
166	181
166	185
166	215
166	232
166	374
167	221
167	308
167	344
167	368
167	393
168	185
168	197
169	187
169	243
169	286
169	292
170	175
170	335
171	228
171	229
171	245
171	253
171	267
171	303
171	317
171	355
171	369
172	245
172	320
173	177
174	283
175	269
175	316
175	335
175	389
177	290
177	311
177	394
178	373
179	180
179	318
179	387
180	217
180	362
181	378
182	236
182	264
182	270
183	306
183	321
184	231
184	314
185	263
186	192
186	275
186	307
186	331
187	392
187	399
188	235
188	320
189	387
190	192
190	274
190	287
190	322
191	275
191	330
192	257
192	275
192	372
193	331
194	199
194	250
195	199
196	286
196	398
197	206
198	199
198	240
198	396
199	226
199	308
199	327
200	206
200	224
200	301
201	229
201	230
201	293
202	230
202	342
202	343
202	346
202	368
202	388
203	228
203	235
203	390
204	212
204	247
204	298
205	398
206	344
208	249
208	251
209	238
209	265
210	214
210	367
211	368
211	396
212	242
213	219
214	287
215	239
215	286
215	394
216	256
216	266
216	379
216	392
217	225
217	269
219	243
219	269
219	276
220	293
221	275
221	371
224	225
224	363
225	327
227	245
227	270
227	350
227	390
229	303
229	335
230	285
231	301
231	366
231	379
232	331
233	265
233	318
233	354
234	298
234	336
235	272
235	349
237	399
238	281
238	288
238	301
239	364
240	262
242	313
243	272
243	346
244	269
244	272
244	392
245	253
245	310
246	373
247	365
248	255
250	313
250	326
252	384
253	264
254	261
255	282
255	323
255	341
256	395
257	347
257	380
259	262
259	312
260	365
262	368
263	354
264	300
264	368
264	397
265	280
265	355
265	360
266	272
267	337
267	362
269	356
270	367
271	332
273	319
273	390
276	297
276	308
276	352
277	317
278	329
279	364
280	290
280	296
282	334
283	380
286	373
287	303
288	307
288	363
289	389
290	337
291	371
292	334
294	345
295	303
296	374
297	392
297	398
298	316
299	368
300	365
301	356
303	316
303	322
303	388
307	395
313	336
313	378
314	347
316	398
317	388
320	322
321	396
322	341
323	358
324	354
327	339
327	353
332	353
335	340
337	397
338	395
340	388
341	350
348	371
351	374
351	375
353	373
354	362
355	361
355	394
364	389
381	393
382	386
384	395
386	396
387	399
388	392
393	396