0	338
1	214
1	343
2	99
2	179
2	298
2	309
2	342
2	360
3	282
4	284
5	22
5	59
6	60
6	272
6	285
7	72
7	147
7	231
8	81
8	97
8	370
9	140
9	216
10	60
10	142
10	146
10	260
10	311
11	122
11	252
12	61
12	98
12	222
12	252
13	61
13	89
13	243
13	386
14	46
15	185
15	309
16	178
16	356
16	358
17	89
17	199
17	346
18	33
18	141
18	174
19	128
19	165
19	199
19	283
20	211
20	218
20	323
21	60
21	196
22	47
22	163
22	192
22	217
23	128
23	162
23	257
23	279
24	29
24	47
24	111
24	171
24	263
25	42
25	76
25	79
25	145
25	157
25	161
25	292
25	360
26	156
26	183
26	198
26	231
26	262
26	299
26	309
27	85
27	90
27	103
27	202
27	358
27	378
28	44
28	87
28	205
28	229
28	345
28	356
29	105
29	118
29	231
30	181
30	336
31	73
31	179
31	319
32	267
32	292
33	275
33	277
33	315
33	332
33	397
34	85
34	240
34	337
34	367
35	52
35	121
35	264
35	341
36	282
36	321
37	112
37	262
37	319
38	54
38	88
38	205
38	218
38	302
38	316
38	354
39	143
39	274
39	359
40	45
40	177
41	301
41	326
41	334
41	387
42	127
42	198
43	211
43	344
43	368
44	364
45	62
45	111
45	263
45	316
47	100
47	330
47	379
48	178
48	200
48	315
48	347
48	377
49	81
49	131
49	146
49	388
50	370
50	380
50	399
51	234
52	233
52	299
53	180
53	297
53	388
54	65
54	248
54	384
55	233
55	297
55	386
56	254
56	344
57	152
57	272
57	335
57	372
58	121
59	105
59	311
59	327
60	74
60	79
60	334
61	159
61	219
61	366
61	391
62	114
62	137
62	199
62	224
62	382
63	85
63	86
64	116
64	155
64	223
64	240
65	96
65	135
65	209
65	296
65	399
66	310
66	311
67	77
67	217
67	270
67	311
67	358
68	82
68	213
68	232
68	335
69	220
70	168
70	247
70	322
70	352
71	131
71	187
71	266
71	269
72	228
73	134
73	160
73	286
73	370
73	386
74	93
74	118
74	131
74	261
74	390
75	233
75	259
75	355
76	207
76	286
77	171
77	203
77	307
78	93
78	144
78	191
78	263
79	269
79	301
79	383
80	201
80	297
81	189
81	359
81	369
81	373
82	93
82	144
82	154
83	104
83	393
84	322
85	202
85	210
85	387
86	96
86	171
86	224
86	238
86	333
86	379
86	386
87	165
87	247
87	248
87	277
87	362
88	115
88	132
88	164
88	183
88	202
88	213
89	102
89	222
89	353
90	101
90	115
90	144
90	212
90	217
90	328
90	344
91	111
91	135
91	199
91	201
91	271
91	331
92	133
92	135
92	287
92	338
93	134
93	226
93	375
94	225
95	211
95	303
95	325
95	335
95	374
96	196
97	98
97	201
97	206
97	232
97	303
99	175
99	251
100	175
100	264
100	331
101	167
102	217
102	281
102	331
102	390
103	133
103	345
103	360
103	381
104	106
104	339
105	172
105	204
105	256
105	299
105	366
106	122
106	185
106	243
106	316
106	349
107	324
108	209
108	226
109	250
109	299
110	223
110	283
110	315
110	356
111	139
111	254
113	343
114	234
114	244
115	158
115	188
116	275
117	216
118	146
118	154
118	323
119	184
119	190
120	220
120	276
120	287
121	232
121	261
121	380
122	338
122	347
123	130
123	204
123	316
123	380
123	383
123	395
124	133
125	133
125	332
125	334
125	365
125	393
126	294
126	330
126	343
127	198
127	203
127	280
128	210
129	263
130	176
130	346
131	289
131	342
131	350
132	215
133	245
133	276
135	203
135	258
135	301
135	364
136	192
136	360
138	154
138	279
139	183
139	259
139	327
139	392
140	141
140	212
141	369
142	263
143	242
143	269
144	209
144	347
145	148
145	287
146	160
146	178
146	203
146	249
146	258
147	283
147	379
149	315
150	297
150	335
150	383
151	276
151	336
151	339
151	387
152	326
152	386
153	175
153	204
153	210
153	334
154	356
155	275
155	331
156	223
156	319
157	382
157	398
158	238
158	362
159	240
159	363
160	295
161	226
161	235
161	254
161	295
161	319
161	342
161	361
162	245
162	381
163	230
163	269
165	177
165	333
166	239
166	302
168	334
168	371
169	172
169	305
169	343
169	378
170	179
170	240
170	325
171	188
171	339
172	291
172	379
173	232
174	354
175	280
175	313
175	344
176	179
176	399
177	230
177	279
177	304
177	327
177	331
177	333
177	345
178	184
178	262
178	292
178	378
180	217
180	235
181	290
181	322
181	387
182	200
182	287
182	347
182	359
183	283
183	382
184	288
184	309
185	219
185	238
185	262
185	326
185	354
186	263
186	349
187	274
188	270
188	317
188	352
189	261
191	235
191	394
193	196
193	198
193	303
193	358
194	309
194	366
195	228
195	283
195	306
195	386
196	282
196	338
197	217
197	291
198	204
198	226
198	236
199	254
199	261
199	340
200	209
200	296
200	340
200	369
201	255
201	294
202	296
202	313
202	316
203	273
203	330
204	216
204	217
205	271
205	300
205	311
205	327
207	338
208	246
208	326
209	236
209	313
209	361
210	275
210	290
212	261
212	298
212	332
213	277
216	266
217	327
218	293
218	351
218	368
219	284
220	243
220	257
220	289
220	389
221	256
221	260
221	273
221	302
221	304
221	352
222	270
223	263
224	297
225	378
226	321
227	294
227	365
228	384
228	393
229	352
230	299
230	311
230	394
232	339
233	251
233	276
234	254
234	267
235	365
236	282
237	240
238	293
240	274
240	379
241	313
241	369
242	257
243	262
243	271
244	262
244	343
245	258
245	270
245	313
245	383
248	253
248	309
249	344
249	384
249	396
250	294
253	305
253	331
253	339
253	390
253	394
254	268
255	300
255	301
255	380
256	379
259	378
261	273
262	305
263	330
264	393
265	399
266	333
266	362
267	325
267	345
269	303
270	377
271	374
272	313
273	287
273	301
273	331
275	297
275	316
277	309
278	306
278	372
278	376
281	392
282	318
282	393
283	296
284	345
286	306
286	375
287	338
288	298
288	348
289	390
290	307
290	320
290	322
291	364
291	368
292	378
294	341
296	326
297	314
299	327
300	370
300	384
301	306
301	397
302	372
304	317
304	338
304	364
305	329
306	371
307	321
308	315
308	334
309	371
311	333
312	365
313	326
313	367
314	334
315	322
315	329
315	350
316	382
317	387
317	397
319	371
319	379
320	343
320	372
322	367
322	384
325	396
327	391
329	393
330	331
332	359
333	368
333	370
336	359
337	340
337	399
345	354
347	378
348	385
352	373
354	368
355	356
355	388
355	398
356	378
357	388
362	371
363	386
364	390
367	384
368	380
373	379
392	393