0	37
0	208
0	286
0	384
1	21
1	30
1	56
1	124
1	331
2	9
2	152
2	200
2	375
2	382
3	116
3	251
3	259
3	305
3	337
3	372
4	51
4	128
4	210
4	213
4	218
4	250
4	381
5	102
5	166
5	235
5	251
5	282
5	330
6	23
6	39
6	51
6	89
6	104
6	197
6	329
6	344
7	151
7	175
8	41
8	135
8	311
9	28
9	87
9	209
9	224
9	298
9	315
10	21
10	79
10	102
10	167
10	180
10	184
10	299
10	342
11	37
11	72
11	179
11	186
11	197
11	262
11	394
11	398
12	204
12	317
12	335
12	344
13	138
13	257
13	300
13	354
14	154
14	228
14	234
14	248
14	293
14	353
15	87
15	188
15	218
15	243
16	207
16	217
16	318
16	351
17	191
17	228
17	366
18	25
18	155
18	202
18	217
18	324
19	245
19	307
19	330
19	342
19	362
20	34
20	146
20	362
21	95
21	118
21	146
21	210
21	246
22	42
22	176
22	245
22	393
23	102
24	89
24	328
25	221
25	251
26	74
26	85
26	201
26	223
26	246
27	221
27	276
27	309
27	315
27	316
27	364
28	152
28	369
29	97
29	171
29	201
29	327
30	98
30	244
30	325
30	357
31	90
31	308
32	103
32	127
32	313
33	39
34	129
34	184
34	302
34	304
35	74
35	101
35	117
35	316
35	389
36	57
36	318
36	345
37	136
37	205
37	243
38	194
38	333
38	362
39	300
39	335
40	355
41	130
41	145
41	282
41	347
41	399
42	184
42	216
42	236
42	351
43	54
43	80
43	87
44	131
45	49
45	101
45	289
46	141
46	187
46	229
46	270
46	306
46	317
47	59
47	85
47	108
47	255
47	300
48	76
48	198
48	201
48	225
48	284
48	370
49	80
49	303
50	142
50	261
50	301
50	377
51	73
51	268
51	339
52	83
52	383
53	89
53	164
53	258
53	273
54	338
55	282
55	323
56	223
56	245
57	186
57	290
58	128
58	319
58	376
58	379
59	185
59	242
59	369
60	253
61	153
62	257
62	391
63	149
63	367
64	70
64	188
65	200
66	368
66	384
67	204
68	130
68	155
68	189
68	243
68	272
68	298
69	195
70	199
71	117
71	295
71	315
71	371
72	123
72	152
72	321
72	355
73	189
73	317
74	134
74	282
74	339
74	353
75	136
75	154
76	86
76	200
76	225
76	237
76	256
76	277
76	291
76	303
76	365
76	395
77	182
77	385
78	281
78	316
78	342
79	218
79	324
79	345
79	385
80	107
80	110
80	146
80	216
81	93
81	137
81	150
82	390
83	88
83	163
83	252
83	255
83	314
83	321
84	85
84	114
84	202
84	344
85	206
85	272
86	198
86	217
86	269
86	354
86	376
86	383
87	137
87	345
88	153
88	250
88	252
89	244
89	312
89	331
91	121
91	203
91	252
91	318
92	301
93	139
93	160
93	197
93	357
93	363
94	353
95	210
96	97
96	160
96	277
97	195
97	258
97	335
97	346
98	152
98	248
98	338
99	199
99	247
99	257
99	272
100	129
100	238
100	281
101	214
101	396
102	212
102	240
102	261
102	311
103	220
103	324
104	273
104	278
105	276
106	141
106	186
106	318
106	353
107	142
107	160
107	163
108	148
108	211
108	219
108	288
108	348
109	156
109	192
109	301
109	329
109	367
109	372
110	138
111	119
111	297
112	261
113	348
114	139
115	195
115	248
115	320
115	338
115	350
115	359
115	371
116	139
116	233
116	244
116	352
116	376
117	134
117	157
117	185
118	180
118	208
118	317
118	369
119	172
119	269
120	190
120	279
121	209
121	363
121	399
122	130
122	133
122	149
122	271
122	380
123	226
125	266
126	139
126	268
126	369
127	201
127	284
128	313
128	336
129	358
129	373
129	392
130	387
131	349
132	185
132	274
132	385
133	333
134	269
134	338
134	348
134	388
135	289
135	291
135	297
135	329
135	343
136	167
136	182
136	226
136	258
136	348
137	366
138	236
138	263
138	369
138	392
139	140
139	201
141	163
141	209
141	220
141	275
143	270
144	368
145	184
145	320
145	354
145	397
146	236
146	241
147	215
147	303
147	328
147	339
148	164
148	227
148	386
148	392
149	289
149	299
149	333
149	386
150	166
150	334
152	330
153	348
153	371
154	156
154	184
154	296
154	308
155	308
156	169
156	324
156	358
157	201
157	322
157	354
157	366
158	268
159	163
159	380
159	395
160	172
160	185
160	295
161	205
161	232
162	205
162	290
163	169
163	174
163	188
164	364
165	213
165	288
165	373
166	224
166	385
167	313
167	392
168	190
168	299
168	314
168	361
169	200
169	209
169	241
169	251
169	261
169	284
169	301
170	204
170	281
171	174
172	353
172	358
172	387
173	382
174	305
175	202
175	355
177	262
178	253
178	347
179	260
179	296
180	377
181	200
181	314
181	392
182	257
182	279
182	283
182	335
182	337
182	393
183	185
183	284
183	286
183	318
185	295
185	321
185	342
186	207
186	308
186	322
186	328
186	352
186	356
187	191
187	309
188	214
188	323
189	219
189	233
189	305
189	313
190	223
190	228
191	243
191	252
191	277
191	304
191	316
191	330
192	204
192	263
193	197
193	220
194	200
194	222
194	261
194	291
194	383
195	234
195	283
195	288
195	323
195	372
196	296
197	244
197	318
197	393
198	309
199	248
199	253
199	258
199	387
200	336
202	399
203	220
203	253
203	290
204	265
204	316
204	329
204	370
204	376
205	322
206	253
206	346
206	366
207	374
207	375
208	226
208	307
209	374
210	310
211	293
211	393
212	298
212	366
212	374
213	377
214	227
214	300
214	324
215	316
215	333
215	338
215	364
215	365
216	357
216	373
216	374
218	310
219	223
219	350
220	312
221	224
221	326
222	274
222	283
222	314
223	321
226	301
226	302
227	287
227	319
227	354
227	358
228	266
228	321
228	342
229	274
229	328
230	259
231	324
233	238
235	307
236	276
236	291
236	324
237	317
238	324
238	347
239	351
239	360
239	365
239	383
240	251
240	331
241	336
241	388
242	273
243	248
244	283
244	325
244	336
244	366
246	251
246	350
246	381
247	249
247	271
247	276
247	377
249	357
249	375
250	280
251	277
251	349
252	286
252	298
253	264
253	304
254	304
255	381
257	340
257	348
257	365
258	369
259	330
259	373
260	377
261	339
262	271
262	330
262	340
263	292
263	296
263	329
264	360
265	398
267	278
268	349
268	355
268	382
269	302
270	349
272	342
272	344
273	277
273	324
275	314
276	397
277	297
277	376
278	322
278	365
280	362
281	366
282	295
282	314
282	354
282	392
283	316
284	365
285	292
285	352
286	302
288	364
289	308
292	293
292	395
294	341
296	300
298	314
298	345
298	356
298	397
300	302
301	308
301	331
302	352
302	370
303	378
304	324
307	358
308	360
311	322
311	386
312	362
313	337
315	356
317	339
317	358
318	332
320	353
321	351
321	356
325	333
326	345
329	363
329	389
330	362
330	381
330	395
331	346
331	395
338	390
341	366
343	376
347	389
349	386
350	376
355	368
355	383
356	386
357	366
357	377
358	379
368	384
369	393
373	397
374	393
380	388
381	389
382	389
386	397