0	66
0	112
0	132
0	386
1	111
1	136
1	153
1	260
1	301
2	41
2	86
2	88
2	120
2	140
2	144
2	346
3	68
3	147
3	232
3	265
3	269
3	283
3	285
4	48
4	137
4	151
4	175
4	392
5	33
5	150
5	275
6	104
6	365
7	15
7	143
7	228
7	316
7	320
8	19
8	31
8	358
9	38
9	166
9	198
9	266
10	211
10	247
10	332
10	366
11	91
11	183
11	247
12	50
12	165
13	131
13	245
13	306
14	72
14	134
14	159
14	252
15	90
15	204
15	308
16	162
16	350
17	50
17	192
17	339
17	346
17	349
17	371
18	63
18	87
18	105
18	118
18	123
18	212
18	251
18	364
18	390
20	145
20	171
20	229
21	22
21	157
21	313
21	315
21	395
22	27
22	67
22	157
22	263
22	274
22	320
23	39
23	266
24	78
24	182
24	209
24	216
24	243
25	95
25	136
25	140
25	162
25	269
25	270
25	320
25	359
26	40
26	186
26	289
26	350
26	395
27	101
27	105
27	163
27	319
27	354
28	117
29	41
29	46
29	179
29	187
29	211
30	150
30	156
30	216
30	262
30	384
31	167
31	296
31	306
32	279
32	284
33	38
33	162
33	163
33	177
34	83
34	99
34	166
34	204
34	264
34	383
35	238
35	298
35	318
36	126
36	249
36	252
36	340
37	66
37	95
38	91
38	335
39	74
39	138
39	358
40	189
40	212
40	282
40	307
41	75
41	110
41	395
42	219
42	273
43	55
43	283
44	80
44	88
44	129
45	175
45	238
46	243
47	132
47	170
47	174
47	358
48	163
48	186
49	127
49	264
49	332
49	360
50	76
50	190
51	159
51	167
51	222
51	233
51	254
51	337
51	382
52	155
52	225
52	356
53	99
53	137
53	244
53	326
53	330
53	335
54	279
54	332
55	103
56	381
57	124
57	158
57	265
57	296
57	341
58	143
58	266
59	168
59	192
59	324
60	119
60	311
60	381
61	130
61	245
61	357
62	92
62	190
62	222
62	293
62	367
63	194
63	288
64	262
64	388
65	148
65	318
66	111
66	354
66	388
67	92
67	281
68	218
69	172
69	292
69	370
69	399
70	81
70	177
70	194
70	203
70	307
71	131
71	204
71	328
72	243
72	342
73	122
73	262
73	276
73	277
74	179
74	247
75	309
75	386
75	393
76	296
76	367
76	369
77	79
77	89
78	248
80	246
81	165
81	251
81	252
81	257
81	343
82	320
82	346
83	128
83	216
83	269
83	282
83	319
84	110
84	183
84	297
84	316
85	364
86	134
86	350
86	353
86	393
87	166
87	198
87	273
87	323
88	108
88	164
88	272
88	303
88	350
89	94
89	119
89	205
89	238
89	313
89	347
91	151
91	197
92	161
92	382
92	383
93	103
93	191
93	201
93	246
93	255
94	159
94	173
94	374
95	98
95	212
95	242
95	307
95	364
96	119
96	143
96	246
96	335
96	355
97	236
97	245
97	308
98	210
98	230
98	258
99	207
99	235
99	366
100	169
100	172
101	265
101	390
102	137
102	361
102	388
103	191
103	243
105	154
105	283
105	311
106	202
106	308
107	143
107	249
108	228
109	262
109	279
110	242
111	121
111	168
111	282
111	286
111	292
111	396
111	399
113	318
114	128
114	169
114	211
114	381
115	210
115	212
115	297
115	332
116	150
116	224
116	291
118	148
118	254
118	384
119	214
119	309
120	183
120	187
120	212
120	231
120	326
120	387
120	391
121	238
121	302
121	313
122	237
122	268
123	149
123	223
123	293
123	319
124	133
124	136
124	227
124	334
124	343
124	357
125	126
125	168
125	298
125	343
126	317
127	261
127	262
127	276
127	301
128	245
128	311
128	328
129	243
130	246
130	276
130	279
130	336
130	372
131	273
132	149
132	193
132	342
133	299
133	341
135	139
135	197
135	262
136	355
136	369
137	207
137	213
138	218
138	290
139	203
139	217
139	278
139	398
140	164
140	263
140	298
141	162
141	222
141	273
141	306
141	371
141	375
141	397
142	288
143	388
144	289
144	291
145	192
145	241
145	333
146	296
146	375
146	397
147	365
148	241
148	323
148	367
149	293
149	328
149	384
150	393
151	234
151	260
151	346
151	369
151	388
152	246
152	315
152	389
153	176
153	319
153	327
153	372
155	284
155	346
155	348
155	362
156	193
156	394
158	202
158	339
158	385
158	394
159	188
159	197
160	241
160	363
161	368
161	378
162	232
162	327
162	389
162	392
163	332
164	208
164	241
164	350
165	350
167	289
168	364
168	374
169	243
169	345
169	396
170	191
170	206
170	323
171	185
172	283
173	204
173	280
173	358
173	387
174	261
174	343
175	291
175	329
175	373
176	183
176	295
176	299
176	320
176	325
178	333
179	208
179	233
180	190
180	252
181	202
181	246
181	355
182	194
182	281
182	313
182	324
183	257
183	364
184	229
185	302
185	379
186	360
186	370
187	194
187	218
187	326
188	265
188	351
188	381
189	246
190	227
190	281
190	307
190	390
191	253
191	353
192	308
193	215
193	354
193	380
195	283
196	272
199	238
199	239
199	242
199	243
199	306
199	378
200	363
201	345
202	279
203	213
204	325
204	357
204	398
205	348
205	389
206	292
206	362
207	307
207	316
207	364
207	376
207	377
207	385
208	289
209	260
210	342
210	381
212	289
212	297
213	361
214	355
214	360
215	258
215	332
216	230
216	246
216	263
217	324
218	294
219	260
219	377
220	381
221	254
221	295
221	301
222	276
222	380
223	358
224	322
225	256
225	281
225	301
226	288
226	334
227	240
227	274
227	301
228	322
228	337
229	267
229	272
232	257
232	304
233	328
233	381
235	276
235	312
235	353
236	262
237	287
237	318
237	337
238	314
238	385
239	318
239	342
239	394
240	343
241	334
241	351
241	366
242	289
242	337
243	252
243	371
244	252
244	328
244	369
245	276
245	353
246	252
246	318
246	394
247	293
247	297
247	380
248	318
248	360
250	364
252	262
253	270
253	337
254	284
254	327
256	348
256	377
257	315
257	360
258	294
259	334
259	367
260	316
261	277
261	313
262	298
262	303
262	338
263	293
263	347
265	287
267	331
268	308
269	350
270	295
270	301
270	390
271	311
274	308
274	397
275	341
275	391
280	302
280	310
281	362
282	331
283	305
283	311
287	309
287	344
288	331
288	347
289	364
290	305
291	312
293	329
293	360
295	301
295	378
297	302
300	346
301	368
302	376
303	335
303	367
306	359
307	316
307	357
309	318
309	328
314	380
315	353
319	326
321	325
321	334
322	340
322	374
324	334
324	357
325	328
325	358
327	343
331	332
331	391
332	378
332	379
334	383
335	344
338	360
341	371
344	395
347	397
348	357
348	371
349	364
350	386
351	365
351	397
352	363
354	356
356	362
356	367
358	365
359	368
361	364
368	374
383	399
384	390