0	183
1	35
1	74
1	236
1	326
2	10
2	158
2	246
2	364
2	370
3	10
3	13
3	165
3	204
3	265
4	82
4	117
4	228
4	378
5	16
5	150
5	291
5	354
6	34
6	105
6	258
6	310
6	362
7	18
7	195
7	392
8	16
8	130
8	182
8	245
9	144
10	78
10	191
10	370
11	305
12	87
12	90
13	66
13	75
13	223
13	250
13	335
14	91
14	142
14	184
14	377
14	393
15	80
15	281
15	287
15	301
16	335
16	337
17	157
18	126
19	178
19	260
19	286
20	59
20	77
20	168
20	210
20	304
21	333
21	349
22	140
22	224
22	256
22	279
23	164
23	315
23	329
24	71
24	98
24	118
24	152
24	156
24	322
25	32
25	42
25	127
25	215
25	249
26	175
26	184
26	337
26	390
27	33
27	43
27	127
27	203
27	257
27	294
27	339
28	49
28	170
28	298
29	225
29	303
30	188
30	214
30	300
30	342
30	352
31	55
32	88
32	319
33	134
34	370
34	398
35	69
35	79
35	260
35	364
36	181
36	227
36	232
36	253
37	52
37	91
37	96
37	111
37	154
37	255
38	153
38	290
38	381
39	140
39	278
39	281
40	115
40	353
40	393
41	57
41	150
41	233
42	56
42	73
42	96
43	94
43	119
43	177
43	210
43	220
43	306
43	381
44	256
44	312
45	47
45	249
45	368
46	172
47	162
47	284
47	290
47	338
48	114
48	254
48	271
48	295
48	315
48	394
49	138
49	149
49	298
49	325
49	338
50	307
51	123
51	171
51	201
51	230
51	296
52	160
52	180
52	310
52	349
53	188
53	258
54	121
54	320
55	80
55	312
55	333
56	58
56	76
56	97
56	117
56	177
56	195
56	362
56	398
57	241
58	147
58	203
58	320
58	330
59	149
59	222
59	290
59	292
59	319
60	140
60	208
61	76
61	144
61	194
61	236
61	381
62	67
62	111
62	348
62	372
63	353
64	172
64	354
64	370
65	101
65	251
65	267
65	280
66	106
66	108
66	142
66	176
66	328
67	161
67	222
67	247
67	370
68	94
68	211
69	141
69	260
69	300
69	380
70	92
70	146
70	312
70	333
71	120
71	168
71	325
72	139
72	286
72	340
73	162
74	185
74	237
74	298
74	324
74	383
75	76
75	159
75	171
75	397
76	205
76	249
76	297
77	398
78	261
78	301
78	311
79	147
79	300
80	379
81	233
81	255
82	385
83	262
84	128
84	176
84	310
85	172
85	173
85	176
85	251
85	362
86	90
86	226
86	274
86	346
87	194
87	296
87	310
88	278
88	321
89	203
89	265
89	385
90	135
90	214
90	254
91	113
91	123
91	175
91	240
91	248
91	251
92	204
92	237
92	245
92	352
93	157
93	383
93	384
94	119
95	139
95	157
95	204
95	336
95	365
95	391
96	162
96	197
96	221
97	223
98	151
98	272
99	170
99	208
99	365
100	123
100	197
100	229
101	171
101	191
101	350
101	366
101	370
101	372
102	131
102	180
102	292
102	341
102	343
102	390
103	106
103	170
103	189
103	235
103	373
104	285
105	183
105	293
105	357
105	374
106	217
106	257
106	304
106	309
107	122
107	197
107	380
108	196
109	112
109	115
109	162
109	171
109	279
110	190
110	338
110	374
111	153
111	227
111	252
111	316
112	241
112	329
112	351
112	387
112	399
113	398
114	162
114	188
115	142
115	146
115	172
115	307
116	181
116	225
116	248
117	132
117	206
117	266
118	125
118	176
118	192
118	222
118	358
119	331
120	216
121	192
121	322
121	340
122	143
122	216
122	270
122	295
122	359
122	364
123	128
124	136
124	252
125	126
125	132
125	161
125	185
125	212
125	242
125	358
125	386
127	140
127	218
127	241
127	276
127	391
128	190
128	283
129	331
130	207
130	359
133	381
134	188
134	201
134	258
134	279
134	365
134	374
135	213
135	279
135	371
137	195
137	324
137	368
137	376
137	385
138	163
138	239
138	371
139	193
139	284
139	323
139	395
141	188
141	229
141	285
141	326
142	239
142	268
142	374
143	210
143	264
143	369
144	164
144	177
144	222
144	308
144	327
144	340
144	382
145	212
145	274
145	277
145	306
145	307
146	282
146	290
146	362
147	183
147	185
147	334
148	224
148	242
149	164
149	165
149	246
150	159
150	366
150	385
151	227
151	240
151	309
151	317
151	383
151	385
152	217
152	274
152	377
154	277
155	278
155	373
156	252
156	272
157	186
157	253
157	261
157	288
157	291
158	215
158	289
158	292
159	344
161	243
162	179
163	170
163	194
163	242
163	365
164	256
164	260
164	263
164	375
165	315
165	355
166	256
167	244
167	245
167	278
167	330
168	248
168	275
168	315
169	191
170	253
170	283
170	382
171	224
171	264
171	310
171	354
171	367
171	389
172	205
173	225
173	294
173	305
173	363
174	276
175	266
175	289
175	364
176	335
177	191
177	215
177	337
178	325
178	361
179	224
179	339
179	380
180	326
181	194
181	216
181	267
181	341
181	380
182	197
182	255
182	299
182	337
183	275
184	204
184	278
184	301
185	197
185	279
185	365
186	197
186	212
187	202
187	262
187	284
187	314
187	390
188	259
189	217
190	233
190	300
190	375
191	195
191	302
193	272
193	299
193	349
193	388
194	264
195	374
195	397
195	398
196	214
196	374
197	245
197	288
197	309
198	285
198	350
198	390
199	228
199	273
199	334
200	209
200	251
200	273
201	221
201	223
201	326
202	212
202	217
203	306
203	336
204	230
204	232
205	221
205	272
206	208
206	268
206	306
206	344
208	239
208	265
208	295
208	311
209	225
212	320
212	340
214	329
215	217
215	218
216	229
217	235
217	312
219	229
220	312
220	319
221	281
221	289
223	254
224	237
224	326
224	364
225	324
225	364
226	339
228	318
229	334
229	341
230	248
230	306
230	349
231	277
233	288
234	251
234	361
235	267
235	298
235	325
236	246
236	278
237	312
237	391
238	311
239	304
239	316
240	253
240	326
241	255
242	273
242	370
242	395
243	345
244	337
245	338
247	312
247	350
248	276
248	321
249	324
251	284
251	307
252	342
252	367
252	384
252	388
253	271
253	304
253	316
253	342
253	377
254	330
255	292
256	295
256	349
256	378
257	310
260	343
262	312
262	325
264	314
264	358
265	298
267	334
267	336
269	320
270	393
271	345
272	358
272	377
273	286
276	348
277	298
278	323
278	396
279	295
280	307
280	308
280	344
281	316
281	321
281	379
281	398
283	379
283	397
284	341
285	334
288	319
289	317
289	319
290	304
290	329
292	356
296	297
296	368
296	375
298	347
299	309
299	379
300	306
300	307
302	352
302	358
302	380
303	306
304	311
304	355
306	380
310	313
310	316
311	320
311	360
314	364
315	389
316	384
317	356
318	391
320	326
322	346
323	349
327	333
329	364
330	366
332	361
334	344
336	371
341	399
346	352
352	399
353	367
356	380
356	398
361	368
365	393
370	375
373	394
374	388
375	378
379	392
380	395
393	395