0	165
0	190
0	348
1	113
2	81
2	122
2	164
2	310
2	355
2	391
3	22
3	23
3	155
3	180
3	230
3	242
3	251
4	71
4	189
4	203
4	265
4	294
4	371
5	126
5	332
5	333
6	26
6	131
6	259
6	286
6	381
7	335
7	354
8	30
8	51
9	186
9	214
9	233
10	46
10	88
10	100
10	180
10	235
10	278
10	284
10	368
11	14
11	34
11	208
11	214
11	233
11	317
12	250
12	258
12	273
12	309
13	176
13	181
13	262
14	38
14	204
14	236
14	255
14	376
14	377
15	109
15	142
15	164
15	229
16	108
16	213
16	267
16	305
17	74
17	128
17	171
17	284
17	296
17	310
18	119
18	150
18	228
18	230
18	237
18	284
19	22
19	45
19	141
19	288
20	50
20	97
20	170
21	102
21	183
21	196
22	25
22	64
22	102
23	152
23	213
23	226
23	238
23	271
23	343
24	80
24	216
25	116
25	167
25	198
25	268
25	281
25	369
26	112
26	150
26	180
26	227
26	398
27	89
27	240
28	127
28	284
28	362
29	256
29	268
29	280
29	317
29	327
29	389
30	55
30	101
30	212
30	280
31	44
31	123
31	393
32	88
32	213
33	88
33	174
33	270
33	310
33	334
33	343
34	45
35	52
35	91
35	215
35	226
35	261
36	75
36	76
36	179
36	183
36	397
37	334
38	299
38	396
39	99
39	109
39	137
39	363
39	367
39	398
40	239
41	182
41	209
41	236
42	115
42	180
42	269
42	333
42	376
43	125
43	162
43	180
43	204
43	317
43	323
43	341
44	124
44	146
44	298
44	342
45	82
45	290
47	211
48	85
48	124
48	132
48	166
48	189
48	237
48	255
48	300
48	338
48	341
48	358
48	383
49	76
49	157
49	165
49	227
50	263
50	278
50	351
51	63
51	94
51	175
51	223
51	251
51	268
52	79
52	89
53	95
53	153
53	247
53	311
53	382
53	395
54	128
54	129
54	135
54	333
55	127
55	148
56	88
56	98
56	206
56	384
57	203
57	305
58	88
58	111
58	114
58	253
58	304
58	369
59	197
60	155
60	270
61	117
61	350
61	357
61	398
62	67
62	226
62	267
62	275
62	397
63	360
64	69
64	115
64	149
64	183
64	185
64	314
65	141
65	341
65	387
66	335
67	116
67	180
67	186
67	374
68	104
68	140
68	196
68	335
68	340
69	252
69	364
69	384
70	94
70	311
71	281
71	324
72	107
72	152
72	161
72	193
72	276
72	316
73	83
73	130
73	188
73	326
73	364
74	158
74	215
74	243
75	123
75	184
75	202
75	239
75	320
76	222
76	226
76	329
76	365
77	263
77	318
78	191
78	324
79	167
79	185
79	263
79	270
80	86
80	101
80	290
80	355
81	224
81	327
82	133
82	260
82	337
82	384
82	391
83	207
83	209
83	383
84	134
84	268
85	173
85	294
85	296
85	379
86	110
86	137
86	149
86	343
86	378
86	385
87	254
87	389
88	174
88	211
88	227
88	253
89	388
90	133
90	227
91	152
91	223
91	244
91	296
91	305
92	181
92	198
93	128
93	202
93	326
93	335
93	343
93	348
94	109
94	171
94	202
94	306
95	320
95	364
96	137
96	201
96	210
96	214
96	261
96	278
96	313
97	129
97	230
97	272
97	396
98	193
98	208
98	277
99	151
99	194
100	180
100	246
100	272
101	221
101	250
101	271
101	274
101	372
102	137
102	213
102	238
102	245
102	324
102	366
103	235
103	239
103	261
103	387
104	331
105	227
106	211
106	265
107	222
108	159
108	172
110	243
110	282
110	365
111	113
111	228
111	358
111	363
111	379
112	113
112	138
112	277
112	389
113	151
113	245
113	369
114	335
114	339
115	149
115	298
116	176
116	381
117	167
117	271
118	225
118	285
118	362
119	135
119	209
119	389
120	299
121	157
121	376
122	226
122	345
123	163
123	181
123	204
123	244
123	270
123	382
124	130
124	144
124	197
125	141
125	182
125	312
125	339
126	149
126	155
126	206
126	295
126	346
127	235
127	270
128	303
128	391
129	191
129	359
130	216
130	327
131	179
132	315
132	319
133	161
133	164
133	201
133	229
133	385
134	318
135	144
135	173
135	306
135	343
136	229
136	335
136	377
136	385
136	398
138	273
139	180
139	208
140	145
140	350
140	354
141	332
142	350
143	241
143	259
143	314
143	373
144	169
144	173
144	327
145	195
145	214
145	229
145	231
145	336
145	351
147	148
147	196
148	343
148	360
148	370
149	157
149	166
149	217
149	262
149	345
149	346
150	219
150	332
150	359
151	266
151	315
152	164
152	185
153	174
153	195
153	230
153	237
153	332
153	377
154	184
154	336
154	343
154	353
155	217
155	334
155	348
156	292
156	358
157	161
157	294
157	308
157	363
158	166
158	176
158	212
158	272
158	306
158	359
159	221
160	391
162	181
162	253
162	275
163	174
163	323
163	355
163	389
164	380
164	393
165	193
165	343
165	348
166	399
167	332
167	371
168	215
168	397
169	173
169	212
169	291
169	345
169	371
170	184
170	208
170	235
170	256
170	295
170	370
171	254
172	212
172	309
173	249
173	294
173	345
174	222
174	259
174	315
174	339
174	365
174	380
174	393
175	215
176	206
176	265
177	193
177	214
178	268
178	275
179	191
179	334
180	321
181	191
181	193
181	304
181	362
181	375
182	241
182	248
182	266
183	392
184	220
184	288
184	316
184	378
185	187
185	197
185	242
185	299
185	354
185	362
186	212
187	254
187	268
187	298
188	219
189	271
189	371
191	354
192	219
192	305
192	345
193	219
193	290
193	310
194	277
197	199
197	335
197	340
198	241
199	371
200	248
200	340
201	343
201	385
202	290
203	212
203	232
203	298
204	232
204	377
205	399
206	271
206	334
207	222
207	328
208	247
208	298
208	312
209	298
210	230
210	294
213	231
213	333
213	397
214	241
214	264
214	284
215	228
216	371
217	285
218	302
219	330
219	356
220	339
221	260
221	305
224	271
224	324
225	240
226	254
226	267
226	395
227	389
227	397
228	256
228	268
228	285
228	374
229	368
230	232
231	251
233	361
233	391
234	381
235	267
235	270
235	364
235	380
237	252
238	272
238	299
242	278
242	373
243	298
244	376
245	398
247	326
247	368
248	354
248	356
249	367
250	306
253	282
254	296
255	284
256	382
257	272
257	329
257	332
257	342
258	302
259	311
261	368
262	274
262	303
262	326
262	399
264	340
265	312
265	330
267	313
267	385
268	293
268	350
270	386
271	275
273	325
274	330
274	360
276	284
276	292
276	327
276	351
276	353
278	374
279	388
280	392
282	291
282	292
282	333
283	326
287	291
289	331
293	324
294	377
296	322
296	330
297	333
298	308
300	352
300	353
301	319
301	330
303	320
303	360
306	387
307	332
308	390
308	396
309	342
310	363
313	321
313	371
314	356
315	354
315	363
315	385
317	325
318	354
318	367
320	331
321	349
323	374
323	385
324	331
328	362
329	365
330	331
330	347
331	349
331	368
332	369
335	376
336	367
337	350
339	395
340	341
341	354
342	378
344	360
344	390
348	382
349	354
350	396
358	382
360	394
361	371
365	373
367	393
370	391
371	388
375	395
376	392
385	392
393	394