0	66
0	178
1	140
1	145
1	300
1	323
2	68
2	178
2	229
2	334
2	388
3	176
3	275
3	312
4	149
4	359
5	31
5	57
5	148
5	181
5	269
5	305
6	8
6	14
6	55
6	181
7	78
7	150
7	181
7	228
7	266
7	268
7	294
8	36
8	151
8	234
9	63
9	88
9	376
10	44
10	218
10	223
10	280
11	130
11	237
11	279
12	77
12	399
13	107
13	128
13	178
13	215
13	224
14	42
14	79
14	134
14	152
14	179
14	236
14	267
14	396
15	20
15	42
15	47
15	55
15	211
15	385
16	52
16	155
16	222
16	358
17	47
17	106
17	262
17	333
18	314
19	303
19	362
20	55
20	126
20	176
20	310
20	366
20	391
21	39
21	111
21	160
21	175
21	277
21	288
21	303
21	325
22	100
22	127
22	231
23	48
23	90
23	107
23	161
23	226
23	240
23	313
23	314
23	367
24	266
24	289
25	58
25	193
25	207
25	251
25	309
25	360
26	69
26	195
26	224
26	321
27	100
27	217
27	227
27	254
27	255
27	315
27	354
28	286
28	336
29	223
29	259
29	315
30	70
30	348
30	359
30	387
31	69
31	73
31	83
31	151
31	192
31	290
31	305
31	346
32	127
32	138
32	203
32	252
33	171
33	218
34	63
34	177
35	219
35	258
35	297
36	176
36	195
36	374
37	48
37	80
37	317
38	42
38	57
38	74
38	88
38	214
38	329
39	74
39	208
39	328
40	83
40	222
40	266
41	203
41	230
42	214
42	267
43	98
43	174
43	314
44	115
45	86
45	340
45	392
45	394
46	52
46	264
46	302
47	69
47	121
47	140
47	327
47	331
47	339
48	223
48	248
49	128
49	296
49	346
49	388
50	121
50	299
50	376
51	124
51	132
51	205
51	259
51	347
51	355
51	370
52	163
52	173
52	205
52	335
53	295
53	392
54	219
54	229
54	368
55	66
55	215
55	236
55	237
55	252
55	273
55	303
56	75
56	174
56	219
56	242
56	272
56	277
56	381
56	392
57	140
57	165
57	196
57	330
57	331
58	172
58	236
59	184
60	118
60	145
60	164
60	226
60	240
61	85
61	382
62	146
62	380
63	79
63	141
63	347
64	216
65	115
65	223
65	230
65	263
65	346
66	176
66	178
66	183
66	281
67	359
67	380
68	146
68	182
68	351
69	196
69	225
69	259
70	122
70	286
70	350
70	357
71	257
71	271
71	388
72	126
72	159
72	215
72	233
72	344
73	188
73	226
73	264
74	138
74	244
74	358
75	204
75	291
75	316
75	353
75	385
76	182
76	332
76	336
77	185
77	231
77	317
77	391
78	164
78	205
78	245
78	249
79	265
80	218
80	238
80	288
81	223
81	293
82	225
82	250
82	362
82	388
83	97
83	209
83	211
83	260
83	398
84	300
85	145
85	278
85	281
86	158
86	188
86	325
86	326
87	152
87	172
88	131
88	229
88	331
88	377
89	93
89	137
89	148
89	233
89	235
89	260
90	273
90	383
91	103
91	151
91	324
91	331
92	393
93	333
93	347
94	285
94	357
95	285
95	318
95	383
95	399
96	98
96	142
96	233
96	290
97	155
97	208
97	215
97	361
98	205
98	225
98	240
98	285
98	301
98	394
99	319
100	167
100	171
100	208
101	217
101	390
102	104
102	139
102	392
103	298
104	245
104	273
105	109
105	218
105	269
105	336
106	218
106	399
107	326
108	240
109	233
109	245
109	306
110	207
111	249
111	391
112	227
112	283
113	251
113	268
113	304
113	349
113	361
114	135
114	150
114	164
114	214
114	222
114	290
114	305
115	180
116	210
116	341
116	365
116	382
116	395
117	153
117	342
117	371
119	223
119	239
119	319
119	356
120	228
120	350
121	281
121	325
121	388
122	125
122	137
122	242
122	390
122	391
123	288
124	138
124	142
124	147
124	200
124	295
124	317
124	324
124	380
125	169
125	250
125	355
126	149
126	213
126	237
126	286
126	295
126	304
126	305
126	307
127	172
127	198
127	324
128	323
129	271
129	393
130	251
131	328
131	369
132	215
132	378
133	148
133	185
133	264
133	277
133	326
133	344
134	199
134	287
134	327
134	348
134	350
135	143
135	175
136	146
136	192
136	364
137	234
137	296
137	299
138	197
138	398
139	165
139	240
139	359
141	300
141	321
143	229
144	182
144	394
144	399
145	192
145	213
145	272
146	386
147	169
147	272
147	336
147	386
148	183
149	219
149	346
150	167
150	234
150	288
150	335
150	359
150	385
151	176
151	348
151	366
151	374
152	387
153	197
153	265
154	163
154	198
154	264
154	299
155	320
155	396
156	230
156	234
157	208
160	185
160	188
160	249
160	252
160	278
160	381
161	283
162	168
162	337
162	379
163	210
163	279
163	318
164	277
164	281
166	286
166	297
166	304
166	332
166	338
166	366
167	370
168	198
168	205
168	373
169	206
169	241
170	186
170	190
171	200
171	275
172	209
172	210
173	295
173	318
173	362
173	393
175	231
176	225
176	226
176	255
176	280
176	380
177	267
177	295
177	358
178	238
178	279
178	377
178	380
179	310
179	393
180	249
180	349
180	380
181	336
182	262
182	361
183	376
184	241
184	249
184	325
185	252
185	318
186	255
186	370
187	289
187	346
187	364
188	224
188	270
188	380
189	336
190	338
190	370
191	304
191	365
191	396
192	203
192	270
194	221
194	330
194	371
197	257
197	341
198	317
200	217
200	221
200	384
201	299
201	313
202	243
202	247
202	317
202	343
203	236
203	343
203	346
205	233
205	238
205	332
206	310
207	272
207	328
208	256
208	386
209	245
210	241
210	355
210	357
212	310
212	324
212	343
212	384
214	369
214	393
215	361
215	366
216	220
216	222
216	283
216	365
218	361
218	367
218	399
219	262
220	232
221	259
221	388
223	249
224	290
224	346
224	357
225	271
227	278
227	298
232	331
232	370
232	392
232	397
233	384
234	369
234	391
236	325
236	382
238	343
238	366
240	353
241	250
243	254
243	273
243	279
243	328
243	344
244	319
244	352
245	349
245	357
245	381
246	345
246	362
246	367
246	384
247	298
247	312
247	341
247	377
248	271
248	369
250	295
250	371
251	309
251	341
251	348
252	347
253	369
254	394
255	271
255	298
255	343
255	355
258	269
258	343
259	276
259	313
260	284
260	358
261	291
263	298
263	329
263	397
264	274
264	308
265	270
265	272
265	316
265	391
266	358
267	325
268	340
271	283
271	296
272	322
272	356
272	360
274	311
275	313
275	377
275	393
276	294
278	302
278	385
279	302
280	358
280	361
282	309
283	301
284	330
284	377
288	320
288	378
289	321
290	341
292	309
293	335
294	335
296	324
296	354
296	377
297	363
298	356
298	394
299	397
300	304
300	377
300	382
301	317
301	340
301	384
301	390
302	307
302	359
302	381
303	304
303	357
303	376
304	320
304	333
304	349
304	362
305	314
305	363
307	310
308	391
309	393
310	324
312	397
316	371
316	397
318	363
319	349
319	372
320	331
321	369
330	356
333	397
342	349
345	361
346	394
352	399
356	374
357	374
371	377
371	396
375	384
376	391
381	392
384	386
388	389