0	107
0	130
1	22
1	81
1	93
1	165
2	18
2	279
3	17
3	137
3	154
3	189
3	211
3	253
4	42
4	81
4	165
4	186
4	276
5	14
5	23
5	214
5	286
6	335
6	387
6	391
7	48
7	180
7	242
7	297
7	378
7	379
8	228
8	330
9	187
10	81
10	103
10	128
10	196
11	18
11	100
11	388
12	27
12	53
12	148
12	232
12	298
12	377
13	104
13	226
13	236
13	377
14	143
15	328
16	17
16	206
16	214
16	316
17	24
17	30
17	43
17	67
17	135
17	338
18	52
18	61
18	230
19	57
19	179
19	230
19	301
19	323
19	327
19	352
20	34
20	68
20	99
20	177
21	45
21	170
21	323
22	93
22	358
23	68
23	153
23	162
23	240
23	397
24	81
24	95
24	149
25	131
25	226
25	265
25	299
25	336
25	399
26	135
26	259
27	102
27	123
27	248
27	350
28	48
28	55
28	331
28	337
29	103
29	219
29	317
30	93
30	127
30	223
30	391
31	132
31	252
31	278
31	369
32	138
32	227
33	78
33	98
33	211
34	142
34	215
34	297
34	391
35	64
35	145
35	198
36	157
36	196
36	330
36	367
37	43
37	52
38	287
38	320
38	372
39	101
39	108
39	249
39	318
40	144
40	271
40	285
40	369
41	191
41	218
41	391
41	396
42	61
42	64
43	120
43	209
43	321
44	266
45	106
45	147
45	242
45	386
46	125
47	124
47	131
47	310
48	120
48	230
48	261
48	279
48	314
48	325
49	286
50	53
50	80
50	141
50	152
50	242
50	273
51	140
51	260
52	67
52	281
52	314
53	69
53	124
53	275
53	326
54	110
54	265
55	80
55	154
55	321
55	323
56	159
56	194
56	275
56	352
57	75
57	106
57	124
57	132
57	284
57	311
57	374
58	368
58	371
59	69
59	82
59	149
59	233
59	251
59	285
59	295
59	328
59	355
60	98
60	184
60	215
60	253
61	254
61	269
61	291
61	311
61	384
62	179
62	184
62	300
62	329
63	76
63	133
63	163
63	200
63	342
64	209
64	236
65	140
65	203
65	261
65	274
65	318
65	390
65	398
66	160
66	210
66	302
66	391
68	90
68	119
68	173
68	289
68	385
69	93
69	149
70	164
70	265
71	153
71	226
72	77
72	128
72	212
72	224
72	230
72	254
72	373
73	169
73	282
74	244
74	306
74	335
75	83
75	123
75	136
75	346
75	364
75	390
77	166
77	209
77	325
77	362
77	374
78	117
78	147
78	160
78	252
79	122
79	175
79	188
79	206
79	307
79	350
80	180
80	229
80	253
80	312
80	370
81	175
81	216
81	227
81	300
81	309
81	319
82	196
82	221
82	245
82	294
82	310
83	316
83	347
84	122
85	141
85	215
85	227
86	90
86	97
86	114
86	121
86	174
86	350
86	383
87	171
87	204
87	312
87	360
87	370
88	372
89	96
89	220
89	261
89	355
89	389
90	226
90	301
90	303
90	338
91	104
91	111
91	129
91	336
91	350
92	300
92	324
93	114
93	379
94	260
94	336
95	153
95	193
95	234
95	251
96	196
96	199
96	312
97	120
97	136
97	351
98	104
98	107
98	145
98	259
98	288
98	330
99	114
99	145
99	199
99	223
99	241
99	306
99	333
100	212
100	363
101	186
101	265
101	346
102	108
102	110
102	173
102	206
102	285
102	372
103	285
103	349
104	173
104	225
105	193
105	200
105	205
106	237
106	341
106	353
107	125
107	190
107	390
107	391
108	259
108	396
109	156
109	250
109	262
109	297
109	385
110	170
110	199
110	272
110	369
111	112
111	169
111	191
111	241
111	306
111	354
111	357
112	142
112	196
112	246
112	283
113	141
113	148
113	191
113	285
113	330
114	157
114	236
114	348
115	213
115	282
115	298
115	355
115	373
115	396
116	183
116	290
116	295
116	344
116	387
117	235
117	351
118	147
118	215
119	202
119	283
119	303
119	376
120	127
120	194
121	129
121	222
121	292
122	299
122	323
122	332
122	393
123	127
123	225
123	234
123	245
124	131
124	192
124	233
124	266
124	337
124	370
125	175
125	214
125	219
125	265
126	136
126	264
126	304
127	161
127	214
127	234
127	275
127	294
127	328
128	129
128	157
128	316
128	328
129	272
129	301
130	131
130	173
130	203
130	302
130	391
131	244
131	292
131	305
131	358
131	390
132	313
132	378
133	180
133	230
133	369
134	268
134	361
135	328
135	350
136	355
138	224
139	255
140	183
140	254
140	279
140	311
141	143
141	157
141	169
142	394
143	240
143	334
144	286
146	155
146	280
146	296
146	366
146	382
147	382
149	156
149	213
149	309
150	301
151	224
151	233
152	173
152	378
153	159
154	221
155	222
155	359
156	310
156	315
156	328
158	368
159	203
159	251
159	285
159	342
161	204
161	224
161	242
161	273
162	174
162	183
163	166
163	301
164	210
164	257
165	166
165	218
165	244
165	247
165	269
165	369
165	381
166	277
166	314
166	394
167	257
167	319
168	318
169	177
169	314
169	373
169	383
170	278
170	308
171	201
172	224
172	246
172	334
172	354
173	275
173	308
173	312
174	179
174	194
174	241
175	238
175	276
175	320
176	222
176	305
176	310
176	330
176	355
177	219
177	239
177	248
177	257
177	278
178	340
178	357
178	386
179	292
179	321
179	361
180	268
180	396
181	208
181	214
182	217
182	267
182	390
184	305
184	326
184	387
185	246
185	259
187	218
187	245
187	250
188	217
188	311
188	368
189	355
190	195
190	267
190	379
191	243
191	264
191	298
191	315
191	345
191	388
192	225
192	258
192	325
193	206
194	252
194	344
194	351
196	305
196	316
196	330
197	262
198	263
198	290
198	349
198	358
199	292
200	227
200	328
201	350
202	259
202	379
202	395
203	256
204	209
204	323
204	379
205	396
206	336
206	376
207	253
207	303
208	366
209	398
210	277
210	298
211	292
211	345
213	311
213	366
213	379
213	385
215	222
215	339
216	396
218	332
219	226
219	274
219	375
221	251
221	394
221	396
222	360
222	385
223	372
224	341
225	302
225	360
225	378
226	261
226	268
226	278
226	380
227	345
228	238
228	242
228	249
228	269
229	312
229	382
230	307
230	310
230	379
231	257
231	328
232	238
232	265
233	247
233	389
234	343
234	379
235	365
235	389
236	245
236	311
236	356
238	334
238	360
238	378
238	384
240	318
241	256
241	319
241	391
242	260
244	307
244	398
245	251
245	299
246	349
247	276
247	311
248	302
249	257
249	265
249	269
249	280
249	390
250	260
250	351
251	325
251	344
251	347
252	327
252	382
252	391
254	256
254	389
255	256
255	323
257	370
258	357
258	382
259	353
259	377
260	319
260	390
261	366
262	299
262	356
265	268
265	307
266	284
266	334
266	380
267	281
267	286
267	310
269	331
270	280
270	301
270	338
270	395
271	363
272	284
273	309
277	291
277	380
278	380
278	387
278	390
279	350
279	362
280	298
280	373
282	399
283	344
284	335
285	348
285	380
286	307
286	344
287	398
289	320
289	369
292	296
292	299
292	350
293	295
294	298
297	301
297	347
299	331
300	369
301	351
302	371
304	380
305	385
306	322
306	342
306	396
307	315
307	350
309	333
311	377
312	316
312	360
314	355
314	361
315	352
315	369
315	391
316	343
316	381
319	345
319	371
319	385
321	326
321	354
321	392
323	338
326	375
330	362
332	350
334	341
335	356
337	358
338	361
342	388
345	397
349	377
353	381
355	374
356	362
357	387
359	395
360	368
361	395
362	388
364	370
365	374
368	383
368	393
370	384
383	395