0	5
0	778
1	391
1	621
2	252
2	356
2	467
2	477
2	509
2	705
3	20
3	299
3	459
3	591
4	170
4	309
4	390
4	454
4	455
4	587
4	753
4	799
5	70
5	242
5	267
5	634
5	746
5	753
6	655
6	794
7	181
7	367
7	450
7	461
7	498
7	624
8	137
8	183
8	450
8	734
9	137
9	142
9	345
9	678
10	257
10	293
10	318
10	689
10	751
10	778
11	309
12	117
12	381
12	511
12	630
12	738
13	33
13	164
13	262
13	279
13	326
13	422
13	459
13	514
13	699
14	35
14	235
14	274
14	342
14	474
14	481
14	563
14	585
15	377
15	680
15	796
16	179
16	488
17	201
17	266
18	126
18	308
18	344
19	229
19	287
19	566
19	665
19	718
20	263
20	447
20	619
20	765
21	178
21	433
21	445
21	479
21	525
21	604
21	760
22	281
22	446
22	642
23	45
23	57
23	68
23	407
23	483
24	216
24	224
25	101
25	323
26	120
26	498
27	634
27	732
28	186
28	633
28	677
29	47
29	432
30	85
30	195
30	357
30	555
30	672
30	706
31	161
31	371
31	622
31	654
32	557
33	113
33	370
33	402
33	516
33	551
34	383
34	542
34	705
35	582
35	683
36	647
37	38
37	312
37	377
38	245
38	697
39	113
39	173
39	181
39	422
39	496
40	104
40	149
40	270
40	281
40	353
40	439
40	451
41	298
41	762
42	373
42	635
42	741
43	247
43	608
44	196
44	301
44	320
44	513
44	590
44	591
45	59
45	385
45	728
46	793
47	149
47	184
47	368
47	530
48	296
48	321
48	391
48	422
48	466
49	507
50	152
50	234
50	521
50	698
51	249
51	541
52	271
53	106
53	133
53	257
53	761
54	97
54	428
54	710
55	232
55	266
55	412
55	564
55	748
55	786
56	102
56	404
56	503
57	128
57	145
57	232
57	351
57	626
58	61
58	73
58	575
58	594
59	84
59	138
59	363
59	441
60	68
60	157
60	398
61	99
61	141
61	395
61	451
62	646
62	742
63	313
64	181
64	213
64	787
65	193
65	638
66	156
66	387
67	188
67	335
67	564
67	774
68	99
68	489
68	599
68	722
68	751
69	199
69	418
69	534
69	570
70	90
70	117
70	269
70	282
70	692
71	506
71	544
71	629
71	696
72	383
72	549
73	150
73	439
73	508
73	618
73	643
74	77
74	481
74	560
75	139
75	440
76	107
76	448
76	701
76	707
77	326
77	358
77	380
77	549
77	723
78	120
78	204
79	320
79	795
80	251
80	282
80	655
80	657
80	679
81	342
81	350
81	508
81	547
81	563
81	766
82	184
82	650
82	793
83	163
83	228
83	414
83	575
83	762
83	774
84	106
85	98
85	141
85	316
85	504
85	519
85	550
86	300
87	88
87	305
88	107
88	317
88	425
88	502
88	506
88	627
89	756
90	249
90	264
91	101
91	330
92	197
92	397
92	449
92	659
92	721
93	279
93	496
94	538
95	575
95	649
95	667
96	97
96	308
96	463
96	472
96	607
96	687
97	111
97	126
97	156
97	380
97	459
97	465
97	502
97	698
98	128
98	513
98	662
98	708
98	737
98	766
98	786
99	147
99	292
99	438
100	202
100	585
100	763
100	766
101	362
101	368
101	463
101	650
101	760
102	131
102	189
102	289
102	315
102	511
103	325
104	444
104	581
104	686
104	714
105	227
106	308
106	447
107	141
107	164
107	239
107	259
107	473
107	526
108	336
108	417
108	650
108	719
109	155
109	203
109	340
109	620
110	183
110	202
110	239
110	388
110	503
110	571
111	472
111	548
111	642
111	747
112	178
112	281
112	326
112	374
112	381
112	660
113	117
113	241
113	264
114	174
114	199
114	209
114	316
114	675
114	774
115	661
115	720
116	420
117	136
117	418
117	451
117	507
117	554
117	618
118	140
118	248
118	413
118	523
118	795
119	360
119	605
119	766
120	448
120	510
120	570
121	149
121	254
121	445
121	478
121	735
121	784
122	375
122	677
123	275
123	648
123	750
124	197
124	370
124	411
124	520
124	604
125	147
125	512
125	621
125	733
125	775
126	406
126	436
126	585
127	194
127	444
127	518
127	596
129	279
130	223
131	493
131	728
132	237
132	259
132	513
132	660
133	227
133	555
133	594
134	171
134	364
134	388
134	597
135	323
135	665
135	730
135	745
136	318
136	321
136	489
136	784
137	236
137	350
137	642
137	758
138	181
138	231
138	356
138	645
139	257
139	287
139	331
139	510
139	567
139	642
139	701
140	214
140	421
140	532
140	637
141	148
141	368
141	478
142	170
142	241
142	480
142	512
143	225
143	361
144	247
144	283
144	293
144	487
144	703
144	726
145	150
145	176
145	317
145	364
146	192
147	303
147	380
147	654
148	186
148	425
148	793
149	236
149	252
149	313
149	494
150	151
150	418
150	786
151	174
151	192
152	267
152	521
153	241
154	431
154	533
155	315
155	462
155	591
156	331
156	422
156	694
157	385
157	697
158	477
158	529
158	593
158	779
159	523
160	375
160	385
161	432
162	575
162	626
163	322
163	605
163	747
164	343
164	405
164	579
164	696
165	205
165	328
165	426
165	517
165	577
166	413
166	480
166	559
167	344
167	662
168	574
168	720
169	598
170	261
170	622
170	643
171	324
171	374
172	493
172	596
172	705
172	755
173	328
173	537
174	429
174	522
174	771
175	744
176	355
176	555
176	656
177	205
177	385
177	499
177	539
177	574
177	655
177	697
178	798
179	639
179	681
180	341
180	645
181	569
181	641
182	465
182	597
182	663
183	393
183	409
183	587
185	273
185	345
186	330
186	388
186	437
186	451
186	648
187	243
188	524
189	488
189	583
189	627
189	650
190	274
190	427
190	516
190	564
190	748
191	193
191	382
191	420
193	196
193	342
193	361
193	415
193	575
193	589
193	727
193	731
193	754
194	551
194	707
195	600
196	207
196	365
196	740
196	759
196	766
197	349
198	312
198	313
198	369
198	657
198	775
199	307
199	680
199	718
199	745
200	268
200	765
201	317
201	338
202	513
202	536
203	256
203	410
203	632
204	357
205	469
205	556
205	663
205	682
205	743
206	534
207	255
207	605
207	659
208	448
208	499
208	657
208	750
209	290
209	413
209	734
210	295
210	486
210	665
210	739
211	424
211	426
211	606
212	337
212	496
213	233
213	300
213	706
213	766
214	265
214	448
214	684
214	765
215	334
216	219
216	558
217	240
217	310
217	445
217	584
217	646
217	732
218	389
219	247
219	601
219	608
219	716
220	467
220	635
220	777
220	787
221	265
221	435
222	232
222	511
223	359
223	566
223	689
224	440
224	507
224	564
224	576
225	242
225	350
226	464
226	557
227	231
227	756
228	370
228	505
228	658
228	778
229	630
230	305
230	586
231	419
231	459
231	663
232	370
232	545
232	665
232	720
233	252
233	275
233	321
235	257
235	651
236	610
237	561
237	592
237	782
238	634
238	689
238	696
239	318
240	539
240	601
240	799
241	276
241	375
241	396
241	569
242	319
242	367
242	773
242	777
243	362
243	531
243	583
243	674
243	798
244	423
244	730
244	761
245	375
245	453
245	698
245	707
246	661
248	344
248	438
248	486
248	623
249	328
249	380
249	398
249	796
250	544
250	574
251	515
252	325
252	351
252	393
252	515
252	593
252	755
253	603
254	331
254	401
254	510
255	552
256	710
257	480
257	571
257	577
257	613
257	639
258	477
258	592
258	608
259	454
259	589
260	383
260	487
260	677
261	567
261	797
262	343
263	356
263	425
263	583
263	645
264	517
265	356
265	438
265	439
265	639
265	661
266	449
266	558
267	295
267	404
267	414
267	514
267	571
267	661
267	736
268	573
269	521
269	633
269	747
270	481
270	491
270	579
270	754
271	707
272	702
272	719
273	328
273	671
273	732
274	414
274	508
274	535
274	600
275	648
276	468
277	446
277	585
277	588
277	654
277	782
278	768
279	661
280	313
280	448
281	337
281	583
281	604
282	456
282	574
283	310
283	355
283	399
283	514
283	618
284	321
284	476
284	550
284	786
285	446
285	617
285	640
286	299
286	357
286	489
287	313
287	394
287	467
287	510
288	509
288	537
288	576
289	523
289	546
289	560
289	746
290	390
290	392
290	599
290	640
291	339
291	383
291	659
292	364
292	681
293	455
293	574
293	654
294	571
295	639
296	344
296	569
296	693
297	354
297	423
297	492
297	654
298	650
299	472
299	553
299	606
299	765
300	337
300	455
300	705
301	558
302	388
302	703
303	333
303	643
303	700
303	744
304	353
304	542
305	586
306	566
308	397
308	564
308	664
308	779
309	421
309	432
310	637
310	668
311	428
312	334
312	628
313	417
313	592
313	791
314	373
314	650
314	672
315	495
315	513
316	518
317	543
317	630
318	485
318	752
320	332
320	414
320	526
320	710
321	396
321	468
321	502
321	618
322	361
322	379
322	455
322	628
323	613
324	457
324	558
324	580
324	773
326	535
326	752
327	374
327	424
328	643
328	656
328	690
329	365
329	555
329	699
330	487
330	637
330	670
331	333
331	442
331	765
332	375
333	728
334	695
335	596
335	676
335	679
335	745
336	409
336	470
336	634
338	448
338	497
338	584
338	690
339	432
339	528
339	733
340	548
340	573
341	414
341	463
341	595
341	598
343	377
343	426
343	742
345	473
345	688
345	756
345	757
346	513
346	566
346	589
346	722
347	481
347	486
347	689
347	726
347	792
348	425
348	464
348	494
348	623
348	671
349	369
349	402
349	621
349	795
351	378
351	417
351	455
351	547
351	568
352	796
353	683
353	712
354	549
354	786
355	685
356	376
356	403
356	500
356	596
356	702
357	409
357	634
357	665
357	693
357	694
358	384
358	540
358	564
358	763
359	372
360	536
360	578
360	751
361	406
361	431
362	463
363	769
364	434
364	494
364	777
365	585
365	678
366	506
366	680
366	765
366	783
367	501
367	629
367	643
368	498
368	551
369	562
369	583
369	748
369	767
370	652
371	375
371	492
371	579
371	640
371	661
371	684
374	451
374	563
375	739
376	383
376	482
377	417
377	510
378	440
378	574
379	405
379	411
379	652
379	666
380	455
381	744
382	396
382	545
383	394
384	403
384	453
384	682
385	539
385	561
385	764
386	651
387	612
389	638
390	403
390	555
390	689
391	539
391	673
391	733
391	798
392	715
394	475
394	590
394	681
395	427
395	454
395	701
396	629
398	563
398	675
399	680
399	702
400	487
400	753
401	610
402	455
403	499
403	576
405	415
405	480
405	576
405	637
405	645
405	668
406	407
406	480
406	665
406	792
407	527
407	783
408	798
410	453
410	736
411	543
413	702
414	650
415	494
415	651
415	753
416	562
416	778
417	421
417	442
417	465
417	594
417	778
418	589
420	431
420	439
420	662
420	694
420	719
421	461
421	765
422	558
422	581
425	658
425	667
425	719
425	722
425	756
426	767
427	482
427	542
427	579
427	581
429	525
429	691
429	798
430	439
430	691
430	718
431	715
431	750
432	705
434	778
435	499
435	502
435	712
435	776
436	447
436	456
436	641
436	722
437	619
438	733
438	749
439	501
439	527
439	632
439	742
441	560
442	650
442	677
443	452
443	471
443	606
443	618
443	659
444	557
444	705
446	613
447	456
447	481
447	580
447	681
447	787
448	571
449	685
449	705
449	743
450	750
451	584
451	632
451	685
453	690
454	578
454	634
454	777
455	499
455	590
455	733
456	507
457	506
457	637
458	741
459	631
459	765
460	525
461	600
462	596
463	483
463	745
465	540
465	581
466	475
466	602
466	773
467	638
469	645
470	670
471	528
472	752
473	478
473	527
473	617
473	799
474	724
475	685
476	662
476	687
480	731
480	748
481	508
481	661
481	686
481	749
482	603
482	664
483	553
483	798
484	769
485	783
486	619
486	654
487	573
488	589
488	749
489	551
489	575
489	657
490	607
491	694
492	671
492	713
493	586
493	760
494	516
494	677
495	653
495	663
495	742
496	529
496	654
496	761
497	725
497	743
497	750
497	792
498	559
499	619
499	759
499	788
500	657
500	718
501	575
501	785
502	518
503	510
503	682
504	616
506	696
507	583
507	661
508	614
509	589
509	651
509	662
510	520
510	624
512	669
512	712
513	543
514	664
515	782
516	708
517	743
517	757
518	600
518	644
518	727
518	754
520	581
523	658
524	533
524	656
524	690
525	549
525	560
525	632
528	569
529	675
531	568
531	688
531	702
532	752
535	614
536	654
536	769
537	619
538	552
538	670
539	734
539	743
540	753
541	636
541	690
543	587
543	796
544	799
547	647
547	677
547	741
548	552
548	722
552	553
552	675
552	755
554	608
554	651
554	719
554	768
554	779
555	653
555	665
555	671
555	785
556	765
557	578
557	699
563	683
564	726
564	734
565	678
565	765
567	749
568	736
569	753
570	796
571	655
572	618
572	708
572	739
573	672
574	742
574	751
576	583
577	657
577	683
579	798
580	685
581	708
583	635
585	674
585	702
586	624
586	727
586	735
586	749
587	614
588	727
588	729
588	732
589	677
589	712
589	727
590	697
592	614
593	699
593	770
594	600
594	703
598	600
598	694
603	604
603	625
603	712
603	721
604	732
606	762
606	781
609	658
609	674
609	772
609	780
610	694
611	638
611	690
613	647
613	772
614	789
615	678
619	709
619	776
620	669
621	733
625	656
628	690
629	694
630	708
633	669
633	694
635	688
636	652
637	719
637	767
638	701
639	769
639	789
643	660
643	695
644	758
644	771
645	649
645	712
645	754
646	663
646	696
646	725
648	738
648	777
651	737
654	663
654	732
656	721
657	683
658	660
658	686
658	779
659	774
659	798
662	750
662	764
664	756
664	761
665	707
665	795
667	676
667	772
667	784
667	799
669	698
670	673
670	795
672	741
673	698
675	711
677	727
678	690
682	757
683	710
685	714
693	707
699	760
703	781
703	798
704	750
710	712
714	746
716	757
717	737
717	742
718	719
732	764
737	797
738	760
738	792
746	776
748	776
748	778
749	760
750	756
751	773
752	789
757	786
763	798
764	781
767	790
768	773