0	780
1	40
1	86
1	620
2	380
3	25
3	296
3	332
3	540
3	616
4	268
4	369
4	375
4	608
4	776
5	142
5	374
6	20
6	21
6	186
6	478
6	602
6	720
7	57
7	359
7	398
7	549
8	43
8	111
8	342
8	427
8	684
9	157
9	304
9	677
9	777
10	104
10	210
10	275
10	403
11	169
11	371
11	500
12	69
12	101
12	438
13	322
13	379
13	528
14	31
14	123
14	142
14	158
14	410
14	639
14	773
14	788
15	224
15	290
15	353
15	593
15	749
16	79
16	350
16	381
16	480
16	724
17	94
17	298
17	388
17	426
18	39
18	433
18	516
18	692
19	296
20	145
20	222
20	330
20	341
20	600
20	709
20	754
21	164
21	448
21	450
22	284
22	350
22	361
22	553
22	642
22	740
22	788
23	85
23	151
23	720
24	25
24	489
24	708
25	206
25	323
25	787
26	44
26	79
26	82
26	186
26	412
26	423
27	226
27	308
27	412
27	673
28	214
28	298
28	336
28	402
28	481
28	710
29	196
30	286
31	130
31	146
31	149
31	164
31	214
31	228
31	231
31	506
31	572
31	623
31	701
32	134
32	331
32	378
32	560
32	644
32	657
33	43
33	81
33	247
33	308
33	381
34	369
34	434
34	743
34	768
35	83
35	142
35	183
35	266
35	305
35	417
35	430
35	593
35	779
35	787
36	248
36	293
36	385
36	466
36	744
37	326
38	185
39	86
39	605
40	134
40	413
41	130
41	257
41	339
41	520
41	783
42	100
42	394
42	422
43	155
43	396
43	530
43	535
44	70
44	363
44	456
44	733
44	779
45	128
45	666
45	678
46	291
46	377
46	462
47	151
47	224
47	275
47	483
47	583
47	691
47	706
48	130
48	282
48	537
48	544
49	281
49	318
49	457
50	262
50	384
50	424
50	640
51	67
51	165
51	552
52	92
52	375
52	403
52	535
52	568
52	746
52	769
53	307
53	618
53	717
53	780
54	95
54	105
54	267
54	512
54	576
55	116
55	154
55	589
55	777
56	302
56	448
56	577
56	641
56	769
57	579
58	131
58	138
58	193
58	203
58	276
58	296
59	244
59	461
59	577
60	244
60	722
61	428
61	571
62	203
62	224
62	359
62	378
62	535
62	607
62	609
63	123
63	464
63	483
64	213
64	237
64	289
65	607
65	645
66	144
66	431
66	479
67	435
67	532
67	624
67	636
67	722
68	97
68	138
68	397
68	783
69	210
69	791
70	300
70	784
71	99
72	122
73	581
74	364
74	408
75	153
75	618
75	767
76	562
77	689
78	297
78	420
78	447
78	489
78	517
78	663
79	116
79	173
79	205
79	267
79	345
79	505
79	742
80	142
80	615
80	744
80	746
81	103
81	393
82	132
82	283
82	352
83	108
83	203
84	472
84	709
84	745
85	229
86	250
86	379
86	502
86	630
87	521
87	692
88	177
88	414
88	502
88	505
88	553
89	103
89	118
89	220
89	492
89	649
89	789
90	191
90	239
90	279
90	552
90	680
90	689
90	704
90	785
91	169
91	293
91	609
91	625
92	186
92	613
93	155
94	255
94	504
94	605
95	769
96	502
96	715
97	341
97	371
98	183
98	615
98	774
99	378
99	668
100	105
100	231
100	251
100	269
100	303
100	376
100	494
100	578
100	703
100	743
101	256
101	264
102	178
102	318
102	636
102	676
103	105
103	244
103	384
104	122
104	376
104	592
105	458
105	625
105	791
106	679
107	277
107	653
108	380
108	383
108	463
109	153
109	219
109	513
109	648
110	330
111	114
111	610
111	716
112	325
112	354
112	741
113	331
113	400
114	126
114	381
115	218
115	337
115	374
115	425
115	482
116	164
116	284
116	322
116	336
116	558
117	149
117	249
117	343
117	653
117	699
117	754
118	176
118	363
118	507
119	367
119	381
119	749
120	470
120	630
120	639
121	306
121	485
123	295
124	172
124	300
124	472
124	675
125	585
125	762
126	479
126	756
127	442
127	492
127	502
127	682
128	174
128	214
128	297
128	519
128	676
129	285
129	548
129	592
130	218
130	524
130	561
131	293
131	621
132	596
132	659
132	760
133	234
133	243
133	293
133	416
133	593
133	739
134	213
134	359
134	604
134	609
135	146
135	516
135	594
135	756
136	268
136	603
137	211
137	350
137	404
137	625
138	171
138	354
139	158
139	332
139	396
139	534
139	560
139	721
140	500
141	383
141	630
142	164
142	260
143	350
143	490
144	349
144	658
144	773
145	444
145	632
145	659
146	433
146	492
146	626
146	643
147	234
147	353
147	450
147	643
148	772
149	155
149	178
149	235
149	438
150	159
150	197
150	272
150	338
150	388
150	548
150	553
150	600
151	395
151	487
152	154
152	175
152	209
152	262
152	329
152	390
152	562
152	701
152	775
153	476
154	176
154	469
154	506
155	438
155	495
155	787
156	216
157	746
157	754
157	789
158	325
158	335
158	642
158	644
159	226
159	263
159	492
159	590
159	710
159	749
160	253
160	264
160	623
161	357
162	181
162	348
162	648
163	185
163	290
163	641
164	184
164	799
165	395
166	235
166	271
166	462
166	468
166	497
167	250
167	755
168	288
168	290
168	697
169	450
169	635
169	660
169	738
169	753
170	212
170	496
171	407
171	434
171	561
171	784
172	299
172	324
172	440
172	555
172	594
172	653
172	695
172	722
173	262
174	216
174	740
175	388
175	757
176	437
176	599
176	606
177	451
178	275
178	344
178	459
179	233
180	468
180	515
180	693
180	793
181	251
181	324
181	793
182	268
182	279
182	714
184	596
185	268
185	308
185	728
186	226
186	393
186	488
186	507
186	785
187	377
187	730
187	786
187	787
188	190
188	270
188	298
188	589
188	624
189	704
190	783
191	228
191	393
191	591
191	781
191	794
192	622
193	406
193	797
194	226
194	257
194	541
194	575
194	685
194	745
195	207
195	236
195	332
195	377
195	545
195	604
196	227
196	567
197	373
198	418
198	487
198	558
198	585
199	304
199	558
199	622
200	483
200	748
201	269
201	421
201	454
201	797
202	363
202	378
202	431
202	535
202	730
202	749
204	240
204	281
204	322
204	419
204	639
205	445
205	532
205	594
206	221
206	360
206	411
206	619
207	239
207	285
207	759
208	345
208	440
209	249
209	348
209	745
210	276
210	306
210	461
211	254
211	298
211	362
211	372
211	377
212	252
212	535
213	219
213	700
213	779
214	338
214	493
214	594
215	286
215	317
216	221
216	462
216	696
217	546
217	582
219	256
219	359
220	234
220	373
220	409
221	383
221	680
222	590
222	663
222	797
223	446
224	581
224	633
224	793
225	226
225	462
225	489
225	697
225	706
226	322
226	799
227	428
227	470
227	539
227	569
228	407
228	553
228	706
230	464
230	531
230	597
230	708
230	787
231	293
231	479
231	502
232	366
232	497
233	493
233	617
233	643
234	458
234	540
234	555
234	558
235	270
235	396
235	461
235	488
235	517
236	392
236	446
236	673
236	758
237	374
237	499
238	445
238	469
239	268
239	413
239	424
239	762
240	251
240	689
241	687
242	245
243	386
243	613
243	686
244	318
245	258
245	460
245	618
245	727
246	621
246	723
247	584
247	607
248	255
248	510
248	765
248	798
249	367
249	391
249	549
249	795
250	508
250	779
251	354
251	560
251	612
251	661
251	667
251	707
251	710
251	720
252	312
252	549
252	564
252	756
252	760
253	284
253	438
253	512
253	539
254	396
254	406
254	452
254	475
254	669
254	709
254	753
255	457
255	635
255	731
256	309
256	372
256	499
256	516
256	520
256	680
256	777
257	561
257	666
257	771
257	798
258	259
259	393
259	506
259	753
260	646
260	711
260	728
261	361
261	371
261	532
261	551
261	760
261	774
262	301
262	323
262	540
262	563
264	363
264	526
264	765
265	399
266	282
266	430
266	604
266	720
266	783
267	390
267	461
267	742
267	792
268	596
268	616
268	766
269	451
269	548
269	579
270	457
270	723
271	306
271	343
271	366
271	786
272	544
272	702
273	338
273	682
274	277
274	686
275	339
275	463
276	298
276	478
276	725
277	504
278	494
278	500
279	338
279	420
279	531
280	573
281	515
281	593
281	714
282	464
282	608
284	336
284	524
285	514
285	565
287	660
287	692
288	485
288	535
288	676
288	776
288	790
289	292
289	672
290	645
291	371
291	463
291	743
292	452
292	614
292	675
292	698
292	755
292	791
293	353
294	329
295	467
295	543
296	545
296	708
296	765
296	777
296	792
297	350
297	586
297	683
297	723
297	733
297	769
297	786
298	383
298	451
298	566
298	753
299	517
300	386
300	447
300	702
301	446
301	504
301	516
303	324
303	586
303	659
304	376
304	441
304	638
304	783
305	333
305	663
306	501
306	562
307	596
307	629
307	671
308	360
308	599
308	730
309	501
310	349
310	545
311	353
311	717
311	733
312	349
312	352
312	401
312	521
312	576
312	580
312	762
312	792
313	511
313	531
313	578
313	597
313	749
314	341
314	416
314	739
314	765
315	561
316	468
317	403
317	528
317	575
318	346
318	360
318	419
318	540
319	580
319	673
319	742
320	323
320	344
321	798
322	362
322	744
323	501
323	688
325	629
326	586
327	485
327	663
328	498
328	684
329	369
329	732
329	777
329	790
331	526
331	681
332	340
332	487
332	537
332	612
333	738
334	619
335	486
335	556
335	588
336	486
336	527
336	666
336	712
337	369
337	468
337	488
337	672
338	358
338	410
338	412
338	540
339	400
339	553
340	603
340	734
341	388
341	392
341	400
341	492
341	624
342	368
342	399
342	558
342	629
342	681
343	493
343	606
343	773
344	358
344	459
344	508
345	404
345	422
345	451
345	530
345	799
346	378
346	389
346	415
346	470
347	526
348	584
349	367
349	496
350	452
351	366
351	502
351	505
351	700
351	748
352	623
352	726
352	794
354	728
354	741
355	386
356	505
356	539
356	621
356	725
357	399
357	551
357	679
357	789
358	425
358	578
358	615
359	712
359	741
360	452
360	635
361	363
361	444
361	734
361	755
362	427
362	510
362	690
363	389
363	478
363	491
363	579
363	596
363	736
364	368
364	436
364	701
365	412
365	500
366	388
366	493
366	553
367	521
367	716
367	722
368	494
369	380
369	586
369	773
370	585
370	779
371	405
371	417
371	641
372	478
372	544
372	665
373	391
373	752
373	768
374	702
374	771
375	784
376	787
377	560
377	585
377	612
378	487
378	565
378	737
379	731
380	484
380	589
380	723
382	637
382	739
383	783
385	483
385	536
385	747
385	770
386	749
387	608
388	422
388	468
388	728
388	761
389	504
389	607
389	791
390	491
391	529
391	535
391	601
394	562
394	716
394	738
395	455
395	661
396	428
397	543
397	642
397	654
397	751
398	605
399	476
399	688
400	430
400	485
400	731
400	783
401	425
402	459
402	486
402	506
402	627
402	644
403	407
403	435
403	598
403	642
404	542
406	475
406	541
406	715
407	493
407	619
407	674
409	477
409	722
410	734
411	441
411	626
412	474
413	735
416	608
416	611
416	617
416	672
417	667
417	729
417	782
418	476
418	770
419	471
419	722
420	623
420	682
421	591
421	610
421	655
421	778
421	797
423	669
423	742
424	657
425	509
425	574
425	602
427	439
428	436
428	705
428	708
429	500
429	529
429	584
429	677
429	783
430	446
430	564
430	634
431	493
431	500
431	612
431	668
431	679
432	687
432	725
433	514
433	693
434	482
434	504
434	603
434	779
436	748
438	449
438	515
439	481
439	571
439	680
439	719
440	444
440	677
440	741
442	746
443	604
443	685
443	716
444	495
444	780
445	476
445	613
446	690
446	776
447	485
447	594
448	550
448	656
448	666
448	751
448	762
449	612
449	724
450	547
450	631
450	667
450	709
451	452
451	587
452	496
453	574
453	778
454	487
454	729
455	456
456	613
456	746
457	555
457	755
458	742
459	722
461	534
461	658
461	671
462	677
464	558
464	662
465	636
465	713
466	720
468	570
468	755
472	711
472	751
473	642
473	680
474	778
474	792
475	552
476	568
476	621
476	675
476	748
477	514
477	590
477	673
480	528
480	534
480	683
480	744
481	487
481	554
481	581
481	673
482	661
483	548
484	673
485	595
486	523
486	750
486	773
487	550
487	622
488	625
490	632
492	506
493	619
494	573
495	643
497	681
499	600
500	645
503	556
504	543
505	744
506	568
506	678
506	768
507	765
508	705
509	512
509	523
509	554
509	608
509	618
509	637
510	749
510	777
511	630
511	640
511	680
512	665
512	796
513	792
514	620
515	652
516	517
516	556
516	572
518	720
518	736
519	625
520	674
521	782
522	603
523	663
523	790
524	545
525	580
525	666
525	673
528	602
528	700
529	650
529	740
532	794
533	659
533	715
534	786
534	788
535	759
535	795
536	633
536	655
538	600
542	714
542	718
543	548
543	579
545	576
545	706
547	634
548	728
549	636
550	591
550	650
551	593
552	597
552	602
552	626
552	716
554	555
554	576
554	581
555	611
555	721
556	628
556	708
557	666
559	674
559	697
560	646
560	743
560	781
566	710
568	775
570	734
571	698
574	625
574	702
574	745
574	753
575	599
575	710
575	764
578	732
580	642
580	798
582	694
582	739
584	597
584	790
587	664
587	667
590	683
590	693
590	713
591	640
591	644
591	697
592	741
593	651
593	716
593	723
594	795
598	607
599	636
599	792
600	682
603	651
603	728
604	722
605	703
605	732
607	772
609	651
610	632
611	767
611	780
614	655
615	629
615	632
615	772
616	648
621	794
622	748
622	749
623	683
625	648
625	753
626	715
627	755
628	775
629	692
631	783
632	667
632	794
633	671
634	660
635	641
635	677
636	758
637	745
638	776
643	668
644	711
644	789
646	798
647	725
651	735
651	737
652	686
652	784
655	713
656	744
656	784
656	797
659	720
661	715
661	733
668	718
668	725
668	757
670	703
671	715
672	780
673	784
674	712
674	757
675	731
680	687
683	706
683	736
684	742
685	762
686	739
688	705
690	717
692	786
694	749
697	779
698	753
699	723
706	767
707	722
714	723
714	769
717	739
719	782
722	799
723	725
724	730
734	771
734	786
736	788
736	790
742	763
743	798
744	754
748	765
767	793
775	798
787	795