0	61
0	81
0	631
0	779
1	184
1	275
1	347
1	641
1	778
2	276
3	14
3	53
4	11
4	311
4	519
4	547
4	746
5	248
5	477
5	711
5	797
6	210
6	359
6	628
6	633
7	86
7	160
7	464
7	724
8	59
8	193
8	291
8	300
9	132
9	139
9	330
9	600
10	155
10	363
10	664
10	745
11	230
11	391
11	404
11	461
11	473
11	596
11	666
11	716
12	189
12	766
13	229
13	334
13	392
14	75
14	786
15	468
16	461
16	578
16	671
17	40
17	60
17	327
17	714
18	417
19	721
20	227
20	268
20	659
21	564
22	80
22	588
22	647
22	680
22	763
23	98
23	374
23	470
23	486
23	498
23	546
23	605
23	645
24	178
25	43
25	170
25	292
25	365
25	367
26	330
26	484
26	507
27	493
28	378
28	788
29	52
29	171
29	444
29	445
29	576
29	600
29	753
30	97
30	260
30	559
30	728
31	224
31	756
32	368
32	477
32	635
32	759
33	333
33	435
33	709
33	782
34	112
34	118
34	123
34	595
35	356
35	362
35	717
36	177
36	444
36	528
36	711
37	72
38	602
39	122
39	318
39	583
39	727
40	351
40	496
40	645
40	646
41	283
41	384
41	431
41	605
41	627
42	94
42	120
42	793
43	250
43	313
43	420
43	490
44	279
44	307
44	313
44	314
44	785
45	405
45	453
46	568
46	661
47	251
47	254
47	288
47	381
47	419
47	450
48	131
48	261
48	398
49	211
49	439
49	653
49	785
50	102
50	268
50	481
50	491
50	524
50	627
50	635
51	433
51	633
51	695
51	704
51	733
51	768
52	155
52	553
52	641
52	797
53	71
53	200
53	311
54	89
54	350
54	468
54	599
54	621
54	629
55	199
55	275
55	643
56	89
56	147
56	165
56	345
56	437
57	164
57	232
57	245
57	544
57	562
58	223
58	405
58	481
58	561
58	652
58	693
58	727
59	153
59	311
59	355
59	468
59	584
60	93
60	95
60	463
60	637
60	641
60	787
61	160
61	183
61	304
61	573
61	682
61	711
61	793
62	164
62	593
62	731
63	222
63	261
63	268
63	538
63	576
64	403
65	120
65	143
65	420
65	564
66	79
66	92
66	264
66	569
66	658
66	762
67	117
67	155
67	361
67	388
67	446
68	130
68	338
68	430
68	614
68	615
68	621
69	152
69	315
69	598
69	725
69	781
70	108
70	132
70	530
70	614
71	94
71	669
71	795
73	136
73	241
73	407
73	457
73	623
74	334
74	397
74	403
74	646
75	163
75	298
76	216
76	438
76	508
76	560
77	316
77	480
77	701
77	785
78	221
78	380
78	742
79	129
79	160
79	180
79	360
79	443
80	326
80	366
80	504
80	519
81	197
81	243
81	252
81	464
81	491
81	571
81	652
81	709
82	208
82	687
82	741
83	259
84	307
84	329
84	497
85	650
85	706
86	105
86	246
86	425
86	581
86	597
87	180
88	414
89	190
89	416
89	508
89	572
89	676
90	159
90	608
90	620
90	679
91	121
91	497
91	580
92	115
92	192
92	298
92	425
92	502
93	234
93	322
93	363
94	176
94	300
94	432
94	530
95	668
96	252
96	586
96	749
96	794
97	553
97	593
97	618
97	723
99	172
99	517
99	599
99	761
100	462
100	667
101	137
101	340
101	767
101	786
102	113
102	388
102	705
102	742
103	235
103	671
103	678
103	742
103	771
104	214
104	302
104	377
104	574
104	741
105	326
105	421
105	672
105	721
105	795
106	172
106	735
107	631
107	750
107	751
109	442
109	652
110	673
111	160
111	176
111	426
112	266
112	512
112	641
113	214
113	471
113	502
113	512
113	584
114	448
114	698
114	719
115	210
115	484
115	644
115	776
115	793
116	526
116	569
116	576
116	594
116	757
117	274
117	715
118	600
118	657
118	762
119	422
119	451
119	532
119	548
119	616
119	678
120	194
120	310
122	641
122	724
122	742
123	238
123	275
123	611
123	727
123	753
124	728
124	784
125	145
125	282
125	352
125	378
125	402
125	491
125	614
125	682
126	217
126	657
127	249
127	442
127	603
127	669
128	423
129	728
130	440
130	493
130	501
131	509
132	206
132	526
132	543
132	734
132	780
133	436
134	186
135	516
135	645
136	261
136	287
136	325
136	402
136	424
136	613
137	395
137	510
137	781
138	211
138	320
138	667
139	143
139	402
139	505
139	583
139	689
139	727
139	732
140	166
140	220
140	288
140	424
140	627
141	322
141	756
142	278
142	407
142	649
142	753
142	758
142	783
143	442
144	432
145	346
145	409
145	470
146	423
147	185
147	393
147	542
147	634
147	710
148	528
148	551
149	314
150	248
150	446
150	508
150	559
151	441
151	568
151	614
151	619
152	198
152	291
152	306
152	367
152	531
153	396
154	183
154	443
155	404
155	589
155	611
155	723
156	236
156	392
156	472
157	522
157	566
158	162
158	317
158	328
158	364
158	468
158	622
159	337
159	433
159	510
159	707
160	392
161	516
161	586
162	248
162	654
164	414
164	419
164	459
164	489
164	523
165	368
165	604
166	473
166	503
166	569
167	224
167	588
167	638
167	666
167	682
167	759
168	352
169	199
169	596
170	268
170	578
170	790
171	264
171	307
171	773
172	261
172	533
173	581
174	297
174	461
174	754
174	784
175	355
175	430
175	642
175	732
175	761
176	382
176	614
176	670
176	774
177	230
177	458
177	582
178	591
178	599
178	686
179	668
180	189
180	266
180	300
180	487
181	197
181	225
181	433
181	526
181	545
181	689
182	185
182	234
182	559
182	596
183	433
183	660
183	691
183	694
184	208
184	548
184	581
184	610
185	298
185	537
185	553
185	672
186	681
186	688
187	294
187	340
187	453
187	502
187	741
188	240
188	248
188	256
188	437
189	463
189	617
191	358
191	746
192	335
192	443
193	607
193	694
194	216
194	311
194	364
194	450
195	404
196	208
196	264
196	340
196	590
197	476
197	634
198	578
199	239
200	432
200	456
201	319
201	333
201	367
201	399
201	746
202	543
202	721
203	345
203	466
203	516
203	527
203	556
203	614
203	697
204	396
204	639
205	240
205	254
205	550
205	650
206	334
206	555
206	673
206	785
207	377
208	378
208	419
208	552
208	565
208	609
209	228
209	305
209	308
209	418
209	487
210	485
211	388
211	419
211	561
211	753
212	272
212	469
212	543
212	719
212	726
212	756
213	419
214	391
214	472
214	493
214	678
214	772
215	271
215	437
215	459
216	534
217	297
217	520
218	426
219	773
220	282
220	296
220	410
220	439
220	620
221	246
221	367
221	797
222	511
222	555
223	313
223	521
223	733
224	317
226	268
226	529
226	620
227	431
227	478
227	479
227	700
227	721
228	656
228	763
228	772
228	796
229	412
229	421
229	504
230	743
231	429
231	472
231	723
232	519
233	236
234	490
234	495
234	744
234	783
235	304
235	336
235	358
235	366
235	744
235	751
235	775
236	397
236	674
236	718
237	497
237	690
237	722
238	239
238	241
238	363
238	593
238	608
238	764
239	272
239	439
240	478
241	279
241	403
241	736
242	412
242	479
242	700
242	788
242	797
243	266
243	284
243	657
243	765
244	259
245	468
245	726
246	635
246	662
247	273
247	555
248	310
248	330
248	395
248	777
249	346
249	352
249	365
249	389
249	615
249	656
249	740
250	303
250	338
250	497
252	321
252	514
252	567
252	633
253	490
253	646
253	706
253	749
254	425
254	459
254	553
255	327
255	404
255	460
255	555
255	709
255	732
256	576
257	265
257	467
257	715
258	383
258	514
258	568
259	431
259	718
260	264
260	565
261	488
261	757
262	641
263	394
263	399
263	479
263	720
267	657
268	354
268	435
269	731
269	736
269	751
270	524
270	712
272	322
273	346
273	410
273	680
274	398
274	461
274	703
275	578
275	641
275	682
276	343
276	477
276	658
277	378
277	527
277	551
277	717
278	477
279	378
279	527
280	408
280	472
280	772
281	495
281	627
281	761
281	762
281	763
282	778
283	406
283	438
283	504
283	512
283	603
283	617
283	657
283	676
283	744
284	587
285	386
285	650
286	417
286	543
287	360
287	562
288	398
288	694
288	797
289	389
290	477
290	481
290	593
290	614
290	678
290	696
290	733
291	683
291	785
292	536
292	563
293	667
294	429
294	478
294	596
295	305
295	322
295	378
295	441
295	539
296	436
296	657
297	522
298	541
298	675
298	748
299	391
299	393
299	626
299	665
299	670
299	797
299	799
300	377
300	492
300	605
300	657
300	718
300	798
301	380
302	349
302	458
302	495
303	489
304	329
304	698
304	795
305	322
305	628
306	375
306	408
306	554
307	785
308	315
308	402
309	439
309	502
310	419
310	675
311	618
311	648
311	756
312	601
314	365
314	728
314	755
315	362
315	464
315	604
315	765
316	457
316	782
318	330
318	638
319	711
319	756
320	349
320	498
320	727
321	345
322	433
323	453
323	734
324	338
324	633
325	398
325	408
325	414
325	519
325	542
325	652
325	770
326	361
327	536
327	590
327	609
328	373
329	407
329	448
329	506
329	515
329	567
330	469
331	442
331	468
331	508
331	548
331	564
332	359
332	518
333	341
333	348
333	549
333	564
334	424
336	376
336	544
336	628
336	717
336	726
337	625
338	437
338	608
338	720
339	506
339	567
339	675
339	699
340	372
340	574
340	598
340	784
341	377
341	637
342	557
342	594
344	451
344	560
344	561
344	571
345	612
345	693
345	737
346	379
346	566
347	386
347	414
347	516
347	629
348	391
348	555
349	377
349	686
350	405
350	444
351	469
351	506
351	730
352	354
352	398
352	570
352	745
353	411
353	466
353	504
353	573
353	579
353	614
354	527
354	639
354	644
354	722
355	512
355	708
355	777
356	483
357	401
357	413
357	610
357	618
358	368
358	554
358	743
360	462
360	650
360	665
361	421
361	599
362	370
362	382
362	440
362	621
362	681
362	704
362	729
363	405
363	794
364	585
365	415
366	612
366	645
367	427
367	668
367	732
368	575
368	742
368	789
369	414
371	373
371	443
371	446
371	517
371	598
372	510
372	576
372	743
373	423
373	685
373	724
373	794
374	681
374	727
375	657
375	757
377	650
377	713
378	543
378	598
378	701
381	641
381	653
382	626
382	664
382	779
382	796
383	574
383	785
384	400
384	613
384	704
385	425
385	526
385	690
386	413
386	562
386	750
387	417
387	481
388	634
388	775
389	613
389	655
389	734
390	500
390	683
391	515
392	412
392	713
393	655
393	695
394	422
396	465
397	525
397	554
397	577
397	709
398	411
399	589
399	694
400	596
400	710
401	449
401	457
401	475
401	564
401	588
402	561
402	698
403	505
403	746
404	448
404	644
405	507
405	684
406	506
406	641
407	740
408	513
408	740
409	721
409	772
410	590
411	517
411	783
412	440
412	489
412	513
412	606
413	645
413	654
413	668
413	713
414	424
414	541
415	693
415	798
416	670
416	738
417	466
417	591
417	688
419	494
419	658
420	492
420	550
420	595
420	775
420	795
421	534
421	554
421	773
422	443
422	653
422	658
422	715
423	781
424	449
424	672
426	584
427	438
427	464
428	756
430	577
431	557
431	671
433	518
434	461
435	498
435	500
435	645
435	780
436	765
437	597
437	690
438	732
439	447
439	545
439	769
440	530
440	622
440	660
440	724
440	779
441	534
441	633
442	542
442	613
443	585
445	640
445	655
445	777
446	513
446	535
446	574
446	664
446	673
447	513
447	549
448	584
449	475
449	700
449	722
451	713
451	756
451	780
451	795
452	614
453	555
453	682
454	611
454	617
454	649
454	663
454	782
455	507
456	702
458	541
459	477
459	547
459	617
459	642
461	678
462	491
462	637
462	793
463	468
463	566
463	666
463	739
463	799
464	749
466	635
466	665
468	516
468	559
469	520
471	480
471	588
473	660
474	609
475	619
475	678
475	736
477	631
477	771
478	636
478	674
479	720
479	733
479	768
480	700
480	784
481	631
482	508
482	589
482	765
483	484
483	606
483	666
484	670
484	768
484	784
485	533
485	721
486	611
486	756
486	781
487	557
487	780
488	552
489	617
489	782
491	571
491	578
491	780
492	583
492	776
493	780
493	796
495	542
495	547
495	634
495	707
496	654
496	740
497	553
498	565
499	587
499	652
500	719
500	786
500	798
501	786
502	570
504	506
504	524
504	771
505	672
506	711
507	539
507	668
508	603
508	755
509	654
509	691
510	651
510	717
511	649
511	711
511	742
512	573
512	654
513	555
513	634
513	655
513	775
515	639
516	548
516	642
516	791
517	540
518	746
522	536
522	576
522	676
522	731
522	746
523	539
523	564
526	682
527	580
527	769
528	604
528	645
528	684
529	552
529	663
529	670
529	690
530	568
530	629
531	546
531	589
532	701
532	775
533	630
533	757
534	678
535	732
536	589
536	751
536	756
538	704
538	724
541	692
541	760
545	714
547	605
548	604
549	627
551	557
551	641
552	751
552	781
555	664
556	622
557	724
558	717
561	631
562	629
563	761
563	795
564	663
564	723
564	779
565	609
565	727
566	610
566	641
566	740
567	593
567	754
568	742
569	635
569	650
569	669
570	605
571	748
571	759
572	578
573	708
574	776
575	728
577	747
578	618
578	768
579	587
579	681
580	588
580	597
580	663
581	640
581	697
582	598
582	789
585	772
589	717
591	629
592	640
593	653
593	677
593	770
594	735
597	655
598	732
599	611
599	628
600	630
601	744
604	626
605	756
606	766
607	610
609	776
610	746
612	658
613	736
613	752
614	655
614	778
615	674
619	725
620	760
622	666
622	748
623	624
623	668
623	765
626	742
627	765
629	725
631	722
631	723
632	682
633	743
635	689
637	692
637	792
638	688
639	680
641	686
643	658
646	692
649	658
649	705
651	736
651	766
653	678
653	725
654	730
659	719
662	747
667	750
669	694
671	798
672	796
673	736
673	766
674	715
675	778
679	742
682	789
685	687
687	792
688	760
694	791
695	707
696	749
697	781
700	726
703	723
704	747
706	755
706	792
710	736
711	716
714	796
717	773
721	763
728	788
731	789
733	772
735	754
735	777
745	779
747	783
756	778
765	798
772	785
777	792