0	64
1	51
1	265
1	316
2	247
2	309
2	318
3	76
3	201
3	458
3	630
4	168
4	325
4	542
4	652
5	204
5	266
5	371
5	372
5	610
5	706
6	292
6	600
7	20
7	103
7	459
8	768
9	267
9	293
9	346
9	487
10	412
11	39
11	197
11	299
11	465
11	495
11	512
12	99
12	293
12	400
13	211
13	385
13	428
13	562
13	649
13	666
13	709
13	755
14	181
14	470
14	588
14	629
14	738
15	168
16	543
17	32
17	459
17	692
18	39
18	70
18	287
18	315
18	632
19	595
19	689
19	750
20	403
20	447
20	529
20	725
21	101
21	640
21	752
22	39
22	591
23	118
23	373
23	674
24	82
24	300
24	514
24	637
24	641
24	685
24	731
25	280
25	753
26	497
27	41
27	59
27	123
27	152
27	595
28	41
28	62
28	244
28	275
28	585
28	621
28	751
29	35
29	309
29	320
29	418
29	575
29	791
30	43
30	420
30	784
31	292
31	445
32	362
32	609
33	62
33	68
33	521
33	770
34	211
34	470
34	573
35	53
35	117
35	196
35	459
35	589
35	604
35	616
35	627
35	660
35	732
35	733
36	106
36	323
36	400
36	743
37	96
37	219
38	43
38	248
38	364
38	467
38	563
38	597
39	203
39	554
40	172
40	289
40	307
40	514
40	797
41	496
42	142
42	147
42	191
42	285
42	367
42	431
42	538
42	750
43	323
43	547
43	551
43	709
43	729
44	116
44	145
44	344
44	383
44	405
44	474
44	590
44	674
45	259
45	677
45	719
45	730
46	70
46	135
46	190
46	570
46	586
47	94
48	118
48	197
48	355
48	590
49	64
49	69
49	100
49	398
50	105
50	259
50	274
50	521
51	77
51	282
51	329
51	406
51	517
52	140
52	478
52	664
53	152
53	175
53	251
53	252
53	462
53	593
53	704
54	83
54	501
54	554
54	585
54	688
55	652
55	687
55	735
56	190
56	300
56	357
56	467
57	140
57	228
57	286
57	701
57	736
58	333
58	335
58	507
58	512
58	608
59	222
59	469
59	597
60	782
61	377
62	183
62	232
62	511
62	749
63	96
63	471
63	575
63	796
64	373
64	506
64	640
64	712
64	713
65	271
65	393
66	176
66	439
66	532
67	186
67	266
67	319
67	692
67	734
68	174
68	485
68	671
69	173
69	483
69	604
69	676
70	154
70	218
70	482
70	505
70	539
70	657
70	795
71	139
71	383
71	385
71	418
71	484
71	713
71	715
71	784
72	108
72	519
72	667
73	663
74	505
74	522
74	581
75	190
75	238
75	377
75	715
75	777
76	664
77	138
77	271
78	528
78	660
79	680
80	117
80	142
80	620
80	733
81	103
81	199
81	258
81	644
81	778
82	348
82	382
82	443
82	660
82	676
83	376
83	487
83	765
84	278
84	379
84	572
84	769
85	92
85	141
85	203
86	238
86	241
86	319
86	455
86	613
86	775
87	134
87	147
87	205
87	327
87	408
88	119
88	195
88	695
89	212
89	259
89	610
90	379
90	438
91	157
91	670
91	754
92	103
93	294
93	387
93	408
93	759
94	549
95	246
95	384
95	433
96	478
96	496
96	759
97	168
97	190
97	767
98	656
98	723
99	179
99	529
99	717
100	305
100	428
100	444
100	456
100	524
100	528
100	577
101	364
101	533
101	678
101	687
102	327
102	520
103	140
103	221
103	416
103	442
103	449
104	228
104	331
104	735
105	436
105	493
105	723
106	121
106	336
106	638
107	163
107	331
107	451
107	724
107	788
108	111
108	121
108	179
108	486
108	710
109	673
110	141
110	596
110	657
110	695
111	286
111	475
111	715
111	756
112	749
113	503
113	517
113	638
114	252
114	587
115	415
115	553
115	671
116	315
116	320
116	752
116	754
117	165
117	496
117	746
118	150
118	674
118	679
119	254
119	367
119	403
119	504
119	509
119	581
120	152
120	319
120	404
120	472
121	508
121	640
121	681
121	721
122	594
123	189
123	328
123	539
123	609
123	695
124	169
124	465
124	634
124	661
124	751
124	775
124	795
125	524
125	573
125	713
125	798
126	327
126	331
126	477
126	763
127	219
127	762
128	153
128	199
128	298
128	612
128	791
129	639
129	642
130	384
130	388
130	705
130	726
131	572
131	739
132	306
132	418
132	612
133	234
133	373
133	394
133	792
134	279
134	450
134	644
134	713
135	396
135	563
136	360
136	717
136	725
136	735
137	640
139	269
139	482
139	655
139	680
139	734
140	370
140	528
140	766
141	439
141	702
141	709
141	738
142	179
142	215
142	428
142	787
143	381
143	545
144	295
144	488
145	355
145	376
145	398
146	769
146	788
147	297
147	531
147	547
147	571
148	191
148	386
148	512
148	605
149	223
149	501
149	664
149	701
150	239
150	294
150	323
150	425
150	569
150	762
151	384
151	468
151	498
152	474
152	504
152	576
153	474
153	729
154	279
154	652
155	310
155	324
155	772
156	236
156	323
156	345
156	614
156	786
157	219
157	225
157	465
157	567
157	623
157	659
158	741
159	238
159	253
159	498
160	238
160	447
160	762
161	484
162	207
162	428
163	523
163	574
163	709
164	260
164	478
164	622
164	669
164	727
165	251
165	468
165	487
165	614
165	772
166	181
166	323
166	412
166	414
166	437
166	484
167	551
168	340
168	742
170	417
170	459
170	487
170	739
170	774
171	304
171	391
171	559
171	655
172	411
172	616
172	670
172	708
172	771
173	365
173	411
173	687
174	351
175	788
176	393
176	433
176	705
176	731
177	293
177	312
177	549
177	618
177	638
177	741
178	673
179	285
179	425
180	490
180	547
180	709
182	220
182	256
182	467
183	187
183	432
183	585
183	636
183	645
183	658
184	190
184	479
184	698
184	728
184	773
185	431
185	440
185	713
185	716
186	358
186	434
186	717
187	197
187	295
187	321
187	637
187	683
187	692
188	318
189	211
189	515
191	683
191	706
192	216
192	577
193	290
193	333
193	601
194	284
194	348
194	355
194	446
194	455
194	486
196	581
197	619
197	687
198	474
198	741
199	350
200	301
200	314
200	326
200	427
200	566
201	381
201	387
201	504
201	735
202	401
202	461
202	749
203	206
203	543
203	553
203	773
204	229
204	297
204	685
205	300
205	427
205	458
205	560
206	227
206	397
206	435
207	591
208	311
208	386
208	547
208	738
209	360
209	621
210	278
210	338
210	559
210	646
210	661
211	246
211	312
211	477
211	542
211	576
211	766
212	546
212	704
213	522
214	384
215	333
215	348
215	400
215	514
216	301
216	629
216	733
216	762
217	307
217	423
217	463
217	732
217	736
217	790
218	261
218	453
218	614
218	691
219	328
219	336
219	357
220	722
221	487
221	658
222	490
222	495
222	566
222	655
222	746
223	540
223	595
223	677
223	723
223	734
224	320
224	420
224	436
224	450
224	539
224	791
225	276
225	293
225	381
225	588
225	745
226	503
227	374
227	780
228	462
228	598
228	715
228	779
229	612
229	672
229	712
230	272
230	306
230	513
230	631
231	321
231	348
231	358
231	602
231	691
231	796
232	310
232	566
233	440
234	514
234	602
234	615
234	721
235	441
235	697
235	721
236	380
237	449
237	482
237	542
238	476
238	568
238	602
239	277
239	496
239	580
239	665
239	781
240	247
240	339
240	473
240	633
240	686
240	707
241	479
242	796
243	405
244	366
244	467
244	559
245	285
245	352
245	572
245	681
246	292
246	508
246	606
247	326
247	599
247	700
247	766
248	397
248	401
248	415
248	461
248	530
249	413
249	580
250	287
250	609
251	299
251	483
251	632
251	648
252	359
252	395
252	661
252	687
253	265
253	526
253	597
253	620
254	366
254	403
254	534
255	361
256	352
256	684
256	769
256	777
257	281
257	413
258	557
258	591
258	797
259	706
261	727
262	400
262	523
263	270
263	509
263	548
264	312
264	574
265	283
266	371
267	334
267	628
268	362
268	468
268	479
268	631
268	663
269	343
269	647
270	454
270	637
271	414
271	438
271	448
272	369
272	669
272	720
273	436
273	452
273	481
273	497
274	313
274	355
274	364
275	313
276	324
276	586
276	630
276	720
277	658
278	493
278	699
278	733
279	288
279	547
280	433
281	293
281	315
281	525
281	625
282	375
283	318
283	489
283	766
284	652
284	772
285	295
285	331
285	413
285	490
286	666
286	751
287	548
287	564
288	626
288	676
288	726
289	325
289	697
290	330
290	346
290	627
291	380
293	672
294	326
294	456
294	658
294	781
295	487
295	537
295	780
296	349
297	425
297	780
298	397
298	604
299	435
299	543
299	709
299	726
300	687
300	738
301	307
301	441
301	620
301	705
302	329
302	472
302	525
302	646
302	717
302	795
303	462
303	793
304	489
304	490
304	625
304	655
305	421
305	468
305	502
305	642
306	325
306	423
306	796
307	334
307	440
307	701
308	654
309	554
309	639
309	650
310	321
311	531
311	566
312	668
312	733
313	378
314	338
314	477
314	568
314	604
315	593
315	630
316	502
317	334
317	436
318	631
318	783
319	780
320	494
320	716
321	569
322	374
322	668
324	351
324	378
325	637
325	657
325	791
326	370
326	606
326	615
326	621
326	737
327	595
327	634
328	370
328	454
328	463
328	661
328	739
329	417
329	748
330	639
330	676
331	336
331	699
332	421
332	456
333	484
333	499
333	686
333	694
333	703
333	709
333	784
334	453
335	594
336	353
336	413
336	472
336	482
336	537
336	567
336	727
336	733
336	785
337	662
338	342
338	439
338	544
338	553
338	669
339	390
339	595
339	723
340	405
340	528
341	385
342	466
342	498
342	582
342	773
343	406
343	457
343	594
344	436
344	487
344	522
344	541
344	657
344	781
345	611
345	615
346	703
347	498
348	392
348	499
348	724
349	712
349	732
349	791
350	484
350	531
352	463
352	515
352	708
352	725
353	761
354	492
354	579
355	502
355	603
355	710
355	728
355	788
356	709
357	635
357	666
358	369
358	399
358	662
358	791
359	527
360	542
360	710
361	620
361	712
362	409
363	600
363	748
364	459
364	534
364	643
364	789
366	569
367	489
367	719
367	793
368	408
369	462
369	464
369	615
369	735
370	393
370	530
370	579
370	613
371	462
371	797
372	575
373	462
374	721
375	505
375	579
375	684
375	764
376	506
377	545
377	686
378	405
380	408
380	510
380	602
380	609
380	639
381	670
381	691
381	766
382	684
384	647
385	395
385	612
386	408
386	798
387	477
387	645
387	794
388	391
388	495
388	523
388	784
389	575
391	531
391	590
391	734
392	508
392	518
394	533
394	658
394	722
395	459
395	788
396	426
396	468
396	684
397	513
397	708
397	763
398	790
399	426
400	449
400	682
400	780
401	423
401	642
402	774
402	777
403	558
403	764
404	416
404	470
404	685
405	420
405	607
406	429
406	602
407	508
407	617
407	781
408	701
409	441
410	509
410	584
411	691
412	506
413	660
415	430
415	441
415	528
415	615
415	695
416	644
417	469
417	639
417	640
419	475
419	512
419	611
420	519
422	559
422	692
423	484
424	533
424	578
424	638
426	503
426	587
427	454
427	489
429	577
431	507
431	612
432	571
433	788
434	656
435	617
436	509
436	516
437	654
438	722
439	445
439	510
439	525
439	738
439	770
440	595
440	600
440	673
441	612
442	459
442	537
443	507
443	534
443	737
444	690
445	502
445	645
445	778
446	683
447	709
447	723
448	603
448	677
449	645
449	711
450	570
452	749
452	770
453	595
453	725
453	793
454	739
455	575
455	613
457	575
457	682
457	788
459	556
459	654
460	711
461	543
461	582
461	735
461	774
462	777
463	676
463	765
464	466
464	611
465	530
465	549
465	583
465	722
465	727
466	483
466	613
466	736
467	508
468	567
468	611
468	651
468	695
469	570
469	576
469	666
470	545
474	478
474	573
474	667
474	673
475	757
476	566
476	645
477	722
477	740
478	772
478	789
479	615
479	762
480	506
481	580
484	721
485	539
486	532
486	598
487	589
487	733
489	676
490	570
491	603
491	670
492	772
492	799
493	571
493	741
495	584
496	521
496	576
497	718
498	586
498	640
498	706
499	733
500	510
500	521
500	782
501	576
502	646
502	758
503	571
503	753
504	649
504	687
504	759
505	544
506	566
506	611
507	525
509	623
510	696
511	715
513	674
514	629
514	656
515	595
515	628
515	672
515	687
515	704
516	656
516	720
517	755
517	797
520	534
520	559
521	630
521	684
522	682
523	614
523	728
524	658
527	577
528	563
528	742
528	791
529	552
530	566
530	567
530	677
531	607
532	569
532	640
533	577
533	714
535	735
536	641
536	715
536	745
536	748
537	540
537	588
538	794
540	576
540	792
541	645
541	711
541	738
543	551
545	594
546	578
546	586
546	587
546	592
546	789
547	578
547	663
548	705
549	747
550	723
551	710
551	716
552	597
552	615
553	717
554	708
555	617
555	682
555	791
556	619
556	649
556	769
559	763
561	662
562	631
562	705
562	723
562	786
563	653
563	715
564	753
564	763
565	662
566	587
567	744
568	727
569	751
570	662
571	637
571	678
571	726
573	629
573	724
576	640
577	639
578	608
578	643
579	796
580	655
580	682
580	719
581	754
581	769
582	732
583	595
583	729
584	664
584	674
585	685
586	626
587	631
587	689
589	616
589	721
589	784
591	735
591	740
592	713
597	651
598	730
600	715
600	794
603	735
605	630
605	720
608	694
608	784
609	612
609	713
609	744
610	626
610	667
610	697
611	694
611	741
612	778
615	756
615	781
616	771
618	653
618	747
621	694
623	740
624	720
626	748
628	704
630	652
630	795
631	735
632	688
633	776
634	761
637	693
638	745
639	699
640	763
642	690
647	663
648	744
651	791
654	664
655	700
657	697
658	765
658	798
660	671
664	696
666	686
667	743
674	778
675	752
677	794
678	691
679	774
682	765
683	767
684	698
684	736
685	739
685	795
686	758
687	703
690	747
693	795
698	755
701	732
704	707
706	758
707	740
711	797
715	737
717	758
718	797
721	772
726	739
729	760
732	767
737	786
738	792
739	772
740	779
759	764
764	788
767	780