0	457
0	493
0	672
1	29
1	597
1	631
1	681
1	768
2	236
3	98
3	185
3	243
3	322
3	479
3	517
3	595
3	616
3	675
3	733
3	781
4	90
5	90
5	162
5	229
5	704
5	783
6	25
6	240
6	434
6	784
7	53
7	329
7	539
7	662
7	706
8	141
8	288
8	681
8	769
9	310
9	337
9	430
9	614
9	648
10	73
10	279
10	305
10	394
10	473
10	525
10	729
10	765
10	792
11	32
11	68
11	152
11	255
11	299
11	774
12	81
12	336
12	603
13	26
13	151
13	779
14	200
14	359
15	290
15	388
15	775
16	464
16	498
16	786
17	205
17	289
17	419
18	114
18	128
18	227
18	255
19	30
19	121
19	211
19	253
20	512
20	605
21	75
21	705
22	98
22	104
22	280
22	366
23	268
23	501
23	696
23	776
23	781
24	75
24	122
24	410
24	444
24	546
24	713
24	744
25	328
25	695
25	765
26	108
26	226
26	252
26	351
26	664
26	798
27	127
27	633
28	287
28	316
28	382
28	415
28	653
28	760
29	207
30	53
30	208
30	435
30	556
31	114
31	272
31	320
31	465
32	127
32	187
32	347
32	420
32	448
32	536
33	174
33	345
33	479
33	687
33	754
34	97
34	794
35	129
35	131
35	199
35	393
35	607
36	242
36	395
36	523
36	775
37	90
37	249
37	600
37	769
37	799
38	301
38	448
38	662
38	683
38	714
38	744
39	514
39	631
39	690
39	760
40	75
40	220
40	294
40	733
41	189
41	303
41	742
42	214
42	598
42	603
42	740
43	257
43	285
43	477
43	498
43	784
44	46
44	348
44	393
44	525
45	164
45	590
46	235
47	276
47	445
47	461
47	504
47	731
47	794
48	70
48	307
48	317
49	695
50	104
50	152
50	723
50	780
51	57
51	105
51	316
51	331
51	379
51	424
51	487
52	370
53	329
53	413
54	277
54	400
54	458
55	248
56	102
56	251
56	343
56	443
56	623
57	229
57	294
57	477
57	669
57	675
57	729
57	734
58	268
59	68
59	180
59	749
60	266
60	341
60	508
61	326
61	390
61	430
61	526
62	135
62	168
62	171
62	258
62	726
62	793
63	84
63	192
63	238
63	337
63	438
64	543
64	695
65	101
65	533
65	606
65	659
65	674
65	682
66	426
66	526
66	535
67	265
67	293
67	556
68	273
68	430
68	460
68	542
68	559
68	795
69	102
69	196
69	355
70	253
70	291
70	408
70	453
70	677
70	770
71	415
71	535
71	664
71	723
72	583
72	602
72	619
72	768
73	86
73	161
73	215
73	741
74	78
74	442
74	603
75	76
75	334
75	346
75	409
75	544
76	83
76	279
76	302
76	359
76	465
76	794
77	461
77	594
78	209
78	278
78	609
78	663
79	255
79	348
79	594
80	571
80	630
80	751
81	258
81	273
81	277
81	330
81	619
82	107
82	519
82	619
83	163
83	239
83	285
83	548
84	169
84	386
84	442
84	503
84	728
85	705
86	571
86	625
87	136
87	654
88	166
88	200
88	484
88	524
88	629
88	641
89	552
89	589
89	747
90	321
90	337
90	368
90	400
90	428
91	132
92	399
92	402
92	439
93	404
93	409
93	473
93	752
94	523
94	715
95	124
95	515
95	796
96	194
96	242
96	324
96	769
97	149
97	344
97	758
99	412
99	581
100	122
100	256
100	287
100	584
100	649
100	703
101	167
101	602
102	205
102	239
102	610
102	629
102	753
102	764
103	308
103	520
103	638
103	641
103	707
104	567
104	590
104	676
104	783
105	525
106	553
107	213
107	335
107	537
107	584
108	434
108	505
109	462
110	174
110	540
110	732
111	287
111	387
111	772
112	115
112	171
112	457
112	497
112	618
112	797
113	339
113	451
113	698
114	177
114	217
114	260
115	317
115	334
115	670
116	290
116	314
116	318
116	671
117	158
117	678
118	318
118	446
118	617
118	650
118	742
119	388
119	697
120	212
120	312
120	359
121	642
121	726
122	361
122	646
122	669
122	701
123	423
123	675
123	762
125	214
125	502
125	584
125	668
125	795
126	234
126	306
126	350
126	368
126	781
127	149
127	221
127	733
128	326
128	680
128	704
129	282
129	367
130	203
130	335
130	473
130	525
131	385
131	487
131	657
131	659
132	286
132	581
132	757
133	195
133	405
133	445
133	630
133	647
133	652
133	705
134	286
134	356
134	402
135	391
135	455
135	534
135	560
135	643
135	772
136	391
136	539
136	633
136	664
137	681
137	710
137	749
138	442
138	532
138	575
138	682
138	747
139	383
139	652
139	746
140	291
140	534
140	733
140	798
141	142
141	274
141	409
141	456
141	551
141	756
142	186
142	414
142	512
143	521
143	724
143	735
143	748
144	275
144	321
144	339
144	498
144	581
144	787
145	152
145	265
145	406
145	440
145	535
145	548
146	325
146	482
146	694
147	644
148	205
148	310
148	352
148	390
148	457
148	468
148	675
148	704
149	435
149	453
149	551
149	604
149	605
150	209
150	282
150	341
150	449
150	552
151	188
151	317
151	385
151	514
151	577
151	686
151	777
152	267
152	546
153	186
153	266
153	390
153	461
153	611
153	666
153	693
154	167
154	329
154	378
154	520
154	658
154	778
155	791
156	366
156	368
157	198
157	231
157	628
159	555
160	207
160	743
161	181
161	341
161	612
161	724
161	761
162	183
162	379
162	422
162	494
162	741
163	371
163	478
163	764
165	177
165	270
165	451
165	483
165	557
165	568
166	292
167	201
167	465
167	542
167	747
168	204
168	280
168	383
169	393
169	597
170	418
170	481
171	220
171	368
171	443
171	591
171	615
171	724
172	212
172	311
172	515
173	183
173	397
173	720
174	549
174	786
175	442
175	548
176	335
176	367
176	523
177	219
177	392
178	385
178	555
178	778
179	289
179	306
179	320
179	482
179	585
180	297
180	342
180	424
180	469
180	504
180	515
181	578
181	593
181	743
181	762
182	335
182	380
182	657
182	708
182	785
184	376
184	409
184	536
184	652
185	288
185	419
185	488
185	516
186	375
186	473
186	494
186	536
186	539
186	636
187	326
187	783
188	304
188	346
189	228
189	268
189	329
189	390
189	582
190	258
190	352
190	444
190	505
190	515
190	745
191	500
191	540
192	216
192	381
193	387
194	300
194	770
195	332
195	506
195	669
195	746
196	264
196	302
196	452
197	320
197	799
198	473
198	593
199	247
199	291
199	587
199	744
200	223
200	274
200	280
200	358
200	629
201	573
201	594
201	658
201	773
202	217
202	219
202	514
203	218
203	333
203	447
204	251
204	641
204	710
206	415
206	607
206	659
206	781
207	563
207	728
208	237
208	371
208	607
209	520
209	738
209	753
210	443
210	531
210	712
210	740
210	789
211	337
211	477
211	525
211	612
211	738
212	249
212	276
212	491
212	493
212	766
213	224
213	231
213	348
213	718
213	723
214	611
214	717
215	487
215	655
215	659
215	660
215	675
216	764
217	701
217	780
218	441
218	559
218	774
219	288
219	338
219	673
219	785
220	394
220	552
220	676
220	685
220	697
221	233
221	542
221	765
222	604
222	621
223	472
223	580
224	418
224	667
225	393
225	491
225	533
225	711
225	722
226	520
226	663
227	399
227	449
227	791
228	473
228	626
229	657
229	698
229	723
230	310
230	386
231	247
231	252
231	380
231	392
231	399
231	403
231	593
231	668
232	276
232	433
232	570
232	612
233	330
233	612
233	787
234	307
234	703
235	240
235	402
235	576
235	656
235	743
235	756
236	383
236	522
236	696
236	717
237	453
237	762
238	564
238	579
238	609
238	772
239	267
239	538
239	639
240	433
240	455
241	444
241	486
241	503
241	529
242	258
242	423
242	573
243	611
243	716
244	402
244	493
244	517
244	538
244	716
245	608
245	612
246	667
246	719
247	427
247	491
247	548
248	379
248	514
248	657
249	273
249	303
249	411
249	575
250	696
250	730
250	791
251	329
251	370
251	463
251	661
251	749
252	464
252	523
253	318
253	622
253	717
253	753
254	502
254	689
255	276
255	425
256	305
256	355
256	534
256	611
257	289
257	634
258	409
258	431
258	668
258	687
258	796
259	298
259	369
259	725
260	619
260	645
260	659
260	731
261	533
261	575
261	779
262	271
263	788
264	286
264	301
264	438
264	685
264	694
264	718
264	740
265	406
265	482
265	702
266	296
266	394
266	584
266	598
267	769
268	376
268	765
269	502
270	476
270	477
270	512
270	724
271	357
271	760
271	770
272	365
273	304
273	323
273	795
274	393
274	787
275	395
275	473
275	534
275	592
275	671
275	705
276	302
276	593
277	631
277	742
278	340
278	453
278	660
278	757
278	764
279	369
279	475
279	644
279	771
280	348
280	527
280	609
281	596
281	683
283	328
283	398
283	420
284	486
284	633
284	691
285	299
285	400
285	710
286	337
287	647
287	694
288	407
288	526
288	544
288	685
288	736
288	795
289	309
289	480
289	519
289	703
290	385
290	485
290	593
291	536
291	629
291	630
292	442
292	619
293	294
293	388
293	393
294	344
294	593
294	690
295	332
295	410
295	688
296	360
296	716
297	401
297	709
298	421
298	664
298	684
299	493
299	494
299	540
299	629
299	660
299	791
299	795
300	517
300	551
302	330
302	430
302	445
302	472
302	545
303	346
303	423
303	516
304	316
304	469
304	536
304	706
304	728
305	591
305	674
305	705
305	710
306	512
306	574
306	594
306	744
307	339
307	382
308	364
308	472
308	541
308	733
309	417
310	340
310	665
310	734
311	719
311	790
312	330
312	359
312	515
312	690
312	789
313	333
313	615
313	647
313	731
313	771
313	780
314	387
314	647
315	372
315	376
315	496
316	591
317	378
318	559
318	696
319	485
319	740
320	396
320	415
320	524
320	532
321	425
321	746
322	476
324	775
325	395
325	793
326	567
326	578
326	645
327	673
328	333
328	398
328	664
328	726
328	744
329	507
329	791
330	338
330	371
330	446
331	351
331	450
331	598
331	705
332	371
332	518
332	527
332	675
332	703
333	457
333	488
333	731
334	445
334	653
335	356
335	646
335	712
336	414
336	517
336	546
337	343
337	399
337	436
337	537
338	418
339	365
339	370
340	385
340	523
340	569
340	759
341	386
341	396
341	411
341	586
341	625
341	797
342	391
342	411
342	655
342	784
343	416
344	485
346	523
346	736
347	434
347	486
348	425
348	783
349	558
352	674
352	762
353	418
354	686
355	423
355	491
355	639
356	614
356	767
357	568
357	740
359	464
359	667
360	530
360	541
360	734
361	412
361	587
361	589
361	644
362	457
362	686
362	713
363	463
364	711
365	780
367	432
367	525
367	670
367	727
367	739
367	768
368	461
368	465
368	599
368	644
368	651
368	656
369	671
369	765
370	396
371	750
371	789
372	456
372	559
372	575
372	677
372	736
373	640
374	560
374	680
377	544
378	450
378	577
378	774
379	705
380	692
381	462
381	481
381	502
381	616
382	717
382	756
383	741
384	521
384	730
385	409
385	483
386	635
386	653
386	795
386	797
387	394
387	530
387	652
387	712
388	395
388	536
388	617
389	599
389	768
390	415
390	775
391	477
392	526
393	493
393	638
393	713
394	447
394	625
394	729
395	546
396	616
396	618
397	679
398	439
398	637
399	767
400	480
400	517
400	686
400	749
402	492
402	512
402	553
402	684
402	764
402	768
403	490
403	635
404	481
404	533
404	583
405	609
405	774
406	546
406	571
409	422
409	551
410	509
410	587
410	663
410	765
411	524
412	569
413	601
413	730
414	609
415	552
416	773
416	781
417	524
417	768
418	605
418	606
419	449
419	480
420	541
420	664
420	772
421	426
421	643
422	598
422	745
422	758
423	483
423	675
423	719
425	448
425	574
425	757
426	546
427	760
428	711
429	548
429	631
430	473
430	616
430	644
430	665
431	618
432	495
432	603
432	645
433	585
433	670
433	772
434	528
435	558
435	705
436	487
437	641
437	657
437	769
438	446
438	583
438	589
438	608
438	630
438	776
440	736
441	780
442	458
442	508
442	658
443	515
444	510
444	696
445	589
445	707
447	451
447	468
447	553
448	563
448	589
448	599
450	578
450	744
451	479
451	653
451	763
452	545
453	515
453	601
454	639
455	491
455	628
455	642
456	589
456	740
457	676
457	685
457	724
459	478
459	524
459	541
459	770
460	470
460	583
461	487
461	705
462	612
462	707
464	592
464	615
464	674
464	746
465	575
466	607
466	768
467	556
467	590
468	743
469	538
469	683
469	740
470	556
470	602
470	709
471	546
472	487
473	651
474	523
474	549
474	643
475	492
475	710
477	509
478	603
478	662
479	637
480	524
480	660
481	680
482	583
482	593
484	580
484	587
484	634
487	581
487	603
487	613
487	796
488	606
489	579
490	712
492	666
492	747
492	751
493	547
494	747
495	554
496	688
496	695
496	745
497	532
497	624
497	674
497	685
498	646
498	736
498	768
499	758
501	536
503	520
503	675
507	561
507	708
509	599
509	609
509	730
510	768
511	708
512	618
513	729
513	774
514	602
515	688
516	778
517	704
518	529
520	625
520	663
520	700
522	659
523	569
524	585
525	571
525	650
526	563
526	674
527	535
528	580
528	742
529	564
529	580
529	771
530	557
531	622
531	632
532	679
532	793
533	694
533	730
534	551
535	599
541	786
542	681
543	627
544	679
544	760
545	783
546	668
546	699
548	620
549	762
549	769
550	705
553	610
553	622
554	592
554	613
554	641
554	659
555	557
555	706
555	716
556	573
557	724
557	768
558	711
559	618
562	744
563	785
563	786
564	568
565	764
565	771
566	598
566	617
567	659
568	602
568	626
568	709
570	611
571	588
571	673
571	738
572	733
575	727
576	651
576	738
577	710
578	597
578	785
579	667
579	681
579	697
579	785
580	593
580	707
581	591
581	672
582	706
582	791
584	781
587	607
587	622
588	777
589	699
590	775
592	638
595	772
595	797
596	672
598	703
601	674
602	687
603	712
603	789
605	763
606	736
607	648
607	701
609	751
612	674
613	759
614	661
618	666
618	748
622	769
627	641
627	747
629	734
632	775
633	634
634	635
638	650
640	776
643	690
643	787
644	661
644	719
645	732
646	699
647	655
649	796
651	727
652	753
652	794
653	738
653	787
655	741
655	759
656	765
658	724
659	718
659	784
659	786
664	799
666	705
666	706
667	705
670	782
672	752
678	716
679	772
680	779
682	729
684	707
684	789
685	710
685	773
685	792
686	710
686	781
687	758
689	782
694	799
695	696
696	752
696	783
699	748
701	790
704	705
704	723
707	737
707	758
712	781
718	783
721	777
722	790
725	788
729	744
731	787
732	744
734	799
738	760
738	779
742	758
742	786
743	750
743	773
746	749
755	792
756	781
763	791
776	794