0	99
0	732
0	756
0	758
0	797
1	103
1	149
2	4
2	655
3	513
3	559
3	672
3	773
4	268
4	583
4	618
5	188
5	334
5	440
5	532
6	173
6	547
7	502
7	756
8	114
8	303
8	486
8	599
8	758
9	126
9	314
9	349
9	696
10	211
10	273
10	492
10	562
10	620
11	30
11	236
11	409
12	202
12	233
12	759
13	44
13	138
13	142
13	290
13	385
13	713
13	792
14	235
14	381
15	332
15	500
16	267
16	288
16	444
17	77
17	142
18	318
18	672
18	683
19	405
19	423
20	514
20	528
20	657
20	690
20	747
20	793
21	145
21	575
22	43
22	481
22	751
23	141
23	631
24	40
24	424
25	58
25	158
25	422
25	426
25	734
25	780
26	183
26	195
26	262
26	409
26	507
26	533
26	627
26	728
27	127
27	354
28	356
28	392
28	560
29	264
29	304
29	539
30	232
30	300
30	557
30	616
31	221
31	358
31	478
31	597
31	684
31	799
32	94
32	101
32	183
32	237
32	295
32	500
33	356
33	429
33	461
34	105
34	156
34	388
34	430
34	438
34	772
35	107
35	731
36	51
36	329
36	678
37	79
37	109
37	381
37	739
38	120
38	217
38	277
38	287
38	790
39	79
39	261
40	138
40	169
40	382
40	697
41	302
41	392
42	364
42	426
42	544
42	707
43	93
43	161
43	185
43	218
43	293
43	462
43	591
43	601
44	79
44	143
44	159
44	168
45	109
45	131
45	242
45	273
45	280
45	717
46	60
46	338
46	701
46	763
47	51
47	399
48	210
48	612
48	752
49	101
49	115
49	503
49	624
50	528
50	787
51	141
51	203
51	453
51	470
51	538
51	598
51	601
51	767
52	165
52	311
52	583
53	153
53	403
53	422
53	601
54	72
54	171
54	470
54	712
55	287
55	365
55	427
55	666
56	252
56	666
57	196
57	227
57	739
58	88
58	156
58	703
59	259
59	266
59	464
59	548
59	584
60	86
60	91
60	164
60	467
60	494
60	507
60	750
60	755
61	252
61	284
61	460
61	681
61	783
62	133
62	456
63	78
63	357
64	99
64	269
64	283
65	214
66	78
66	101
66	111
66	211
66	295
66	438
66	446
66	512
66	688
67	88
67	268
67	359
67	668
68	190
68	337
68	377
68	614
68	771
69	72
69	339
69	442
69	468
69	597
69	776
70	95
70	192
70	351
70	688
71	377
71	463
72	584
72	728
73	359
74	375
74	707
74	783
75	442
75	659
76	213
76	251
76	454
76	598
76	601
76	650
77	252
77	574
77	718
78	172
78	343
78	474
78	735
80	251
80	294
80	371
81	176
81	325
81	547
81	717
81	771
82	690
83	380
83	792
84	409
84	746
84	758
85	198
85	413
85	718
86	509
87	261
87	275
87	408
87	608
88	163
88	164
88	458
88	536
89	533
90	119
90	159
90	511
90	707
90	714
91	198
91	381
91	572
91	574
91	714
92	315
92	351
93	429
93	514
93	602
94	399
94	559
94	712
95	176
95	278
95	436
95	612
95	731
96	351
96	414
96	620
97	230
97	503
98	245
98	317
98	505
100	780
101	290
101	352
101	482
101	785
102	243
102	244
102	297
102	307
102	509
103	161
103	235
103	328
103	661
104	472
105	386
105	482
105	695
106	433
106	496
106	578
106	591
107	288
107	439
107	708
107	715
108	155
108	194
108	287
108	327
108	689
109	302
109	340
109	426
109	515
109	680
109	734
109	744
110	430
110	563
110	721
110	766
111	241
111	284
111	434
111	633
111	715
112	330
112	391
112	415
112	574
112	680
113	432
113	578
114	267
114	440
114	534
115	228
115	376
115	501
115	750
115	793
116	177
116	676
116	744
116	746
117	161
117	405
117	423
118	128
118	294
119	120
119	310
119	557
119	759
120	355
120	451
120	568
120	731
121	161
121	525
121	539
121	670
121	685
122	142
122	245
122	719
123	366
124	239
124	342
124	429
124	528
125	193
125	247
125	717
126	237
126	360
128	165
128	747
129	734
130	142
130	267
130	389
130	698
131	446
131	539
132	137
132	167
132	626
133	166
133	251
133	495
133	627
133	679
133	726
133	739
134	177
134	502
134	779
135	306
135	348
135	468
136	409
136	448
136	569
136	651
136	795
137	257
137	426
137	669
138	146
138	313
138	379
138	402
138	620
138	696
139	151
139	281
139	372
139	439
140	302
140	452
141	205
141	408
141	470
141	483
141	654
141	679
141	717
141	722
142	376
142	436
143	200
143	356
143	368
143	380
143	490
144	154
144	212
144	502
144	612
145	190
146	402
146	492
146	542
146	699
147	201
147	305
147	609
147	653
148	215
148	327
148	607
149	241
149	275
149	283
149	369
149	647
149	757
150	385
151	435
151	444
151	608
151	628
151	745
152	290
152	480
152	682
153	504
153	540
153	770
154	539
154	658
155	284
155	482
156	592
156	629
156	632
157	193
157	219
157	295
157	562
157	583
157	619
157	634
157	682
157	728
157	734
158	291
158	455
158	560
158	779
159	729
160	170
160	276
160	375
160	503
160	587
161	434
161	599
161	700
161	730
161	751
161	791
162	179
162	231
162	324
162	429
162	615
163	271
163	622
164	751
165	356
165	399
165	735
166	273
166	278
166	523
167	176
167	218
168	357
168	475
168	542
168	644
168	661
168	734
169	219
169	264
169	294
169	445
169	655
169	691
170	315
170	324
170	345
170	428
171	274
171	427
171	459
172	379
172	479
172	557
172	619
172	630
172	752
172	756
173	493
173	609
173	687
173	701
173	778
174	339
174	444
174	486
174	747
175	343
175	523
176	256
176	310
176	323
176	380
176	430
176	551
176	787
177	215
177	440
177	441
178	557
178	747
179	329
179	352
179	499
179	511
179	657
179	658
180	275
180	372
180	515
180	570
181	217
181	337
181	416
182	268
182	328
182	766
183	560
184	232
184	665
184	764
184	768
185	186
185	665
186	416
186	729
187	239
187	279
187	316
188	195
188	527
188	660
188	731
189	308
189	621
189	781
190	451
191	389
191	582
192	345
192	631
193	282
193	524
193	613
194	397
194	713
195	491
195	587
196	359
196	630
196	695
197	255
197	459
197	701
197	712
197	748
197	763
198	271
198	363
199	357
199	388
199	469
199	473
200	225
200	583
200	645
200	654
201	313
201	535
201	746
202	235
202	289
202	537
203	209
203	228
203	241
204	573
204	635
204	669
205	373
205	519
205	736
206	319
206	520
206	726
206	743
207	291
207	651
208	213
208	332
208	574
208	722
208	739
208	784
210	299
210	349
210	358
210	563
211	223
211	332
211	338
211	465
212	316
212	396
212	633
212	705
213	326
213	572
213	734
213	759
213	768
215	464
215	542
216	531
216	623
217	702
218	305
218	771
219	558
220	229
221	300
221	355
222	298
222	308
222	393
222	553
222	572
222	703
222	794
223	642
224	349
224	527
224	654
224	757
225	292
225	390
225	405
225	604
226	449
227	352
227	377
227	793
228	330
228	522
229	649
229	651
229	741
229	787
231	394
231	612
231	795
232	345
232	355
232	596
232	661
234	468
234	715
234	788
235	327
235	635
236	422
238	446
238	628
238	747
239	346
239	617
239	671
240	281
240	378
240	541
241	253
241	259
241	284
241	290
241	549
241	637
242	337
242	460
242	551
242	703
242	772
243	276
243	340
243	376
243	378
243	568
243	735
243	761
244	279
244	391
245	346
245	390
245	747
246	329
247	668
248	792
249	272
249	728
250	320
250	344
250	433
250	682
251	606
252	641
253	374
253	537
253	694
254	423
254	586
254	791
255	376
255	429
255	756
256	466
256	572
258	269
258	281
258	284
258	289
258	370
258	501
258	678
258	754
258	780
259	460
259	595
259	669
260	282
260	289
260	358
260	584
260	608
260	618
260	647
261	577
261	608
261	742
261	746
262	283
262	386
262	471
262	656
262	695
262	790
263	340
263	620
263	632
264	492
265	346
265	590
265	779
266	289
266	346
266	351
266	493
266	535
267	347
267	444
267	669
268	441
268	669
268	763
269	320
269	508
269	574
270	475
270	481
271	637
272	551
273	523
273	686
273	731
274	405
274	433
274	569
275	586
276	554
276	574
277	319
277	321
277	372
278	454
278	468
278	702
279	358
279	458
280	326
280	346
280	398
280	456
280	580
281	335
281	374
281	487
282	355
282	613
283	377
284	307
284	765
285	291
285	505
285	625
286	403
286	406
286	688
286	703
287	600
287	616
287	634
288	387
288	392
290	301
290	320
290	459
290	487
290	559
290	586
290	713
291	557
291	589
292	452
292	569
293	363
293	417
293	791
294	537
294	646
294	648
295	471
295	497
295	691
295	763
296	573
296	751
297	339
297	778
298	444
299	347
299	438
300	776
301	411
301	488
301	513
301	550
301	551
301	583
301	606
302	491
302	606
302	797
303	342
303	678
303	784
305	596
305	737
305	782
306	793
307	318
307	492
307	669
307	687
308	344
308	612
309	461
309	534
309	630
310	436
311	353
311	460
311	471
311	564
311	677
311	752
311	767
311	774
312	337
314	347
314	523
314	678
314	748
314	786
315	333
315	367
315	374
316	486
316	786
317	450
317	594
319	379
319	569
319	633
320	326
320	484
321	324
321	426
321	557
322	756
323	416
323	632
323	667
323	717
324	395
324	497
324	600
325	733
326	637
326	666
326	697
326	745
327	538
327	778
328	350
328	429
328	600
328	654
329	342
329	678
330	580
330	640
331	418
331	641
331	764
331	787
332	431
332	680
333	617
333	698
333	749
334	361
334	651
334	704
334	718
335	557
336	577
336	653
337	614
337	671
337	677
338	498
339	454
339	618
339	636
340	525
340	543
340	710
341	472
342	689
343	424
343	766
343	795
343	798
344	646
345	488
346	359
346	382
346	688
346	703
346	733
346	743
347	477
347	665
347	751
348	351
350	452
351	370
351	374
351	390
351	484
351	703
352	360
352	367
352	380
353	418
353	750
354	702
355	693
356	437
356	600
356	698
357	660
357	699
358	387
358	442
358	646
360	769
361	413
361	673
362	425
362	551
363	580
363	627
363	749
363	757
364	581
364	617
365	736
366	570
366	610
367	454
367	472
367	588
368	418
368	533
369	609
369	775
370	383
370	581
370	744
372	643
373	485
373	561
373	568
373	695
374	388
374	448
374	589
374	615
374	676
375	535
376	431
376	741
376	777
377	397
377	443
378	585
379	616
379	767
379	779
379	793
380	471
381	470
381	619
383	507
384	457
384	749
385	610
385	724
386	451
386	610
386	625
386	764
387	571
387	771
387	790
388	466
388	746
389	578
390	445
390	472
390	499
390	649
390	694
390	751
392	570
392	622
393	492
393	597
393	680
394	527
394	773
395	438
396	739
396	772
398	418
398	631
399	506
399	780
400	515
401	678
402	649
402	750
402	798
403	687
403	753
404	475
404	592
405	465
405	482
405	631
405	643
406	696
406	718
407	609
408	769
409	427
409	630
410	518
410	668
410	754
411	483
411	634
412	443
412	512
412	610
412	613
412	712
413	599
415	654
415	713
416	480
416	530
416	637
416	689
416	755
417	761
419	556
420	432
421	588
422	447
422	525
422	735
423	519
423	584
423	723
424	685
424	692
424	738
424	773
425	564
425	660
426	732
427	445
427	609
427	796
428	567
428	740
430	606
430	637
431	624
431	782
432	485
432	595
432	698
432	708
432	783
433	656
434	453
437	571
437	713
438	461
438	487
438	502
438	734
439	519
439	670
439	757
440	494
441	605
442	588
442	623
442	666
442	667
444	507
444	569
444	570
445	548
445	645
445	723
445	752
446	593
446	766
447	505
447	549
448	557
449	514
449	559
450	480
450	735
451	492
451	688
452	742
453	461
453	557
453	700
453	793
454	538
454	546
454	698
455	457
455	595
456	475
456	640
456	796
458	557
458	570
459	594
459	654
460	505
460	563
460	772
461	618
462	610
462	639
462	719
463	580
464	595
464	674
464	758
465	679
467	504
467	563
469	716
469	767
469	779
470	570
471	481
471	551
471	623
472	615
473	663
473	759
474	678
474	680
474	777
475	532
476	589
477	488
477	620
477	784
478	694
479	517
481	749
482	489
482	703
483	563
483	752
483	799
485	589
486	633
486	721
486	741
486	783
487	517
489	543
489	690
491	638
491	640
492	739
494	731
495	576
497	597
498	548
499	631
499	653
499	691
499	719
499	735
501	708
501	747
502	517
503	526
503	679
503	742
504	619
504	661
505	614
505	621
506	646
506	691
507	715
508	511
508	590
508	658
508	698
509	681
510	573
511	587
511	601
511	693
512	525
513	554
514	699
514	712
516	573
516	623
516	741
517	524
517	590
517	699
518	784
519	738
520	553
520	571
521	572
521	600
521	737
523	607
524	644
524	729
529	710
530	746
531	689
533	595
534	651
535	663
536	651
538	642
538	740
539	651
540	554
540	555
540	690
540	711
542	732
543	618
543	729
545	631
545	745
546	704
547	559
547	609
547	704
547	774
548	570
549	745
550	573
550	602
550	629
551	638
551	745
551	761
551	790
552	625
552	631
552	751
554	570
556	722
557	772
558	723
560	570
560	652
561	646
561	662
561	708
561	714
562	611
563	633
563	649
565	730
566	598
566	729
569	749
572	667
572	775
574	772
576	619
577	608
579	726
581	734
582	656
583	654
583	766
583	785
585	685
585	780
586	678
586	778
589	771
590	635
590	752
591	621
591	668
592	602
593	655
594	619
597	635
597	797
599	718
600	619
601	605
601	621
603	720
604	730
606	639
609	718
610	622
611	644
612	663
612	696
612	738
612	766
612	793
613	669
613	727
613	736
619	629
619	670
619	784
621	625
622	702
622	771
623	730
624	775
627	772
628	747
631	678
631	789
631	798
632	762
632	771
633	721
633	728
636	779
639	709
641	728
643	789
644	731
647	706
647	769
648	779
649	684
649	779
650	756
651	772
653	760
654	685
655	729
655	794
656	753
659	746
660	701
663	799
664	703
664	711
666	671
668	756
668	791
669	676
669	783
671	757
671	772
675	704
675	795
676	771
677	694
677	797
678	682
689	777
690	792
693	744
693	787
699	724
701	717
701	732
702	791
703	778
703	791
706	786
708	747
709	751
710	759
712	743
720	724
720	730
720	745
721	744
721	769
722	799
725	754
730	750
730	786
733	772
736	760
739	769
740	772
741	771
749	781
753	792
757	794
759	784
771	798
789	791