0	396
0	743
1	389
2	95
2	192
2	224
2	492
2	636
2	708
3	52
3	292
3	323
3	697
4	153
4	594
5	37
5	151
5	246
5	380
5	389
6	329
7	303
7	411
7	509
7	783
7	787
8	541
8	653
9	304
9	337
9	426
9	486
9	698
10	11
10	423
10	513
10	717
11	27
12	65
12	126
12	320
13	57
13	138
13	234
13	298
13	330
14	16
14	131
14	374
14	469
14	522
14	775
15	721
15	727
15	734
15	777
16	155
16	637
17	89
17	571
18	69
18	142
19	167
20	226
20	242
20	356
21	72
21	514
21	629
22	91
22	351
22	393
22	751
23	534
23	636
23	642
24	133
24	327
24	449
24	708
24	728
25	591
26	106
26	749
27	42
27	192
27	671
28	198
28	332
28	378
28	599
29	58
29	74
29	122
29	269
29	379
29	534
30	129
30	210
30	293
30	353
30	618
30	623
31	90
31	608
32	387
32	574
32	639
32	651
32	662
33	100
33	317
33	360
33	636
33	646
33	691
33	743
33	762
34	45
34	134
34	283
34	326
34	563
34	677
34	766
35	258
35	511
35	516
35	768
35	772
36	50
36	91
36	127
36	726
36	755
37	405
37	434
37	519
37	592
37	629
38	75
38	102
38	364
38	602
39	300
39	316
39	636
39	737
40	335
40	423
40	603
40	754
41	377
41	496
42	220
43	56
43	94
43	284
44	211
44	286
44	337
44	370
45	390
45	465
45	555
45	623
46	539
46	771
47	51
47	129
47	149
47	398
47	664
47	785
48	66
48	526
48	769
48	776
49	77
49	187
49	547
49	733
50	562
50	613
51	526
52	140
52	476
52	622
52	735
53	75
53	120
53	166
53	471
53	626
53	641
53	791
54	234
54	348
54	402
54	423
54	457
54	471
54	527
54	656
54	743
55	70
55	285
55	452
55	604
56	165
56	176
56	188
57	569
58	116
58	432
58	526
59	316
59	319
59	604
59	665
60	691
60	780
60	790
61	531
61	715
62	93
62	152
62	223
62	262
62	665
62	745
63	98
63	139
64	284
64	570
65	266
65	672
65	695
65	745
65	746
66	435
66	561
66	741
66	765
66	780
67	119
67	413
67	683
67	725
67	791
68	140
68	172
68	357
68	372
68	389
68	448
68	503
69	358
69	388
69	649
69	763
70	222
71	325
71	570
72	442
73	119
73	481
73	553
73	559
73	792
74	598
74	711
74	727
75	266
75	706
76	80
76	333
76	421
77	482
77	657
77	675
77	778
78	281
78	333
78	363
79	179
81	166
81	369
81	440
81	472
81	758
82	323
82	710
82	798
83	143
83	147
83	236
84	100
84	314
84	428
84	558
84	790
85	131
85	516
85	600
85	631
85	763
86	220
86	616
87	219
87	318
87	757
88	599
88	600
88	706
88	722
88	752
89	118
89	135
89	182
89	381
89	557
90	97
90	245
91	350
91	432
92	353
92	434
92	557
92	611
92	619
92	691
92	693
92	795
93	230
93	319
93	649
93	785
94	416
94	742
94	760
95	316
95	496
95	525
95	551
95	587
96	209
96	245
96	530
96	531
97	417
97	564
98	273
98	496
98	545
99	245
99	325
99	645
99	781
100	125
100	142
100	168
100	322
100	559
101	123
101	405
101	468
101	501
101	531
101	635
102	195
102	274
102	377
102	518
103	159
103	186
104	196
105	433
105	522
105	638
105	771
106	535
106	564
106	678
106	697
107	129
107	398
108	178
108	251
108	286
108	307
108	371
109	521
109	602
109	623
109	784
110	249
111	228
111	592
112	255
112	268
112	433
112	748
113	282
113	557
114	247
114	270
114	368
114	626
114	739
115	720
116	378
116	601
116	741
116	770
117	533
117	572
118	169
118	218
118	368
118	468
118	678
118	708
118	773
119	167
119	218
119	421
119	651
119	696
119	733
120	446
120	493
120	707
120	740
120	769
121	173
122	346
123	127
123	162
123	176
123	256
123	359
123	363
123	376
124	193
124	553
125	264
125	572
125	615
125	663
126	146
126	305
126	341
126	363
126	431
126	663
127	674
127	765
128	464
129	223
129	224
129	528
129	685
130	202
130	671
131	341
131	356
131	371
131	778
132	384
132	413
132	660
133	155
133	637
133	705
134	404
134	752
135	205
135	292
135	552
135	617
136	334
136	504
137	154
137	234
137	269
137	410
137	524
137	573
137	684
138	185
138	649
138	764
139	377
139	593
140	146
141	144
141	314
141	575
141	628
142	154
142	597
142	716
143	510
143	638
145	353
145	431
145	442
145	507
146	358
146	437
147	483
147	545
147	605
147	612
147	648
148	220
148	261
148	327
148	435
148	492
148	547
148	714
148	756
148	771
149	356
149	480
149	602
149	653
149	710
150	740
151	314
151	448
151	696
152	233
152	350
152	399
152	689
153	318
153	407
153	756
153	787
154	503
154	746
155	186
155	306
155	516
156	169
156	180
156	492
156	684
157	187
157	447
157	575
157	627
158	395
159	247
159	366
159	445
159	513
159	597
160	218
160	221
160	306
160	323
160	437
160	445
160	551
160	651
161	515
161	543
161	631
162	491
162	494
162	792
163	204
163	464
163	468
163	670
164	334
165	455
165	532
165	714
166	277
166	340
166	393
166	647
166	699
167	440
167	462
167	681
168	360
168	389
168	546
168	558
168	647
168	732
169	477
169	764
170	271
170	375
171	710
172	419
173	307
173	425
173	653
174	267
174	335
175	412
175	430
175	731
175	741
175	781
176	230
176	242
176	359
176	679
177	193
177	309
177	334
177	406
177	571
177	751
178	692
178	755
178	770
178	778
179	440
180	632
180	754
180	773
181	442
182	231
182	682
183	395
184	247
184	370
184	635
185	214
185	215
185	755
186	223
186	513
187	363
187	458
187	682
188	429
188	493
188	547
188	571
189	314
189	320
189	453
189	471
189	497
189	644
190	303
190	438
190	534
190	600
190	640
190	666
190	729
190	755
191	295
191	382
191	498
192	346
192	771
193	197
193	574
193	743
194	512
194	592
195	319
195	386
195	471
195	760
196	696
197	436
198	273
198	401
198	728
199	799
200	299
200	344
200	409
200	473
201	224
201	266
201	382
201	409
202	354
203	582
203	658
203	707
205	383
205	402
205	459
206	392
207	552
207	617
208	268
208	379
208	614
208	637
209	651
209	688
209	719
210	642
210	708
211	422
211	498
211	709
212	419
212	427
212	577
213	322
213	646
213	711
214	283
214	504
214	588
214	601
214	745
215	220
216	728
217	711
218	278
218	500
218	526
219	430
219	467
219	584
219	660
219	791
220	543
220	601
220	664
220	668
221	634
223	334
223	400
223	607
223	784
224	266
224	323
224	685
225	413
225	618
225	646
226	303
226	496
227	310
227	569
227	615
227	635
228	368
228	723
229	420
230	409
230	431
230	631
230	719
231	307
231	508
232	485
232	741
233	436
233	702
233	784
234	417
234	693
235	311
235	378
235	572
235	681
236	265
236	559
236	561
236	605
236	627
237	337
237	760
238	339
238	649
239	642
240	274
240	692
241	263
241	600
242	617
243	746
244	320
244	322
244	334
245	249
245	487
245	493
245	557
245	620
245	657
246	312
246	418
246	620
247	316
248	674
250	315
250	354
250	447
250	450
251	506
251	638
251	694
251	792
252	570
252	707
253	259
253	345
253	408
253	459
253	633
253	650
254	322
254	655
255	592
255	661
255	732
256	485
256	758
257	301
257	468
258	281
258	634
259	304
259	484
260	307
260	452
260	533
260	691
260	739
261	413
261	606
262	302
262	425
262	518
262	618
263	634
264	575
265	392
265	519
265	642
266	394
266	554
266	669
267	426
267	437
267	453
267	467
268	345
268	382
268	678
269	273
269	275
269	287
269	341
269	740
270	352
270	407
270	413
271	768
272	439
272	480
272	523
272	573
272	711
272	799
273	350
273	358
273	694
273	703
273	788
274	789
275	299
275	446
276	729
277	285
278	429
278	464
278	586
278	686
279	404
279	408
279	515
279	536
279	609
279	636
280	299
280	479
281	282
281	548
281	574
283	287
283	549
284	338
284	519
285	485
286	360
286	494
287	334
287	375
287	519
287	587
287	663
287	678
288	351
288	479
288	697
289	339
289	340
289	376
289	379
289	407
289	708
289	741
290	548
291	669
292	393
292	446
292	482
292	514
293	350
293	407
293	577
293	704
293	716
293	740
294	490
294	577
294	650
294	687
294	795
295	296
295	477
295	542
295	641
295	685
296	353
296	378
296	668
296	669
296	776
297	531
297	534
297	711
297	793
298	389
298	555
298	765
299	349
299	468
299	521
299	534
299	631
300	339
300	721
301	630
301	669
301	709
301	754
301	798
302	438
302	464
302	546
302	573
302	580
302	794
303	386
303	486
304	601
305	355
305	388
305	412
305	745
305	787
306	574
307	516
307	535
308	316
308	539
308	756
308	767
309	374
309	420
309	442
309	490
309	521
309	584
310	333
310	354
311	421
311	425
311	738
312	414
312	437
313	733
313	759
314	340
314	359
314	527
315	645
315	715
317	348
317	349
317	351
317	592
318	572
318	688
320	455
320	471
321	387
322	429
322	473
322	515
322	530
322	769
323	560
323	637
324	471
324	708
325	358
325	416
325	499
325	708
325	799
326	424
326	435
327	522
327	563
327	577
327	639
327	766
328	421
328	442
328	658
328	689
329	707
330	365
330	567
330	655
330	723
330	725
331	440
331	572
331	791
332	796
333	599
333	651
333	709
334	359
334	375
334	508
334	746
334	789
335	600
335	749
336	536
336	562
336	710
336	754
337	431
337	544
337	736
339	434
339	499
339	649
340	416
340	580
340	661
340	765
341	366
341	591
341	595
341	752
342	399
342	547
342	694
343	444
343	719
345	502
345	653
345	680
345	691
346	462
346	544
346	568
346	599
346	761
346	783
347	356
347	555
347	643
348	404
349	453
349	501
349	526
350	718
350	790
351	766
352	418
352	463
352	740
353	377
353	457
353	518
354	376
354	512
354	679
354	747
355	372
356	429
356	779
358	420
358	626
358	710
359	475
359	544
359	684
359	768
359	796
360	538
360	646
361	427
361	503
361	580
362	662
364	608
364	726
365	413
366	506
366	637
367	377
367	515
367	704
368	441
368	509
368	595
368	651
368	698
368	724
369	414
369	418
369	466
370	417
371	500
371	685
373	405
373	588
374	628
374	720
375	759
375	765
376	378
377	462
377	716
378	533
378	794
379	419
379	444
379	725
380	517
381	389
381	432
382	427
383	418
384	426
384	753
385	466
385	509
385	589
385	747
386	433
386	493
386	682
386	695
387	492
387	505
387	635
388	493
388	523
388	671
388	779
389	706
390	466
390	476
390	780
391	492
392	604
392	693
393	549
393	658
394	405
394	574
394	682
394	690
394	766
395	497
395	553
395	621
396	768
397	728
398	528
399	422
399	676
400	504
400	575
400	764
401	684
403	440
404	503
404	549
404	647
407	475
408	662
408	672
408	711
409	517
410	582
411	421
411	581
413	741
414	429
414	542
414	651
415	671
416	650
416	723
417	434
417	483
417	543
418	479
418	699
418	757
419	505
421	477
421	705
421	777
422	472
422	496
422	592
422	697
423	472
423	582
424	486
424	537
424	592
425	637
425	763
425	777
425	793
426	504
426	701
427	727
428	451
428	452
428	596
429	618
429	765
430	620
430	722
430	735
431	495
431	659
431	780
432	490
432	616
432	625
432	648
433	613
433	709
433	758
434	738
435	717
436	470
436	695
437	670
437	740
438	439
438	553
438	554
438	606
438	610
438	677
439	495
439	796
441	587
442	653
443	484
443	701
443	712
443	759
444	700
444	759
445	450
445	590
445	633
445	651
445	776
446	601
446	662
447	532
449	598
449	702
449	796
450	479
451	456
451	738
452	748
453	467
453	586
453	673
453	719
454	550
454	735
454	772
455	654
457	649
457	725
458	593
459	561
459	612
459	688
459	701
460	528
460	546
461	617
461	620
461	759
461	784
462	496
462	527
462	557
462	752
464	558
466	575
466	621
466	622
467	603
467	632
468	535
468	666
468	683
468	774
469	541
469	582
469	632
470	641
470	651
470	710
470	723
471	646
472	626
474	543
474	583
474	609
474	736
476	666
478	578
478	647
478	668
478	761
479	629
480	691
481	596
481	789
482	512
482	731
483	576
484	502
484	534
484	772
484	796
485	587
485	614
485	622
487	548
487	583
488	502
488	593
488	699
489	794
490	551
492	679
494	791
495	789
496	558
496	611
496	685
497	549
497	626
498	539
498	597
498	674
498	781
500	577
501	544
501	677
502	724
503	758
504	517
504	693
505	512
505	733
506	686
506	792
507	590
507	675
508	648
509	657
509	742
509	768
510	633
510	673
511	584
511	632
511	772
512	625
512	651
513	529
513	691
514	611
515	659
516	687
517	523
517	597
517	603
520	652
520	788
521	567
521	618
522	597
523	765
524	531
524	658
524	671
525	684
526	796
527	784
529	569
529	621
530	590
531	674
531	741
532	767
533	610
533	646
533	726
535	552
536	659
536	761
539	580
539	744
540	650
540	661
541	749
542	597
542	758
543	631
544	571
546	555
546	725
546	739
547	656
548	795
549	644
549	799
551	574
551	722
552	587
552	783
553	604
554	629
556	677
556	730
557	665
559	581
561	768
562	604
562	617
563	680
564	586
564	648
565	581
566	690
566	725
566	728
568	714
569	617
569	775
570	748
572	621
574	594
574	680
575	722
577	601
578	731
579	661
579	709
580	666
581	593
582	620
582	646
585	655
585	691
587	743
590	605
592	701
593	624
595	720
595	753
596	710
597	717
602	621
603	648
603	677
604	773
604	786
605	608
607	631
609	651
610	699
612	672
612	719
613	761
614	751
614	773
616	775
617	633
618	620
619	668
619	718
624	680
625	693
628	743
628	794
630	731
631	792
632	678
632	762
632	794
637	742
638	656
639	645
642	732
642	748
645	795
650	711
650	737
650	755
652	694
653	667
654	671
655	665
656	690
656	693
656	795
657	771
657	775
658	672
658	725
658	762
659	755
660	661
660	697
663	747
664	680
666	695
666	790
668	711
669	678
669	751
673	767
674	781
678	750
683	794
686	690
686	769
690	732
693	711
695	782
698	700
698	770
701	760
701	779
704	707
710	721
710	724
710	797
712	713
713	717
715	720
719	737
720	765
739	755
745	778
746	775
749	765
758	787
760	776
763	778