0	204
0	419
1	278
1	653
1	655
2	228
3	85
3	171
3	680
4	61
4	139
4	152
4	433
5	161
6	500
6	729
7	21
7	198
7	274
7	354
7	474
8	295
8	396
8	538
9	81
9	550
9	700
10	148
10	320
10	549
11	383
11	595
12	152
13	27
13	67
13	273
13	503
13	596
13	733
13	748
14	158
14	336
15	680
16	196
16	228
16	457
16	573
16	697
17	449
17	479
17	649
17	739
18	32
18	277
18	409
19	38
19	132
19	139
19	237
19	276
19	701
19	785
20	74
20	717
21	162
21	532
21	550
22	34
23	59
23	254
23	762
24	339
24	460
24	714
24	746
25	35
25	795
26	402
27	419
27	486
27	579
28	179
28	308
28	598
28	628
28	631
29	331
29	670
29	726
29	778
30	362
30	556
30	698
31	622
32	505
32	716
33	315
34	298
34	509
35	237
35	610
35	650
36	85
36	184
37	219
38	442
38	507
38	562
38	738
39	258
40	608
40	615
40	710
41	355
41	449
41	756
42	100
42	162
42	227
42	265
43	67
43	153
43	318
43	430
43	676
43	720
44	429
44	506
44	534
44	743
45	743
46	51
46	347
46	570
47	71
47	327
47	351
47	707
48	178
48	554
48	563
49	140
49	371
49	449
49	486
49	583
49	632
50	513
51	97
51	203
51	221
51	260
51	272
51	577
51	739
51	752
51	790
52	213
52	335
52	372
52	583
53	97
53	361
53	526
53	585
53	702
53	731
54	129
54	207
54	226
54	260
54	424
54	465
54	644
55	182
55	639
55	654
55	773
56	339
56	401
57	618
58	97
58	281
58	521
58	612
58	722
58	770
59	210
59	292
60	707
61	198
61	634
61	723
62	68
62	267
62	579
62	583
63	329
64	405
64	779
65	287
65	295
65	505
65	552
65	571
65	713
65	739
65	741
66	130
66	356
66	481
66	570
66	785
68	202
68	442
69	238
69	242
69	307
69	381
69	490
69	523
69	580
69	662
70	770
71	193
71	654
71	775
72	606
72	627
73	113
73	282
74	412
74	452
75	78
75	85
75	253
75	737
75	787
76	502
77	525
77	568
77	627
77	634
77	662
78	96
78	258
78	465
78	549
78	598
78	645
78	688
78	725
79	223
79	250
79	263
79	273
79	486
79	487
79	535
79	618
80	149
80	237
80	250
80	438
82	244
82	297
82	332
82	458
82	520
82	561
82	698
83	602
84	173
84	184
84	345
84	636
85	94
85	302
85	668
86	349
86	469
86	526
86	700
87	460
87	546
87	701
87	792
88	308
88	484
88	570
88	692
89	323
89	339
90	233
90	359
90	418
91	121
91	499
91	502
91	621
92	219
92	338
92	679
93	166
93	381
93	476
93	698
93	704
94	145
94	259
94	296
94	318
94	449
94	455
95	698
96	101
96	164
96	240
96	484
96	568
96	619
97	204
97	242
97	713
97	720
97	768
97	795
98	313
98	550
98	760
99	685
100	284
100	501
102	279
102	525
102	531
102	572
102	766
103	155
103	705
103	790
104	363
104	422
104	454
104	534
105	308
106	619
107	180
107	261
107	401
107	556
107	598
107	615
107	663
107	794
108	289
108	554
108	596
108	636
109	216
109	245
109	536
109	793
110	215
110	391
110	546
110	594
110	726
111	387
111	595
111	654
111	747
112	146
112	561
112	687
112	711
112	716
113	154
113	370
113	420
113	671
114	170
114	420
114	692
114	726
114	766
114	793
115	470
116	133
116	539
116	543
117	237
117	626
117	737
118	382
118	433
118	576
118	666
119	138
119	284
119	411
119	485
119	550
120	418
120	644
120	719
120	756
120	798
121	798
122	389
123	299
123	536
123	657
124	658
125	170
125	204
125	307
125	470
125	514
125	570
126	303
127	183
127	520
127	602
127	676
127	685
128	144
128	238
128	448
128	509
128	558
128	644
129	380
129	750
129	788
130	256
130	526
131	148
131	195
131	316
131	485
131	565
132	268
132	305
132	776
133	182
133	207
133	364
133	424
133	466
133	595
133	651
133	708
134	210
134	329
134	707
135	401
135	405
135	406
135	562
136	459
137	354
137	576
138	341
138	363
138	588
138	690
139	142
139	198
139	208
139	234
139	777
140	167
140	265
140	350
140	549
140	587
140	645
140	746
141	176
141	443
142	193
142	258
143	219
143	600
143	785
144	193
144	297
144	481
144	490
144	730
145	274
145	475
145	530
145	628
145	741
147	467
147	495
147	606
148	164
148	479
148	484
148	614
149	290
149	467
149	485
149	529
149	774
150	288
150	423
150	633
151	211
151	399
151	420
151	435
151	450
151	466
152	245
152	289
152	444
152	500
152	781
153	499
153	732
154	171
154	202
154	388
154	500
155	548
155	582
156	477
156	789
157	356
157	433
157	596
157	775
158	476
159	218
159	688
160	503
161	565
161	586
161	741
162	354
162	392
162	438
163	257
163	390
165	343
165	435
165	489
165	505
165	583
166	314
167	241
167	314
167	319
167	461
168	323
168	640
168	660
169	248
169	799
170	319
170	769
170	799
171	210
171	331
171	396
171	434
171	787
172	314
172	651
172	749
173	556
173	676
173	738
173	785
174	544
174	633
175	260
175	440
175	496
175	676
175	794
176	762
177	193
177	384
177	627
178	267
178	431
178	596
179	490
179	544
179	598
179	634
179	701
180	348
181	791
182	492
182	732
182	733
183	329
183	748
184	468
184	635
184	667
184	697
184	710
185	250
185	261
185	509
185	519
185	578
185	588
186	413
187	203
187	287
187	466
188	745
189	710
189	739
190	406
190	561
191	280
191	403
191	488
191	573
192	310
192	796
193	378
193	473
193	522
193	714
193	754
194	420
194	435
194	511
194	589
194	760
195	264
195	391
195	544
195	750
196	415
196	751
196	782
197	328
197	624
197	721
198	764
198	767
199	598
199	657
199	695
200	266
200	387
200	455
200	495
200	656
200	668
200	739
201	505
202	588
203	300
203	329
203	470
203	485
203	721
204	473
205	469
206	229
206	270
206	343
206	654
206	697
207	474
207	492
208	321
208	643
208	725
209	256
209	466
209	592
210	385
210	411
211	378
211	573
211	625
212	599
213	215
213	509
213	534
214	235
214	285
214	398
215	245
215	254
215	278
215	656
215	660
215	774
216	250
216	601
217	294
217	390
217	540
218	415
218	738
220	221
221	387
221	468
222	363
222	562
222	776
223	447
223	657
223	797
224	293
224	749
224	772
225	233
225	245
225	605
226	317
226	382
226	443
226	628
227	306
227	409
228	327
228	580
229	356
230	473
230	722
230	787
231	370
231	778
232	299
232	404
232	666
233	243
233	295
233	344
233	536
233	746
234	299
234	371
234	529
235	411
235	704
236	582
237	303
237	312
237	331
237	388
237	437
237	486
237	641
237	712
238	452
238	646
238	718
239	266
239	314
239	412
239	520
241	342
241	433
242	403
243	346
243	732
244	262
245	312
245	617
246	396
246	559
246	710
246	788
247	651
248	429
248	458
248	596
249	541
250	330
251	277
251	721
252	295
252	348
252	442
252	753
252	764
253	321
253	393
253	564
253	602
253	712
253	792
254	608
255	332
256	350
256	376
256	555
256	621
256	630
257	508
257	728
257	780
258	423
258	606
259	571
259	765
260	524
260	587
260	738
261	520
261	706
261	752
262	332
262	744
263	379
263	515
263	525
263	545
263	771
264	447
264	498
264	543
265	376
265	430
266	405
266	427
266	744
267	276
267	568
267	592
267	728
268	302
268	329
268	441
269	301
269	650
269	696
270	286
270	711
271	427
271	443
271	552
272	520
273	615
273	617
274	750
275	780
276	525
277	622
277	643
278	381
278	390
278	398
278	470
278	486
278	716
279	391
279	711
280	427
280	751
281	564
281	599
281	793
282	394
282	544
283	502
284	381
284	397
284	402
284	533
285	660
285	663
285	744
286	479
286	631
286	711
286	731
287	522
287	697
288	683
288	767
289	543
289	696
290	410
290	670
291	640
292	625
292	704
292	710
292	738
293	309
293	709
293	727
294	431
294	657
295	301
296	573
296	712
297	346
297	486
298	330
298	366
298	498
299	338
299	552
299	616
299	658
299	714
300	498
300	713
300	738
300	781
301	319
301	342
302	455
302	492
304	322
304	363
304	442
304	731
305	448
305	744
306	396
307	417
307	509
308	601
308	653
308	738
308	773
308	787
309	680
310	551
310	558
310	561
310	670
311	527
311	586
312	353
312	475
312	522
312	666
313	619
314	670
315	478
316	562
317	388
317	439
317	467
317	479
317	596
317	718
318	721
319	388
319	511
319	563
319	570
320	359
320	380
320	651
321	347
321	536
322	346
322	640
322	669
323	538
324	567
324	767
324	777
325	326
326	358
327	593
328	358
328	446
328	729
329	344
329	562
329	566
330	691
330	696
331	574
331	614
331	757
332	566
333	592
334	440
334	580
334	755
335	384
336	350
336	536
336	784
337	744
337	780
338	415
338	698
339	368
339	463
339	494
339	712
339	750
340	621
340	694
342	576
342	603
343	370
343	695
343	779
344	349
344	354
344	730
344	782
345	741
346	687
347	422
347	599
348	710
348	781
349	381
349	535
350	736
350	773
351	486
351	496
351	530
351	595
352	580
352	737
353	696
354	497
354	682
354	720
355	411
355	738
356	389
356	418
357	406
357	489
357	766
358	389
358	658
359	694
360	427
360	520
361	527
361	534
362	581
362	614
362	673
362	720
362	723
364	487
364	626
364	638
365	696
365	711
366	623
367	603
367	613
367	626
367	750
368	426
368	511
368	611
369	543
370	550
372	555
373	714
374	570
375	534
375	724
375	778
375	787
376	434
376	518
377	565
377	693
377	774
378	407
378	457
379	470
379	750
380	473
380	580
380	615
381	737
382	632
383	404
383	570
383	639
383	772
384	469
384	482
385	410
385	498
385	510
386	481
387	564
387	722
388	593
389	481
390	477
391	591
391	619
392	404
392	410
392	482
392	691
392	726
392	757
393	418
393	568
393	600
394	786
395	705
396	417
396	575
396	619
396	681
396	760
397	483
397	672
397	710
398	437
398	728
399	649
400	481
400	695
401	641
402	419
403	587
403	745
404	435
405	428
405	525
405	584
406	578
407	534
407	574
407	790
408	508
409	426
409	553
409	781
410	608
410	735
411	593
411	631
412	581
414	726
415	716
416	417
416	479
416	734
418	419
418	465
418	554
418	564
418	565
418	596
418	628
418	637
418	640
420	626
421	554
422	740
422	786
423	599
424	575
424	606
425	600
425	727
425	789
426	449
426	661
427	507
427	550
428	600
428	731
428	739
429	598
431	556
432	435
432	773
433	477
433	738
433	762
434	619
434	637
435	751
436	798
437	486
437	757
438	497
439	462
439	503
440	463
440	506
440	653
441	505
441	518
441	526
441	547
441	682
441	774
443	476
443	704
443	722
443	788
444	448
444	481
444	728
444	740
445	502
445	606
445	638
445	790
448	554
448	679
448	764
449	668
449	698
449	766
451	560
451	785
451	790
452	684
453	685
453	766
454	530
455	465
455	617
455	714
455	759
455	791
456	466
456	793
457	496
458	654
459	675
459	695
460	630
461	513
461	515
461	555
461	556
462	567
462	625
462	676
463	562
464	751
464	761
464	789
464	794
465	557
465	740
466	609
467	787
468	529
469	503
470	602
470	605
471	709
472	548
472	571
472	678
474	552
474	669
474	762
475	492
475	502
475	524
475	628
476	559
477	510
477	512
478	539
478	670
479	776
480	496
480	531
480	651
481	761
482	650
482	733
483	602
483	708
483	776
484	602
484	735
485	678
486	572
487	602
487	691
487	737
487	769
490	509
490	520
490	798
491	757
492	650
493	510
493	520
494	524
494	758
495	722
495	741
496	548
496	663
496	798
497	515
497	667
497	682
497	693
498	499
498	565
500	506
501	514
503	586
503	640
503	674
504	539
504	675
505	648
505	653
505	785
506	528
506	561
506	569
506	769
507	654
508	542
508	762
512	677
513	539
514	536
514	597
514	684
514	696
514	793
515	652
516	555
516	655
516	699
517	555
517	589
517	779
518	609
518	629
522	633
522	748
524	594
524	753
525	551
525	700
525	768
526	534
526	599
527	724
529	662
529	691
530	760
531	592
531	703
532	541
532	618
533	640
537	547
537	658
537	679
537	714
538	777
540	542
542	632
542	698
543	612
543	696
543	790
543	791
544	558
544	598
544	737
546	604
546	737
547	707
548	735
549	790
551	744
552	646
552	743
553	665
554	647
555	704
556	730
556	756
558	622
559	661
561	577
561	664
562	621
562	636
562	736
562	790
563	572
563	582
565	675
565	711
566	610
568	587
568	642
568	713
569	644
569	699
569	793
570	629
571	749
572	722
573	588
573	762
574	757
575	703
576	639
578	635
578	781
580	730
584	598
584	611
587	632
587	649
590	797
591	593
591	720
592	663
592	686
592	697
592	729
592	793
593	740
594	742
597	752
599	695
599	754
600	643
600	745
601	633
601	734
603	733
605	608
607	799
608	659
609	650
609	686
609	769
610	776
614	631
617	685
618	702
618	776
619	622
619	754
620	628
620	751
622	717
623	741
625	677
627	649
627	750
629	649
629	666
630	640
635	744
636	713
640	691
641	677
641	767
642	774
643	795
645	674
645	776
650	680
651	786
652	747
654	686
657	783
659	746
660	788
663	743
663	747
663	763
665	675
665	677
667	767
669	675
670	714
670	771
672	693
673	770
682	767
684	761
685	696
685	724
685	736
686	765
686	797
688	783
688	790
689	736
692	709
693	730
695	742
695	764
697	762
700	783
701	702
701	757
703	767
706	779
708	726
708	753
711	770
715	738
716	776
717	759
719	795
721	778
722	728
722	749
731	744
735	745
737	744
737	750
744	748
747	792
748	767
752	761
760	767
760	780
761	772
761	776
768	781
781	788
781	792
787	790