0	195
0	436
0	676
1	195
1	471
1	527
2	304
2	526
2	569
3	437
3	631
4	259
5	61
5	152
5	362
5	582
5	715
5	733
5	747
6	321
6	496
6	588
6	601
6	648
6	681
7	52
7	248
7	332
7	415
7	716
8	386
8	403
8	531
8	616
8	795
9	48
9	758
10	373
10	429
10	685
11	89
11	624
12	52
12	260
13	242
13	380
13	533
13	582
13	779
14	387
14	718
14	757
14	787
15	122
15	211
15	228
15	393
15	545
15	551
15	739
16	726
17	42
17	110
17	259
17	296
17	447
17	791
18	299
18	364
18	541
19	166
19	756
19	793
20	134
20	677
21	322
21	368
21	566
21	659
22	370
22	429
22	530
22	559
22	729
23	42
23	172
23	295
23	324
23	717
23	789
24	349
25	393
26	85
27	30
27	493
27	634
28	191
29	441
29	496
29	683
30	90
30	95
31	363
31	505
31	638
31	670
31	690
32	233
33	117
33	182
33	533
34	303
34	376
34	542
34	603
35	97
35	240
35	494
35	565
35	592
35	747
36	53
36	218
36	231
36	272
36	521
36	563
36	704
36	758
37	87
37	106
37	211
37	350
37	453
37	461
38	179
38	353
38	360
39	102
39	137
39	150
39	165
39	278
39	396
40	150
40	206
40	613
40	705
40	706
41	212
41	386
41	399
41	762
42	162
42	226
43	55
43	114
43	185
43	223
43	227
43	431
43	461
43	477
43	623
44	393
44	632
45	238
45	297
45	519
45	555
45	740
46	90
46	137
46	386
46	470
46	789
47	317
48	277
48	419
49	738
50	405
50	438
50	622
51	140
51	526
51	577
52	145
52	219
52	412
53	316
53	343
53	425
53	446
54	190
54	444
54	472
54	514
54	601
55	653
55	769
56	96
56	206
56	329
56	563
56	569
56	709
57	568
58	689
59	235
59	603
59	630
59	720
59	795
60	339
60	580
60	767
60	769
60	782
61	102
61	344
61	681
62	71
62	114
62	162
62	593
63	249
63	276
64	441
64	586
64	589
64	700
65	261
65	290
65	541
66	539
66	560
67	285
67	361
67	485
67	535
68	579
68	674
68	757
69	157
69	323
69	632
69	639
69	650
69	669
70	407
70	510
72	356
72	494
72	556
73	331
73	583
74	433
74	504
74	771
75	92
75	156
75	224
75	283
75	342
75	384
76	101
76	306
76	356
77	169
77	536
78	258
78	261
78	270
78	417
78	521
78	550
79	113
79	645
80	376
81	197
81	395
81	754
82	197
82	397
82	401
83	336
84	280
84	748
85	191
85	341
85	757
86	277
87	180
87	564
88	227
88	642
88	731
88	735
89	93
89	309
89	427
89	532
89	572
89	583
89	602
90	384
90	439
90	561
91	129
91	181
91	245
91	371
91	543
91	755
92	166
92	359
92	773
93	276
93	347
93	591
93	614
94	108
94	157
94	413
94	505
94	671
95	436
96	219
96	225
96	394
96	400
98	257
98	359
98	467
98	468
99	509
99	554
99	641
99	751
100	349
100	434
100	446
100	453
100	573
101	652
101	668
101	729
102	629
103	152
103	422
104	507
104	543
105	134
106	213
106	366
106	565
106	632
107	428
108	227
108	359
108	424
108	760
109	461
109	510
109	601
109	693
109	726
110	198
110	641
111	186
111	400
111	630
112	520
112	603
112	655
114	418
114	464
115	272
115	437
115	544
115	598
115	710
115	762
116	369
116	449
116	536
117	327
117	442
117	791
118	225
118	317
118	376
118	395
118	421
118	510
118	739
119	262
119	422
119	445
119	789
119	790
120	208
120	239
120	583
121	197
121	236
121	285
121	314
121	347
121	442
121	552
121	589
122	525
122	774
122	777
122	785
123	431
123	700
123	793
124	128
124	366
124	414
124	415
124	649
125	565
125	591
126	420
127	154
127	174
127	339
127	599
127	664
128	230
128	468
128	685
128	788
130	284
130	329
131	176
131	270
131	640
131	642
131	749
132	234
132	478
132	639
133	531
133	572
133	605
133	650
133	796
134	355
135	380
135	682
135	739
136	152
136	158
136	238
136	297
136	591
136	650
136	732
137	255
137	479
137	508
137	691
138	157
138	238
138	290
138	454
139	772
140	200
140	631
140	681
141	750
142	228
142	256
142	459
142	666
143	192
143	316
143	356
143	650
143	660
143	717
143	780
144	182
144	188
144	202
144	311
144	346
144	371
144	717
145	704
146	172
146	233
146	458
146	514
146	552
146	629
147	310
147	396
148	615
148	644
149	206
149	253
149	592
149	675
149	680
150	165
150	374
151	171
151	482
151	660
151	732
151	770
152	159
152	262
152	689
153	604
153	787
154	166
154	375
154	593
154	649
155	321
155	400
155	587
155	629
156	500
156	720
157	242
157	401
157	672
158	327
158	465
158	731
158	749
159	405
160	427
161	315
161	368
161	475
161	505
162	196
162	347
163	368
163	469
163	485
163	724
164	297
164	417
164	615
165	350
165	640
166	211
166	334
166	459
166	646
166	735
167	292
167	399
168	750
169	202
169	295
169	328
170	180
170	411
171	360
172	293
172	450
172	549
172	622
172	696
172	719
172	765
173	273
173	769
174	314
174	681
175	240
175	334
175	435
176	206
176	426
176	588
176	681
177	291
177	335
177	380
177	567
177	756
177	795
178	528
178	668
179	198
179	479
179	673
180	409
180	721
180	757
181	368
181	446
181	662
182	243
182	727
183	284
183	345
183	733
184	399
184	687
185	333
185	404
185	438
185	657
185	713
185	758
186	209
186	323
186	494
187	188
187	300
188	449
188	749
189	556
189	576
189	688
190	317
191	545
191	596
192	295
192	717
193	796
194	630
194	782
195	318
195	444
195	704
196	202
196	525
196	540
197	280
197	379
197	453
197	604
197	726
198	394
198	562
198	747
199	499
199	528
199	549
199	678
199	685
200	246
200	576
201	328
201	458
202	280
202	575
202	719
202	789
203	260
203	270
203	451
203	606
204	323
204	584
204	608
205	242
205	437
206	313
206	388
206	534
206	770
207	251
207	328
207	437
207	586
208	276
208	429
208	653
209	489
209	646
210	283
210	346
211	440
211	503
211	560
211	604
212	273
212	278
212	709
213	346
213	372
213	643
214	588
214	603
214	709
215	288
215	723
216	244
216	375
216	573
216	579
217	519
217	575
218	253
218	441
218	704
218	706
219	274
219	433
219	777
220	566
220	608
220	716
221	299
221	493
221	576
221	791
222	482
222	628
222	720
222	789
223	763
224	393
224	557
224	791
225	300
225	375
225	479
225	535
226	266
226	744
227	232
227	315
228	423
228	453
229	561
229	716
229	759
230	388
230	523
230	686
231	488
231	537
231	669
231	779
232	277
232	286
232	402
233	488
233	687
233	773
234	315
234	506
234	553
234	598
234	713
235	249
236	626
236	739
237	257
237	437
237	438
237	739
238	328
238	438
239	423
239	520
239	741
240	259
240	354
240	415
240	588
240	672
240	704
241	397
241	644
242	351
243	303
243	323
243	401
244	788
245	292
245	440
245	472
245	587
245	608
246	315
246	404
246	441
246	492
246	511
246	600
247	384
247	618
247	722
248	410
248	411
248	430
248	454
248	533
248	537
249	303
249	321
249	358
249	370
249	447
249	573
249	597
249	682
249	743
250	701
251	374
251	428
252	571
253	591
253	657
253	703
254	361
254	509
254	638
255	268
255	361
255	648
257	283
257	717
257	767
257	772
258	520
260	351
260	627
261	437
262	270
263	544
263	655
263	706
264	355
264	364
264	576
264	603
264	665
264	757
265	352
265	624
265	630
265	765
266	495
266	796
267	275
267	319
267	664
268	573
268	707
269	407
270	507
270	547
270	665
271	346
271	694
271	716
272	567
273	432
274	371
275	320
275	671
276	744
277	417
277	451
277	488
277	491
277	604
278	490
278	735
278	796
279	366
279	547
280	290
280	300
281	589
281	639
282	283
282	380
283	289
283	319
283	553
283	590
283	686
284	360
284	479
284	678
284	702
286	647
287	664
287	768
288	425
289	704
289	771
289	779
289	781
290	453
290	583
290	710
290	718
291	548
292	581
292	601
292	797
293	434
293	495
293	582
294	399
294	443
294	511
294	616
294	685
295	563
295	578
295	603
296	728
297	344
298	427
298	771
299	332
299	416
299	611
299	613
299	710
300	492
300	728
301	329
301	376
301	498
301	639
302	337
302	497
302	580
302	715
303	422
303	445
303	592
303	674
303	759
304	756
305	425
305	525
305	681
305	781
306	362
306	467
306	774
307	491
307	573
307	621
308	408
308	605
308	770
309	578
309	773
310	340
310	512
310	548
310	769
310	771
311	340
311	446
311	471
311	573
312	371
312	401
312	778
313	388
313	498
313	756
314	444
314	502
314	519
314	761
315	683
315	767
316	478
317	459
317	518
317	596
318	508
318	531
318	717
319	602
321	434
321	444
321	462
322	529
322	735
323	542
323	668
323	689
323	690
323	738
323	767
324	363
324	532
324	542
324	579
324	743
325	512
325	575
326	402
326	527
328	495
328	798
330	349
331	352
331	635
331	669
331	692
331	752
332	507
332	710
332	787
333	476
333	606
333	745
334	346
335	454
335	644
336	346
336	380
336	653
337	642
337	731
337	745
337	756
338	647
338	689
338	739
339	786
340	673
341	499
342	393
342	577
342	680
342	719
342	744
343	403
343	477
343	719
343	735
345	522
346	493
346	753
347	595
348	416
349	475
349	559
350	588
350	637
350	713
350	740
351	655
351	659
351	728
351	729
351	752
351	774
352	465
352	793
354	379
354	701
354	775
354	797
355	398
356	527
356	691
357	397
357	422
357	542
358	362
358	438
358	612
358	615
358	651
358	683
358	776
359	453
359	508
359	698
359	723
360	438
360	689
361	376
361	450
361	573
361	758
362	682
363	770
365	483
365	535
365	766
366	723
367	788
368	490
368	494
368	566
368	642
369	406
369	514
369	770
371	481
371	536
371	792
372	416
372	423
372	451
372	626
373	643
373	737
374	447
374	659
375	452
375	516
376	602
376	692
377	452
378	466
378	557
378	577
378	647
378	777
379	599
379	710
379	737
380	402
380	403
380	406
380	675
380	796
381	428
382	744
383	488
383	501
383	702
383	722
383	776
384	701
385	426
385	633
386	705
388	407
388	408
388	549
388	765
389	485
389	612
389	746
389	764
390	763
391	796
392	512
393	502
393	583
395	426
395	539
395	542
396	559
396	725
397	519
397	754
398	537
398	579
399	613
400	448
400	699
400	735
401	689
403	407
403	486
403	511
403	534
404	452
406	724
407	561
408	555
408	647
408	679
409	618
410	529
411	595
412	449
412	451
412	527
412	579
413	436
413	509
414	480
414	636
414	724
415	769
416	589
416	667
416	694
416	714
416	728
417	477
418	479
418	525
418	632
419	480
420	540
420	579
420	742
423	665
423	725
423	776
424	454
424	577
425	577
426	521
426	669
426	749
426	770
427	617
427	693
429	457
430	464
430	574
430	656
431	611
431	665
431	709
433	547
433	673
434	542
434	555
435	532
435	576
435	695
435	703
435	711
436	687
436	722
436	736
436	742
437	515
437	671
437	747
437	767
438	465
438	653
438	723
438	757
439	609
441	448
441	470
441	693
442	452
442	686
443	537
443	583
443	791
445	626
445	668
445	796
446	523
447	548
447	570
448	513
448	759
449	793
450	458
450	719
450	729
450	779
451	638
452	550
452	630
452	669
453	548
453	709
453	729
453	758
454	783
455	508
455	579
456	794
457	746
457	782
458	545
459	596
459	778
460	599
460	643
461	514
461	520
462	488
463	554
463	737
463	791
464	644
466	517
467	516
468	685
468	756
471	764
471	799
473	633
474	536
474	540
474	557
474	592
474	721
475	605
475	779
476	510
476	555
476	718
478	699
480	772
481	712
483	517
483	618
484	577
484	611
484	777
485	609
486	759
487	609
487	718
488	505
489	490
489	760
491	546
491	599
491	690
491	783
492	727
492	785
493	588
493	591
493	618
493	630
494	593
494	734
495	671
496	542
496	794
497	687
498	718
499	560
499	748
500	563
500	608
500	651
500	654
500	677
500	713
501	527
502	528
502	617
502	658
502	684
503	557
503	571
504	770
505	651
505	717
506	546
506	564
507	548
508	760
508	769
508	786
511	746
512	553
515	562
515	591
516	581
517	524
518	542
520	640
521	606
522	605
522	792
524	582
524	716
526	552
526	594
526	715
529	555
529	565
529	597
529	610
530	792
531	542
531	672
532	673
533	589
534	654
534	683
534	767
535	586
536	553
536	565
538	660
538	763
540	594
540	653
540	772
540	774
541	777
543	716
543	748
544	549
544	717
545	729
546	607
547	700
547	783
548	648
549	634
550	621
551	603
554	689
555	573
555	769
556	768
557	562
557	769
557	770
557	783
558	587
558	729
559	583
559	658
560	747
561	568
563	729
564	648
564	780
565	582
565	644
566	776
569	602
569	630
573	728
573	789
574	643
574	667
574	751
575	671
576	672
576	718
576	760
577	621
577	769
577	781
578	589
578	663
578	767
579	633
581	606
581	615
582	601
583	619
585	736
586	607
586	653
587	668
589	596
589	715
590	599
590	742
592	656
592	713
592	779
593	726
594	618
595	657
596	610
596	663
597	627
597	791
598	774
599	646
599	754
600	780
601	708
602	697
602	734
603	701
604	620
605	738
607	684
608	767
609	673
609	687
615	721
617	745
617	775
618	660
619	773
621	772
624	748
625	728
626	633
627	771
629	729
630	674
635	680
635	763
636	746
636	753
636	798
637	682
638	690
638	751
641	789
642	794
643	672
644	776
646	647
646	650
646	746
646	785
648	787
649	701
649	753
651	690
652	658
652	777
655	662
659	798
660	708
661	737
665	784
666	746
669	761
671	715
673	697
678	777
679	710
679	726
680	692
680	693
683	719
683	767
684	742
685	697
689	698
689	775
691	784
695	751
697	722
697	744
697	745
702	779
703	749
705	722
708	725
708	776
708	778
709	722
709	748
711	783
712	767
713	761
719	796
720	771
724	756
725	727
730	765
730	780
734	744
734	775
742	748
744	774
746	750
753	772
757	796
761	764
762	788
765	777
773	796
776	799
795	799