0	72
0	262
0	537
0	566
0	629
0	646
0	663
1	45
1	82
1	311
1	787
2	6
2	113
2	197
2	225
2	645
3	64
3	70
3	611
4	190
4	326
4	616
4	773
5	80
5	193
5	506
5	625
6	68
6	501
6	654
7	68
7	210
8	13
8	127
8	132
8	317
8	640
9	229
9	400
9	466
9	799
10	67
10	169
10	287
10	406
10	481
10	630
10	660
11	22
11	118
11	230
11	234
11	331
11	482
11	694
11	724
12	47
12	542
12	642
12	716
13	23
13	40
13	186
13	593
14	502
14	563
14	693
14	721
15	288
15	772
16	324
16	438
16	551
16	560
17	679
18	277
18	383
18	519
18	604
18	621
19	211
19	233
19	564
19	753
19	758
20	323
20	611
21	207
21	358
21	417
21	637
22	29
22	374
23	38
23	279
23	354
23	474
24	106
24	426
24	639
24	762
25	545
26	296
26	439
26	587
26	707
26	761
27	119
27	185
27	382
27	440
27	596
27	607
27	741
28	188
28	345
28	459
28	634
29	44
29	212
29	274
29	572
30	44
30	219
30	718
31	83
31	85
31	122
31	153
31	249
31	277
31	339
31	401
32	171
32	321
32	365
32	761
32	772
33	573
33	626
33	799
34	111
34	267
34	510
35	196
35	308
35	369
35	466
36	152
36	268
36	458
36	572
36	639
36	772
37	43
37	63
37	141
37	218
37	476
37	522
38	155
38	356
39	196
40	97
40	383
40	665
41	89
41	347
41	350
41	520
41	772
42	53
42	65
42	171
42	597
42	634
43	494
43	672
43	700
43	716
44	68
44	181
44	235
44	241
44	500
45	98
45	100
45	161
45	205
45	382
45	431
45	485
45	541
46	265
46	408
46	443
47	134
48	135
48	182
48	323
48	328
48	560
48	661
48	789
49	481
49	492
49	638
49	743
50	269
50	334
50	553
50	597
51	104
51	386
51	584
52	252
52	310
52	703
52	746
53	521
54	184
54	708
55	353
55	393
56	57
56	183
56	661
57	170
57	283
57	298
57	534
57	546
58	532
59	230
60	97
60	301
60	369
60	627
60	711
61	642
62	543
62	657
62	765
63	431
63	440
64	254
64	504
66	368
66	537
67	180
67	451
67	454
67	539
67	688
67	775
68	88
68	115
68	281
68	632
69	340
69	433
70	150
70	786
71	607
71	728
72	335
72	724
72	796
73	128
73	272
73	305
73	383
73	510
74	168
74	200
74	230
74	361
74	410
75	79
75	113
75	423
75	473
75	499
75	607
76	550
76	557
76	623
76	625
77	666
77	734
78	296
78	380
78	551
79	194
79	200
79	238
79	553
79	761
80	93
81	294
81	323
81	375
81	399
81	411
81	419
81	463
81	618
82	401
82	642
83	341
83	461
83	566
83	763
84	128
84	375
84	424
84	510
84	796
85	798
86	555
86	783
87	541
88	300
88	312
88	425
88	516
89	294
89	343
89	543
89	662
90	490
91	104
91	298
91	321
91	576
91	670
92	306
92	394
92	400
92	474
92	476
92	697
93	598
94	520
94	535
94	539
95	238
95	505
95	589
95	620
96	406
97	447
97	508
98	424
98	475
99	248
99	682
99	726
100	582
100	611
101	434
101	628
101	667
101	681
101	724
101	729
102	468
102	473
103	226
103	414
103	447
103	487
104	253
104	406
104	566
104	696
105	498
106	252
106	306
106	311
106	387
106	649
107	444
107	629
108	163
108	203
108	227
108	293
108	383
108	423
108	458
108	613
108	730
109	227
109	490
110	676
111	310
111	595
111	660
112	557
112	593
112	654
113	185
113	510
113	741
113	763
114	146
114	166
114	428
114	591
114	604
114	646
115	214
115	615
115	645
116	211
116	397
116	675
116	679
116	777
117	313
117	363
117	372
117	421
117	491
118	275
118	423
118	445
118	452
118	604
119	150
119	164
119	202
119	235
119	328
120	151
120	317
120	684
120	782
121	439
122	148
122	238
122	298
122	312
122	514
123	242
123	481
123	554
123	560
124	134
124	175
124	269
124	331
124	349
124	381
124	424
124	505
124	580
125	610
125	746
126	547
127	545
127	683
127	789
128	298
128	488
128	792
129	175
129	195
129	224
129	320
129	668
129	704
130	362
130	379
130	526
130	665
130	766
131	253
131	272
131	579
132	317
132	387
132	726
133	223
134	469
135	138
135	568
136	219
136	460
136	629
137	171
137	604
137	657
137	730
138	185
138	218
138	401
138	508
138	577
139	174
139	249
139	325
139	419
139	459
139	574
139	679
139	739
140	444
140	548
141	630
142	250
142	615
143	264
143	479
143	678
143	747
144	224
144	330
144	525
144	671
145	270
145	366
145	593
145	693
145	732
145	761
146	154
146	182
146	329
146	469
146	587
146	591
147	152
147	257
147	464
147	515
147	565
147	591
147	637
148	260
148	431
148	514
149	220
149	261
149	421
149	763
150	432
150	639
151	277
151	282
151	304
151	309
152	187
152	454
152	557
153	280
154	237
154	491
155	216
155	226
155	264
155	418
155	592
155	636
155	638
156	204
156	274
156	372
157	515
157	657
157	722
157	789
158	166
158	304
158	384
158	761
159	569
159	654
159	686
160	168
160	169
161	186
161	442
161	720
161	773
162	179
162	308
162	483
162	767
163	636
164	186
164	275
164	303
164	643
165	266
165	297
165	532
165	560
166	548
166	716
166	720
167	168
167	360
167	404
167	455
168	179
168	273
168	308
168	361
168	492
169	386
170	244
170	322
170	542
171	400
171	448
171	537
171	729
172	175
172	323
172	504
172	591
173	309
173	399
173	489
173	746
174	581
174	784
175	296
175	711
176	433
176	577
176	680
176	734
177	653
177	794
178	243
178	409
178	576
178	642
178	656
179	475
179	616
179	685
180	370
180	558
180	772
181	362
181	440
181	757
181	799
182	366
182	382
182	389
182	414
182	620
182	732
183	230
183	429
183	488
184	640
184	788
185	745
186	252
186	645
186	777
187	305
187	374
188	485
189	719
190	676
190	756
190	775
191	237
191	509
191	654
191	753
192	447
192	672
193	307
193	648
193	680
194	217
194	581
195	499
197	631
198	333
198	734
199	401
199	433
199	532
199	768
200	435
200	512
200	542
200	662
200	665
201	403
201	412
202	315
202	581
203	215
204	348
204	366
204	455
205	337
205	409
205	584
205	667
205	672
206	701
206	799
207	209
207	367
207	494
208	237
208	486
208	542
208	772
209	303
209	504
209	739
210	262
210	298
210	752
211	360
211	486
211	538
211	564
211	568
211	662
211	764
212	724
213	251
213	255
213	418
213	693
214	539
214	677
214	769
215	255
215	492
215	661
215	788
217	424
217	554
217	566
219	529
220	387
220	428
221	324
221	327
221	668
221	743
222	490
222	636
222	752
223	285
223	544
223	595
223	674
224	402
224	531
224	709
225	335
225	459
225	592
225	741
226	462
226	628
226	662
227	601
227	714
228	351
228	499
229	245
229	281
229	289
229	385
229	531
229	558
230	258
231	264
231	524
231	795
232	367
233	275
233	279
233	338
233	355
233	660
234	318
234	357
234	490
235	303
235	326
235	410
235	468
235	495
235	707
236	525
236	561
237	646
237	733
238	410
238	586
238	624
239	607
240	254
240	360
240	387
240	717
241	328
241	470
241	527
241	571
242	260
242	291
243	359
244	260
244	543
244	728
245	466
245	556
245	602
245	676
245	715
246	384
246	531
246	661
246	744
247	381
247	423
247	606
248	568
248	612
248	690
249	329
249	428
249	559
249	601
249	644
249	729
250	521
250	586
251	746
252	604
252	683
252	730
253	355
253	582
254	385
254	628
255	649
255	705
255	754
256	515
256	569
257	531
257	571
257	681
257	736
258	302
258	332
258	529
258	550
258	585
258	673
259	592
260	369
261	489
261	517
261	615
262	428
262	596
262	668
262	699
262	714
263	292
263	387
263	741
264	527
265	369
265	506
266	311
266	484
266	629
267	515
268	392
268	532
268	601
268	735
268	779
270	323
270	327
270	358
270	473
270	573
271	412
271	549
271	641
271	666
271	795
272	374
272	400
272	648
272	719
272	779
273	625
273	649
273	685
273	705
274	724
274	790
275	525
275	797
276	350
276	528
276	708
277	343
277	523
277	685
278	725
279	343
280	457
281	335
281	671
282	496
282	597
283	378
284	309
284	586
284	757
285	324
285	740
286	760
287	324
288	381
288	413
289	378
289	431
289	484
289	681
290	472
291	522
291	621
292	415
292	583
292	620
292	627
292	687
293	440
293	640
294	346
294	386
294	735
294	799
295	604
296	495
296	554
297	454
297	533
297	633
297	732
299	358
299	435
299	545
300	724
301	503
301	548
301	661
301	704
302	334
303	379
304	505
304	609
305	422
305	524
306	713
308	405
308	513
308	598
308	756
308	780
309	346
309	361
309	745
310	459
311	367
311	640
311	753
312	493
312	695
312	732
313	369
313	685
313	708
314	375
314	689
315	330
316	367
316	403
316	608
316	678
317	423
317	469
317	497
317	611
317	752
318	393
318	438
318	655
319	348
319	390
319	401
319	536
320	660
321	392
321	436
321	591
322	692
323	498
323	741
325	394
326	340
326	666
327	526
327	657
327	711
328	378
328	498
328	751
329	356
329	452
329	704
330	452
330	693
330	793
331	352
331	536
331	717
331	747
333	395
333	475
333	751
334	530
335	400
335	756
335	772
336	585
336	700
337	348
337	417
337	429
337	625
337	662
337	706
337	778
338	489
338	509
339	509
339	719
340	519
340	527
340	656
340	771
341	600
341	623
342	374
342	724
343	590
344	481
344	500
344	613
344	710
345	596
345	639
345	676
346	494
346	676
346	764
347	389
347	494
347	722
348	456
348	726
350	586
351	532
351	660
352	356
352	673
353	367
353	649
354	401
354	588
354	633
354	645
355	462
355	495
355	659
356	364
356	437
356	667
357	620
357	734
359	445
359	729
360	468
360	549
363	421
363	441
363	481
363	537
363	579
363	763
364	488
365	398
365	445
365	742
365	791
367	672
368	449
368	565
368	739
369	469
369	483
369	705
370	451
370	572
370	598
371	473
372	431
372	495
372	496
372	570
372	683
372	707
373	507
374	695
374	717
375	520
375	549
375	568
375	660
375	756
376	449
377	399
377	543
377	703
378	560
378	738
379	431
380	562
380	620
380	756
382	400
382	602
382	603
382	649
384	500
384	513
385	491
385	541
386	779
387	391
387	434
388	405
388	664
389	404
389	668
389	745
390	516
390	735
392	546
393	552
394	490
394	497
394	603
395	599
395	603
395	728
396	461
396	585
398	489
398	542
398	782
399	444
399	476
400	426
400	639
400	650
400	703
402	533
404	779
405	474
405	478
405	531
405	600
405	747
406	458
406	484
406	547
406	623
406	659
407	469
407	733
408	683
410	626
410	643
411	610
412	734
413	686
414	623
415	715
416	500
416	574
416	579
416	726
417	555
417	574
418	568
418	582
418	593
418	692
418	704
418	711
418	796
419	533
419	687
419	717
420	590
421	477
421	586
422	423
422	465
422	641
423	741
424	772
425	589
426	494
426	529
426	561
426	677
426	751
427	717
427	729
428	543
428	571
428	735
430	434
431	478
432	440
432	494
432	684
432	706
432	777
433	580
433	612
433	618
433	635
433	785
434	497
436	624
437	690
438	494
438	591
438	617
439	471
440	648
440	691
441	667
442	665
442	679
443	502
443	621
443	687
444	529
445	536
445	684
446	465
446	562
447	576
447	708
449	691
450	591
451	644
452	528
452	529
452	785
453	786
453	791
454	641
454	763
455	469
455	542
457	594
457	614
458	640
458	656
458	758
459	733
460	558
460	562
462	475
462	539
462	551
462	564
462	604
462	646
462	694
463	539
463	541
463	608
463	763
464	625
464	679
464	767
465	576
465	718
467	612
467	715
467	748
468	576
468	677
469	584
470	755
471	567
473	611
474	475
474	530
474	536
474	659
475	538
475	757
476	566
476	619
476	747
477	545
479	674
479	694
479	797
480	584
480	766
481	567
484	505
486	750
487	783
488	523
488	557
488	622
489	495
489	502
489	701
489	719
492	676
493	619
493	698
494	660
495	530
496	697
497	516
498	514
498	638
498	795
499	739
500	700
500	729
501	576
501	598
501	695
502	646
502	689
503	739
504	541
505	552
505	716
506	641
507	585
508	647
509	598
509	674
510	658
510	685
510	724
511	529
513	654
515	531
515	597
515	767
518	591
518	787
519	580
522	596
522	692
523	553
523	622
524	578
525	699
526	624
526	730
528	598
528	711
528	730
528	791
528	794
529	689
529	717
532	652
533	735
534	611
534	676
536	553
536	675
538	668
538	728
539	541
539	567
540	605
540	633
540	736
540	752
541	689
542	575
542	603
544	574
544	757
544	794
545	546
545	773
546	620
547	694
547	753
550	590
550	650
550	696
551	615
551	624
551	797
552	595
552	680
552	785
553	636
553	691
553	776
554	610
556	582
556	652
556	790
557	686
557	741
557	793
560	714
562	780
564	770
565	772
565	774
565	793
566	568
566	625
568	717
569	712
571	736
571	788
572	754
573	673
573	757
574	579
574	727
575	636
577	590
577	684
579	735
580	711
581	722
584	765
587	668
588	740
589	638
589	738
589	751
589	764
590	762
592	621
592	725
593	730
597	691
598	637
599	686
600	618
600	739
601	673
601	772
604	666
606	791
607	660
607	752
607	759
609	717
610	758
611	676
612	721
614	704
616	753
618	744
620	723
622	786
623	688
623	766
624	781
627	756
631	664
634	723
635	723
636	752
639	678
640	683
641	722
642	648
643	701
645	727
646	662
648	729
648	761
651	669
652	702
655	672
656	709
658	664
658	715
658	722
659	763
666	716
667	761
669	694
669	718
670	712
670	786
672	760
676	696
676	713
677	776
678	695
680	684
680	686
680	769
680	784
681	757
681	773
683	774
685	695
685	716
685	775
687	731
687	772
688	704
688	712
690	732
696	779
699	772
700	733
703	753
709	717
711	747
713	737
717	752
719	746
719	756
719	795
719	797
721	745
723	726
724	796
725	769
727	767
729	743
730	770
733	772
737	790
739	765
740	787
742	756
745	748
746	788
746	798
749	769
749	796
754	775
788	790