0	220
0	490
0	710
1	232
1	475
1	648
2	59
2	120
2	783
3	353
3	391
3	670
4	58
4	147
4	230
4	250
4	295
4	326
5	13
5	37
5	267
5	286
5	384
5	407
5	586
5	736
6	105
6	245
6	296
6	543
7	132
7	381
7	723
8	163
8	609
8	774
9	229
9	241
9	379
9	439
9	585
10	430
10	627
10	773
11	320
11	381
11	612
11	759
12	59
12	514
12	517
12	718
13	44
13	456
13	752
14	138
14	261
14	384
14	388
14	710
15	166
15	171
15	360
15	414
15	436
15	554
16	161
16	249
16	294
16	577
16	644
16	669
17	276
17	459
17	706
17	765
18	574
18	675
18	714
18	727
19	65
19	296
19	481
19	617
19	659
20	182
20	741
21	122
21	151
21	344
21	701
21	710
21	740
22	105
22	193
22	228
22	295
22	725
23	90
23	593
23	620
23	673
24	115
24	566
24	661
24	681
24	799
25	101
25	135
25	220
25	359
25	360
25	440
25	464
25	496
25	505
25	651
25	668
25	688
26	75
26	132
26	342
27	89
27	196
27	510
28	113
28	235
28	713
29	227
29	312
29	470
29	548
29	639
29	774
30	43
30	126
30	383
31	315
32	432
33	68
33	241
33	328
33	377
33	566
33	787
34	509
34	700
35	379
35	468
35	558
36	173
36	332
36	360
36	790
37	269
37	366
37	408
37	455
37	510
37	539
38	84
38	92
38	539
38	764
39	311
40	305
40	514
40	584
41	317
41	354
41	383
41	401
41	445
41	682
42	84
42	245
42	346
42	372
42	798
43	152
43	271
43	334
43	346
43	443
43	504
43	614
43	699
43	760
44	200
44	267
44	434
45	87
45	127
45	375
45	449
45	526
45	717
46	183
46	365
46	385
46	736
47	121
47	496
48	246
48	587
48	631
48	779
49	149
49	272
49	386
49	763
50	189
50	254
50	717
51	140
51	740
52	140
52	149
52	165
52	182
52	429
52	443
52	475
52	481
52	661
52	696
53	662
53	731
54	509
54	586
55	688
56	177
56	210
56	432
56	726
57	431
57	758
58	116
58	251
58	272
58	543
58	575
59	139
59	490
59	499
59	746
60	222
60	717
61	145
61	298
61	394
61	399
61	560
62	173
62	477
62	495
62	696
63	378
64	481
65	114
65	284
65	396
65	418
65	557
66	151
66	313
66	466
67	101
67	347
67	392
67	464
67	468
67	678
68	121
68	160
69	329
69	580
69	667
70	472
70	481
70	651
70	796
70	797
71	181
71	550
71	562
71	692
71	742
72	211
73	394
73	478
73	575
73	653
73	694
73	795
74	298
75	311
75	393
75	469
75	641
75	715
75	773
76	98
76	367
76	462
76	756
77	274
77	542
78	105
78	491
78	647
78	759
79	217
79	295
79	445
80	334
80	547
81	143
81	422
81	520
82	145
82	233
82	615
82	696
83	286
83	659
83	717
85	228
85	339
85	565
85	764
86	474
87	425
87	430
87	537
87	758
88	546
89	560
89	637
90	367
90	575
91	187
91	207
91	239
92	113
92	188
92	226
92	360
92	476
92	527
92	654
92	772
93	698
93	736
93	791
94	457
94	569
94	614
95	379
95	419
95	475
96	200
96	364
96	730
97	164
97	304
97	378
97	412
97	715
97	791
98	283
98	348
98	557
98	686
98	751
99	149
99	266
99	342
100	134
100	410
100	491
100	535
100	596
100	766
101	152
101	616
102	122
102	315
102	458
102	545
102	676
103	779
104	711
105	134
105	283
105	464
105	633
106	125
106	271
106	518
106	706
106	793
107	447
108	256
108	344
109	147
109	312
109	379
109	481
109	565
109	685
110	229
110	345
110	553
110	616
110	644
111	509
111	625
112	279
112	291
112	404
112	433
112	453
112	612
112	646
112	696
112	701
113	216
113	266
113	311
113	632
113	769
114	342
114	433
115	563
116	196
116	541
117	205
117	306
117	608
118	644
119	686
119	725
120	191
120	340
120	377
120	389
121	386
121	400
121	594
121	623
122	165
122	246
122	274
122	442
122	453
122	472
122	659
123	158
123	215
123	455
123	693
124	298
124	380
124	640
125	164
125	365
125	388
125	676
126	178
126	278
126	285
126	307
126	308
126	319
126	664
126	667
126	758
127	206
127	365
127	551
127	596
127	621
127	739
127	760
128	586
129	162
129	363
130	217
130	351
130	545
130	610
130	659
130	759
131	545
131	733
132	776
133	172
133	387
133	389
133	545
133	572
133	585
133	745
134	212
134	693
135	136
135	493
136	529
136	732
136	761
137	767
138	162
138	546
138	787
139	140
139	269
139	372
139	618
140	173
140	330
140	363
140	685
140	784
141	461
142	295
142	515
142	672
142	708
143	679
144	238
144	252
144	592
144	641
144	687
145	287
145	292
145	389
145	795
146	341
146	350
146	778
147	271
147	603
147	613
148	256
148	393
148	556
149	208
149	325
149	527
150	209
150	430
150	538
150	611
150	699
152	310
152	466
152	486
152	490
153	284
153	304
154	404
155	689
156	449
157	712
158	543
158	552
159	174
159	655
159	751
160	167
160	371
160	437
160	507
160	549
160	582
161	184
161	209
161	277
161	287
161	710
161	764
163	628
163	688
164	249
164	599
166	317
166	355
166	441
167	409
167	585
168	239
168	311
168	410
168	715
169	197
169	286
169	461
170	491
171	399
171	422
171	482
171	634
171	740
171	767
171	791
172	224
172	636
172	728
173	331
173	449
173	645
174	175
174	216
174	271
175	355
175	690
176	494
176	690
177	199
178	518
179	371
179	439
180	190
180	670
181	206
181	276
181	331
181	603
182	206
182	267
182	407
182	729
183	212
183	654
184	399
185	323
185	418
185	518
185	533
186	334
186	460
187	373
187	573
187	729
188	343
188	640
188	769
189	478
189	690
190	221
190	494
190	550
190	678
190	791
192	193
192	260
192	370
192	393
193	246
193	344
193	510
193	621
194	479
194	791
195	356
196	526
196	780
197	440
197	699
197	758
198	331
199	755
200	535
200	725
201	279
202	342
202	621
202	756
203	206
203	354
203	513
203	579
204	383
204	390
204	470
205	479
205	533
205	707
206	327
206	650
206	674
207	481
208	235
208	349
208	759
209	287
209	458
209	495
209	552
209	561
209	716
210	243
210	273
210	476
210	590
210	662
210	740
211	311
211	502
211	575
212	401
212	416
212	452
213	447
213	741
213	789
214	549
214	619
215	575
216	473
216	687
217	346
217	358
217	440
217	615
217	766
218	292
218	439
218	568
218	590
218	603
218	614
218	773
219	432
219	598
219	782
220	634
221	374
221	646
221	763
222	316
222	485
222	528
222	649
223	429
223	534
223	632
225	336
225	792
226	247
226	390
226	408
226	698
227	444
227	481
228	489
228	645
228	714
229	579
230	416
230	608
231	347
231	466
231	623
231	626
232	277
232	494
233	279
233	577
233	594
233	610
233	633
234	334
234	405
234	491
234	688
235	355
236	630
237	292
237	446
237	635
238	704
239	731
240	258
240	338
240	383
240	461
241	543
241	581
241	759
242	457
242	501
242	503
242	505
243	383
243	458
244	288
244	470
244	575
245	567
246	297
246	335
246	339
246	499
248	300
249	311
249	775
250	443
250	565
251	284
251	327
251	336
251	629
252	491
252	575
253	367
253	544
253	637
254	287
254	505
254	611
254	637
254	713
255	375
255	659
255	691
255	775
256	685
257	618
258	526
258	543
258	582
259	314
259	505
259	525
260	435
260	632
261	575
261	580
261	603
261	748
262	433
262	499
262	612
263	622
264	410
265	373
265	598
265	629
265	658
266	639
267	306
268	298
268	360
268	369
268	666
269	380
269	655
269	662
270	494
270	751
271	368
271	388
271	516
271	716
272	335
272	412
272	600
272	633
272	740
273	494
273	594
273	675
273	704
274	315
275	304
275	594
275	673
276	280
276	309
276	361
276	398
276	599
276	655
276	689
276	775
277	548
277	705
278	364
278	585
278	766
279	409
280	398
280	429
280	548
280	568
281	399
281	524
282	340
282	374
282	461
283	444
283	505
283	582
283	668
284	540
284	648
285	399
285	649
285	712
286	521
286	610
286	723
287	576
287	797
288	295
288	621
289	629
289	735
290	354
291	507
291	668
292	760
293	481
293	651
293	742
293	746
294	336
294	449
294	737
295	373
295	627
296	450
296	526
296	623
297	369
297	440
297	464
297	683
297	709
297	783
297	786
298	435
298	729
299	384
299	798
300	428
301	482
301	664
301	764
301	790
302	435
303	338
303	655
303	693
304	366
304	447
305	515
306	764
307	464
307	545
307	565
307	579
307	743
308	654
309	514
309	623
310	367
310	429
310	515
310	682
310	693
310	704
310	794
311	475
312	590
312	776
312	783
313	605
313	727
315	344
315	582
315	697
316	763
317	403
317	421
317	523
317	572
318	411
318	573
318	662
320	354
321	709
321	756
322	342
322	426
322	440
322	462
323	344
323	478
323	675
323	690
323	742
323	758
323	759
324	616
324	770
325	341
325	569
325	761
327	504
327	556
328	672
328	732
329	449
329	537
330	413
330	635
331	546
332	540
332	710
333	374
333	455
334	475
334	576
334	762
335	438
335	617
336	412
336	508
336	667
336	711
337	496
337	651
338	466
338	471
338	611
338	635
338	770
339	706
340	498
340	512
340	609
340	626
340	677
342	353
342	518
342	535
342	769
343	718
344	361
344	411
344	455
344	653
344	657
345	655
346	588
346	666
347	475
347	502
348	558
349	656
350	451
350	538
350	715
351	382
351	605
351	738
352	382
352	416
352	532
353	439
353	525
353	634
353	724
354	368
354	555
355	362
355	464
356	464
357	432
357	600
357	737
358	413
358	508
358	530
358	770
359	361
359	431
359	488
359	590
359	759
360	496
360	627
360	657
360	745
361	512
361	595
361	603
361	701
361	708
362	712
362	748
363	477
363	693
364	422
364	485
364	717
365	460
366	637
367	546
367	564
367	776
369	704
370	667
371	590
372	562
372	601
372	628
374	412
374	596
374	707
375	383
376	602
377	543
377	552
378	497
379	577
379	651
380	452
380	542
380	776
381	626
382	424
382	491
382	655
383	557
383	618
383	719
384	423
384	463
384	584
384	588
384	622
384	727
386	575
388	507
388	620
388	662
389	480
389	489
389	702
390	798
390	799
391	423
392	472
392	682
393	447
394	397
395	597
396	688
396	724
398	619
398	721
398	772
399	479
400	431
400	499
400	620
400	700
400	780
401	514
401	703
402	747
402	749
404	462
404	472
404	536
404	550
404	733
405	690
405	701
406	414
406	511
406	521
406	670
407	469
407	478
407	545
407	637
409	411
409	458
409	628
409	629
409	660
410	550
410	749
410	780
412	603
412	620
412	764
413	799
415	716
416	676
417	641
417	706
418	591
418	615
419	638
419	744
420	475
421	476
421	556
422	583
422	585
423	428
424	478
425	427
425	527
426	794
428	701
429	539
431	572
431	673
431	696
431	791
433	491
433	643
434	462
434	467
434	480
434	484
436	572
436	591
437	511
437	528
438	560
438	614
438	694
438	743
439	683
439	725
440	506
440	563
440	731
440	751
441	540
442	519
442	561
443	454
443	545
443	631
443	751
443	770
444	740
445	451
445	453
445	726
446	488
447	554
448	614
448	721
449	601
452	559
452	725
453	718
453	722
454	520
454	554
454	598
454	723
455	504
455	692
455	784
457	520
457	699
458	699
458	709
458	760
460	706
460	732
460	794
461	485
461	526
461	579
462	615
462	663
464	559
464	628
464	646
465	783
466	734
467	566
468	484
468	562
468	606
468	617
469	496
470	581
470	671
470	773
472	769
474	595
474	757
474	777
475	702
476	594
477	481
477	544
477	588
477	771
478	625
479	653
480	543
480	591
480	699
481	488
483	546
483	616
483	755
483	788
484	703
484	751
485	630
485	634
486	539
486	553
486	676
486	722
486	763
487	677
487	678
487	698
488	609
488	627
488	658
488	664
489	522
489	599
489	669
490	794
491	524
491	599
491	682
491	715
492	560
494	513
494	591
494	628
495	585
495	606
495	685
495	700
497	690
498	536
498	784
499	610
499	736
500	611
501	580
501	611
501	632
501	652
502	739
502	794
503	523
503	597
503	623
504	704
508	763
508	766
510	749
511	513
511	637
511	685
511	717
514	676
515	692
515	731
517	640
520	711
524	617
524	715
525	635
525	729
527	649
527	667
528	647
529	618
529	629
530	639
531	644
535	745
535	781
537	770
538	627
538	666
543	612
545	683
546	740
546	752
546	786
548	768
549	780
550	620
550	666
550	671
551	779
552	567
553	581
553	727
553	766
554	647
554	773
555	561
557	570
558	585
558	595
559	634
560	669
560	726
562	611
564	683
565	596
566	763
566	773
567	631
569	608
571	583
571	664
573	606
573	773
574	603
574	764
574	786
575	688
575	713
576	587
576	624
576	696
577	763
578	581
578	630
579	725
582	665
584	627
584	642
584	783
585	764
586	653
589	654
590	759
591	594
592	725
592	726
594	686
594	769
596	699
596	763
598	629
598	682
598	723
598	787
599	693
602	674
603	680
603	755
604	750
605	678
605	748
606	669
607	639
607	752
607	786
608	648
608	669
609	759
611	653
611	669
612	776
614	790
615	681
616	654
616	783
617	623
618	706
619	665
621	657
622	642
622	769
622	797
623	683
623	701
623	732
624	791
626	674
627	738
628	712
629	643
631	782
632	690
633	679
634	694
636	701
638	717
639	660
639	762
641	657
641	763
642	707
646	678
648	668
649	664
652	709
652	719
652	769
655	670
655	720
656	695
656	750
657	698
662	735
663	687
663	697
663	783
663	792
665	754
671	757
672	688
672	721
673	796
675	708
675	761
676	752
676	782
677	684
679	767
680	693
682	799
683	727
683	755
692	757
693	778
693	780
696	744
698	748
698	759
700	749
700	766
703	783
707	737
710	728
710	753
714	734
714	744
738	765
738	785
744	778
745	779
751	762
759	788
759	790
768	786
772	777
779	792
793	798