0	131
0	647
1	159
1	167
1	301
1	306
2	114
2	369
3	198
3	272
3	280
3	412
3	638
3	744
4	240
4	277
4	463
5	226
5	261
5	577
5	711
5	744
6	739
6	766
7	126
7	150
7	220
7	381
8	239
9	211
9	378
9	679
10	203
10	354
10	483
11	286
11	354
11	573
11	662
11	690
11	708
12	180
12	403
12	431
12	566
12	606
12	678
13	244
13	384
13	607
14	77
14	163
14	180
14	564
15	230
15	431
15	478
15	598
15	637
15	770
16	279
16	346
16	378
17	267
18	35
18	458
18	796
19	305
19	664
20	36
20	167
20	211
20	577
20	658
21	163
21	326
21	376
22	790
23	125
23	209
23	252
23	432
23	534
23	584
23	653
24	85
24	119
24	680
25	27
25	146
25	456
25	551
25	774
26	500
26	623
26	724
26	784
27	99
27	507
27	593
27	622
27	682
28	59
29	59
29	81
29	261
29	429
29	578
30	107
30	445
31	328
31	692
31	713
32	63
32	129
32	464
32	553
32	580
32	610
32	695
33	123
33	153
33	305
33	335
33	395
34	138
34	638
35	170
35	274
35	608
35	664
36	216
36	532
36	749
37	103
37	482
37	778
38	83
38	252
39	74
39	161
39	364
39	438
39	460
39	488
39	688
40	141
40	205
40	214
40	322
40	491
40	501
40	754
41	299
41	373
41	408
41	459
41	499
41	684
42	351
42	452
42	527
43	247
43	279
43	292
43	633
44	126
44	185
44	461
44	519
44	607
45	107
45	275
45	715
46	156
46	325
46	547
46	571
47	228
48	93
48	339
48	450
48	666
49	81
49	404
49	479
49	656
49	686
50	311
50	359
50	444
50	554
51	130
51	145
51	690
51	691
51	707
52	126
52	228
52	282
52	372
52	446
52	706
52	798
53	62
53	108
53	413
53	604
53	764
54	300
54	588
55	218
56	432
56	633
57	260
57	460
57	524
57	792
57	795
58	277
58	450
58	518
58	617
58	673
58	764
59	222
59	474
59	654
59	722
59	750
60	87
60	711
61	80
61	266
61	381
61	721
62	175
62	465
62	564
63	101
63	217
63	427
63	449
63	469
63	689
64	148
64	240
64	353
65	83
65	110
65	226
65	338
65	548
65	794
66	305
66	484
66	713
67	382
67	399
67	472
67	672
67	720
68	349
68	357
68	455
69	351
69	448
69	606
70	165
71	98
71	271
71	337
71	566
71	756
72	216
72	753
73	83
73	159
73	228
73	496
73	497
74	284
74	373
74	458
74	759
75	202
75	398
75	434
75	513
75	535
75	745
75	755
75	776
76	285
76	435
76	447
77	92
77	152
77	359
77	555
77	566
77	601
78	173
78	189
78	430
78	567
79	128
79	135
79	683
79	714
80	116
80	553
80	745
81	264
81	323
81	532
81	596
81	712
82	630
83	370
83	523
84	279
85	153
85	358
85	453
85	505
86	139
86	209
86	393
86	791
87	149
87	301
88	194
89	166
89	296
89	475
89	568
89	650
89	778
90	258
90	319
90	426
91	132
91	178
91	243
91	359
91	360
91	411
91	449
92	273
92	385
92	479
92	546
92	689
92	744
93	152
93	739
94	217
94	295
94	350
94	410
94	472
94	511
95	302
95	345
96	228
96	251
96	524
97	481
97	583
97	712
97	753
97	793
98	534
98	592
98	647
98	659
98	690
99	175
99	617
99	799
100	242
100	412
100	416
100	694
101	449
101	697
101	785
102	105
102	538
103	124
103	564
103	749
104	110
104	277
104	402
104	474
104	491
104	777
105	198
105	518
105	588
106	317
107	522
107	559
108	271
108	540
108	685
108	735
109	115
109	126
109	246
109	275
109	281
109	416
109	486
109	665
109	667
110	152
110	186
110	199
110	213
110	222
110	540
110	594
110	778
111	199
111	411
111	568
111	624
111	733
112	470
112	624
112	713
112	756
113	404
113	587
114	357
114	734
116	715
116	727
117	134
117	258
118	121
118	171
118	263
118	442
118	535
118	672
118	689
118	726
118	774
119	163
119	196
119	401
119	688
120	403
120	422
121	640
121	660
121	763
122	355
122	539
122	700
123	650
123	678
123	793
124	189
124	222
124	247
124	321
124	493
124	619
124	688
125	239
125	465
125	526
126	240
126	323
126	570
126	691
126	709
127	379
127	719
127	794
128	182
128	239
128	650
129	504
129	748
130	302
130	570
130	582
131	361
131	515
131	613
131	700
132	280
132	642
133	489
134	272
135	196
135	548
135	556
135	562
135	738
136	264
136	387
136	772
137	421
137	465
137	468
137	506
137	717
137	718
138	236
138	300
138	549
139	245
139	411
139	574
139	616
140	456
141	283
141	693
141	732
141	796
142	268
142	689
143	238
143	462
143	598
144	312
145	367
145	713
146	412
146	580
146	651
146	742
147	219
147	264
147	266
147	692
148	218
148	418
148	456
148	561
148	690
148	711
148	763
149	494
150	160
150	593
150	641
151	387
151	715
152	203
152	552
152	569
152	785
153	216
153	373
153	578
153	685
153	708
154	364
154	531
154	549
154	678
155	258
155	285
155	553
155	704
155	791
156	721
157	225
157	522
157	572
158	175
158	300
158	432
158	467
158	497
158	543
158	583
158	600
160	306
160	390
160	425
160	596
161	250
161	428
161	658
162	195
162	281
162	457
162	711
162	715
163	319
163	451
163	710
164	308
164	341
164	373
164	450
164	702
165	469
165	570
165	583
165	699
165	708
166	183
166	310
166	694
167	174
167	218
167	287
168	628
168	675
169	565
170	220
170	587
171	349
171	427
171	499
171	631
172	399
172	689
173	629
174	340
174	398
174	403
174	605
174	611
174	625
174	729
175	294
175	426
175	470
176	204
177	394
178	325
178	391
178	748
179	273
179	337
179	734
179	741
180	657
180	674
181	333
181	569
181	684
182	327
182	773
183	211
183	239
183	470
183	623
184	397
184	659
184	705
185	492
185	562
186	394
186	546
186	709
186	781
187	281
187	283
187	451
188	392
189	318
189	331
190	254
190	582
190	677
190	768
191	340
191	455
191	561
192	634
192	747
193	321
194	537
194	632
194	742
195	335
195	406
196	297
196	348
196	508
196	557
196	730
197	309
197	573
197	589
197	602
198	390
198	520
199	435
200	631
201	428
201	464
201	465
201	481
201	537
202	305
202	378
202	659
203	450
203	494
204	417
204	500
204	579
205	208
205	267
205	639
206	251
206	479
206	727
207	547
208	274
208	745
209	229
209	771
210	430
210	448
210	455
210	517
211	419
211	561
211	605
211	655
212	353
212	545
212	754
213	308
213	332
213	417
214	318
215	602
215	692
216	449
216	477
216	688
216	724
216	737
217	649
218	659
218	788
219	242
219	339
219	446
220	348
220	394
220	628
221	532
222	381
222	567
222	760
222	777
223	252
223	279
223	564
223	677
224	390
224	578
224	654
224	707
224	739
225	565
226	242
226	589
226	790
227	587
227	700
228	274
228	516
228	556
228	562
228	641
229	428
229	613
230	237
230	398
230	622
230	700
231	708
231	797
232	299
232	459
233	238
233	361
233	480
233	570
233	782
234	263
234	456
234	717
235	283
235	521
235	571
235	611
235	623
236	301
236	489
236	779
237	262
237	424
237	734
237	761
238	552
238	610
239	273
239	436
239	439
239	772
239	781
240	560
241	335
241	511
242	418
242	744
243	334
243	536
243	540
243	639
244	393
244	615
245	252
245	421
245	731
245	737
245	741
246	357
246	447
246	510
247	454
248	773
249	394
249	520
249	705
250	288
250	303
250	359
250	531
250	600
251	428
251	449
252	420
252	470
253	627
254	302
254	567
254	648
254	746
255	498
255	618
255	715
255	740
256	493
256	796
257	773
258	361
258	440
258	502
259	366
259	439
259	548
260	313
260	607
261	602
261	752
261	769
262	373
262	511
262	579
262	603
263	346
263	411
263	679
264	397
264	447
265	631
266	331
266	397
266	680
267	785
268	511
268	724
269	331
269	409
269	465
269	467
269	658
269	713
270	284
270	511
270	523
270	545
270	588
270	713
270	796
270	799
271	295
272	555
272	686
273	287
273	496
273	665
274	630
275	282
275	388
275	389
275	794
276	376
276	428
276	799
277	531
277	533
278	764
279	336
279	517
280	447
280	540
280	552
280	631
280	706
280	707
280	760
281	373
281	494
281	669
281	773
282	359
282	716
283	390
283	549
284	341
284	646
285	388
285	547
285	591
285	646
286	363
286	722
287	303
287	481
287	483
287	509
288	408
288	487
288	534
289	433
290	478
290	512
290	679
291	414
291	532
291	795
292	343
292	414
292	779
293	467
293	534
293	569
293	698
295	674
295	792
296	513
297	510
298	332
299	428
299	624
299	654
299	715
299	754
300	355
300	433
300	565
301	432
301	460
301	463
301	715
302	465
302	504
302	531
303	370
304	555
305	572
307	389
307	656
308	515
308	670
308	743
309	433
310	342
310	352
310	616
310	649
311	341
312	488
312	730
313	330
313	585
313	619
314	427
315	347
315	659
315	749
315	789
316	369
316	374
316	693
317	559
317	703
317	754
318	354
318	470
318	525
318	676
319	511
319	691
320	405
320	543
320	705
320	763
321	674
321	742
321	746
321	749
321	758
322	742
322	777
323	337
323	555
323	616
323	661
323	798
324	509
324	631
325	427
325	638
325	645
325	661
325	733
327	545
327	608
328	593
328	733
328	769
329	489
329	508
330	374
330	477
330	508
331	468
331	565
331	780
332	512
332	643
333	436
333	694
335	544
335	585
335	781
336	574
336	599
337	412
337	509
337	517
337	787
338	567
338	602
339	387
339	485
339	779
340	391
340	573
340	588
342	430
342	464
342	511
342	565
342	795
343	445
343	631
344	360
345	735
345	747
346	571
346	586
346	666
347	410
347	541
350	436
350	441
350	561
352	412
352	485
352	658
352	666
353	447
353	517
354	471
355	370
355	456
355	701
355	786
355	787
356	648
357	490
358	465
359	641
360	685
360	754
360	796
361	402
361	463
362	457
362	505
362	769
363	529
363	534
363	593
364	530
364	658
364	740
364	745
365	455
365	666
365	717
366	386
368	538
369	385
369	535
369	623
369	722
370	634
371	451
371	533
371	707
371	749
371	774
372	523
372	545
372	592
372	748
372	799
373	405
373	729
374	509
374	595
375	621
376	668
377	385
377	402
377	470
377	505
377	523
377	659
378	722
379	460
379	671
379	690
380	500
381	400
382	488
382	735
383	392
384	491
384	603
384	713
384	768
385	396
385	661
385	692
386	608
386	666
388	554
388	604
389	492
389	591
389	688
389	755
390	589
390	789
391	479
391	510
391	687
391	728
391	732
391	776
392	581
393	431
393	650
394	519
394	587
394	733
395	720
395	769
396	609
397	451
397	603
397	622
397	721
398	527
398	680
398	792
399	601
399	602
399	660
399	674
400	443
400	445
400	651
401	414
402	440
402	623
402	773
403	696
404	675
405	477
405	484
405	544
405	608
406	579
406	588
406	655
406	688
406	740
406	770
407	533
407	579
408	423
408	708
409	427
409	693
410	676
411	426
411	501
411	596
411	763
412	604
412	733
414	628
415	573
416	535
416	774
416	797
417	619
418	496
418	676
420	463
420	525
420	629
421	706
421	714
423	675
424	705
424	759
425	768
426	466
426	632
426	747
429	672
429	783
430	441
430	495
430	548
430	710
431	455
432	651
433	449
433	477
433	624
434	774
435	458
435	697
435	752
436	470
436	591
437	529
437	619
437	665
438	664
439	630
441	607
441	636
442	623
442	632
444	534
444	575
447	635
448	604
449	489
449	620
449	649
449	767
450	584
451	690
451	742
452	715
452	749
453	466
453	473
453	684
454	799
455	497
456	553
456	721
457	531
457	570
457	687
458	541
458	617
459	635
459	729
459	730
460	544
460	718
461	558
461	619
462	576
462	683
463	559
463	715
464	589
466	519
467	532
467	615
467	778
468	718
469	533
469	537
469	570
470	471
470	632
470	661
472	571
472	672
472	705
476	607
476	656
477	695
478	519
478	604
478	613
478	640
479	723
479	757
481	630
483	654
484	502
484	675
484	691
484	762
485	664
487	761
488	592
488	600
489	568
489	592
489	605
490	712
491	795
492	551
494	508
494	668
494	703
495	522
495	628
499	700
500	561
500	581
500	765
501	578
503	631
503	732
505	578
506	663
507	509
507	622
510	518
510	781
511	573
511	576
511	636
511	663
511	766
512	533
512	550
512	774
513	799
514	749
515	717
515	736
516	522
516	533
516	606
516	688
517	710
518	533
520	633
521	551
521	698
523	678
524	668
524	753
524	783
525	671
525	753
526	740
528	593
529	631
530	572
531	628
531	730
532	749
533	649
535	741
535	781
537	734
537	748
542	670
543	582
543	780
544	555
544	759
546	596
546	613
546	677
547	628
548	652
548	792
549	759
550	571
550	640
551	715
552	675
553	686
553	689
554	748
555	649
557	570
557	575
557	627
557	684
557	761
558	578
559	690
563	617
566	605
566	674
566	691
569	798
570	612
572	659
575	591
576	680
579	623
580	620
580	642
580	795
581	706
582	687
582	721
584	690
586	679
586	744
586	771
588	708
589	591
589	772
590	774
592	780
593	738
594	666
596	744
597	652
597	684
598	671
598	695
599	696
600	678
600	740
600	747
600	761
601	697
603	650
604	647
607	664
608	634
608	637
608	674
609	756
610	763
612	670
613	677
613	687
614	641
618	698
619	630
622	645
622	681
622	711
622	727
624	693
624	723
625	668
625	712
626	629
626	685
626	733
628	683
628	742
629	669
629	774
630	755
632	757
632	792
633	740
633	758
633	792
635	797
638	770
638	776
640	746
641	739
642	797
643	776
644	653
646	762
646	795
647	795
650	698
650	738
651	669
651	713
651	753
653	660
654	681
654	789
655	668
657	727
661	695
661	735
663	719
668	758
669	721
669	783
671	744
674	711
679	726
684	736
687	725
687	788
689	718
695	796
697	710
697	721
697	726
698	771
705	717
705	737
706	778
708	752
709	741
709	771
717	766
720	730
725	775
726	746
729	746
729	783
730	771
736	775
738	793
739	791
743	776
746	781
747	778
748	791
749	782
751	767
751	783
758	781
766	767
767	784
783	797
787	795