0	160
0	695
1	35
1	54
1	111
1	326
1	456
1	517
2	94
2	762
3	5
3	170
4	185
4	226
4	661
5	99
5	109
5	274
5	523
5	587
5	677
6	171
6	182
7	191
7	218
7	333
7	589
8	39
8	70
8	104
8	413
8	703
9	755
10	670
11	464
12	28
12	216
12	478
13	526
14	236
14	391
14	577
14	605
14	645
14	693
15	91
15	111
16	196
16	440
16	541
17	66
17	152
17	283
17	741
17	761
18	71
18	527
18	528
19	166
19	396
19	633
20	53
20	100
20	152
20	172
20	514
20	527
21	431
21	607
21	684
22	91
22	350
22	409
22	718
23	157
23	370
24	189
24	415
25	467
25	793
26	41
26	241
26	347
26	759
27	77
27	135
27	149
27	190
28	531
28	551
28	775
28	799
29	313
30	174
30	188
30	206
30	436
31	34
31	441
32	82
32	217
32	384
32	433
32	451
33	166
33	230
33	659
34	39
34	45
34	98
34	267
34	498
34	622
34	625
35	228
35	516
36	49
36	436
36	592
36	796
37	135
37	139
37	157
38	305
39	91
39	213
39	296
39	466
40	56
40	449
40	551
40	676
40	717
41	103
41	764
42	346
42	413
43	67
43	243
43	440
43	459
43	686
43	708
44	239
44	795
45	149
45	159
45	174
45	286
45	718
45	723
46	522
47	301
47	473
47	648
47	692
47	735
48	258
49	305
49	584
50	113
50	371
50	396
50	464
50	750
51	264
51	403
51	470
51	739
52	298
52	446
52	517
52	695
52	757
53	328
53	383
53	679
54	112
54	139
54	187
54	220
54	365
55	192
55	225
55	524
56	795
57	281
57	450
57	554
57	566
57	602
57	667
58	84
58	404
58	444
58	769
59	445
60	354
61	514
61	692
61	695
62	147
62	235
62	426
63	205
63	239
63	241
63	788
64	119
64	181
64	475
64	755
65	444
65	536
66	333
66	790
67	229
67	598
67	731
67	743
67	791
67	793
68	86
68	229
68	238
68	361
68	424
68	789
69	254
69	355
69	363
69	628
69	664
69	785
70	264
70	353
70	747
70	763
72	219
72	291
72	426
73	679
74	222
74	469
75	406
75	473
75	713
76	528
76	792
77	185
77	263
77	582
78	140
78	306
78	471
78	632
78	633
78	638
78	787
79	271
79	279
79	543
80	167
80	370
80	585
80	740
81	310
81	627
81	701
82	378
82	576
82	793
83	452
84	128
85	137
85	332
86	243
86	393
87	551
88	142
88	481
88	524
88	666
88	753
89	273
89	292
89	305
89	654
89	667
89	714
90	130
90	302
90	343
90	394
90	476
90	509
91	235
91	305
91	378
91	487
92	187
92	495
92	716
92	779
93	627
93	633
93	700
94	249
94	352
95	663
96	480
96	565
97	162
97	291
97	379
97	511
97	570
97	694
98	99
98	108
98	431
98	752
99	178
99	421
99	794
100	386
100	522
100	599
100	795
101	266
101	402
101	499
101	563
101	786
102	131
102	220
102	221
102	283
102	447
102	648
102	790
103	164
103	203
103	603
103	668
104	526
104	623
104	682
105	461
105	782
106	334
106	370
106	493
106	665
107	390
107	587
107	651
108	162
109	191
109	710
109	732
110	128
110	314
110	358
110	541
110	656
110	683
111	326
111	360
111	651
112	412
112	479
112	485
112	764
113	413
113	554
114	670
114	700
114	776
115	151
116	150
116	278
116	661
116	669
117	226
117	272
117	301
117	765
118	194
118	391
119	120
119	137
119	178
119	280
119	314
119	655
119	766
119	783
121	244
122	197
122	438
122	587
122	696
122	708
123	300
123	474
124	156
124	249
124	426
124	445
124	558
124	656
125	672
125	711
126	216
126	438
126	514
127	223
127	589
128	256
129	423
129	521
130	173
130	190
130	272
130	311
130	557
131	221
131	317
131	618
131	627
132	433
132	605
132	742
132	799
133	155
133	236
133	421
133	634
133	768
133	782
134	326
134	408
134	646
134	796
135	152
135	303
136	190
136	302
137	244
137	305
137	365
137	774
138	666
139	228
139	275
139	284
139	426
139	761
139	783
140	243
141	208
141	796
142	547
142	561
142	697
143	251
144	442
144	520
144	607
144	661
144	683
144	720
145	780
146	456
146	670
146	759
147	176
147	210
147	332
147	562
147	572
147	584
147	645
148	221
148	334
148	351
148	755
148	793
149	410
150	190
151	684
152	202
152	211
152	380
152	484
152	571
152	609
152	610
153	155
154	200
154	262
154	451
154	681
154	766
155	207
155	371
155	523
155	583
155	713
155	753
155	760
156	752
157	192
157	200
157	498
157	521
157	702
158	346
158	544
158	784
159	549
159	556
160	687
161	189
161	329
162	376
162	744
162	749
162	780
163	316
163	615
164	186
164	211
164	413
164	483
165	266
167	179
167	759
168	587
168	674
168	789
169	363
169	443
170	173
170	378
171	452
171	522
171	684
172	335
172	686
173	494
174	391
174	635
174	794
175	468
176	250
176	315
176	399
176	493
176	541
177	216
177	406
177	794
178	352
178	515
178	787
179	308
180	329
180	382
181	257
181	283
181	437
181	699
182	419
182	589
182	708
183	185
183	638
184	254
184	506
184	648
186	283
187	432
187	570
187	577
187	664
188	392
188	687
189	229
189	590
191	452
192	269
192	527
192	652
193	319
193	368
193	716
194	208
194	665
195	344
195	528
196	373
197	237
197	287
197	386
197	442
198	238
198	372
198	616
198	694
198	783
199	206
199	419
199	438
200	231
200	372
200	605
201	379
202	334
202	343
202	555
203	685
204	246
205	537
205	687
206	287
206	323
206	342
206	418
206	496
206	528
206	538
207	298
207	446
207	623
207	788
208	432
209	463
209	704
210	291
210	449
210	544
210	698
210	751
211	305
211	310
211	483
211	627
211	761
212	303
212	339
212	355
212	421
212	631
213	375
214	692
215	577
215	691
215	707
216	282
216	418
216	677
217	220
217	704
218	433
218	518
218	647
218	680
219	360
219	466
219	701
219	799
220	280
220	497
220	522
220	654
220	675
222	279
222	341
222	758
223	699
223	792
224	705
225	357
227	507
228	348
228	584
228	601
229	344
229	352
229	492
229	644
229	766
230	265
230	604
230	707
231	258
231	547
231	595
231	768
232	489
232	510
232	773
233	269
233	689
234	340
234	406
234	431
235	611
235	706
235	785
237	254
237	395
237	413
237	477
237	584
237	691
238	595
239	255
239	413
239	603
239	795
240	261
240	492
240	625
241	447
242	278
242	462
242	574
242	683
243	249
243	500
243	502
244	257
244	551
244	594
244	668
245	472
245	557
245	773
247	493
247	607
247	637
248	535
248	690
248	764
249	520
249	545
249	749
250	562
250	663
250	717
251	275
251	331
251	397
251	430
251	709
252	302
252	341
253	286
253	384
253	671
253	743
254	559
254	588
255	754
256	283
257	343
257	401
257	643
258	603
258	656
258	703
259	528
260	392
260	502
260	528
260	612
260	663
261	588
261	647
262	339
263	677
264	493
264	504
265	623
266	302
266	346
266	494
266	675
268	273
268	289
268	425
268	508
268	686
269	329
269	409
269	640
270	510
270	518
270	531
271	283
271	436
271	437
271	449
272	495
272	623
272	639
272	797
273	310
273	423
273	736
274	649
274	774
275	303
275	428
275	658
275	705
276	281
276	369
276	543
277	388
277	496
277	497
277	727
277	753
278	309
279	458
279	502
279	756
280	624
281	400
282	414
282	667
282	797
283	380
283	447
284	438
284	440
284	659
285	453
285	580
285	709
286	458
286	531
286	692
286	711
287	378
287	408
287	495
287	632
287	745
288	376
288	428
288	725
288	756
289	427
289	690
290	336
290	368
290	410
291	596
292	318
292	427
292	558
293	373
293	458
293	562
293	566
293	587
294	433
294	484
294	641
295	517
296	308
296	626
296	664
296	682
296	755
297	362
297	786
298	394
298	422
299	355
299	436
299	444
299	505
300	375
301	505
301	782
302	318
302	400
302	437
302	440
302	763
303	394
303	675
304	474
304	574
304	654
305	565
306	432
306	511
307	536
307	537
307	624
307	634
309	570
309	696
309	749
309	790
310	495
310	553
310	693
310	726
311	325
311	389
311	586
312	462
312	479
313	325
313	415
314	405
315	343
315	774
315	786
316	516
316	582
316	649
317	512
317	604
317	664
317	693
317	705
318	484
318	642
319	525
319	548
320	329
320	404
320	611
320	747
321	688
322	323
322	336
322	440
322	530
322	601
322	755
322	772
323	358
323	475
323	635
324	540
325	550
326	445
326	451
326	670
326	787
327	415
327	797
328	600
329	344
329	614
329	664
330	529
330	544
330	727
331	403
331	559
331	786
332	363
332	795
333	355
334	428
334	532
334	649
334	729
335	338
335	365
336	555
336	643
336	707
336	760
336	789
337	567
337	619
337	776
338	624
339	504
340	537
341	457
341	714
342	436
342	636
342	696
342	717
343	381
344	450
345	427
345	684
346	409
346	411
346	633
346	713
347	409
347	456
347	723
347	724
348	491
348	702
349	472
349	754
350	744
351	381
351	654
352	413
352	457
352	458
353	377
353	379
353	431
353	539
354	697
355	356
355	409
355	755
355	796
356	522
356	674
357	440
357	508
358	471
358	531
358	557
358	629
358	636
359	469
360	383
360	511
360	730
361	378
361	382
361	452
361	629
362	428
362	799
363	434
363	574
364	445
364	448
364	480
364	487
364	583
365	531
365	692
366	787
367	783
369	537
370	473
370	631
371	569
372	488
373	462
373	523
373	694
374	393
374	518
374	523
374	618
374	691
374	762
375	539
375	587
375	633
376	591
376	638
377	722
378	406
378	639
378	680
379	530
379	552
379	670
380	439
380	484
380	714
380	763
381	570
381	683
382	434
382	497
383	491
383	638
383	677
383	695
383	721
384	478
385	428
386	502
386	775
387	781
387	784
388	414
388	580
388	611
389	412
389	492
389	584
390	481
390	597
391	591
397	422
397	560
397	571
398	505
399	457
400	462
400	626
403	672
404	718
405	544
405	545
407	563
408	533
408	758
409	689
409	744
410	440
410	713
411	420
411	438
411	553
411	656
413	576
413	580
413	680
413	705
413	788
414	467
414	642
414	682
414	715
416	630
416	733
417	464
417	466
417	487
418	561
418	653
419	443
419	460
419	574
419	662
419	702
419	768
420	758
421	546
421	617
422	552
422	696
422	698
423	627
423	792
424	460
424	570
424	672
425	472
425	622
425	652
426	659
426	661
426	746
426	764
428	526
428	714
429	498
429	745
430	450
430	519
430	660
431	540
431	664
431	756
431	794
432	577
432	748
432	775
433	531
433	613
434	776
435	571
435	751
435	775
436	551
436	553
436	625
436	712
437	600
439	746
440	479
440	523
440	524
440	666
440	722
440	799
441	459
441	580
442	585
442	618
443	475
444	470
444	576
444	691
445	657
446	618
446	777
447	574
449	551
449	589
451	514
453	469
453	535
453	755
454	562
454	790
455	573
455	610
456	700
457	482
457	620
458	588
461	599
462	557
462	660
462	786
463	578
463	670
464	589
464	600
465	590
467	495
468	524
469	473
469	542
469	792
470	548
471	568
472	495
472	647
473	570
473	606
473	619
473	694
474	711
474	740
475	597
475	606
475	724
475	740
475	743
476	620
479	522
479	682
479	743
481	513
481	615
481	677
481	756
482	510
482	576
483	711
485	703
486	621
486	684
486	763
487	757
489	566
489	619
489	650
490	634
491	540
491	681
493	543
494	796
495	570
496	669
497	510
498	543
498	559
499	749
500	550
501	649
502	547
502	657
503	733
504	579
505	648
506	786
507	597
510	711
510	763
511	672
512	555
512	789
513	691
514	740
516	714
516	724
516	732
517	608
518	770
520	539
520	540
520	650
520	719
521	706
522	706
523	787
523	797
524	549
524	665
525	645
525	704
527	646
527	743
528	541
528	666
529	773
530	602
530	728
531	643
531	679
531	795
533	767
533	776
533	796
534	582
534	662
535	657
536	552
537	642
537	783
538	704
539	592
540	628
540	691
540	793
540	797
542	552
542	599
543	725
544	743
545	570
546	577
546	648
547	581
547	676
547	769
548	790
550	752
550	764
551	741
553	577
553	583
557	579
557	609
557	633
557	635
557	731
559	659
561	799
563	718
564	760
564	782
564	799
565	742
566	614
566	706
566	724
566	772
567	634
567	655
569	617
570	596
570	718
570	739
572	788
574	651
574	684
574	711
574	760
575	780
576	637
577	703
579	642
579	755
580	702
581	623
581	646
583	630
584	635
584	669
585	785
586	728
589	672
589	750
590	737
592	776
593	635
593	764
594	757
596	773
600	692
600	704
600	727
601	695
602	624
602	648
602	650
602	688
602	704
602	783
604	726
604	771
605	716
605	722
605	763
608	649
609	639
610	654
610	761
612	693
613	655
613	712
613	721
613	766
613	778
614	721
615	721
616	623
616	754
620	758
620	761
621	704
622	737
623	636
623	656
625	769
626	706
627	644
629	740
632	797
636	659
637	727
637	764
637	769
640	658
641	668
642	665
644	736
644	768
645	724
647	677
647	698
647	733
648	656
649	701
649	725
649	766
652	661
653	754
654	673
654	684
654	726
655	684
656	662
658	686
658	770
659	668
662	675
669	739
670	709
670	794
672	678
674	685
678	705
680	697
682	727
682	783
683	713
686	692
686	776
687	693
687	738
688	729
690	769
690	770
693	745
695	730
696	741
697	734
716	761
717	758
721	734
721	799
724	776
737	794
738	759
744	761
749	776
756	798
772	784
776	793