0	119
0	153
0	486
0	781
1	484
1	606
1	799
2	45
2	352
2	486
2	533
2	556
2	781
3	25
3	379
3	436
3	462
3	777
4	88
4	112
4	137
4	148
4	186
4	189
4	286
4	352
4	436
4	497
4	650
4	778
4	787
5	527
5	578
6	88
6	173
6	184
6	592
7	57
7	109
7	410
7	535
8	319
8	357
8	366
8	720
8	736
9	129
9	328
9	389
9	745
10	206
10	393
10	560
11	149
11	443
11	627
12	120
12	251
12	613
13	515
13	648
14	40
14	645
14	696
14	771
15	380
16	80
16	439
17	241
17	260
18	117
18	277
18	776
19	130
19	150
19	151
19	226
19	701
19	738
19	768
20	255
20	311
20	314
20	404
20	495
20	622
21	437
21	502
21	577
21	602
21	662
21	748
21	770
22	427
22	541
22	715
22	790
23	126
23	388
23	527
24	115
24	552
24	582
25	138
25	227
25	341
26	87
26	213
27	545
27	624
28	63
28	69
28	119
28	130
28	185
28	572
28	633
29	223
29	501
29	630
29	722
30	199
30	519
30	555
30	794
31	699
31	730
31	768
32	58
32	452
32	576
32	680
32	700
32	724
33	209
33	417
33	467
33	553
33	567
33	668
34	79
34	106
34	230
34	302
34	525
35	225
35	271
35	392
35	427
35	458
35	541
36	155
36	187
36	501
36	606
36	779
37	231
37	583
37	633
37	698
37	762
38	233
38	293
38	402
38	416
38	480
38	502
38	582
39	131
39	487
39	628
39	768
39	788
40	308
41	142
41	237
41	510
42	154
42	305
42	552
43	61
43	200
43	771
44	80
44	295
45	61
45	406
45	486
45	557
45	665
45	708
45	730
46	193
46	234
46	739
47	92
47	145
48	128
48	573
48	668
48	763
49	259
49	355
49	597
49	665
50	123
50	145
50	210
50	432
51	130
51	549
51	781
52	61
52	131
52	207
52	750
53	306
53	701
53	729
54	73
54	209
54	479
54	603
55	145
55	189
55	382
56	634
57	291
58	277
58	311
58	330
58	418
58	439
58	459
58	490
59	248
59	528
59	623
60	680
61	491
61	563
61	605
62	227
62	375
62	389
62	541
63	504
64	198
64	386
64	433
65	188
65	192
65	342
65	506
65	691
66	339
66	533
67	106
67	188
67	216
67	376
67	432
67	551
67	738
68	73
68	197
68	257
68	399
68	460
69	211
69	484
69	778
70	347
70	507
70	595
70	697
71	247
71	548
71	681
71	791
72	73
73	347
73	433
73	749
73	787
74	230
74	276
75	291
75	407
75	546
76	127
76	641
77	496
77	722
78	191
78	229
78	331
79	127
79	277
79	495
79	525
79	713
80	110
81	383
81	403
81	515
81	702
81	707
82	472
82	483
82	579
82	605
82	754
83	140
83	549
84	200
84	213
84	600
84	757
85	595
86	495
86	763
87	308
87	582
87	590
87	685
87	696
87	766
88	450
88	606
88	714
88	746
89	417
89	610
89	657
90	399
91	106
91	614
93	121
93	223
93	303
93	540
93	628
93	639
93	688
94	201
94	577
94	794
95	134
95	163
95	301
95	503
95	799
96	210
96	632
96	755
97	98
97	112
97	127
97	509
97	621
97	700
98	203
98	344
98	407
98	510
98	632
99	271
99	296
99	557
100	263
100	364
100	549
100	599
101	293
101	759
102	462
103	175
103	239
103	359
103	500
104	242
105	134
105	692
105	743
106	400
106	442
106	490
106	528
106	717
107	307
107	661
108	410
109	423
109	586
110	378
110	559
110	608
110	708
111	254
111	338
111	528
111	675
111	698
112	451
112	527
112	588
112	794
113	347
113	483
113	562
113	676
113	723
114	160
114	238
114	348
114	362
114	559
114	789
115	168
115	281
115	483
115	573
116	209
116	328
116	391
116	632
117	204
118	169
118	433
118	547
119	368
119	383
119	495
119	662
120	462
120	564
120	686
121	349
121	360
121	372
121	596
121	634
121	784
122	393
123	156
123	592
123	741
124	305
124	460
124	734
125	201
125	656
125	665
126	179
126	353
126	398
126	445
126	542
126	627
126	663
127	149
127	408
128	132
128	170
128	220
128	347
128	398
128	499
128	520
128	669
129	165
129	177
129	347
129	477
130	163
132	384
132	518
133	302
133	405
133	537
133	568
134	664
135	309
135	336
135	415
135	458
135	559
136	252
136	498
136	548
136	608
136	613
136	626
136	701
137	206
137	266
137	555
137	572
137	580
137	649
138	497
138	554
139	380
139	387
139	700
140	146
140	210
140	344
140	451
140	473
140	523
140	626
140	782
141	209
141	433
141	550
141	632
142	154
142	390
142	426
142	644
142	780
143	230
143	367
143	642
143	700
143	750
144	182
144	195
144	205
144	285
144	705
144	719
145	287
145	671
146	196
146	258
146	326
146	425
146	571
146	797
147	261
147	453
147	527
148	263
148	548
148	591
148	691
149	293
149	373
149	477
149	720
149	740
150	358
150	598
152	233
153	340
153	691
154	420
154	668
154	688
154	699
155	326
155	524
156	372
156	382
157	167
157	244
157	358
157	647
158	422
158	671
159	224
159	332
159	336
159	787
160	589
160	749
161	207
162	260
162	448
162	489
163	234
163	324
163	579
164	379
164	608
164	686
164	784
165	220
165	346
165	412
165	532
166	465
167	298
167	351
167	456
167	576
168	450
168	467
168	491
168	541
168	580
168	725
169	170
170	330
171	422
171	589
171	679
171	732
172	254
172	274
172	579
172	643
173	268
173	278
173	417
173	483
173	655
173	672
173	751
174	208
174	589
175	227
175	262
175	428
175	623
176	309
176	781
177	426
177	728
178	744
179	549
179	583
180	243
180	409
180	629
181	567
181	637
182	430
183	238
183	670
183	694
183	761
184	238
184	606
184	609
184	626
185	366
185	442
185	711
186	213
186	543
186	652
188	769
188	794
188	798
189	195
189	304
189	505
189	559
190	602
190	643
190	791
191	233
191	235
191	322
191	410
192	194
192	213
192	684
192	734
193	366
193	418
193	547
193	759
194	241
194	482
194	578
195	235
195	624
196	209
196	296
196	557
196	574
196	623
196	635
197	272
197	563
198	381
198	528
198	596
198	605
198	654
198	674
198	675
199	395
199	397
200	562
200	650
201	345
202	272
203	259
203	506
203	688
203	708
203	788
204	311
204	385
204	476
205	293
205	649
205	797
206	374
206	684
207	785
208	313
208	694
210	241
210	425
210	580
210	628
210	722
211	650
212	411
212	554
212	755
213	542
213	549
213	585
214	310
214	720
215	238
215	710
215	722
216	308
216	333
216	422
216	584
217	361
217	480
217	506
217	738
217	786
218	789
219	345
219	584
219	776
220	334
220	341
220	676
221	230
221	265
221	338
221	545
222	388
222	621
222	640
223	498
223	550
223	797
224	232
224	491
225	770
225	792
226	400
226	625
226	682
227	496
227	638
227	678
228	339
228	343
228	600
229	406
229	502
229	623
230	350
231	250
231	326
231	492
231	637
231	672
231	733
232	234
232	350
232	435
232	558
232	568
233	247
233	775
233	790
234	361
234	396
234	714
234	745
235	411
235	600
235	705
236	388
236	622
236	713
237	243
237	526
237	612
237	639
237	643
237	740
238	278
239	551
239	579
240	508
240	530
240	720
241	271
241	341
241	382
241	399
241	520
241	553
241	569
241	576
241	598
241	607
242	308
242	407
242	461
242	640
242	652
243	773
244	293
244	301
244	506
245	643
245	656
245	742
246	266
247	296
247	305
247	347
247	795
248	704
249	546
249	662
250	697
250	747
251	573
251	585
251	631
251	795
252	733
253	738
254	505
254	592
254	614
254	679
255	338
255	433
255	511
255	771
256	433
256	726
257	298
257	351
257	363
257	599
258	548
258	553
259	356
259	563
259	646
259	671
259	696
260	272
260	387
260	512
260	581
260	650
260	739
260	771
261	277
261	296
261	321
261	542
261	644
262	448
263	273
263	666
264	758
266	666
267	404
267	785
268	525
268	729
269	281
269	337
269	649
270	382
272	318
272	375
272	675
272	711
273	697
274	305
274	503
274	600
274	618
275	655
276	671
277	622
277	688
277	698
277	771
277	784
278	349
278	476
278	585
279	302
279	351
279	421
279	493
279	567
280	285
280	385
280	391
280	773
281	306
281	662
282	289
282	582
282	642
283	583
283	777
284	588
286	371
286	439
286	515
287	361
287	382
287	445
287	528
287	689
287	794
288	550
288	579
288	683
288	693
290	314
290	373
290	627
290	792
291	367
292	690
293	405
293	471
294	466
295	421
295	654
295	691
296	320
296	398
297	311
297	627
297	671
298	581
298	656
299	377
299	452
299	557
299	591
299	656
300	407
300	436
301	345
301	421
301	722
302	414
302	593
303	420
303	478
303	536
304	313
304	486
304	633
304	718
305	511
305	539
305	705
306	707
306	738
307	330
307	468
307	506
307	646
307	764
308	500
308	609
309	323
309	463
309	500
310	451
310	487
310	488
310	552
310	794
311	319
311	675
312	451
312	500
312	682
313	508
314	384
314	458
314	651
315	608
316	381
316	627
316	648
317	592
317	753
318	382
318	464
318	557
318	640
320	513
320	699
320	754
320	796
321	658
322	420
322	637
322	678
323	394
323	553
323	742
324	425
324	522
324	563
324	640
325	479
326	446
326	492
326	617
326	650
327	660
328	531
329	749
329	766
330	569
330	669
330	724
330	751
331	359
331	410
331	449
331	489
331	521
331	567
331	602
332	342
332	446
332	523
332	569
332	686
334	626
335	360
335	599
335	713
336	539
336	555
336	628
338	364
338	570
339	679
339	693
340	479
340	610
341	348
341	596
341	642
341	644
341	648
341	660
341	768
343	375
343	653
344	370
344	499
344	743
345	415
345	582
345	755
346	390
346	748
347	387
347	391
347	704
347	709
349	441
349	533
350	619
350	689
350	797
352	550
352	710
353	415
353	475
353	513
354	361
354	471
355	449
355	575
355	629
355	666
356	526
356	668
357	476
357	733
358	509
360	414
360	777
361	467
361	497
361	539
361	559
362	678
363	461
363	536
363	565
363	575
363	735
363	757
365	395
365	454
365	689
365	756
366	374
366	612
366	644
366	675
367	727
368	423
368	470
368	472
368	538
368	769
369	435
369	759
370	782
370	796
371	588
371	662
371	670
371	766
372	475
372	512
372	528
372	595
372	758
373	578
373	630
373	755
375	722
376	380
378	522
378	543
378	742
378	751
379	439
379	621
379	626
381	499
382	659
383	754
383	766
383	788
384	507
385	565
385	575
385	680
386	422
386	605
386	699
387	615
387	757
388	767
389	559
389	627
390	420
392	491
392	498
392	639
392	740
393	707
394	683
395	675
395	747
395	755
395	790
396	398
396	427
396	678
396	718
397	421
397	478
397	734
398	663
398	673
398	718
398	725
399	584
400	546
400	579
401	411
401	543
401	577
401	673
401	727
402	699
403	781
404	433
404	458
404	536
404	575
404	728
404	743
405	498
405	780
406	445
406	531
406	651
407	577
407	696
407	777
408	474
408	500
408	728
410	702
411	415
411	604
411	711
412	429
412	488
412	755
413	616
413	690
413	697
413	793
414	450
414	504
415	735
415	775
416	619
416	633
416	724
417	446
417	491
418	432
418	521
418	678
418	726
418	751
419	782
420	578
420	599
421	559
421	583
421	760
422	501
422	546
422	748
423	450
423	519
424	425
424	579
424	748
426	744
427	515
427	688
429	566
429	691
430	445
431	689
432	498
432	645
433	781
434	695
435	615
436	620
436	789
437	463
438	481
438	660
438	735
439	651
439	679
439	742
439	750
439	785
440	525
440	529
441	577
441	651
441	755
442	655
443	451
443	651
444	626
446	770
447	572
447	621
447	629
447	651
448	642
448	765
449	711
450	539
450	733
451	776
454	626
454	747
454	780
455	599
455	690
456	561
456	565
456	698
456	728
457	509
457	570
457	682
457	747
458	720
458	781
459	503
459	759
460	477
460	703
460	736
461	596
462	503
462	517
463	579
464	575
464	622
464	701
465	628
465	665
466	513
466	684
467	572
467	634
468	573
468	627
469	471
469	488
469	728
469	759
470	616
470	715
470	749
471	772
472	604
475	617
475	645
476	506
476	612
476	687
477	481
477	505
477	615
477	755
478	497
478	563
478	599
478	650
478	722
478	793
480	781
481	609
481	750
481	796
483	613
483	743
483	778
484	668
484	722
485	540
485	634
485	796
486	509
487	652
487	732
487	782
488	490
489	589
491	554
491	628
492	498
492	526
492	715
492	733
493	552
493	559
494	783
495	607
495	630
495	760
496	592
496	651
496	709
496	770
498	593
499	727
501	614
501	616
501	771
501	774
502	601
502	745
503	762
505	696
508	763
509	618
510	522
511	515
513	587
513	597
514	522
515	607
516	551
516	746
517	702
518	618
519	678
519	725
520	532
520	782
522	524
522	706
523	645
523	717
524	541
524	567
526	558
527	545
527	733
528	598
530	694
531	748
532	783
533	586
533	710
533	748
534	564
536	544
538	591
544	683
544	746
545	715
545	782
546	692
546	730
546	745
547	698
549	659
549	680
549	745
550	582
551	622
554	627
554	646
554	650
554	772
555	686
556	734
556	759
557	593
558	600
558	750
558	776
559	662
561	571
561	791
562	707
562	722
562	787
563	749
563	773
565	666
565	707
565	783
566	724
566	740
566	783
568	640
569	628
569	760
570	658
573	733
575	690
575	703
576	720
578	712
578	744
579	630
579	671
579	742
581	771
582	611
583	614
583	646
584	695
584	756
587	683
588	628
591	672
591	676
591	718
593	623
593	694
594	605
594	612
595	647
595	752
596	655
597	687
598	623
598	665
598	721
598	757
599	736
600	765
601	604
601	697
602	609
603	634
604	615
604	737
605	796
606	660
606	787
607	780
608	765
610	685
610	797
611	654
613	724
613	796
615	697
617	766
618	664
626	672
626	706
626	753
626	786
627	792
628	655
630	752
631	736
632	789
633	795
634	708
636	790
637	703
637	705
638	766
640	691
643	650
643	776
647	734
647	797
648	740
648	785
652	731
654	667
655	665
655	687
656	693
658	711
663	676
666	697
666	699
669	785
671	767
676	720
677	783
679	792
683	701
683	765
687	714
689	714
691	730
691	739
691	766
693	699
696	712
700	748
701	712
705	727
707	768
709	750
711	728
712	781
714	738
714	760
714	788
714	790
715	753
716	767
717	722
720	750
726	742
726	771
732	768
732	790
733	763
733	767
734	745
734	753
741	782
742	779
743	773
750	784
751	790
751	796
755	778
756	786
758	769
759	773
770	790
771	779
775	790
791	793
795	796