0	76
0	122
0	251
1	137
1	231
1	742
1	752
2	290
2	709
3	205
3	236
3	533
3	640
4	285
4	289
4	390
4	752
5	173
5	331
5	676
5	734
6	335
6	590
6	744
7	412
7	700
8	271
8	464
8	641
8	645
9	79
10	45
10	134
10	427
10	508
11	142
11	178
11	522
11	537
11	600
12	57
12	96
12	171
12	369
12	544
12	626
13	763
14	549
14	561
15	461
15	738
15	782
16	146
16	226
16	400
16	548
16	713
16	781
17	66
17	101
17	272
17	455
17	469
17	587
17	647
17	732
18	327
19	198
19	264
19	351
19	388
19	508
20	58
20	221
20	352
20	556
20	760
21	79
21	133
22	53
22	187
22	247
22	435
23	412
23	453
23	660
24	309
24	416
24	427
24	468
24	687
24	751
25	320
25	490
25	621
25	714
26	170
26	295
26	325
26	644
26	795
27	153
27	418
27	439
27	451
27	565
28	580
28	762
29	280
29	320
30	121
30	131
30	264
30	576
30	703
30	733
31	332
31	635
31	737
32	399
33	98
33	167
33	324
33	354
33	409
33	418
33	420
33	705
34	131
34	632
34	666
35	482
35	556
35	624
36	87
36	218
36	395
36	542
37	273
37	400
37	444
37	547
37	614
38	75
38	294
38	469
38	484
39	97
39	229
39	323
39	555
40	675
41	297
41	498
41	677
41	715
41	784
42	218
42	296
42	423
42	497
43	104
43	128
43	180
43	205
43	478
43	708
44	453
44	492
44	550
44	602
45	189
45	298
45	379
45	753
46	563
46	672
46	705
46	759
47	121
47	331
47	338
47	591
47	694
47	797
48	480
48	652
48	653
48	670
48	778
49	126
49	165
49	500
50	202
50	462
50	498
50	580
50	681
50	728
50	793
51	236
51	250
51	550
52	118
52	158
53	100
53	277
53	341
53	429
53	565
53	677
54	66
54	134
54	198
54	235
54	688
54	745
55	59
55	352
55	435
56	211
56	251
56	504
56	574
56	587
57	84
57	273
57	310
57	352
57	530
57	598
57	659
57	786
58	406
58	722
58	745
59	153
59	163
59	198
59	467
59	601
60	103
60	330
60	628
60	758
61	134
61	215
61	280
61	397
61	421
61	509
61	698
62	95
62	487
62	638
63	150
64	70
64	91
64	430
64	579
65	319
65	679
66	536
66	606
66	707
66	732
66	794
67	374
67	450
68	467
68	515
69	121
69	185
69	581
70	345
70	378
70	407
70	465
70	787
71	95
71	138
71	485
71	515
71	614
72	190
72	412
72	586
72	781
73	91
73	410
73	495
73	566
74	141
74	268
74	275
74	359
74	598
75	302
75	481
75	520
76	463
76	616
76	736
76	762
77	270
77	318
77	414
77	750
78	117
79	259
79	600
79	642
79	777
80	110
80	491
80	526
81	93
81	389
82	109
82	136
82	425
82	428
82	543
83	151
83	202
83	419
83	469
83	629
84	115
84	268
84	503
84	737
85	645
85	722
86	101
86	105
86	632
86	641
86	725
86	768
88	177
88	468
88	581
88	639
88	717
89	131
89	307
89	311
89	460
89	550
89	592
89	699
90	385
90	637
91	105
91	187
91	235
91	272
91	575
92	315
92	323
92	436
92	444
92	631
92	665
93	543
93	595
93	648
93	697
94	258
94	324
94	510
94	711
94	721
95	143
95	172
95	219
95	257
95	532
95	704
95	782
96	234
96	350
96	723
97	699
97	772
98	208
98	246
98	710
99	346
99	679
100	227
100	273
100	384
100	441
100	663
101	790
102	344
102	383
102	581
102	611
103	436
103	531
103	583
103	633
103	658
104	260
104	284
105	288
106	262
106	485
106	556
106	612
106	689
107	466
107	772
108	166
108	230
108	297
108	476
108	625
109	239
109	477
109	661
110	120
110	216
110	232
110	647
110	663
111	303
111	316
111	323
111	503
111	699
111	700
112	405
112	695
112	731
112	775
113	429
113	506
113	719
114	265
114	471
114	667
114	683
114	699
114	740
115	145
115	273
116	316
116	408
116	418
116	672
118	373
118	397
118	533
118	723
118	789
119	414
119	689
119	753
120	508
121	348
122	189
123	248
123	520
123	728
124	229
124	252
124	274
124	335
124	412
124	559
124	583
125	190
125	350
125	742
126	318
126	517
126	531
126	539
126	640
126	768
127	165
127	477
128	158
128	238
129	177
129	194
129	645
130	154
130	327
130	345
131	780
132	498
132	662
133	245
133	247
133	627
134	577
135	387
135	432
135	673
136	464
137	385
137	452
137	615
137	669
137	717
137	776
138	228
138	399
138	487
138	499
138	666
139	352
139	394
140	232
140	660
141	355
141	416
141	437
141	474
141	784
141	786
141	795
142	216
142	298
143	502
143	553
143	609
143	706
144	440
144	499
144	615
145	159
145	460
146	509
146	677
147	181
148	353
148	544
148	547
149	350
149	540
149	787
150	601
151	169
151	570
152	478
153	194
153	206
153	220
153	443
153	481
153	614
153	707
154	305
154	479
154	516
154	637
155	281
155	424
155	605
155	622
155	713
156	231
156	326
156	521
156	762
157	242
157	451
157	466
157	754
158	159
158	202
158	335
158	512
159	231
159	265
159	459
160	316
160	326
160	426
160	568
160	786
161	532
161	670
161	722
162	559
164	265
165	299
165	436
165	544
166	346
166	396
166	594
167	197
167	223
167	333
167	397
167	426
167	455
167	720
168	169
168	283
168	457
168	492
168	732
169	283
169	528
170	434
170	568
170	575
170	583
171	590
171	674
172	261
172	368
172	718
173	656
174	630
175	380
175	423
176	223
176	593
177	259
177	452
178	386
178	684
178	757
179	313
179	349
179	360
179	722
180	209
180	260
180	330
180	391
180	717
181	230
181	275
181	532
181	643
182	430
182	560
182	615
182	681
183	702
184	496
185	393
186	385
186	451
186	468
186	596
186	612
187	205
187	439
187	741
187	756
188	209
189	206
189	602
189	779
190	269
190	438
190	790
191	662
191	795
192	268
192	365
192	424
192	530
192	716
193	522
194	368
194	453
194	686
195	297
195	501
195	602
196	238
196	436
196	618
196	622
196	742
197	260
197	420
198	248
198	599
198	771
199	427
199	642
199	709
200	374
200	597
200	769
201	291
201	480
201	670
202	659
203	245
203	426
203	611
203	669
203	676
204	429
205	322
205	630
206	263
206	363
206	423
206	434
206	547
207	208
207	266
207	329
208	638
208	666
208	793
209	465
209	496
209	748
210	581
211	759
212	644
212	699
213	318
213	464
213	508
213	617
213	764
214	727
214	732
215	485
215	519
215	643
215	647
216	337
216	531
217	717
217	747
217	788
218	264
218	482
219	417
219	427
219	598
219	639
219	756
220	748
221	258
221	289
221	572
222	269
222	363
222	375
222	551
223	315
223	501
223	546
223	582
223	683
224	325
224	356
225	275
225	349
225	448
225	628
226	366
226	605
226	704
227	481
227	679
228	284
228	327
228	407
228	408
228	520
228	690
229	330
229	499
229	553
229	779
230	398
230	626
231	464
231	529
232	411
232	497
232	542
232	578
232	732
233	638
234	604
234	682
235	281
235	594
236	375
236	477
237	670
238	247
238	264
238	425
238	477
238	478
239	577
240	513
240	526
240	570
240	707
241	381
241	603
241	775
242	339
242	514
243	392
243	567
244	291
244	387
244	440
245	473
245	607
245	669
245	692
245	724
246	366
246	623
247	374
247	410
247	467
247	517
247	720
248	425
248	634
248	789
249	299
250	339
250	413
250	427
251	668
251	733
252	494
252	514
252	752
253	269
254	318
254	423
254	489
254	767
255	294
255	350
255	366
255	436
255	626
256	383
257	329
257	433
257	569
258	419
258	423
258	501
259	268
259	372
259	541
259	739
259	793
260	271
260	551
260	648
260	698
260	742
261	343
261	506
261	702
262	562
263	486
263	693
264	306
265	300
265	352
265	521
266	297
266	298
266	415
266	520
266	553
267	325
269	296
270	355
270	398
271	459
272	348
272	502
272	583
273	336
273	379
273	572
273	598
273	703
274	483
274	556
274	602
274	660
275	500
275	688
276	716
277	566
277	583
278	466
278	493
278	751
279	461
280	386
280	512
280	706
281	487
281	542
282	283
282	370
282	460
282	548
282	601
282	737
283	538
283	727
285	334
285	504
285	761
286	575
286	750
286	786
287	437
287	735
288	561
289	482
289	583
289	658
290	318
290	504
290	561
291	466
291	563
291	580
291	619
292	591
293	436
293	500
293	602
294	446
294	583
294	613
294	754
295	644
296	380
297	480
297	603
297	672
298	527
298	569
299	493
299	700
300	379
301	331
301	623
302	793
304	626
304	668
304	748
305	576
305	792
307	593
307	774
308	359
308	678
308	772
308	790
309	467
310	380
310	415
310	487
310	564
310	596
310	765
311	769
312	537
312	559
313	366
313	392
313	476
313	605
313	646
314	338
314	436
315	472
315	499
315	537
317	539
317	544
317	775
317	787
318	604
318	780
319	518
320	389
320	613
320	688
320	798
321	633
322	543
322	608
322	776
322	795
323	550
323	557
324	403
324	627
324	726
324	746
324	765
325	479
325	587
326	424
326	463
326	663
327	386
327	414
328	737
329	549
330	633
330	656
330	666
330	697
331	415
331	528
331	723
331	733
331	784
332	611
333	614
333	719
333	775
334	450
334	504
334	640
334	652
334	661
335	351
335	549
336	338
336	385
336	573
336	767
337	426
337	441
337	688
338	388
338	461
338	466
338	524
338	532
338	582
338	638
338	695
338	750
338	760
339	361
339	613
339	763
340	361
340	407
340	588
340	637
341	429
341	657
342	616
343	367
343	555
343	588
343	665
343	752
344	424
345	350
345	616
345	668
346	513
346	703
347	516
347	572
348	478
348	702
349	407
349	463
349	662
349	755
350	419
351	479
353	466
353	525
353	585
353	633
354	486
354	639
355	795
356	430
356	465
356	553
356	732
356	772
357	633
358	567
358	786
359	393
359	498
360	542
361	547
362	697
363	424
363	620
364	430
364	437
364	626
365	402
365	451
365	581
366	431
366	779
366	790
367	378
367	442
369	774
370	389
370	454
370	600
370	635
370	698
370	742
370	774
371	416
371	435
371	461
371	493
371	560
371	603
372	490
372	540
372	647
372	735
373	634
374	625
375	406
375	458
375	489
375	549
376	675
376	713
377	419
377	699
378	458
378	467
378	488
378	513
378	678
378	714
379	689
380	442
380	454
380	466
380	649
380	698
381	404
381	502
382	746
384	502
384	636
384	690
384	730
385	607
385	609
385	746
386	414
386	422
386	555
386	755
388	505
388	586
389	407
389	451
389	620
389	677
389	709
390	590
390	701
391	424
391	478
391	578
391	608
391	632
391	715
392	436
392	738
392	757
394	529
395	423
395	456
396	569
396	689
396	769
396	793
397	454
397	607
397	682
398	463
398	683
399	653
400	442
400	509
400	592
400	638
401	451
401	588
401	696
402	561
402	734
402	768
403	626
404	471
406	686
407	521
407	724
408	475
408	649
408	715
408	758
409	415
409	537
409	672
410	491
410	657
410	759
413	440
413	518
413	520
413	768
414	533
414	546
414	562
414	606
414	649
415	575
415	608
416	502
416	624
416	767
418	633
419	548
419	712
419	757
420	549
420	691
421	617
421	679
423	433
423	710
424	535
424	794
426	447
426	461
426	495
426	498
427	770
428	630
428	659
430	453
430	550
430	631
430	797
432	652
432	702
432	737
433	440
433	544
433	586
434	444
434	575
434	651
435	503
435	518
436	499
436	574
436	655
437	526
437	603
437	664
437	781
438	623
438	777
439	519
439	644
440	634
440	661
441	560
441	639
443	604
445	568
445	645
445	678
446	531
446	538
447	653
448	703
448	792
449	507
450	556
451	564
452	455
452	630
453	538
453	787
454	665
455	506
455	703
455	740
455	793
457	696
457	731
458	576
458	720
459	498
459	563
459	603
459	685
459	751
462	516
462	593
462	605
463	678
463	777
464	567
465	729
467	512
467	534
467	654
468	481
469	550
469	654
470	558
470	659
471	718
472	580
472	729
472	744
474	500
474	583
474	748
475	749
476	519
476	662
477	553
477	715
477	766
477	779
478	600
478	696
479	569
480	774
480	790
481	512
481	690
482	528
482	751
483	619
483	692
484	781
486	504
486	530
487	495
487	507
488	652
488	673
488	697
490	497
490	627
490	701
492	603
493	622
494	781
497	587
498	533
499	554
499	719
500	534
500	703
500	707
502	608
502	747
503	634
504	556
504	621
504	655
506	545
506	753
508	699
510	590
510	784
511	797
512	588
512	599
512	787
513	671
513	723
514	698
515	520
515	727
516	603
516	654
516	663
516	768
517	670
518	642
519	759
520	586
520	767
522	564
522	589
522	630
522	693
522	755
523	557
524	714
525	783
526	570
526	737
527	743
529	628
530	712
530	760
531	612
533	584
533	722
534	637
534	663
534	690
534	701
534	724
535	616
537	554
537	702
538	545
538	643
538	756
538	764
539	658
541	643
541	644
541	727
542	597
542	656
543	629
544	554
544	704
544	726
544	757
545	663
545	697
545	737
549	750
549	751
550	704
552	745
553	771
555	653
555	797
556	707
556	779
556	795
557	585
557	626
557	702
557	747
558	630
558	660
561	772
562	756
562	793
563	600
563	612
563	636
563	699
563	738
563	739
563	766
564	717
565	623
566	722
566	745
567	705
569	706
570	744
570	755
571	707
572	651
575	794
577	623
577	649
577	720
577	756
579	732
580	638
580	793
581	704
582	666
582	747
584	612
585	665
585	687
587	644
589	624
590	729
590	733
590	760
593	615
593	653
596	738
597	694
597	714
597	766
599	606
600	778
601	755
603	771
604	695
605	701
607	650
607	671
607	742
607	778
607	791
610	688
611	635
611	754
613	739
615	634
615	646
615	688
615	778
617	695
617	715
619	641
619	675
619	707
621	634
621	770
623	656
627	787
630	796
631	751
634	677
638	789
640	687
640	779
646	705
647	651
647	793
648	718
648	799
649	736
650	691
650	782
650	793
651	682
654	662
654	756
656	659
657	799
658	768
658	784
662	719
662	748
663	686
664	689
665	686
665	691
665	778
665	785
666	729
666	749
666	786
667	772
670	750
672	738
672	791
678	679
680	683
682	753
683	713
684	722
684	789
686	740
687	730
688	768
692	736
693	764
695	780
699	754
700	715
702	767
703	733
704	748
705	764
706	716
707	795
708	742
711	768
714	741
714	772
722	796
725	733
733	737
733	788
747	768
752	789
754	762
773	784