0	337
0	476
0	741
1	35
1	57
1	163
1	523
1	602
1	612
2	282
2	396
2	658
3	253
3	335
3	443
3	548
4	53
4	58
4	180
4	379
4	564
5	37
5	203
5	497
5	539
6	11
6	85
6	114
6	503
6	515
7	98
7	186
7	188
7	560
7	772
8	49
8	100
8	344
9	40
9	216
9	310
9	635
9	725
9	781
10	599
10	745
11	264
11	645
11	655
11	770
12	140
12	230
12	308
12	361
12	382
12	558
13	222
13	223
13	312
13	512
13	580
13	693
14	21
14	94
14	613
15	41
15	607
15	672
16	142
16	542
16	588
16	615
16	729
16	745
16	748
17	21
17	207
17	470
18	200
19	38
19	192
19	653
20	197
21	245
21	315
21	452
22	65
22	151
22	455
23	104
23	322
23	616
23	679
23	692
24	197
24	371
24	413
24	467
24	740
24	787
25	70
25	106
25	303
25	583
25	725
26	110
26	124
26	337
26	668
27	52
27	169
27	265
27	565
27	632
27	703
28	449
28	540
28	601
28	669
28	748
29	358
30	58
30	528
30	663
30	788
31	74
32	452
32	547
32	649
32	692
32	743
32	771
33	457
34	104
34	314
34	593
35	635
36	60
36	103
36	227
36	625
36	629
36	638
36	738
36	783
37	340
37	454
37	595
38	292
38	293
38	356
38	582
38	612
38	624
39	57
39	94
39	261
39	372
39	432
39	581
40	461
40	524
40	593
41	270
41	428
41	562
41	748
42	179
42	473
43	384
44	207
44	781
45	592
45	759
45	782
46	363
46	671
46	731
47	165
47	341
47	409
47	669
48	568
48	767
49	61
49	432
49	449
49	541
49	594
50	89
50	126
50	355
50	485
50	574
50	678
50	786
51	285
51	393
51	571
51	596
51	767
52	259
52	287
52	411
53	375
53	753
54	93
54	117
54	130
54	197
54	203
55	77
55	403
55	531
56	113
56	231
56	657
56	792
57	98
57	128
58	123
58	325
58	568
58	729
59	410
59	558
60	387
60	446
60	693
60	722
61	186
61	272
61	319
61	412
61	454
61	597
61	695
61	797
62	152
62	314
62	404
62	413
62	584
63	111
63	246
63	539
63	614
63	631
63	733
63	790
64	92
64	103
64	327
64	707
65	236
65	335
65	617
65	649
66	360
66	798
67	70
67	245
67	574
68	134
68	427
68	723
69	133
69	404
69	585
69	792
70	332
70	391
70	750
71	90
71	508
71	513
71	555
71	604
71	785
72	223
72	484
72	524
72	597
72	654
72	696
73	524
73	532
73	581
73	693
73	730
74	190
74	667
74	738
75	139
75	176
75	238
75	256
75	397
75	764
76	472
76	524
76	600
77	517
77	627
77	629
78	181
78	332
78	471
79	649
80	461
80	638
80	734
81	319
81	521
82	200
82	234
82	345
82	423
82	671
83	138
83	345
83	385
83	555
83	632
83	744
83	786
84	103
84	155
84	201
84	453
84	509
84	720
84	745
84	787
85	617
86	107
86	144
86	210
86	378
86	648
86	697
87	402
87	453
87	536
87	628
87	677
88	580
88	769
88	792
89	280
89	288
89	456
89	490
89	559
89	587
89	658
89	706
90	125
90	354
90	440
90	459
90	475
90	521
90	642
91	237
91	339
91	487
92	312
93	146
94	583
94	693
94	758
95	222
95	497
96	709
97	368
97	372
97	622
98	278
98	492
98	649
98	670
98	701
99	130
99	155
99	192
99	248
99	437
99	501
99	601
99	645
100	306
100	342
100	576
101	545
101	546
101	733
102	486
102	578
102	616
103	421
103	715
104	171
104	423
104	525
105	435
105	796
106	343
106	404
106	616
106	748
106	768
107	222
107	251
107	582
108	191
108	326
109	110
109	119
109	278
109	347
110	645
111	150
111	156
111	515
111	529
111	658
111	708
112	202
112	442
112	758
113	163
113	177
113	582
113	681
113	717
114	603
114	649
115	118
115	360
115	423
115	659
115	679
115	711
115	752
115	768
116	171
116	220
116	352
116	596
116	603
116	739
117	618
117	715
118	222
118	535
119	149
119	471
119	506
119	688
120	182
120	274
120	466
120	647
121	256
121	617
121	692
121	698
122	140
122	161
122	402
122	411
122	439
122	456
122	672
122	695
123	196
123	210
123	427
124	166
124	186
124	273
124	454
124	593
124	707
124	739
125	229
125	396
126	375
127	141
127	172
127	179
127	725
128	799
129	461
130	602
130	617
130	632
131	739
131	784
132	263
132	504
132	529
132	764
133	178
133	198
133	208
133	349
133	530
133	716
133	746
134	210
134	258
134	379
134	512
134	545
134	546
134	614
134	675
134	728
135	181
135	198
135	428
135	787
136	180
136	347
136	494
137	378
137	394
137	613
137	663
138	247
138	378
138	557
138	717
140	481
140	549
141	266
141	302
141	427
141	614
142	155
142	156
142	235
142	349
142	603
142	671
142	688
143	155
143	691
144	308
144	642
145	585
145	655
146	153
146	242
146	294
146	301
146	319
146	353
146	368
147	681
147	780
148	190
148	250
148	275
148	297
148	394
148	593
148	594
148	634
148	657
149	152
149	167
149	393
149	496
149	613
150	155
150	258
150	280
150	519
151	190
151	215
151	398
151	478
151	593
152	315
152	320
152	574
154	589
154	633
154	704
154	721
155	518
155	723
155	748
156	363
156	383
156	452
157	168
157	303
158	376
158	423
159	348
159	630
160	546
161	191
161	383
161	427
161	537
162	608
162	654
163	168
163	667
163	795
164	637
164	708
165	283
165	387
165	730
166	191
166	200
166	274
166	356
166	561
166	578
166	590
166	776
167	327
167	337
168	452
169	334
169	498
169	774
169	783
170	797
171	301
172	225
172	534
173	270
173	436
173	468
173	551
173	576
173	701
173	710
173	724
173	738
173	746
174	204
174	241
174	582
175	186
175	286
175	518
175	620
175	712
175	778
176	363
176	654
176	776
177	226
177	342
177	480
177	496
177	644
177	770
178	292
178	344
178	471
178	529
178	587
179	199
179	214
179	229
179	351
180	472
180	696
180	703
181	295
181	459
181	537
181	795
183	239
183	407
183	631
183	737
184	551
185	216
185	318
185	433
185	752
186	285
186	432
186	504
186	620
187	687
187	702
188	388
188	402
188	529
188	548
189	712
190	250
190	276
190	481
190	665
191	308
191	451
191	692
192	631
193	310
193	414
193	469
193	633
193	663
193	743
194	339
194	394
194	402
194	454
194	539
195	274
195	514
195	621
195	756
196	320
196	593
196	693
197	221
197	328
198	202
198	250
198	339
198	388
198	526
198	666
199	368
199	796
200	213
200	663
201	367
201	372
202	348
202	485
202	493
202	563
202	617
202	719
203	698
204	263
204	306
204	644
205	243
205	406
205	735
206	524
206	740
208	548
208	685
209	308
209	658
209	661
210	257
210	411
211	256
211	337
211	443
211	732
212	337
212	643
212	744
213	573
213	585
213	592
213	649
214	303
214	666
215	220
215	706
215	710
216	672
217	402
217	750
217	794
218	223
218	552
218	753
219	223
219	229
219	382
219	749
220	458
220	492
220	588
221	469
221	502
221	515
222	717
223	343
223	361
223	452
223	578
223	622
224	279
224	327
224	456
225	581
226	338
226	555
226	778
227	265
227	613
228	535
228	557
228	707
229	577
230	519
230	730
231	385
231	736
231	762
232	538
233	438
234	552
235	463
235	512
236	376
236	551
237	316
237	627
238	547
238	676
239	489
239	541
239	563
240	249
240	361
240	580
241	354
241	464
241	474
241	752
242	512
242	622
242	712
244	731
245	315
246	663
246	779
247	262
247	716
248	337
248	487
248	559
248	709
249	475
249	581
250	269
250	382
250	395
250	406
250	564
250	576
251	253
251	307
251	720
252	424
252	640
252	663
253	322
253	467
253	758
254	387
254	748
254	793
255	532
255	539
255	572
256	581
256	707
257	331
257	525
257	540
257	598
257	782
258	334
258	365
259	673
260	421
260	433
260	604
260	767
262	328
262	432
262	478
262	490
262	517
262	554
262	725
263	452
263	469
263	477
263	511
264	406
264	413
264	456
264	533
264	579
265	378
265	388
265	452
265	575
266	299
267	299
267	398
267	446
267	631
267	632
268	485
268	596
268	760
268	782
269	281
269	364
269	417
269	429
269	607
269	743
271	500
272	366
272	672
272	777
273	343
273	522
274	709
275	406
275	477
275	515
276	611
277	293
277	520
277	628
278	288
278	296
279	320
279	371
280	594
280	656
280	786
280	798
281	332
281	473
281	576
282	324
282	540
283	732
284	365
284	380
285	333
285	394
285	477
286	410
286	598
286	755
287	748
288	343
288	417
288	598
288	655
289	535
289	651
290	449
290	503
290	666
290	702
291	296
291	757
292	656
293	555
293	722
294	367
294	454
294	496
294	607
295	309
296	535
296	576
296	760
298	741
299	388
299	615
299	629
300	316
300	494
300	653
301	366
301	597
301	706
302	339
302	720
303	424
303	431
304	551
304	731
305	421
305	439
306	450
306	714
307	520
307	521
307	656
308	668
308	735
308	760
309	380
309	433
310	406
310	457
311	327
311	517
311	689
312	617
313	594
314	411
314	457
315	364
315	372
315	669
316	571
317	595
318	332
318	334
318	462
318	506
318	555
318	603
319	335
319	365
319	692
320	714
321	358
321	677
322	684
323	454
323	640
324	342
325	330
325	438
326	366
326	563
326	673
327	517
327	665
328	349
328	502
329	690
330	355
330	572
331	383
331	481
331	589
331	797
332	363
332	604
332	683
333	418
333	440
333	496
333	547
333	687
334	474
334	494
334	533
334	582
334	678
334	688
334	778
334	787
335	441
336	375
336	399
336	746
337	428
337	545
338	401
338	764
338	766
339	488
339	605
341	407
341	536
341	555
341	608
341	771
342	535
342	713
343	406
343	746
344	709
345	456
346	506
347	457
347	509
347	568
348	383
348	398
348	697
349	433
349	456
349	472
349	476
349	687
349	756
350	365
352	403
352	546
353	415
354	383
354	739
355	361
355	665
355	688
355	793
356	704
357	380
357	621
357	640
358	550
358	753
359	619
359	645
359	708
360	460
360	503
361	564
361	722
361	729
362	399
362	417
362	517
362	729
362	770
363	535
364	399
364	558
364	560
365	604
365	662
366	700
366	773
367	653
367	778
368	750
369	591
369	731
370	584
372	472
372	643
373	613
374	572
374	590
375	683
376	612
377	397
377	431
377	771
378	437
378	496
378	772
379	401
379	411
379	452
379	522
379	653
380	505
380	525
381	403
381	479
382	584
382	703
382	760
383	432
383	517
383	568
383	603
384	552
385	513
385	585
386	429
386	667
388	609
389	526
389	575
390	648
391	558
391	563
392	461
392	462
392	650
392	694
392	796
393	791
394	404
394	432
394	610
394	783
395	411
395	426
395	617
397	476
397	502
397	742
397	744
397	776
398	459
398	520
398	762
400	463
400	558
400	784
401	543
401	591
402	513
402	632
403	717
404	462
405	424
405	465
405	468
405	559
405	738
406	579
406	618
406	790
406	796
407	457
407	636
408	443
408	608
410	726
410	773
410	791
411	449
411	544
412	528
412	570
412	703
414	572
414	799
415	504
415	516
415	760
416	523
417	514
417	575
417	666
417	685
418	461
418	489
418	494
418	590
419	450
419	489
419	625
419	650
419	699
419	709
420	439
420	462
420	547
420	669
421	639
421	778
422	514
422	616
422	641
423	498
423	620
423	644
423	713
424	505
425	713
426	737
427	472
427	574
427	751
428	482
429	576
429	633
430	569
430	631
430	656
430	671
430	735
431	760
431	795
432	600
432	797
434	596
434	686
435	475
435	541
436	494
437	784
438	484
438	525
438	590
438	625
438	650
439	656
439	748
440	645
440	696
441	575
441	593
441	739
442	780
444	465
444	642
444	661
445	483
445	646
445	750
447	544
447	548
448	476
448	666
448	747
448	758
450	564
450	675
450	732
451	486
452	646
452	652
452	658
452	698
452	738
452	759
454	658
455	608
456	479
456	686
457	505
457	531
458	510
458	715
459	656
459	715
460	708
463	635
463	682
463	707
465	718
466	467
466	505
466	522
468	593
468	595
470	583
471	705
472	474
472	785
473	531
473	618
474	574
474	623
474	795
475	663
476	497
476	632
476	712
476	717
476	721
477	638
477	726
478	481
478	569
478	719
478	722
479	640
479	654
481	711
482	521
482	555
482	672
483	550
484	587
484	786
485	611
485	642
486	764
488	552
488	570
488	791
489	553
489	567
491	495
491	515
491	663
491	768
492	694
493	731
494	497
495	543
497	575
497	677
497	683
498	741
498	762
499	760
501	504
501	680
503	728
504	521
504	536
504	591
504	612
504	639
504	662
504	789
505	554
505	589
505	703
507	549
508	581
508	625
508	659
510	533
511	742
512	759
513	641
513	666
514	596
514	598
514	617
514	783
516	550
516	638
517	521
517	534
517	612
517	617
517	683
517	773
518	781
519	631
519	799
521	531
524	721
525	543
525	604
527	624
527	686
527	707
529	562
529	692
530	729
531	587
531	756
533	694
533	730
536	554
536	583
536	607
536	739
536	773
537	547
537	722
538	716
538	736
539	686
540	659
542	738
543	612
543	769
543	798
545	615
545	693
546	591
546	614
546	669
546	678
546	692
546	753
547	612
547	707
548	618
549	623
550	566
551	630
553	567
553	761
554	594
555	598
556	766
557	669
557	701
557	756
558	595
560	723
565	668
565	671
567	753
568	759
569	681
570	601
571	764
572	583
572	598
572	715
574	588
575	685
575	711
575	712
576	647
576	734
579	706
579	742
580	648
580	675
583	642
584	613
584	635
584	694
584	744
586	646
586	659
587	725
587	756
587	799
590	608
590	627
590	771
591	625
592	667
594	613
595	622
595	661
595	726
596	766
597	625
597	734
600	636
600	651
601	726
601	784
606	674
607	687
607	696
608	751
610	621
610	626
610	690
611	747
612	625
613	650
613	728
613	782
615	643
617	646
617	780
617	784
618	766
619	651
620	723
621	682
622	647
625	723
626	695
628	656
628	783
629	717
632	638
638	650
638	741
640	720
640	742
643	672
644	698
647	718
648	656
648	794
651	706
652	713
653	737
654	694
654	783
654	799
655	689
656	725
656	776
658	690
658	770
659	736
659	739
660	712
660	778
661	664
663	708
663	768
668	723
668	738
668	754
669	765
670	718
671	675
671	768
672	674
672	756
673	696
673	793
674	760
675	739
677	721
678	689
680	780
682	781
683	757
685	723
685	727
686	704
686	780
692	744
693	718
693	745
693	765
693	787
696	738
696	789
697	707
698	705
701	714
701	763
705	709
708	718
712	749
715	737
717	738
719	758
723	767
725	794
736	776
739	743
739	759
743	788
747	798
748	782
755	775
758	799
759	778
761	771
762	768
764	775
783	787
790	793