0	366
0	785
1	32
1	143
1	618
1	764
2	597
2	774
3	42
3	105
3	187
3	265
3	328
3	501
4	253
4	332
4	652
5	217
6	75
6	84
6	174
6	219
6	367
6	453
7	433
7	637
7	699
8	107
8	425
8	741
9	52
9	485
9	503
9	511
10	183
10	211
10	226
10	319
10	368
10	463
10	512
10	721
11	71
11	140
11	391
11	394
11	408
11	590
12	571
13	78
13	88
13	380
13	491
13	703
14	148
14	492
14	503
15	66
15	170
15	459
15	770
16	123
16	177
16	409
16	592
17	71
17	332
17	649
17	650
17	681
18	431
18	464
18	515
18	546
18	705
19	21
19	210
19	225
19	293
19	302
19	364
20	186
20	349
20	756
21	56
21	67
21	113
21	335
21	612
22	319
22	420
22	515
22	521
23	103
24	102
24	111
24	159
24	270
24	338
25	94
25	154
25	475
25	516
25	655
26	239
26	363
26	422
26	658
27	199
27	247
27	372
27	623
27	659
27	740
27	785
28	466
28	716
29	189
29	508
30	271
30	374
30	379
30	563
30	651
31	205
31	364
31	409
31	522
31	642
32	158
32	450
32	541
32	637
32	714
32	767
33	329
33	487
33	532
33	536
34	54
34	133
34	293
34	483
34	636
34	766
35	206
35	474
35	561
35	589
35	606
36	206
36	340
36	393
36	455
36	466
36	568
36	670
36	694
36	731
36	764
37	290
37	455
37	490
37	502
38	164
38	235
38	466
38	752
39	304
39	329
39	729
40	227
40	245
40	462
40	726
41	107
41	182
41	585
41	594
41	615
41	781
42	116
42	277
42	359
42	448
43	365
43	390
43	412
43	725
43	772
44	191
44	382
44	733
44	737
45	99
45	396
45	656
46	126
46	169
47	233
47	255
47	334
48	66
48	213
48	329
48	605
48	638
48	679
48	782
48	784
49	615
50	147
50	470
50	708
51	348
51	748
52	146
52	219
52	248
52	588
52	621
53	181
53	456
53	509
53	638
54	78
54	90
54	392
54	449
54	629
54	697
55	269
55	678
56	212
56	251
56	301
56	676
57	114
57	348
57	409
57	596
57	662
58	435
58	474
58	489
59	363
60	735
61	134
61	338
61	484
61	532
61	697
62	98
62	299
62	320
62	524
63	69
63	95
63	111
63	547
63	551
64	170
64	287
64	364
64	391
64	686
64	771
65	345
65	594
65	618
65	774
66	92
66	101
66	110
66	179
66	424
66	447
66	458
66	604
66	629
66	735
67	457
67	490
67	741
67	782
68	427
68	433
68	682
68	745
69	225
69	662
69	704
69	714
69	744
70	194
71	146
71	184
71	227
71	429
71	740
71	777
71	789
72	80
72	277
72	375
72	376
72	400
73	111
73	190
73	589
74	328
74	335
74	412
74	467
75	112
75	377
76	269
76	540
77	140
77	395
77	446
77	539
77	727
78	126
78	143
78	262
78	510
78	546
78	719
79	234
79	252
79	516
80	235
80	249
80	267
80	418
80	629
81	153
81	298
81	369
81	653
81	723
82	196
82	203
82	401
82	405
82	693
82	727
83	665
84	114
84	209
85	241
85	335
85	470
85	605
85	780
86	366
86	419
86	461
86	528
86	598
87	307
87	599
87	796
88	327
88	414
88	573
89	550
89	708
90	159
90	486
90	696
91	628
91	671
92	260
92	272
92	405
92	468
92	725
93	418
93	772
94	426
95	144
95	378
95	391
95	501
96	255
96	635
96	663
97	195
97	364
97	470
97	530
97	569
97	747
98	369
98	556
98	579
99	170
99	416
99	426
99	558
99	584
99	612
99	636
99	641
100	173
100	233
100	278
100	611
100	744
101	276
101	454
101	569
101	581
101	730
102	148
102	161
102	193
102	216
102	336
102	486
102	551
102	609
102	767
103	111
103	120
103	215
103	700
103	735
104	252
104	254
104	411
104	460
104	758
105	245
105	566
105	668
105	699
106	265
106	276
106	398
106	713
107	366
108	472
108	497
109	294
109	404
109	434
109	600
110	408
110	442
111	518
111	798
112	436
112	446
113	435
114	269
114	402
114	725
115	148
115	185
115	199
115	265
115	339
115	774
116	202
116	526
116	756
117	535
118	135
118	265
118	532
118	756
119	170
119	190
119	406
119	430
119	622
120	128
120	237
120	398
120	696
121	130
121	241
121	277
121	406
121	409
121	412
121	415
121	569
121	605
122	297
122	308
122	391
123	168
123	327
123	534
123	562
123	693
124	286
124	381
124	421
124	709
125	472
125	699
126	582
126	703
127	283
127	356
127	655
128	384
128	387
128	777
129	429
129	507
129	586
129	799
130	569
130	623
130	727
131	180
132	566
133	293
133	380
133	406
133	785
134	153
134	212
134	254
134	781
135	483
136	474
137	304
137	368
137	623
138	171
138	443
138	494
138	565
138	618
138	646
139	160
139	184
139	307
139	606
140	221
140	591
141	146
142	347
142	349
142	627
143	147
143	258
143	333
143	481
143	542
143	718
143	722
143	739
144	476
144	708
144	775
145	695
146	406
146	448
146	683
147	249
147	277
147	466
147	586
147	656
147	743
147	762
148	284
148	691
149	779
150	600
150	770
151	600
151	689
152	252
152	647
152	686
152	697
153	317
153	325
153	343
153	438
153	687
153	706
154	658
154	736
154	779
155	425
155	500
156	353
157	425
157	635
157	710
158	222
158	418
158	779
159	472
159	559
159	564
160	588
160	606
160	738
161	264
162	353
162	646
162	745
163	177
163	221
163	325
163	356
163	380
163	769
164	321
165	658
165	758
166	372
166	387
166	517
166	566
167	245
167	437
167	767
167	778
168	395
168	483
168	521
168	560
168	566
169	335
169	337
169	500
169	678
170	228
170	237
170	261
171	363
171	368
171	386
171	503
171	787
172	419
173	797
174	228
174	396
175	524
176	272
176	339
176	436
176	484
176	503
176	663
177	246
177	288
177	440
177	629
178	305
178	355
178	473
178	736
178	782
178	789
179	439
179	514
179	550
179	727
179	782
180	289
180	306
180	384
180	398
180	426
181	447
181	481
181	563
183	371
183	445
184	191
184	283
184	701
184	769
185	589
185	627
186	565
187	213
187	297
187	315
187	481
187	592
187	697
187	760
188	256
189	291
189	731
190	197
190	678
191	266
191	320
191	655
192	355
192	452
192	468
192	535
193	333
193	441
193	495
193	742
194	198
194	747
195	239
195	582
196	199
196	239
196	242
196	734
197	330
197	542
197	748
198	208
198	534
198	562
198	713
198	758
198	791
199	422
200	611
200	739
200	774
200	798
201	322
202	608
203	583
204	423
204	449
204	584
204	736
204	737
206	207
206	655
207	223
207	387
207	521
207	558
207	739
208	228
208	306
208	572
208	719
209	356
209	569
210	452
210	494
210	499
210	563
210	587
211	489
211	518
211	684
211	709
211	798
212	350
212	397
212	470
212	579
214	254
214	443
214	454
214	568
215	294
215	487
215	523
215	533
215	586
215	779
217	218
217	781
218	411
218	583
219	295
220	477
220	480
221	436
221	545
221	546
221	695
221	756
222	648
223	328
223	347
223	403
223	406
223	555
223	745
224	242
224	523
224	631
224	667
224	716
225	494
225	535
226	608
227	410
228	325
229	308
229	447
229	622
229	683
229	769
229	790
230	236
230	290
230	482
231	442
232	247
232	261
232	291
232	569
232	772
233	365
234	401
234	538
234	701
234	720
234	757
235	733
235	742
235	761
236	281
236	381
236	505
236	510
236	519
236	532
237	409
237	440
238	285
238	287
238	519
238	521
238	593
239	600
239	683
239	743
239	773
240	753
241	247
241	322
241	736
242	243
242	308
242	477
242	718
243	370
243	451
243	475
243	629
243	702
244	468
244	614
244	649
244	684
245	359
245	594
246	513
246	694
247	261
247	509
247	630
247	759
248	319
248	351
248	417
248	456
248	516
248	684
248	741
249	430
249	683
249	738
249	764
250	317
250	524
250	604
251	272
251	538
251	566
251	710
251	719
251	789
252	452
252	473
252	524
252	572
252	707
253	346
253	366
253	572
254	404
254	557
254	644
255	426
255	511
255	534
255	585
255	785
256	271
256	481
256	608
257	732
258	405
258	762
259	367
259	521
260	391
260	509
260	639
260	740
261	446
262	521
262	574
262	597
263	780
264	532
266	363
266	452
266	463
266	616
266	735
268	295
268	525
268	549
269	414
269	532
269	731
269	740
269	792
270	470
270	728
271	299
271	315
271	348
272	688
273	290
273	341
273	489
273	619
273	634
273	718
274	284
274	338
274	587
274	605
274	715
274	767
275	574
275	610
275	738
276	445
276	588
276	643
276	748
277	327
277	431
277	480
277	630
277	705
278	700
279	583
280	664
280	796
281	344
282	286
282	309
282	505
283	355
284	356
284	374
284	611
284	619
284	736
285	359
285	491
286	463
287	320
287	635
287	768
288	659
289	396
289	441
289	616
289	680
289	684
290	476
290	478
291	307
291	615
292	460
293	367
293	615
294	493
294	642
294	684
295	480
295	674
295	741
296	419
296	465
297	508
297	693
298	784
299	727
300	319
301	690
302	699
302	730
303	514
304	727
304	728
305	439
306	447
306	490
306	620
306	698
308	587
308	734
309	428
309	576
309	659
309	665
309	693
310	360
310	770
311	333
312	577
312	741
312	757
313	589
314	534
314	623
314	768
315	530
316	682
316	701
317	592
317	603
317	758
318	400
318	680
318	763
319	508
319	564
319	722
320	719
320	772
321	387
322	361
322	656
322	673
322	749
322	793
323	362
323	363
323	365
323	724
324	428
324	495
325	418
325	461
325	717
326	356
326	557
326	589
326	609
326	731
326	776
327	573
327	768
328	631
328	670
329	398
329	652
329	767
330	634
331	428
331	548
331	553
331	559
331	710
332	354
332	376
333	552
333	746
334	375
334	387
334	457
334	689
335	458
335	656
335	709
335	727
335	757
336	451
336	666
336	725
337	551
337	740
338	545
338	784
339	412
339	606
339	612
340	492
340	514
340	729
340	752
341	536
341	614
341	708
342	750
343	614
344	402
344	546
345	478
345	487
345	751
346	413
346	621
346	622
346	715
347	634
348	492
348	629
349	733
350	699
351	549
352	643
352	668
352	741
353	432
353	598
353	641
353	655
353	657
354	639
355	500
355	605
356	400
356	659
357	437
357	690
358	364
358	786
359	408
359	528
359	536
359	601
359	610
360	796
361	722
362	569
362	570
362	699
364	380
364	436
365	559
366	500
367	499
367	526
367	752
368	371
368	740
368	760
372	547
373	599
374	607
375	550
375	645
375	755
376	505
376	638
376	664
377	421
377	687
378	476
378	536
378	765
380	721
381	432
381	451
381	563
381	776
382	690
382	738
383	498
384	393
384	404
385	736
385	783
386	634
387	438
388	773
389	444
389	519
389	689
391	437
391	502
391	562
391	577
391	653
392	507
392	702
393	409
393	628
393	718
395	436
395	694
395	784
396	539
396	548
396	708
398	483
398	511
398	514
398	676
398	700
398	743
399	495
399	798
400	627
401	422
401	775
401	787
402	439
403	442
403	658
403	684
403	778
404	426
404	467
404	576
404	705
405	525
406	429
407	509
407	788
409	445
409	711
409	777
410	457
410	608
411	544
411	725
412	436
412	630
412	798
413	418
413	547
413	575
415	567
415	635
415	667
416	437
416	477
416	690
416	761
417	596
418	493
418	535
419	531
419	719
420	439
420	605
421	496
421	502
421	605
421	718
423	772
424	688
424	710
425	426
425	469
425	626
426	430
426	482
426	627
427	460
427	527
427	670
427	762
428	564
428	652
428	661
428	776
429	667
430	685
431	540
432	436
434	518
435	439
435	493
435	520
435	759
438	602
438	722
439	712
440	770
441	453
442	557
442	774
443	447
444	480
445	735
446	473
446	496
446	757
447	465
447	471
447	741
449	599
450	620
450	722
452	642
453	615
453	702
454	615
454	708
456	624
457	609
458	495
458	730
460	772
461	512
461	620
461	622
461	721
462	636
462	655
462	707
462	797
463	501
464	747
465	638
465	714
468	548
469	488
469	585
470	690
470	762
471	560
472	493
472	502
472	662
473	479
474	780
475	775
476	507
476	695
476	743
477	535
477	716
477	755
478	518
478	598
478	777
481	533
482	692
482	716
483	585
483	787
484	796
485	594
485	696
487	664
488	507
488	792
491	630
491	700
492	627
492	769
493	503
493	783
494	794
495	643
496	501
496	596
496	778
497	614
499	602
499	692
499	715
499	750
500	659
501	513
501	610
502	541
502	584
502	751
503	674
503	762
504	548
504	560
504	625
505	532
506	673
507	534
507	726
507	763
507	770
508	554
508	652
509	515
509	631
511	520
512	721
513	584
513	608
513	744
515	584
515	604
515	652
515	656
515	742
517	766
517	787
519	698
520	795
521	650
521	677
521	682
521	693
521	708
523	618
523	624
525	545
525	675
526	530
526	766
527	799
529	770
530	671
531	581
532	633
533	535
533	640
533	776
537	591
538	596
538	616
539	662
542	635
543	600
546	652
546	676
546	687
546	764
548	582
548	664
550	648
550	798
551	582
554	714
555	609
555	758
556	582
556	700
557	699
557	705
559	700
560	692
561	599
561	637
562	590
562	667
563	577
564	595
565	703
565	799
567	568
567	782
568	573
568	665
569	704
569	797
571	754
571	755
572	726
575	618
575	683
578	746
579	775
580	609
583	653
583	708
586	743
587	618
588	745
588	796
590	725
590	785
592	670
593	610
593	640
594	773
594	778
595	659
597	791
599	701
601	681
601	751
602	719
604	660
604	711
606	632
607	699
607	760
608	680
609	772
609	777
610	638
610	794
611	756
613	705
614	733
616	634
617	686
618	687
618	787
619	652
620	641
621	760
623	744
623	793
625	690
626	739
627	708
628	733
634	730
634	787
636	708
637	647
640	774
641	701
643	689
649	774
650	690
652	665
653	671
654	669
655	703
658	794
660	683
661	788
662	713
664	787
666	728
670	744
672	733
672	756
674	755
676	777
680	698
682	707
683	753
684	705
684	725
686	791
688	718
692	755
694	733
694	763
697	725
698	783
705	712
708	736
712	714
715	722
716	737
717	747
717	756
719	735
728	732
728	744
730	744
731	739
732	799
740	782
761	776