0	150
0	292
0	314
0	573
0	672
1	91
1	658
2	10
2	128
2	266
2	278
2	316
2	339
2	446
2	513
3	64
3	209
3	308
3	391
3	654
3	701
4	122
4	406
4	414
4	575
5	396
5	791
6	177
6	276
6	323
6	426
6	530
6	716
7	27
7	215
7	705
8	744
9	85
9	305
9	590
10	142
10	246
10	450
10	530
10	570
10	672
11	175
11	298
11	343
11	359
11	761
12	223
12	499
13	155
13	792
14	55
14	63
14	380
14	487
14	492
14	667
14	774
15	19
15	27
15	47
15	432
16	382
16	455
16	459
16	477
16	656
17	90
17	116
17	194
17	279
17	562
18	56
18	468
18	621
18	644
18	799
19	93
20	149
20	164
20	359
20	392
20	471
20	672
21	199
21	417
22	140
23	73
23	406
23	474
23	642
23	658
23	670
23	743
23	759
24	327
24	567
24	602
24	752
25	234
25	239
25	471
26	238
26	366
26	655
27	255
27	301
27	641
27	659
27	743
27	764
28	369
28	424
28	432
28	529
29	174
29	192
29	438
29	501
29	544
29	788
30	48
31	80
31	701
31	728
31	777
32	312
32	333
32	352
33	487
33	612
34	109
34	298
34	640
35	110
35	191
36	364
36	391
36	451
36	513
36	559
36	614
37	62
37	587
38	111
38	166
38	538
38	543
38	616
39	343
39	351
39	367
39	458
39	711
40	169
40	236
40	372
40	412
41	790
42	378
42	382
42	672
42	752
42	758
43	250
43	322
43	393
43	598
43	626
44	185
44	202
44	708
45	57
45	211
45	323
45	346
45	424
45	476
46	413
46	546
47	424
48	194
48	255
48	446
48	545
48	793
49	169
49	189
49	347
50	68
50	563
51	122
51	544
51	688
52	87
52	210
52	393
52	622
53	140
53	337
53	364
53	609
53	616
53	697
53	713
54	744
55	79
55	121
55	174
55	514
55	530
56	613
56	726
56	777
57	213
57	226
57	558
57	585
58	113
58	171
58	321
58	559
58	636
59	281
59	497
59	574
60	72
60	342
60	460
60	662
60	739
60	751
61	117
61	182
61	378
61	538
62	83
62	208
62	231
62	373
63	129
63	325
63	426
64	77
64	112
64	223
64	298
64	439
65	453
65	493
65	526
66	395
67	134
67	250
67	349
67	535
67	574
67	581
67	719
68	598
69	246
69	349
69	470
69	571
70	315
70	634
70	668
70	675
70	692
71	407
71	461
71	687
72	75
72	219
72	255
72	271
73	384
73	386
73	391
73	408
74	438
74	476
75	116
75	210
76	370
76	474
76	501
76	509
76	589
76	687
76	732
78	287
78	453
78	698
79	118
79	132
79	391
79	416
79	417
79	442
79	471
79	570
79	599
79	721
80	84
80	280
80	690
81	348
81	528
81	701
82	512
82	557
83	93
83	250
83	357
84	91
84	348
84	659
85	206
85	299
85	324
85	350
86	125
86	194
86	454
87	395
87	731
88	181
88	524
88	540
89	197
89	298
89	507
89	604
89	625
89	663
90	168
90	444
90	459
90	731
90	753
91	113
91	180
92	203
92	217
92	587
92	779
93	130
93	366
93	367
94	131
94	272
94	445
94	726
95	323
95	510
95	573
96	225
96	234
96	329
96	394
97	213
97	253
97	310
97	350
97	552
97	670
97	765
98	130
98	300
98	402
98	646
98	726
98	732
99	283
99	373
99	758
100	130
100	211
101	327
101	782
102	190
102	341
102	350
102	698
103	204
103	369
103	655
104	779
105	272
105	465
105	638
105	776
106	236
106	330
106	763
107	267
107	544
107	565
107	787
108	119
109	196
109	376
110	385
110	454
110	659
110	740
110	793
111	118
111	208
111	229
111	271
111	462
111	742
112	265
112	762
113	143
113	466
113	504
114	795
115	140
115	169
115	249
115	318
115	497
115	725
115	741
116	251
116	349
117	339
117	426
117	689
118	236
118	356
118	529
119	282
119	301
119	435
119	458
119	468
119	735
119	768
119	790
120	213
120	366
120	403
120	677
121	164
121	228
121	363
121	454
121	501
121	593
121	710
122	431
123	310
123	540
123	675
123	784
124	292
124	477
125	341
125	471
125	684
126	564
126	610
126	719
127	171
127	540
127	630
127	644
128	348
128	519
128	533
129	288
129	468
129	678
130	367
130	522
131	255
131	743
132	227
132	545
132	561
132	571
133	152
133	259
133	461
133	691
133	707
133	733
134	173
134	642
134	764
135	180
135	631
135	695
135	723
136	334
136	469
136	586
137	370
137	438
137	546
137	706
137	747
137	797
138	141
138	625
138	710
139	151
139	184
139	660
140	387
140	574
140	629
140	737
141	322
141	619
141	780
142	379
142	417
143	163
143	178
143	237
143	290
143	501
143	571
143	775
144	195
144	362
145	157
145	561
145	662
146	294
146	469
146	520
147	190
147	272
147	297
147	388
148	287
149	239
149	242
149	335
149	605
150	253
150	321
150	567
150	596
150	649
151	256
151	279
151	361
151	436
151	527
151	624
151	673
152	510
152	766
153	339
153	377
154	229
154	624
154	790
155	163
155	206
155	287
155	331
155	560
155	686
156	242
156	467
157	277
157	492
157	496
157	508
157	551
158	293
158	484
158	553
158	570
158	578
159	336
159	388
159	508
159	674
160	383
160	600
161	257
161	392
161	448
161	536
161	618
161	652
161	697
162	496
162	629
163	191
163	238
163	631
163	641
164	671
164	756
164	796
165	387
165	450
165	582
166	466
166	705
167	313
168	624
168	672
168	686
169	221
169	348
169	371
169	447
169	449
170	185
170	597
171	305
171	771
172	191
172	593
173	194
173	420
173	596
174	463
175	190
175	235
175	339
175	539
175	661
176	186
177	284
177	449
177	698
177	723
177	746
178	307
178	465
179	189
179	371
179	390
179	468
179	621
179	724
180	297
180	569
180	736
180	750
180	788
181	429
181	781
181	791
182	648
182	679
183	306
183	352
184	334
184	583
184	725
185	271
185	363
185	429
185	460
185	539
185	574
185	698
186	202
186	245
187	645
187	768
188	250
188	348
188	493
189	218
189	354
189	433
189	537
189	554
189	603
189	604
191	264
191	280
191	768
191	771
192	401
192	403
192	419
192	595
193	358
193	360
193	541
194	399
194	782
195	260
195	321
195	462
196	262
196	547
196	702
196	754
197	628
197	797
198	326
198	369
198	466
198	711
199	311
199	464
200	249
200	270
200	401
200	583
201	634
201	659
201	715
201	730
202	394
202	738
203	261
203	341
203	380
203	611
203	718
203	777
204	221
204	466
205	316
205	504
206	628
206	776
207	423
207	499
207	656
207	716
207	762
208	367
208	536
208	574
208	645
209	258
209	555
210	324
211	732
212	579
212	680
213	420
213	500
213	654
214	547
214	673
215	232
215	350
215	416
215	550
215	609
215	679
216	580
216	615
216	664
216	736
216	757
216	759
217	237
217	349
217	492
217	521
217	601
217	715
217	786
218	445
218	751
219	758
220	495
220	547
220	625
221	608
221	687
222	350
222	431
222	571
222	787
222	790
223	458
223	588
223	616
223	722
224	332
224	397
224	412
224	454
224	581
224	776
225	718
225	797
226	644
226	698
227	240
227	427
227	481
227	778
228	360
228	388
228	573
228	719
229	300
229	440
229	571
229	596
229	742
230	291
230	302
230	321
230	349
230	417
230	619
230	662
230	725
231	243
231	407
231	486
231	639
231	773
232	311
232	398
232	741
233	290
233	693
234	389
234	434
234	493
235	703
236	319
236	436
236	440
236	453
236	679
236	740
237	347
239	422
240	415
240	751
240	770
241	366
241	386
241	614
242	320
242	349
243	479
243	530
243	547
244	390
244	432
244	532
244	678
244	728
245	411
245	421
245	781
246	280
246	771
247	601
248	470
248	513
249	574
249	578
250	302
250	449
250	531
250	763
251	443
251	468
252	417
253	338
253	370
254	334
254	365
254	537
255	375
256	277
256	415
258	551
259	376
259	644
260	302
260	307
260	316
260	338
260	767
261	286
261	615
261	764
262	281
262	636
263	321
263	332
264	317
264	320
264	357
264	545
264	753
264	757
265	369
265	536
266	404
266	695
266	764
267	347
267	659
268	351
268	588
268	663
269	428
270	291
270	339
270	449
270	489
271	339
271	417
271	534
271	580
272	511
272	532
273	315
273	494
273	683
274	463
274	685
275	593
275	672
276	648
277	500
277	627
277	636
277	742
278	688
279	736
280	323
282	535
282	722
282	734
283	377
283	422
283	593
284	345
284	468
284	581
284	626
284	659
284	740
285	339
285	370
285	521
285	591
285	592
285	691
285	701
286	600
287	296
287	652
287	666
287	680
287	717
288	672
288	691
289	462
289	484
289	529
290	292
290	357
290	431
290	577
291	376
291	378
291	493
291	567
291	671
291	710
292	467
292	602
292	647
292	692
292	735
293	383
293	771
294	782
295	402
295	599
295	682
296	497
296	602
296	617
298	394
298	510
298	669
298	706
299	627
300	532
300	644
301	339
301	657
301	681
302	582
303	623
304	331
304	632
304	758
306	481
306	733
307	335
307	520
307	589
307	603
307	744
308	470
308	719
309	491
310	451
310	457
310	681
311	356
311	610
311	653
312	540
312	605
312	655
312	673
312	720
312	777
313	408
313	480
313	526
313	628
314	408
314	440
314	598
315	454
315	509
315	787
316	362
317	549
317	586
317	644
318	513
318	639
319	359
319	363
319	364
319	574
319	771
320	352
320	633
320	678
321	386
321	400
321	708
322	366
322	489
322	512
324	335
325	339
325	379
325	497
325	513
325	776
326	485
326	760
327	487
327	620
327	732
328	457
329	673
330	459
330	607
332	494
332	791
333	374
334	389
334	394
334	533
334	620
334	706
335	771
336	473
336	567
337	683
337	698
338	613
338	625
339	411
339	573
340	349
340	601
341	707
342	394
343	360
343	428
343	565
343	583
343	692
344	641
344	705
344	787
345	400
345	480
345	653
345	780
346	411
346	488
346	709
347	433
348	475
348	477
348	490
348	495
348	510
348	611
348	624
349	389
349	473
349	530
349	667
350	670
350	739
351	613
351	711
351	773
352	371
353	621
354	407
355	539
355	603
356	635
357	412
357	484
357	698
358	729
359	400
361	498
361	742
362	545
362	652
362	655
363	376
363	583
363	634
364	431
364	528
365	698
366	505
366	541
366	642
366	648
367	729
367	747
368	590
368	609
370	703
371	548
371	588
371	609
371	627
372	737
372	790
373	470
373	602
374	397
374	636
375	496
375	513
375	556
376	641
376	678
377	688
378	702
380	489
380	582
380	665
381	454
381	544
381	764
382	526
383	613
383	659
384	415
384	476
384	525
384	585
384	651
384	664
385	573
385	615
385	617
386	397
386	492
386	787
387	520
388	494
388	724
389	393
389	447
389	696
389	727
390	394
390	470
390	625
390	662
392	511
393	411
393	447
393	480
393	729
394	732
396	795
397	418
397	427
397	476
397	658
398	520
398	704
398	739
398	745
398	771
398	785
400	560
400	685
400	735
401	404
401	611
401	780
404	543
404	694
404	780
404	792
405	617
405	622
406	505
407	499
407	581
407	635
407	680
408	622
409	511
410	600
410	702
410	775
411	629
411	761
412	486
413	483
414	775
415	586
415	770
416	720
417	501
417	508
418	500
418	644
419	451
419	794
421	613
422	747
422	794
423	591
423	784
425	661
425	754
425	783
426	517
426	582
426	782
427	528
427	630
427	686
428	501
428	778
429	432
429	495
429	708
430	510
432	448
432	590
432	759
435	686
435	776
436	543
436	767
437	490
437	590
437	785
438	540
438	780
439	475
439	644
439	754
440	486
441	667
445	796
446	777
447	473
448	493
448	505
449	503
449	519
450	485
450	588
450	718
450	719
450	751
451	630
451	640
451	642
452	633
452	718
453	478
453	672
454	480
454	638
454	716
456	733
456	741
457	710
458	545
458	646
458	746
459	461
459	481
459	612
460	568
460	584
460	589
461	790
462	698
464	647
466	556
466	687
467	471
467	638
467	700
469	780
470	572
471	497
471	753
472	693
473	688
474	500
474	578
474	669
474	730
475	746
475	756
477	630
477	717
477	768
478	717
479	598
479	700
480	500
480	783
481	509
481	547
481	630
482	793
483	712
483	764
484	703
486	515
486	535
486	601
487	502
487	621
488	591
488	658
488	725
491	789
492	580
492	581
492	608
494	716
495	722
496	566
496	671
496	673
496	700
496	751
497	773
498	502
498	597
498	657
499	565
500	682
502	655
502	718
503	771
504	550
504	710
505	511
506	778
508	732
509	603
509	699
512	771
513	563
513	579
513	696
514	709
516	788
516	797
517	546
517	648
518	582
518	754
520	671
520	677
521	523
521	551
521	602
522	665
522	791
525	614
526	684
526	765
528	620
529	619
529	641
530	537
531	651
532	695
533	680
533	765
534	592
534	774
536	624
538	540
538	564
539	643
540	552
540	703
541	620
542	680
544	666
545	590
546	685
546	747
547	660
547	765
548	565
548	633
548	754
550	794
551	755
552	782
555	767
555	769
557	592
562	565
563	679
564	583
564	668
566	778
569	716
570	696
570	750
571	651
572	640
572	710
572	760
572	780
573	675
575	715
576	630
576	685
576	731
577	633
578	694
578	697
579	606
579	688
579	750
580	792
581	676
582	763
583	695
586	634
586	658
587	647
587	747
587	766
588	758
589	594
589	622
589	653
589	711
590	673
592	598
592	718
595	649
595	728
596	626
597	599
597	636
598	785
599	709
601	650
601	715
601	719
601	782
603	670
603	792
604	625
605	641
605	703
605	751
607	722
607	739
608	766
609	737
609	794
610	666
612	717
612	763
614	770
615	751
616	791
619	749
620	645
620	728
622	657
622	670
622	755
623	702
623	760
623	776
624	772
624	790
625	733
629	790
630	723
630	736
631	763
632	781
633	714
637	714
639	680
640	643
640	676
641	744
644	647
645	721
645	741
646	693
647	653
647	711
648	717
648	772
649	787
651	787
652	660
652	748
654	747
655	766
659	702
661	719
663	665
666	677
669	767
670	720
671	752
673	734
673	773
674	716
674	799
675	687
675	709
681	710
684	719
685	794
689	789
692	755
694	786
695	794
696	720
700	788
702	754
707	775
709	720
711	745
711	791
713	743
715	737
718	760
730	770
731	733
731	785
739	762
740	770
744	779
747	771
748	773
750	783
755	794
770	779
780	782
785	796
786	798
794	795