0	218
0	314
0	439
1	654
2	53
2	130
2	150
2	545
2	552
2	713
2	788
3	163
3	234
3	735
4	281
4	547
5	248
5	371
5	484
5	503
5	512
5	669
5	724
6	20
6	340
6	444
6	666
6	685
6	749
7	61
7	171
7	189
8	218
8	406
9	62
9	196
9	261
9	330
9	379
9	431
9	433
9	759
10	56
10	88
10	133
10	194
10	400
10	658
10	763
11	34
11	151
11	272
11	529
11	615
11	658
11	702
12	72
12	94
12	270
13	426
13	431
13	714
14	284
14	295
14	510
14	540
15	685
16	183
16	265
16	276
16	601
16	733
16	773
17	297
17	416
18	122
18	217
18	293
18	295
18	465
18	795
19	391
19	563
19	648
19	742
20	86
21	109
21	248
21	266
21	488
21	549
21	665
21	687
22	384
22	535
22	759
23	161
23	417
23	436
23	442
23	465
23	770
23	788
24	334
24	451
24	753
25	309
25	380
25	676
25	767
26	477
26	787
27	209
27	504
28	140
28	162
28	301
28	328
28	384
28	614
28	770
29	160
29	271
29	384
29	551
29	622
29	787
30	40
30	115
30	185
30	194
30	241
30	627
30	781
31	89
31	256
31	322
31	408
31	542
32	370
32	589
33	195
33	274
33	295
34	129
34	342
34	546
35	384
35	561
35	567
35	653
35	715
36	47
37	40
37	206
37	418
37	454
37	696
37	747
37	752
37	770
38	556
38	577
38	630
39	143
40	101
40	164
40	168
40	541
40	574
41	52
41	183
41	475
42	53
42	257
42	413
42	544
42	744
43	44
43	144
43	419
43	584
43	799
45	408
45	546
45	668
46	51
46	410
47	375
47	393
47	709
48	283
49	378
49	402
49	450
49	715
50	251
50	393
50	780
51	242
51	334
51	429
51	587
51	680
52	211
52	348
52	602
52	732
53	147
53	303
53	314
53	455
53	553
54	246
54	763
54	791
55	153
55	196
55	262
55	371
55	380
55	415
56	76
57	239
57	510
57	637
57	670
58	246
58	392
58	395
58	472
59	140
59	334
59	403
60	111
61	136
61	260
61	423
61	452
61	482
62	322
62	399
62	568
62	793
63	251
63	353
63	370
63	373
63	520
63	686
64	359
64	489
65	78
65	272
65	514
65	689
65	704
66	243
66	651
66	672
66	772
67	108
68	533
68	574
68	725
68	742
69	217
69	410
69	711
70	85
70	423
71	268
71	289
71	488
71	572
72	425
72	557
73	283
73	297
73	475
74	325
74	388
74	552
75	437
76	116
76	133
76	207
76	254
76	647
76	670
76	699
77	233
77	384
77	489
78	83
78	367
78	478
78	647
79	206
79	211
79	597
80	576
81	98
81	259
82	86
82	414
82	417
82	455
83	742
84	118
84	447
84	520
84	527
84	647
84	668
85	190
86	106
86	522
87	264
87	460
87	483
87	558
87	709
88	377
88	429
88	614
88	631
88	706
89	288
89	298
89	370
89	392
89	419
89	496
89	745
89	756
90	152
90	158
90	358
90	486
90	635
90	737
91	671
91	692
92	144
92	483
92	614
92	621
92	691
93	162
93	431
93	538
93	711
93	753
93	785
94	543
94	695
95	136
95	366
95	544
96	234
96	722
97	207
97	346
97	569
97	627
98	121
98	162
98	370
98	478
98	619
98	690
98	755
99	106
99	333
99	607
99	660
100	288
100	294
100	424
100	691
101	260
102	430
102	621
102	734
102	754
103	155
103	668
104	108
104	500
105	508
105	621
106	302
106	378
106	395
106	432
107	202
107	276
107	283
107	317
107	394
107	665
107	683
108	319
108	447
108	553
108	650
109	113
109	196
109	214
109	437
109	548
109	712
110	352
110	627
110	749
111	326
111	460
111	758
112	425
112	754
112	776
113	362
113	490
113	575
113	718
114	727
115	351
115	392
115	480
115	587
116	494
116	554
116	564
116	679
116	773
117	351
117	643
117	714
118	127
118	227
118	444
118	645
119	300
119	306
119	505
120	140
120	180
120	274
120	512
121	198
121	413
121	460
121	464
122	462
122	568
123	257
123	389
123	428
123	626
124	524
124	758
124	765
125	457
125	687
125	783
126	177
126	188
126	237
126	321
126	563
127	423
128	354
129	150
129	443
129	464
129	506
129	644
131	549
131	565
131	661
131	682
131	694
132	225
132	227
132	488
132	731
133	151
133	258
134	177
134	296
134	459
134	504
134	611
135	794
136	442
136	557
136	716
137	259
137	460
137	486
138	611
139	468
140	156
140	290
140	473
140	619
141	401
141	457
141	598
142	320
142	506
143	367
145	163
145	364
145	485
145	692
146	280
146	734
147	263
147	453
147	721
148	608
149	293
149	402
149	472
149	712
149	746
150	588
150	635
150	689
150	718
151	648
151	692
152	172
152	178
152	306
152	395
152	749
153	156
153	394
153	521
153	592
153	666
154	413
154	502
154	506
154	572
154	617
155	436
155	644
155	691
155	769
156	214
156	329
156	425
156	778
157	219
157	326
157	360
158	194
158	474
159	461
159	718
159	740
159	778
160	197
160	404
160	462
160	495
160	593
160	650
161	297
161	345
161	487
161	535
161	563
161	608
162	235
162	289
162	400
163	234
163	593
164	175
164	310
165	213
165	221
165	586
166	688
166	745
167	575
168	491
168	639
169	272
169	475
169	652
169	701
169	746
170	380
170	409
170	419
170	422
170	731
171	272
171	533
171	557
171	560
172	352
172	385
172	562
173	185
173	385
173	747
174	236
174	243
174	272
174	333
174	471
174	531
175	264
175	566
176	196
176	285
176	309
176	692
176	780
176	798
177	411
177	445
178	422
178	528
178	573
179	326
179	544
180	239
180	265
180	432
180	465
180	657
180	674
181	224
181	383
181	385
181	453
181	508
182	195
182	346
182	460
183	369
183	382
183	397
183	557
184	477
184	539
184	791
185	583
186	350
186	351
186	414
186	684
186	789
187	232
187	465
187	783
188	194
188	581
188	650
189	220
190	333
190	577
191	283
191	679
191	701
192	363
193	222
193	450
193	573
193	662
193	683
193	731
194	206
194	209
194	447
194	525
194	565
194	647
194	750
196	241
196	244
196	368
196	375
196	568
197	553
197	634
197	651
197	744
197	795
198	528
199	508
199	630
199	648
199	665
199	744
200	484
200	621
200	680
200	771
201	252
201	278
201	327
201	513
201	558
201	651
201	787
202	545
202	588
202	600
202	627
202	689
203	739
204	245
205	210
206	511
206	730
207	280
208	218
208	219
208	585
208	698
209	344
209	651
209	658
210	398
210	409
210	786
210	799
211	236
211	279
212	363
212	522
212	753
213	458
213	467
213	488
213	607
213	741
213	760
213	778
214	413
214	734
215	326
215	549
215	632
215	680
215	740
216	233
216	790
217	625
217	658
218	315
218	389
218	504
218	653
218	659
219	230
219	388
219	495
219	762
219	764
220	480
220	504
220	528
220	586
220	704
222	394
222	627
222	795
223	268
223	481
223	491
223	596
224	358
224	396
224	659
225	408
226	320
226	387
226	622
227	342
227	672
228	508
229	295
229	382
229	442
229	448
229	625
229	704
229	726
230	305
230	327
230	452
230	533
230	547
230	668
231	353
231	630
231	660
231	725
231	795
232	292
232	310
232	467
232	691
233	279
233	368
233	774
234	342
234	432
235	242
235	520
235	723
236	306
236	318
236	529
237	609
238	316
238	447
238	618
239	596
239	737
239	798
240	461
240	555
240	600
240	731
241	551
241	585
241	747
242	421
242	467
242	730
243	730
243	732
244	444
244	564
244	761
244	763
246	451
246	468
247	263
247	572
247	680
247	708
248	641
248	673
248	727
249	280
249	346
249	583
249	592
249	752
250	397
250	644
250	648
251	256
251	313
251	408
251	624
252	357
252	477
252	487
252	610
252	706
253	352
253	422
253	474
253	595
253	650
253	747
254	282
254	309
254	329
254	491
254	643
254	673
254	741
255	267
255	556
255	582
256	406
256	697
256	736
258	334
258	437
258	493
258	517
258	648
259	574
259	762
260	445
260	745
260	747
261	504
262	295
262	494
262	579
262	593
263	598
263	704
264	541
265	302
265	698
266	388
266	553
266	588
267	708
268	329
268	419
268	747
269	286
269	288
269	338
270	592
270	594
270	635
270	793
271	703
272	620
272	698
273	309
273	364
273	575
275	565
275	651
275	713
275	775
276	543
277	620
278	329
278	569
278	573
279	418
279	425
279	563
279	676
280	395
280	465
280	649
280	658
281	289
281	644
281	701
281	746
282	283
282	563
282	636
283	353
283	633
283	795
284	509
284	586
285	442
285	761
287	756
287	770
287	781
288	726
289	388
290	520
290	586
290	688
291	688
291	756
292	331
292	366
292	413
292	435
292	518
292	760
293	303
293	558
293	622
294	530
294	542
294	621
294	740
295	504
295	676
296	417
296	491
296	748
297	375
297	640
297	799
298	440
299	573
299	583
299	632
299	727
300	549
300	671
300	736
300	774
301	340
301	557
301	568
302	474
302	486
302	530
302	531
302	686
303	511
303	586
303	627
303	735
304	772
305	407
305	457
305	519
305	615
306	709
306	761
307	451
307	467
307	778
308	434
308	492
308	541
308	553
309	585
310	322
310	363
310	411
310	427
310	534
310	784
311	690
311	741
312	424
313	408
313	600
313	755
314	604
314	674
314	776
315	725
315	780
316	333
317	426
317	751
319	714
320	475
320	530
320	555
320	768
321	323
321	331
321	332
321	355
321	512
321	536
321	565
321	607
321	760
322	512
323	335
323	616
323	642
323	677
324	565
325	351
325	379
325	503
326	634
326	648
327	328
327	457
327	512
328	367
328	474
328	505
328	735
329	342
329	382
329	518
329	554
330	450
330	638
331	604
331	662
331	671
332	457
332	512
333	539
333	721
334	574
334	766
335	453
335	608
336	564
336	722
336	733
337	441
337	689
337	745
337	792
338	461
339	767
341	352
341	393
341	418
341	638
342	608
342	739
343	480
344	751
345	535
345	741
345	777
346	446
347	628
347	720
347	727
347	776
349	667
350	519
350	782
351	418
352	378
353	366
354	735
355	735
356	398
356	431
356	549
356	785
357	477
357	574
357	622
359	546
360	625
360	724
360	740
361	590
361	617
361	784
362	457
362	616
362	650
362	735
362	760
363	476
363	564
363	605
365	459
365	682
365	750
366	667
367	483
367	525
367	655
368	385
368	548
369	398
369	557
369	664
370	549
370	745
371	375
371	593
371	746
372	376
372	586
373	502
373	564
373	607
373	760
374	379
374	435
374	554
374	589
374	707
375	500
375	577
376	423
378	501
378	706
379	416
380	401
380	628
381	726
381	762
381	768
382	621
383	786
385	467
385	472
385	489
385	524
386	459
386	466
386	553
386	572
387	496
387	510
387	614
388	439
388	609
388	642
389	429
389	465
389	617
390	392
390	417
390	756
392	429
392	489
392	700
393	506
394	617
395	529
395	700
395	753
396	535
396	543
397	451
398	610
398	657
398	701
398	756
399	424
400	589
400	636
402	761
403	522
403	650
404	423
404	599
404	600
405	532
405	553
405	667
406	479
406	668
406	714
407	516
407	538
408	567
409	747
410	508
410	664
410	777
411	419
411	500
411	596
411	622
411	733
412	507
412	656
412	797
413	478
413	573
413	691
414	616
414	709
416	529
416	563
416	703
417	544
417	662
418	459
420	441
420	659
420	673
421	679
422	489
422	725
423	455
423	487
423	555
424	713
425	657
425	776
426	494
426	625
426	729
426	788
427	430
428	479
428	696
428	758
430	436
430	608
430	639
430	728
431	498
431	580
432	615
433	442
433	498
433	795
434	668
435	557
436	510
436	528
436	651
436	789
437	464
437	598
437	638
437	750
437	780
438	657
438	766
439	670
439	693
440	691
441	573
441	630
441	639
441	726
444	532
444	690
444	785
445	767
445	786
446	579
446	606
446	718
446	725
446	797
447	467
447	476
447	550
447	578
448	678
448	776
448	791
449	512
449	536
449	770
450	740
451	456
451	659
451	764
452	515
452	705
453	556
455	731
455	785
456	469
456	747
457	515
459	522
459	755
459	796
460	522
460	613
460	717
461	688
461	736
462	486
462	624
463	752
464	694
465	531
466	567
466	739
467	533
467	571
467	661
469	658
470	567
471	709
471	745
472	733
474	588
475	795
476	594
476	759
477	765
479	591
480	517
480	592
480	673
480	725
480	795
481	519
481	547
481	635
483	506
483	521
483	568
483	721
484	677
486	604
486	728
486	756
486	785
487	546
487	555
487	601
490	604
490	662
490	721
491	596
491	626
491	653
493	625
493	680
495	666
496	580
496	608
497	691
498	798
499	714
499	763
500	699
500	756
501	528
501	771
501	785
502	781
503	744
504	553
504	632
504	651
504	756
505	723
507	761
507	766
509	738
509	744
511	630
511	643
511	714
513	724
513	741
513	742
514	586
514	775
515	549
515	766
516	565
516	568
516	685
517	563
517	592
517	706
517	761
518	527
518	629
518	653
518	795
518	796
519	557
520	583
521	544
522	574
523	543
524	557
524	572
525	532
525	622
526	535
526	698
526	718
529	760
530	738
531	557
532	759
533	709
534	770
535	585
535	615
535	623
535	649
537	623
538	545
538	670
542	784
542	791
546	580
546	653
546	751
546	783
547	589
547	757
548	789
549	758
549	799
550	751
552	567
552	654
552	740
552	749
552	799
553	590
554	671
555	577
556	561
556	716
557	578
557	612
557	619
558	573
558	795
559	626
560	747
561	646
561	788
563	582
565	598
566	726
567	602
567	681
567	704
569	608
569	727
569	787
570	752
571	677
572	639
572	694
574	609
576	657
579	703
581	671
581	697
583	727
584	720
585	762
586	786
588	649
588	735
589	704
589	784
590	771
592	601
592	697
592	699
592	709
593	675
593	711
593	730
594	691
595	734
596	657
597	786
598	618
598	660
598	777
599	604
599	619
601	628
602	613
602	736
603	726
604	787
606	752
606	760
607	785
608	731
610	737
611	661
613	672
616	715
616	722
616	758
617	670
617	732
619	774
621	783
622	647
622	771
622	798
624	755
625	686
625	738
626	693
629	770
630	676
630	755
633	651
634	647
634	776
636	799
637	796
638	712
638	755
639	710
641	671
642	747
643	648
644	741
645	744
646	763
647	755
649	728
650	713
651	780
654	790
655	796
656	698
658	705
660	778
661	743
662	741
663	795
664	730
666	750
668	683
669	789
670	672
670	751
672	728
675	748
676	695
679	681
680	733
681	779
682	761
682	791
683	719
683	791
685	741
686	721
686	761
687	773
688	779
689	696
689	771
693	708
694	749
695	708
696	750
701	711
703	725
704	737
710	765
711	748
711	768
712	796
713	757
715	769
717	761
718	725
718	747
722	732
725	780
733	794
738	787
740	796
749	766
756	759
772	775
784	789