0	73
0	332
1	73
1	484
1	783
2	386
3	138
3	153
3	697
3	795
4	468
4	503
4	601
5	118
5	286
5	308
5	350
5	392
5	558
5	600
5	744
6	34
6	47
6	379
6	482
6	767
7	415
7	527
8	373
8	422
8	619
8	692
8	728
8	740
9	97
9	98
9	535
9	648
10	280
10	425
10	512
10	588
10	661
11	87
11	172
11	374
11	582
12	131
12	210
12	301
13	30
13	78
13	141
13	376
14	293
14	746
15	115
15	629
16	103
16	129
16	183
16	191
16	248
16	605
16	777
17	102
17	331
17	431
17	536
17	681
18	46
18	307
19	66
20	592
21	138
21	141
21	329
21	658
22	63
22	152
22	614
23	457
23	695
24	100
24	231
24	420
24	442
24	529
25	359
26	72
26	291
27	469
27	672
27	688
28	141
29	247
29	285
29	624
30	305
30	407
30	674
30	768
31	76
31	600
31	742
31	798
32	211
32	233
32	344
32	373
33	41
33	255
34	213
34	454
34	484
34	616
35	74
35	112
35	372
35	620
36	499
36	609
36	617
37	39
37	113
37	248
37	300
37	471
37	525
37	725
38	473
38	526
38	664
39	228
39	413
39	418
39	497
39	668
39	709
39	725
40	323
40	698
41	141
41	192
41	458
41	478
41	531
42	586
43	159
43	296
43	411
43	583
43	612
43	652
44	53
44	468
44	552
44	621
44	721
44	725
44	741
45	111
45	445
46	255
46	357
46	532
46	611
47	300
47	797
48	82
48	220
48	248
48	355
49	151
49	191
49	227
49	343
49	453
49	487
49	510
49	623
49	698
50	56
50	154
50	316
50	612
50	680
50	776
51	112
51	282
51	597
51	619
52	495
52	663
53	60
53	149
53	228
53	344
53	370
54	362
54	369
54	641
54	685
55	196
55	499
55	730
56	427
57	237
57	275
57	511
58	223
58	521
58	647
58	723
59	715
60	305
60	607
60	675
60	687
61	119
61	132
61	144
61	265
61	267
61	298
61	305
61	638
61	675
62	207
62	349
62	521
62	683
63	144
63	195
63	326
63	501
63	605
64	226
64	303
64	373
65	713
65	718
66	120
66	466
66	693
67	223
67	228
67	790
68	153
68	360
69	218
69	530
69	657
70	163
70	252
70	298
70	717
71	109
71	182
71	373
71	450
71	462
71	588
71	612
71	630
71	633
71	711
71	725
72	156
72	175
72	696
72	742
73	91
73	126
73	173
73	337
74	403
74	518
75	296
75	490
75	539
75	572
76	539
77	210
77	717
78	81
78	146
78	162
78	293
78	535
78	540
79	174
79	245
79	459
80	163
81	113
81	219
81	275
81	284
81	285
81	574
81	590
82	777
83	476
83	555
83	570
83	591
84	707
85	258
85	597
86	355
86	467
86	618
87	604
87	648
87	757
88	199
88	381
88	413
89	247
89	302
89	466
89	725
89	793
90	290
90	687
91	228
91	464
91	796
92	237
92	296
92	415
92	617
93	508
93	655
93	736
93	799
94	181
94	512
94	584
94	776
95	338
96	126
96	171
96	287
96	405
97	290
97	507
97	537
97	781
98	268
98	421
98	496
99	109
99	412
99	616
100	618
101	104
101	146
101	580
102	110
102	144
102	150
102	167
102	384
102	390
102	505
102	746
103	140
103	220
103	559
103	664
103	777
104	118
104	382
105	183
105	261
105	412
105	551
105	571
105	760
106	420
106	443
106	486
106	676
107	784
108	385
108	453
109	186
109	268
109	325
109	382
110	114
110	272
111	610
111	663
111	725
111	734
112	544
113	212
113	296
113	297
113	405
113	447
113	469
114	343
114	725
114	788
115	206
115	389
115	481
116	414
117	492
117	515
117	619
117	723
118	235
118	290
118	467
118	502
118	607
119	345
119	636
119	639
120	199
120	358
120	574
120	706
121	134
121	199
121	255
121	279
121	335
121	345
122	194
122	387
122	755
123	240
123	448
123	523
123	681
123	774
124	157
124	221
124	351
124	397
124	664
124	670
125	245
125	277
126	320
126	393
126	480
126	650
127	769
128	791
129	517
129	556
129	642
129	780
130	148
130	436
130	521
130	675
130	704
131	227
131	362
131	366
131	483
131	606
131	740
132	311
132	458
132	476
133	685
134	515
135	547
135	768
136	322
137	219
137	499
138	152
139	477
139	611
139	656
140	209
140	260
140	327
140	395
140	524
140	530
140	554
140	580
141	170
141	313
141	568
142	431
143	308
143	334
143	420
143	499
143	543
144	336
144	376
145	321
145	551
145	666
146	364
146	421
146	710
147	160
147	161
147	189
148	308
148	466
149	276
149	690
149	738
149	770
150	174
150	242
150	343
150	469
150	493
150	647
150	782
151	383
151	716
152	634
152	761
153	298
153	381
153	525
153	579
153	624
153	751
154	616
155	433
155	693
156	318
157	482
157	599
157	624
158	195
158	314
158	438
158	703
158	721
159	494
159	707
159	788
160	348
160	445
160	687
160	709
161	191
161	207
162	689
163	240
163	470
163	566
164	177
164	348
165	171
165	204
165	431
166	275
166	294
167	505
167	770
168	296
168	436
168	443
168	595
168	733
169	601
169	608
169	723
170	199
170	394
170	757
170	790
172	191
172	360
172	402
172	441
172	451
173	196
173	596
174	186
174	368
174	544
174	575
174	743
174	783
175	423
175	596
175	649
175	676
175	740
176	733
176	759
177	427
177	489
177	711
178	191
178	324
179	232
179	692
179	695
179	737
180	230
180	261
180	268
180	707
181	512
181	534
181	745
182	206
182	411
182	467
182	519
182	554
183	234
183	407
183	439
183	521
183	685
183	730
184	251
184	288
184	361
184	387
185	349
185	497
185	744
186	239
186	250
186	594
186	653
187	532
188	228
188	344
188	417
189	236
190	229
190	273
190	379
190	395
190	409
190	442
190	539
190	540
190	623
190	674
190	709
191	296
191	543
191	706
192	196
192	622
193	475
193	541
193	588
193	739
193	772
194	327
194	404
194	439
194	797
195	558
195	686
196	384
196	733
197	559
198	551
199	426
199	568
199	573
199	655
199	735
200	722
200	727
201	301
201	309
201	527
202	510
203	259
203	302
203	364
203	622
204	335
204	430
204	454
204	715
205	351
205	455
206	239
206	335
206	377
206	650
207	295
207	315
207	500
207	644
207	700
208	584
209	767
210	327
210	600
211	231
211	396
211	532
211	564
211	707
211	758
212	393
212	525
212	774
213	222
213	641
213	694
214	275
214	425
214	509
215	322
215	504
215	733
216	394
216	525
216	684
217	249
217	250
218	268
218	295
218	366
218	376
218	532
218	562
219	559
220	572
220	715
221	388
221	628
221	662
222	432
222	492
222	721
223	761
224	292
224	786
225	282
225	423
225	749
226	511
226	560
226	787
227	321
227	391
227	404
227	417
227	508
228	540
228	571
228	717
229	300
229	514
230	773
231	235
231	317
231	495
232	665
232	691
232	714
233	305
233	795
234	752
235	541
235	670
235	747
236	321
236	462
236	664
237	314
237	372
237	559
237	569
237	756
238	413
239	242
239	460
240	494
240	584
240	646
241	489
241	767
242	276
242	331
243	716
244	279
244	515
244	736
245	719
246	464
246	545
246	614
246	618
246	725
246	742
247	542
247	679
248	441
248	455
248	468
248	470
248	622
248	724
249	312
249	320
249	485
249	600
249	734
250	326
250	332
250	337
250	404
251	260
251	346
251	434
251	467
251	596
251	757
251	783
252	272
252	488
252	523
252	586
252	785
253	292
253	313
253	383
253	481
253	659
253	715
254	592
254	701
255	360
255	495
255	765
256	274
256	533
256	637
256	639
256	768
257	518
257	636
257	743
258	621
258	710
259	385
259	428
259	748
260	263
261	408
261	432
261	562
261	578
261	732
262	488
263	332
263	385
263	391
263	468
264	310
264	315
264	397
264	635
265	431
265	678
266	404
266	602
266	664
266	756
267	663
267	770
268	270
268	538
269	354
269	390
269	504
269	604
270	273
270	604
270	747
271	275
271	440
272	354
272	597
274	317
274	337
275	565
276	302
276	421
276	650
276	668
276	799
277	511
277	578
277	677
278	294
278	393
278	468
278	593
278	669
279	329
279	415
279	509
280	793
281	633
281	709
282	681
282	746
282	769
283	340
283	362
284	697
285	695
286	305
286	339
286	496
286	572
286	622
286	680
286	739
287	488
287	730
288	384
288	764
289	338
289	583
289	623
290	392
290	528
291	454
291	788
292	581
293	372
293	566
293	633
293	702
294	533
294	698
295	760
296	365
296	387
296	502
296	676
299	572
299	668
300	390
300	709
300	776
301	370
301	506
301	571
301	696
302	354
303	347
303	439
303	555
303	631
303	774
304	386
304	788
305	620
306	739
307	329
307	466
308	357
308	490
309	420
310	672
312	414
312	451
312	482
313	437
313	450
313	611
314	385
315	411
315	520
315	716
316	433
316	546
316	561
318	624
318	671
319	540
319	568
320	401
321	611
322	451
322	651
323	614
323	633
323	704
324	488
324	670
324	743
324	773
325	443
325	601
326	729
327	644
328	731
328	786
328	792
329	461
329	553
329	572
330	481
330	771
331	607
331	621
331	669
332	387
332	471
333	376
333	440
333	479
334	450
334	472
334	525
334	794
335	396
335	537
335	703
335	717
337	498
337	574
337	752
338	380
338	463
339	413
339	482
339	660
339	669
340	348
340	452
340	516
340	664
341	509
341	520
341	657
342	518
344	357
344	564
344	607
344	693
345	481
345	680
346	564
346	711
346	712
347	683
348	427
349	424
349	469
349	671
349	679
350	658
350	739
351	357
351	513
352	642
352	769
353	450
353	533
353	626
353	741
354	420
354	432
354	634
355	359
355	529
355	741
356	561
356	678
358	457
358	467
358	563
358	601
358	637
358	746
359	383
359	494
359	577
359	700
360	482
360	753
360	766
361	434
362	437
362	482
363	500
364	643
364	726
366	444
367	588
367	745
368	402
368	689
368	798
369	589
369	638
371	633
372	450
372	462
372	640
373	653
374	408
374	587
375	533
375	590
375	735
376	536
376	642
377	491
377	550
377	608
377	782
378	505
378	579
379	401
379	642
380	796
381	491
381	641
381	756
382	433
382	470
383	635
383	749
384	611
384	702
385	417
385	796
386	533
386	685
387	499
387	546
388	409
388	578
388	710
388	775
389	495
389	613
389	618
391	607
391	671
391	718
392	587
392	684
392	777
393	432
393	551
394	557
394	575
394	607
395	559
395	710
395	799
396	511
396	561
397	399
397	530
397	651
398	404
399	415
400	610
400	613
400	718
401	426
401	594
401	657
401	758
402	513
403	407
403	408
403	462
403	547
405	522
405	547
406	708
406	779
407	551
407	743
408	608
408	700
408	758
410	658
411	475
412	426
412	796
413	529
413	646
414	489
414	546
414	746
415	561
415	681
415	705
416	682
417	448
417	631
417	634
418	507
418	743
418	779
419	647
420	426
422	481
424	478
425	486
425	582
427	496
428	513
428	574
428	712
429	503
429	572
429	659
429	685
430	539
430	721
431	456
431	577
432	516
432	570
432	705
434	439
434	520
434	689
435	452
435	636
437	452
437	542
437	557
437	719
438	657
439	459
439	646
439	786
441	456
441	468
441	628
441	646
443	496
443	519
443	660
443	687
444	586
445	669
445	689
446	510
446	586
447	475
447	559
447	668
448	592
448	752
449	507
449	524
449	773
450	511
450	527
450	557
450	602
450	652
450	683
450	754
451	480
451	655
451	785
452	570
452	594
452	675
452	757
453	512
453	579
454	565
454	670
454	791
455	669
456	504
456	576
456	617
456	647
457	529
457	532
458	494
459	488
459	706
460	509
460	652
460	692
461	566
462	530
462	719
463	558
463	600
465	625
465	657
466	579
466	598
468	510
468	559
468	679
468	721
469	685
469	749
469	792
470	646
471	503
471	709
472	675
473	638
473	799
474	759
474	795
475	654
476	509
476	629
476	704
476	721
476	745
478	657
479	579
480	722
481	509
482	588
483	727
484	693
485	531
485	535
485	581
487	554
487	643
487	674
490	525
490	767
491	581
491	633
492	575
493	506
493	525
495	567
495	694
495	703
496	780
497	778
497	798
499	750
501	505
501	674
501	725
503	507
503	513
503	667
504	776
506	734
508	565
508	577
510	541
510	739
512	517
512	560
513	620
513	654
513	730
514	680
515	652
516	588
516	645
516	681
517	543
517	579
519	625
519	691
519	741
519	788
523	548
524	597
524	671
527	671
528	594
530	746
531	573
531	743
531	751
531	768
533	589
534	797
535	672
535	703
535	734
537	565
537	568
537	736
537	781
538	686
538	712
538	790
539	679
539	781
540	641
540	730
541	568
542	593
544	658
544	776
546	695
547	617
547	764
548	573
549	693
549	784
551	638
553	585
553	715
554	613
554	634
554	638
555	578
556	623
556	629
556	734
556	740
557	638
557	778
558	618
559	591
560	739
562	700
563	639
564	579
564	580
564	674
565	639
565	798
567	584
568	615
568	719
568	743
569	715
571	764
572	667
572	700
574	650
575	607
575	630
575	743
575	764
576	671
577	668
577	776
578	580
578	779
581	763
582	608
583	614
583	640
583	792
584	634
584	639
584	711
588	613
589	626
589	696
589	758
590	781
591	616
591	635
591	639
591	747
592	782
592	796
593	669
596	698
597	695
598	780
600	731
600	799
601	717
603	681
605	630
606	629
608	744
609	694
610	669
611	674
611	743
612	714
613	791
614	654
617	755
618	705
618	719
619	638
619	677
619	693
620	662
620	744
621	641
623	676
626	639
626	670
627	743
628	746
628	765
632	659
632	684
634	790
636	704
636	709
637	652
637	769
638	644
639	726
639	733
639	759
640	661
640	671
641	789
642	751
642	798
645	698
646	652
646	781
647	673
647	681
648	687
648	730
650	674
651	659
652	683
656	738
658	796
662	782
665	681
669	767
670	716
673	719
675	757
675	777
676	683
677	771
678	795
682	760
683	710
683	720
685	725
688	770
689	704
690	784
691	713
691	766
692	743
695	721
697	797
698	705
698	789
699	741
699	765
704	792
706	755
706	767
706	793
712	752
713	727
713	753
720	738
723	738
723	740
731	762
731	764
732	794
736	764
738	766
739	771
740	770
741	751
749	763
753	769
757	766
771	789
778	799