0	109
0	127
0	289
0	299
0	319
0	458
0	591
1	27
1	57
1	334
1	449
1	463
1	500
1	531
1	775
2	74
2	412
2	636
2	775
3	498
4	338
4	482
4	686
5	437
5	576
5	732
6	86
6	143
6	331
6	547
6	583
6	645
6	755
7	48
7	309
7	444
7	653
7	673
7	761
8	253
8	757
8	786
9	46
9	86
9	480
9	558
9	623
9	742
10	169
10	720
11	181
11	500
11	515
11	621
11	691
11	786
12	497
12	506
12	614
13	561
14	315
14	576
14	752
14	788
15	101
15	162
15	294
15	373
15	381
15	499
15	553
16	411
17	73
17	514
17	657
17	713
17	718
18	480
19	178
19	474
19	721
20	391
20	668
21	65
21	215
21	453
21	561
22	543
23	178
23	586
23	681
23	702
23	779
24	126
24	562
24	702
25	176
25	496
26	381
26	453
26	473
26	492
27	156
27	201
28	439
28	504
29	133
29	498
29	538
30	37
30	54
30	270
30	342
31	206
31	292
31	485
31	506
31	538
31	548
31	635
32	70
32	120
32	211
32	279
32	313
33	70
33	121
33	200
33	354
33	683
34	138
34	310
34	557
34	561
35	55
35	117
35	280
35	288
36	38
36	150
36	418
36	527
36	730
37	50
37	667
38	223
38	228
38	621
39	41
39	79
39	99
39	135
39	543
39	548
40	43
40	745
40	789
41	248
41	748
42	55
42	123
42	327
42	375
42	634
42	774
43	227
43	308
43	317
43	573
43	607
43	710
44	100
44	223
44	380
44	710
45	86
45	162
45	163
45	169
45	419
45	529
45	685
45	718
45	796
46	215
46	771
47	127
47	626
48	370
48	621
49	151
49	411
49	485
49	525
49	590
49	624
49	788
50	223
50	245
50	451
50	517
50	791
51	324
51	752
52	435
52	569
52	709
52	713
53	361
53	382
53	414
53	610
53	684
54	368
54	381
54	678
55	554
56	266
56	379
56	486
56	599
56	633
56	788
57	117
57	466
57	480
58	246
59	287
59	458
59	474
59	479
59	536
60	108
60	291
60	355
60	401
60	514
60	687
60	722
60	763
61	252
61	398
61	403
61	785
62	375
62	421
62	636
63	531
63	552
63	654
64	356
64	523
64	686
64	789
65	368
65	543
66	470
66	712
67	117
67	216
67	273
67	377
67	423
67	701
68	573
68	679
68	767
69	549
69	671
70	275
70	354
70	553
71	154
71	336
71	366
71	529
72	77
72	226
73	203
73	330
73	449
73	608
73	649
74	128
74	251
74	368
74	570
74	591
74	622
75	137
75	384
75	434
75	441
75	512
76	172
76	323
76	461
76	638
76	664
77	169
77	244
77	406
77	530
77	532
77	722
78	658
78	689
79	316
79	337
79	757
79	779
80	381
80	648
80	709
81	607
82	230
82	409
83	110
83	264
84	194
84	233
84	322
84	456
84	609
85	142
85	553
85	575
85	685
86	271
86	320
86	409
86	648
86	701
87	501
87	616
87	680
88	327
88	389
89	426
89	502
89	545
89	711
89	733
89	798
90	482
91	240
91	402
91	560
91	623
92	173
92	222
92	262
92	310
92	678
92	681
92	765
93	437
93	441
93	532
93	545
94	227
94	275
94	318
94	593
94	757
95	234
95	625
96	594
96	613
97	390
97	770
98	326
98	400
98	585
99	118
99	215
99	475
99	653
99	658
99	659
100	255
100	542
100	591
101	319
101	562
101	756
102	241
102	267
102	274
102	431
102	703
102	733
102	791
103	157
104	355
104	598
104	742
105	166
105	508
105	624
105	633
106	133
106	719
107	324
107	360
107	389
107	455
107	632
108	214
108	277
108	332
108	596
109	165
109	333
109	693
110	319
110	392
110	554
110	672
110	746
111	473
111	501
111	711
112	164
112	356
112	372
112	572
112	603
112	747
113	635
113	761
114	118
114	522
114	619
115	174
115	315
115	416
115	582
115	599
116	195
116	202
116	252
116	281
116	471
116	774
117	405
118	137
118	532
118	602
118	740
119	120
119	302
119	494
119	602
119	626
120	357
120	669
120	791
121	191
121	279
121	776
121	779
122	134
122	170
122	356
122	497
123	144
123	238
123	763
124	153
124	409
124	503
124	684
124	702
124	732
124	793
125	387
125	581
126	537
126	676
127	132
127	309
127	658
128	158
128	333
129	650
130	223
130	397
130	508
130	653
130	728
130	770
131	235
131	640
131	783
132	220
132	532
132	717
132	786
133	526
133	573
134	162
134	277
134	437
134	495
134	721
134	739
135	229
135	343
135	460
135	572
136	287
136	310
136	476
136	506
136	663
136	734
136	747
136	771
137	325
137	715
139	611
140	436
140	441
140	576
141	157
141	239
141	445
141	665
141	745
142	292
142	407
142	434
142	585
142	762
143	674
144	312
145	179
145	755
146	788
147	296
147	383
147	454
148	313
148	352
148	478
148	711
149	390
149	504
149	509
150	222
150	377
150	561
151	593
151	768
152	209
152	229
152	320
152	328
152	519
152	777
153	156
153	394
153	458
153	477
153	767
153	790
154	393
154	578
154	783
155	374
155	456
155	491
156	548
156	714
157	493
157	499
157	641
158	201
158	246
158	452
158	454
159	287
159	298
159	348
160	205
160	441
161	168
161	487
162	326
162	402
162	508
162	553
162	568
163	171
163	612
163	662
163	782
164	227
165	372
165	502
165	515
165	603
165	784
166	311
166	372
166	393
166	414
166	583
166	598
166	681
167	179
167	574
167	708
168	193
168	291
169	585
170	395
170	584
170	755
170	762
171	214
172	249
172	408
173	481
173	531
173	573
173	740
173	750
174	205
174	340
174	364
174	392
174	468
174	595
175	259
175	489
175	798
177	183
177	254
177	493
177	571
177	674
178	182
178	463
178	653
178	745
179	244
179	401
179	610
179	771
180	416
180	464
181	198
181	361
181	435
182	328
182	584
182	593
183	238
183	277
183	418
183	425
183	431
183	602
183	661
183	781
184	295
185	235
185	260
185	417
185	423
185	499
186	499
186	503
186	690
186	733
187	597
187	658
187	752
188	263
188	539
189	192
189	285
189	480
189	536
189	543
190	224
190	656
191	305
191	310
191	537
191	622
191	637
192	287
192	314
192	348
192	441
193	417
193	778
194	213
194	473
194	538
194	668
194	743
195	451
195	743
196	208
196	260
197	498
198	361
198	429
198	729
199	728
200	266
200	275
200	349
200	372
200	683
201	461
201	676
201	746
202	244
202	571
202	573
202	655
202	701
202	741
203	261
203	292
203	586
203	628
204	222
204	560
205	553
205	757
206	525
206	558
206	723
206	735
207	433
207	795
208	620
208	716
208	719
209	393
209	457
209	506
209	519
209	542
210	369
210	378
210	576
210	632
210	768
211	435
211	512
211	535
211	607
211	624
211	740
211	781
212	471
213	335
213	527
213	613
213	773
214	300
214	390
214	431
214	629
215	488
215	653
215	700
216	315
216	481
216	713
217	363
217	365
218	321
218	405
218	414
219	464
219	556
219	746
220	376
220	386
220	546
220	609
220	721
220	740
221	450
222	238
222	433
222	458
222	592
223	481
223	685
224	560
224	674
225	686
225	747
226	275
226	307
226	385
226	553
226	610
226	769
227	725
228	359
228	393
228	541
228	594
229	355
229	371
229	599
230	257
230	367
230	504
230	781
231	665
231	683
231	715
231	742
232	354
232	462
233	255
233	297
233	308
233	792
234	389
234	410
234	558
234	574
235	238
235	694
236	420
236	684
237	430
237	475
237	546
238	757
238	787
239	317
239	546
239	644
239	645
239	685
240	327
241	316
241	511
241	526
241	772
242	497
242	549
242	606
243	564
244	287
244	416
244	644
244	750
245	292
245	317
245	505
245	701
246	487
246	522
246	777
247	523
247	772
248	421
248	502
248	764
248	798
249	419
249	472
249	519
249	650
250	602
250	729
251	415
251	418
251	575
251	625
251	776
252	345
252	609
253	427
254	284
254	761
255	369
255	556
255	608
256	732
257	367
257	637
257	703
257	713
257	759
258	430
258	587
259	517
259	685
259	755
260	400
260	659
261	349
261	403
261	750
261	762
262	475
262	646
263	324
263	568
264	570
264	671
264	742
265	482
265	503
266	424
266	507
266	642
266	704
267	536
267	616
267	682
267	686
268	334
268	341
268	438
268	657
268	748
269	283
269	354
269	387
269	469
269	622
270	306
270	569
271	719
271	737
271	753
272	401
272	503
272	737
273	615
273	668
273	721
273	794
274	547
275	555
275	594
275	648
276	666
276	773
277	452
277	572
278	330
278	515
278	561
278	562
278	726
278	751
279	357
279	414
279	606
279	640
279	644
279	757
281	285
281	378
281	515
281	524
281	683
281	701
281	741
282	467
282	768
283	547
283	688
284	340
284	703
284	786
285	574
285	620
285	679
285	721
285	730
286	429
287	552
287	692
287	698
287	757
288	520
288	697
288	719
289	302
289	651
290	521
290	697
291	297
291	370
291	564
292	465
292	479
293	383
293	717
294	434
294	634
294	665
294	747
296	585
297	354
297	563
297	673
297	690
297	697
297	712
298	484
299	331
299	409
299	655
300	548
300	589
300	688
301	525
301	634
301	786
301	787
302	743
302	781
303	341
303	346
303	378
303	391
303	422
303	493
303	638
303	682
303	744
303	764
304	590
304	606
305	308
306	717
307	313
308	438
308	455
308	569
308	788
310	578
311	381
311	404
311	429
311	439
314	373
314	429
314	498
314	593
314	737
314	785
315	568
315	745
317	368
317	525
318	727
318	747
319	736
320	688
321	405
321	428
322	409
322	580
323	474
323	632
324	331
324	758
324	765
325	350
325	407
326	395
326	673
326	746
326	776
327	352
327	374
327	550
327	744
328	401
328	428
328	454
329	392
329	396
329	459
329	487
329	687
329	723
330	795
331	434
331	475
331	497
331	647
332	354
332	592
332	608
332	613
332	717
333	512
333	630
333	759
334	731
335	609
335	732
336	750
337	407
337	551
337	604
337	638
338	348
338	415
338	440
338	607
338	784
339	351
339	424
339	665
339	721
339	740
340	747
341	422
341	663
341	676
342	378
342	762
342	786
343	515
343	681
344	647
345	372
345	566
345	617
345	685
345	739
346	451
346	509
346	519
347	396
348	463
350	398
351	504
352	558
352	694
353	661
354	430
354	501
354	535
355	396
355	446
355	646
356	538
356	554
356	578
356	758
357	510
357	581
357	609
357	621
358	504
359	413
359	540
359	547
360	498
361	364
361	491
361	787
362	670
363	484
364	746
365	430
365	442
365	692
365	722
365	754
366	567
366	710
367	551
367	649
368	518
369	711
370	452
371	648
371	694
371	734
372	474
372	712
373	434
373	748
374	466
374	532
374	769
374	770
375	515
375	639
375	641
376	446
376	533
376	684
376	788
378	420
378	589
379	413
379	421
379	449
379	748
379	763
380	567
380	718
380	750
381	664
381	678
381	753
382	488
383	448
384	550
384	673
384	689
384	716
385	545
385	588
385	614
385	716
386	475
386	593
387	581
387	636
387	741
388	395
389	502
389	520
389	651
389	739
390	639
390	659
392	727
392	761
393	516
394	452
394	736
395	476
395	541
395	592
395	693
395	771
396	408
397	404
397	495
397	668
398	423
398	718
399	741
400	418
400	621
401	478
401	725
402	474
402	509
402	530
402	568
402	741
403	540
403	642
403	670
404	430
404	692
404	697
405	449
405	799
406	657
408	504
408	645
409	461
409	658
410	594
410	723
411	439
411	557
411	573
412	477
414	465
414	651
414	696
414	717
414	785
415	750
416	491
416	693
417	752
418	519
418	533
419	457
419	681
419	694
420	567
420	791
421	710
422	482
422	579
422	635
423	533
423	683
424	455
424	589
424	718
426	478
426	678
427	431
427	655
428	499
428	602
429	446
429	597
431	456
432	444
432	678
433	469
433	487
433	498
433	753
434	680
434	718
434	741
435	752
436	439
436	603
437	494
437	575
438	639
439	498
439	548
439	567
439	586
439	679
441	512
441	658
441	725
442	503
442	645
442	665
443	590
445	616
445	718
446	765
447	525
448	525
448	580
448	624
449	510
449	793
450	528
450	566
450	655
450	711
450	719
451	460
451	508
451	561
451	607
451	778
452	533
453	556
455	639
455	644
456	463
456	616
456	633
456	796
458	509
458	783
459	692
462	544
462	670
463	667
463	691
463	719
463	737
464	702
464	707
464	798
465	634
465	722
467	623
468	489
468	527
468	765
469	505
469	742
471	549
472	705
472	799
473	643
473	733
475	584
475	765
476	793
477	635
477	701
478	612
479	596
479	704
480	506
480	630
481	528
481	749
482	605
482	690
482	742
483	524
483	605
484	649
484	719
485	585
485	646
485	733
486	625
487	513
487	558
487	694
487	723
488	688
488	777
490	603
490	702
491	618
491	676
492	610
493	635
493	755
494	729
495	736
495	791
497	547
497	585
498	595
498	643
498	647
498	736
498	763
499	603
499	657
501	576
501	594
501	613
501	701
502	652
503	740
505	577
505	746
505	777
507	573
508	727
510	634
510	702
510	789
512	578
514	610
514	692
517	577
517	625
518	640
518	703
518	722
519	534
519	658
519	697
519	722
519	729
520	641
522	532
522	679
522	769
523	533
524	633
524	742
525	737
526	558
526	585
526	618
526	792
527	723
528	676
529	547
529	613
529	760
530	555
530	602
532	570
532	650
533	601
534	671
535	537
535	620
535	701
535	733
536	636
537	569
537	587
537	739
537	743
538	543
538	688
538	799
540	551
540	794
541	623
541	665
541	752
543	611
543	699
544	612
545	711
545	737
545	783
546	550
546	723
547	576
549	565
549	755
550	784
552	618
552	707
555	560
555	770
555	790
556	682
556	726
557	626
557	795
558	695
559	606
559	749
560	624
561	647
561	721
561	779
562	655
564	590
566	586
567	571
567	647
568	655
569	617
570	591
570	607
570	711
571	741
572	627
572	754
574	611
575	697
576	675
576	774
577	596
577	621
578	763
581	662
582	790
584	759
586	638
586	669
587	751
587	796
590	591
590	612
590	722
590	780
591	763
592	655
593	650
595	669
595	769
596	668
597	605
597	680
597	735
598	756
599	619
600	791
603	685
603	688
603	705
605	663
606	665
607	786
608	736
611	661
611	754
612	768
613	794
614	626
614	640
614	707
615	636
616	655
616	670
617	686
619	740
622	715
624	694
624	733
625	644
625	661
626	711
629	677
630	793
630	799
631	777
632	654
633	710
633	726
634	683
636	717
636	748
637	739
639	681
639	759
639	778
640	786
641	736
642	769
644	759
646	684
647	783
648	688
648	738
651	798
652	701
652	724
652	728
652	792
654	686
656	667
657	724
658	761
659	788
660	793
661	722
663	690
664	757
664	785
665	767
667	797
668	745
672	699
673	686
673	798
674	705
674	751
675	730
675	740
679	697
679	743
681	794
682	705
684	710
685	727
685	778
688	792
689	743
690	691
690	726
690	789
690	798
691	737
691	780
693	699
699	749
700	712
700	770
702	706
702	714
704	722
709	777
712	737
712	751
712	759
715	723
715	766
715	770
717	763
718	788
721	783
722	780
728	756
730	766
730	779
741	798
745	751
745	763
755	787
777	781
778	799
779	798
783	787
785	794