0	158
0	317
0	453
0	485
1	207
1	246
1	414
1	755
2	80
2	91
2	147
2	578
2	588
2	682
3	56
3	199
3	688
3	792
4	164
4	185
4	380
4	453
4	532
4	605
4	753
5	32
5	114
5	175
5	341
5	585
5	669
6	32
6	142
6	319
6	534
6	796
7	152
7	344
7	484
8	181
8	238
8	352
8	671
9	37
9	199
9	336
9	481
9	490
9	580
9	622
9	697
9	727
9	788
10	104
11	101
11	219
11	405
11	517
11	531
11	631
11	733
11	777
12	350
12	412
12	499
12	537
12	684
13	108
13	187
13	253
13	533
13	712
13	758
14	72
14	342
14	709
14	763
15	402
15	496
15	625
16	294
16	337
16	381
16	455
16	619
17	117
17	145
17	341
17	772
18	71
18	262
18	355
18	517
19	93
19	103
19	455
19	489
19	783
20	70
20	188
20	252
20	525
20	609
21	28
22	287
22	474
22	579
22	641
23	142
23	237
23	342
23	437
24	193
24	503
24	559
25	34
25	37
25	40
25	52
25	55
25	124
25	294
25	437
25	444
25	516
26	198
26	673
27	99
27	218
27	259
27	689
27	762
28	134
28	138
28	171
28	412
28	445
28	504
29	366
29	635
30	138
30	192
30	363
30	416
30	716
31	305
31	685
31	707
32	162
32	210
32	330
32	359
32	584
32	650
32	765
33	321
33	412
33	550
33	716
34	163
34	268
34	488
34	666
34	795
35	426
36	146
36	410
36	485
37	43
37	69
37	111
37	239
37	348
37	495
37	567
38	605
39	56
39	129
39	201
39	475
39	686
40	437
40	675
41	219
42	334
42	440
42	637
42	714
43	358
43	516
43	618
44	263
44	622
44	671
44	789
45	122
45	414
45	438
45	679
46	66
46	68
46	109
46	316
46	517
46	774
47	104
47	141
47	159
47	278
47	295
47	454
47	485
48	665
48	768
49	285
50	284
50	477
50	486
51	429
51	675
51	699
52	145
52	628
52	690
53	128
53	253
53	398
53	604
53	682
53	723
54	74
54	160
55	277
55	432
55	438
55	609
56	205
56	449
57	371
58	160
58	749
59	614
60	647
60	749
61	138
61	401
61	416
61	643
62	111
62	285
62	690
62	693
62	713
63	334
64	166
64	310
64	514
64	532
65	100
65	280
65	362
65	378
65	601
65	684
66	91
66	136
66	222
66	325
66	494
66	782
67	417
67	583
67	655
68	334
68	456
68	700
68	762
68	777
70	263
70	288
70	384
70	632
70	700
71	280
71	356
71	383
71	761
72	112
72	447
72	459
73	696
74	134
75	252
75	364
75	376
75	504
75	671
76	456
76	710
76	786
77	94
77	97
77	252
78	250
79	409
79	453
80	91
80	473
80	639
81	615
81	709
81	748
82	456
82	608
82	611
82	750
83	523
83	719
84	100
84	115
84	682
85	211
86	175
86	787
87	135
87	256
87	562
87	583
87	730
88	481
89	313
89	418
89	541
89	564
89	658
90	426
90	605
91	302
91	406
91	483
91	495
91	602
92	470
92	542
93	306
93	388
93	501
93	727
94	296
94	352
94	353
94	474
95	343
95	631
96	213
96	225
96	318
96	530
96	603
97	106
97	446
97	556
97	775
98	115
98	223
98	687
98	733
98	739
99	440
99	600
100	434
100	484
100	693
100	784
101	254
101	265
101	361
101	542
101	595
101	617
101	646
102	649
102	698
102	715
103	164
103	397
103	525
103	529
104	412
104	437
104	670
104	735
105	277
105	355
105	369
105	476
105	594
105	790
106	241
106	584
106	673
107	176
107	215
107	237
107	364
108	201
108	212
108	224
108	358
108	440
108	488
108	682
109	191
109	242
109	256
109	567
110	143
111	329
111	416
111	463
111	797
112	230
112	495
112	571
113	382
113	539
113	581
113	713
113	795
114	164
114	650
114	730
115	453
116	367
116	555
117	369
117	515
117	775
117	799
118	229
118	321
118	490
118	784
119	764
120	361
120	426
120	482
120	714
121	410
121	648
121	743
122	346
122	361
122	735
123	572
123	704
124	508
124	717
125	236
125	338
125	363
125	525
125	650
126	402
126	507
126	783
127	257
127	485
127	748
128	215
128	264
128	371
128	483
128	592
128	672
129	156
129	331
129	473
129	503
130	310
130	794
131	403
131	493
131	519
131	636
131	692
131	727
132	248
133	173
133	260
135	144
135	237
135	297
135	300
135	448
136	367
136	708
137	470
137	479
137	520
137	534
137	707
137	709
138	453
138	704
138	781
139	159
139	369
139	718
140	244
140	597
140	709
141	165
142	405
142	436
143	210
143	579
144	167
144	593
144	686
145	289
145	521
145	566
145	724
146	200
146	217
146	384
146	419
146	508
146	743
147	365
148	461
148	652
149	429
150	221
150	224
150	659
151	351
151	401
151	509
151	550
151	593
152	417
152	788
153	599
154	425
154	768
155	165
155	253
155	514
155	713
156	407
156	422
156	546
157	257
157	452
157	566
158	472
158	626
159	452
159	491
160	715
161	196
161	264
161	752
162	342
162	744
163	468
163	584
164	385
164	444
164	468
164	487
164	558
164	765
165	451
165	471
165	537
165	692
165	795
166	308
166	415
166	463
166	542
166	624
167	490
167	622
167	629
167	698
167	762
168	386
168	541
169	518
169	536
169	726
170	416
170	626
171	251
171	521
171	663
172	660
172	751
173	176
173	343
173	344
174	280
174	320
174	391
174	424
174	631
175	224
175	273
175	330
175	430
175	468
175	780
176	279
176	523
176	552
176	604
177	218
177	397
177	501
177	505
177	726
178	179
178	349
178	409
178	455
178	693
179	655
179	735
180	470
180	512
180	772
181	280
181	488
181	684
181	728
181	754
182	534
182	586
182	659
182	667
183	381
183	574
183	668
184	314
184	600
184	763
184	790
185	350
185	793
186	318
186	362
186	609
186	748
187	251
187	639
187	650
187	758
188	268
188	341
188	343
188	427
188	540
188	633
188	761
189	228
189	687
189	718
190	336
190	518
191	370
191	390
191	393
191	528
192	410
192	488
192	533
193	378
194	224
194	581
194	622
194	758
195	445
196	361
196	659
196	674
197	340
197	598
197	608
197	627
197	691
198	633
198	662
198	711
198	781
199	223
199	307
200	312
200	441
201	374
201	387
201	574
201	637
202	237
202	362
202	659
202	758
202	786
203	241
203	643
203	724
203	725
204	312
204	562
204	763
204	783
205	272
205	641
205	785
206	207
206	465
206	711
207	706
207	751
207	771
208	224
208	332
208	743
209	282
209	323
209	640
210	442
210	485
210	632
210	643
211	479
211	597
211	632
212	372
212	455
214	432
214	549
215	218
215	577
215	787
216	316
216	329
216	369
216	408
216	473
216	721
216	746
217	519
217	608
218	646
218	732
218	745
219	245
220	224
220	722
220	778
221	267
221	274
221	367
221	539
221	699
221	776
222	531
222	574
223	365
223	367
223	375
223	376
223	468
224	225
224	718
225	322
225	444
225	551
225	692
226	539
227	276
227	354
227	556
228	236
228	239
228	288
228	326
228	521
229	412
229	517
229	596
230	498
230	671
231	483
232	714
233	243
233	382
233	461
233	715
234	240
234	332
234	420
234	653
235	256
235	679
235	693
236	281
236	311
236	331
236	379
236	651
236	740
237	296
237	302
237	368
237	432
237	438
237	669
237	744
238	506
238	520
238	680
240	365
241	631
241	736
241	775
241	779
242	656
242	723
242	792
243	274
243	593
243	777
245	515
245	532
245	617
246	351
246	354
246	376
246	502
247	433
247	555
247	798
249	715
249	765
250	472
251	270
251	670
252	257
252	301
254	350
254	361
254	409
254	521
254	528
254	660
255	270
255	294
255	359
255	594
256	293
256	421
256	650
257	382
257	415
257	455
258	565
258	761
259	356
260	746
261	476
262	415
262	546
262	641
263	328
263	383
263	479
264	554
264	624
264	642
264	706
264	794
265	616
265	657
265	760
265	784
266	522
266	667
266	794
267	602
268	361
268	426
268	427
268	548
268	579
268	581
268	718
268	727
269	479
269	503
269	564
270	434
270	552
270	635
271	365
271	416
271	530
271	615
271	636
271	696
271	715
271	744
272	408
272	417
272	644
272	746
272	783
273	591
273	660
273	731
273	783
274	487
274	698
275	367
275	408
275	440
275	458
275	765
276	679
277	412
277	563
278	310
278	379
279	303
279	497
279	561
279	765
279	782
280	317
280	325
280	384
280	562
280	566
280	660
280	681
280	789
281	433
281	575
281	603
282	332
282	584
283	509
283	704
284	571
284	599
284	750
285	292
285	366
285	502
285	667
285	700
286	314
286	445
287	584
287	634
287	735
287	754
287	762
288	446
288	674
288	685
289	396
289	433
290	415
290	435
290	493
290	533
291	346
292	299
292	337
292	517
293	487
293	619
294	316
294	332
294	438
294	746
295	395
295	577
295	597
295	723
296	382
296	507
296	622
296	629
297	305
297	566
297	580
297	775
298	612
298	738
298	769
299	302
299	582
299	663
300	390
300	689
302	336
302	449
302	503
302	549
303	678
304	661
305	319
305	370
305	657
305	668
306	562
306	674
308	643
308	650
309	434
309	682
310	314
310	533
310	649
311	330
311	417
312	585
315	316
315	332
315	402
315	412
315	482
315	743
316	522
317	327
317	533
318	386
318	447
318	779
319	464
319	576
319	582
320	330
320	563
320	738
321	493
321	772
322	398
322	721
323	450
323	643
324	325
324	482
324	483
324	568
325	474
326	357
326	609
326	720
326	782
327	408
327	517
327	735
327	768
328	661
328	711
328	746
329	509
329	599
329	623
330	403
330	480
330	583
331	385
332	520
332	773
333	704
334	354
334	633
334	739
335	767
336	395
337	499
338	439
339	567
340	708
340	795
341	789
342	627
343	389
343	411
343	577
344	613
345	445
345	450
345	512
346	528
346	727
346	751
347	414
347	451
347	526
348	649
349	649
350	483
350	529
350	664
350	748
351	642
352	668
353	761
354	745
354	770
355	606
355	625
355	787
356	495
357	511
357	571
358	361
358	416
358	478
358	790
360	432
360	456
360	646
361	527
361	578
362	454
364	473
364	713
364	751
365	432
365	472
365	579
365	693
365	715
366	649
366	652
366	791
367	384
367	479
367	725
367	791
368	510
368	677
368	706
369	661
371	383
371	535
371	690
371	703
372	375
373	754
374	513
374	693
375	385
375	517
375	520
376	471
377	729
378	520
378	721
379	380
380	503
380	608
380	615
380	689
381	680
383	388
383	728
383	733
384	405
384	543
385	440
385	671
385	794
387	636
389	643
389	653
390	405
391	511
391	597
391	681
392	548
392	701
392	714
393	673
394	420
395	596
398	662
399	411
399	600
399	664
400	463
401	513
401	523
401	525
401	578
402	431
403	736
404	552
404	716
405	488
405	510
406	646
408	547
409	768
410	740
411	433
412	565
412	734
413	663
413	698
413	700
413	760
413	787
415	588
415	590
415	616
415	750
416	461
416	545
416	614
416	615
416	773
417	444
417	577
418	620
419	440
419	544
419	620
419	634
419	736
420	548
420	795
421	423
421	631
421	684
422	490
422	597
422	635
423	681
423	700
423	788
424	662
426	490
426	591
427	577
427	727
427	740
428	536
428	608
429	598
430	478
431	546
431	612
431	657
432	573
433	467
433	636
434	572
434	617
435	480
436	438
437	583
439	586
440	516
440	768
440	779
440	792
441	462
441	583
441	625
442	756
443	676
444	485
444	492
444	557
444	621
445	560
446	512
446	688
448	497
448	522
448	690
449	522
449	774
449	784
450	502
450	705
452	544
452	577
453	529
453	718
453	774
454	520
454	616
455	775
457	602
457	675
458	537
459	479
460	634
460	641
460	675
460	724
460	725
460	776
460	798
461	565
461	644
462	571
464	512
466	727
466	789
469	650
469	773
470	636
470	704
471	525
471	623
471	638
472	724
473	523
473	552
473	575
473	781
474	538
475	795
476	519
476	728
477	674
477	773
479	586
479	716
480	532
481	694
482	538
482	594
482	600
482	680
482	767
483	608
483	625
483	764
484	490
485	530
485	594
485	721
486	591
487	759
488	492
488	633
489	533
489	568
489	700
489	791
491	565
491	677
491	782
492	562
492	754
495	522
495	533
496	530
496	548
497	612
497	698
497	799
498	611
499	562
499	615
499	693
500	570
500	576
500	732
500	782
501	577
501	672
501	703
501	775
501	797
502	610
502	715
503	792
504	530
504	654
505	700
507	533
508	578
508	739
508	774
510	651
511	526
511	553
511	740
512	673
513	585
513	727
514	660
514	718
515	555
520	660
520	741
521	588
521	771
522	596
522	615
522	782
523	610
523	639
524	721
525	567
525	570
526	537
526	720
529	669
529	741
530	630
531	573
533	570
534	594
534	595
534	634
535	663
535	790
535	791
537	645
537	667
538	621
538	698
539	578
541	736
541	742
542	729
544	562
545	653
548	583
548	632
549	712
550	565
550	725
552	604
552	656
552	702
552	705
553	720
554	584
554	687
555	652
556	656
557	636
557	663
557	747
558	645
558	673
558	754
559	591
559	595
559	677
561	619
562	598
562	636
564	720
566	768
566	787
568	573
568	604
568	751
568	774
569	599
570	616
570	719
571	619
573	635
573	730
575	778
575	790
576	627
577	614
577	650
577	780
578	667
578	756
579	619
579	668
580	674
581	608
582	644
582	660
582	731
583	623
583	627
583	730
585	596
585	743
587	618
588	663
588	798
589	784
590	615
590	638
592	748
593	687
594	664
596	792
597	756
598	631
598	659
599	601
599	773
600	712
602	758
605	784
606	712
607	665
607	685
607	751
608	733
609	652
610	651
610	761
611	673
611	700
616	627
616	676
616	763
617	705
618	619
618	662
620	753
622	745
627	758
630	639
631	694
631	745
631	776
633	690
633	779
635	726
636	656
638	667
638	687
639	727
641	651
642	746
646	674
648	686
650	799
651	674
652	681
652	721
653	752
658	675
659	662
662	755
663	728
664	766
667	738
669	733
671	765
671	783
672	767
673	695
673	697
674	755
674	764
675	739
683	750
684	731
684	749
685	767
688	693
690	777
691	757
691	779
694	756
694	770
704	741
704	764
707	759
709	748
710	768
710	773
712	727
712	754
715	771
721	736
722	728
726	754
726	755
727	730
727	784
733	783
737	786
741	754
761	784
774	799
788	796