0	30
0	52
0	216
0	294
0	355
0	373
0	474
1	251
1	332
2	379
2	425
3	70
3	114
3	172
3	299
3	355
3	401
3	465
3	485
4	202
4	293
4	381
4	442
5	57
5	287
5	351
6	178
6	316
6	336
6	365
7	113
7	247
7	314
7	364
8	52
8	142
8	233
9	14
9	33
9	50
9	140
9	265
10	88
10	125
10	220
10	329
11	65
12	32
12	59
12	87
12	270
12	426
13	26
13	46
13	241
13	317
14	29
14	30
14	143
14	355
14	372
14	429
15	175
16	154
16	188
16	408
17	61
17	155
17	159
17	321
17	367
17	497
18	133
18	266
18	470
19	98
19	487
20	39
20	70
20	115
20	222
21	23
21	305
21	474
21	491
22	60
22	181
22	215
22	261
22	321
23	242
23	321
24	243
24	309
24	333
24	475
25	57
25	163
25	192
25	299
26	48
26	63
26	145
26	214
26	428
27	66
27	421
28	41
28	235
28	381
28	450
29	137
29	156
29	482
30	48
30	378
31	51
31	77
31	207
32	70
32	182
32	307
32	326
32	387
33	282
33	489
34	63
34	73
34	156
34	184
34	268
35	341
35	445
36	174
36	253
36	348
36	447
36	455
37	133
37	168
37	261
37	495
38	63
38	198
38	201
38	337
39	184
39	417
39	420
40	172
40	393
40	498
41	90
41	113
41	114
41	119
41	134
41	197
41	240
41	326
41	392
41	464
42	191
43	121
43	140
43	360
44	169
44	254
44	401
45	110
45	316
45	455
46	58
46	266
46	368
46	399
47	64
47	243
47	253
47	330
48	165
48	182
49	60
49	199
49	274
50	76
50	246
50	248
50	367
51	189
51	449
52	195
52	244
52	277
53	303
54	173
54	198
54	318
54	401
54	405
54	443
55	58
55	106
55	257
55	376
55	440
56	131
56	312
56	389
58	174
58	213
58	480
59	213
59	224
59	263
59	291
59	316
60	221
60	300
60	319
60	448
61	84
61	244
61	340
62	256
63	82
63	222
63	295
63	354
64	274
64	383
65	104
65	267
65	276
65	351
66	160
66	199
67	304
67	321
67	324
67	423
67	429
68	320
68	390
68	426
68	445
69	276
69	439
70	157
70	172
70	372
70	384
70	396
70	426
71	295
71	323
71	403
72	163
72	176
72	178
72	181
72	260
72	378
72	461
73	90
73	334
74	112
74	157
74	359
75	219
75	329
75	341
75	380
75	393
76	166
76	243
76	355
76	420
76	475
77	88
77	100
77	124
77	319
78	102
79	345
79	468
80	99
80	225
80	357
81	83
81	93
81	160
81	454
82	289
82	369
82	429
82	453
83	248
83	420
84	131
84	178
84	236
84	272
84	438
85	225
86	90
86	194
86	273
87	244
87	472
88	207
88	222
88	272
89	295
89	496
90	118
90	129
90	285
90	325
90	378
90	401
90	472
91	140
91	156
91	317
92	100
92	161
92	200
92	236
92	406
93	457
94	99
94	308
94	452
95	190
95	224
95	254
95	325
95	428
95	447
96	160
96	194
96	240
96	315
96	426
96	499
97	181
97	184
97	261
97	285
97	451
97	466
98	114
98	150
98	155
98	168
98	230
98	390
98	410
98	479
98	480
99	410
100	101
100	301
100	482
101	156
101	365
101	431
102	171
102	218
102	337
103	157
103	405
103	436
104	275
104	284
105	312
105	339
106	393
106	450
107	233
108	249
108	307
108	372
108	375
108	395
109	176
109	232
110	122
110	139
110	163
110	170
110	259
110	310
110	461
111	163
111	469
112	145
112	446
113	244
114	364
114	483
115	122
115	292
115	316
115	336
116	124
116	133
116	175
117	138
117	155
117	183
117	493
118	225
118	385
118	388
118	389
118	416
118	499
119	185
119	231
119	256
119	286
119	416
119	434
119	489
120	303
120	318
120	379
120	390
120	444
120	460
120	484
122	158
122	183
123	181
124	155
124	309
124	318
124	332
125	328
125	445
125	461
125	498
126	206
126	219
126	339
126	369
126	472
126	495
127	139
127	211
127	269
127	316
127	353
127	397
128	344
129	258
129	317
129	373
129	383
129	394
129	427
129	465
130	218
131	139
131	197
131	226
131	335
131	438
132	362
132	411
132	455
132	457
133	197
133	210
133	344
133	484
134	199
134	263
134	415
134	432
135	160
135	196
135	253
135	349
135	371
135	408
135	491
136	363
136	397
137	265
137	412
137	462
137	494
138	154
138	268
138	344
139	370
140	250
140	448
140	474
141	164
141	205
141	275
141	456
141	466
141	492
143	180
143	254
143	290
143	364
144	211
144	314
145	158
145	223
145	340
145	398
145	468
146	287
146	309
147	291
147	298
147	475
147	494
148	152
149	153
149	183
149	375
150	199
150	214
150	346
150	350
150	438
151	225
151	287
151	317
151	382
152	207
152	278
152	310
152	385
153	198
154	482
156	179
156	189
156	281
156	303
156	314
156	333
157	198
157	221
157	226
157	246
157	355
157	356
157	416
157	494
158	380
160	169
160	320
160	351
161	245
162	215
162	233
162	322
162	335
162	465
163	472
164	201
164	233
164	308
164	415
165	249
165	369
165	408
165	443
166	176
166	208
166	308
166	493
167	248
167	311
167	437
168	400
169	172
169	435
170	355
170	489
172	401
172	475
173	344
173	358
173	407
174	367
174	433
174	461
175	199
175	217
175	288
175	315
176	325
176	351
177	206
177	497
178	198
178	230
178	258
178	454
178	483
179	275
179	414
180	194
180	246
180	409
180	411
181	222
181	258
181	270
181	274
181	441
182	185
182	335
182	424
183	229
183	265
183	363
183	388
183	409
184	239
184	378
184	391
184	406
185	312
186	237
186	488
187	334
187	490
188	209
188	240
188	264
188	287
188	374
188	396
189	283
189	298
190	330
190	363
190	386
191	216
191	259
191	329
191	346
191	456
192	200
192	341
192	397
192	441
193	277
194	297
194	491
196	200
196	310
196	315
197	357
197	402
198	274
198	327
198	398
198	407
198	430
198	454
198	461
198	474
199	225
199	259
199	352
199	417
200	278
200	290
201	298
201	308
201	408
202	255
202	286
202	357
202	417
203	302
203	454
204	206
204	278
204	303
204	345
206	275
206	360
206	460
207	463
208	316
208	350
209	270
209	283
209	330
209	366
209	371
210	322
210	471
211	231
211	325
211	336
211	465
212	290
212	320
212	498
213	334
214	362
214	400
214	427
215	222
215	250
215	346
215	424
216	288
216	461
217	279
217	382
217	400
217	436
217	467
217	483
218	254
218	306
218	439
219	375
219	446
220	346
220	433
220	477
221	245
221	263
221	412
221	461
222	331
222	350
222	431
222	452
223	226
223	447
223	481
224	295
225	234
225	346
225	391
225	396
226	259
226	450
227	314
228	294
228	304
228	315
228	443
229	252
229	446
229	490
230	351
231	247
231	255
231	340
232	351
233	286
235	263
235	329
235	358
236	363
236	383
236	411
236	459
236	488
237	486
237	498
238	323
238	355
239	306
239	320
239	485
240	270
240	324
241	269
241	400
241	446
242	275
242	283
242	350
242	496
243	408
243	433
244	255
244	358
245	451
246	374
246	477
247	262
247	480
248	303
249	358
251	418
253	269
253	419
256	289
256	372
259	296
259	339
259	361
259	420
261	309
261	325
261	383
261	491
263	267
263	281
263	379
263	406
264	300
264	425
265	279
265	308
268	416
268	434
268	494
269	271
270	299
270	429
271	483
271	487
272	474
272	496
273	367
273	390
273	482
274	277
274	283
274	333
274	430
275	323
275	382
275	440
276	440
278	381
278	439
278	450
278	461
280	375
282	294
282	353
282	496
282	498
283	321
283	407
283	409
284	354
284	460
285	331
285	352
285	396
285	407
285	431
285	463
286	420
286	454
286	499
287	391
287	422
287	459
288	416
288	440
290	345
290	455
291	320
291	388
292	308
292	433
295	310
295	315
295	394
295	468
296	376
298	304
299	385
299	388
299	419
299	471
300	358
300	365
301	349
301	435
301	492
302	379
303	324
304	344
304	384
305	493
306	355
306	432
308	431
309	498
311	378
311	396
312	440
312	494
313	436
313	443
314	462
314	481
315	335
315	445
315	486
316	384
316	453
317	385
318	355
318	399
318	405
319	423
319	498
320	404
320	496
321	394
321	434
321	470
322	371
323	425
325	434
327	398
329	493
331	389
332	375
332	407
333	406
333	446
334	395
335	442
335	471
336	361
336	460
338	396
338	440
338	463
338	471
339	411
339	424
339	466
339	486
340	384
340	391
340	439
341	373
341	481
342	358
342	359
342	459
342	496
343	344
343	474
344	387
344	403
344	438
345	377
346	415
347	351
347	378
347	411
347	431
349	363
350	432
350	436
350	441
351	403
351	490
352	360
354	363
354	383
354	426
356	467
356	487
359	387
359	477
360	379
361	389
361	401
361	424
361	496
362	392
362	447
362	466
363	417
366	443
367	402
367	420
367	468
368	427
370	478
370	497
371	438
372	445
372	492
373	384
377	429
380	416
382	426
382	476
383	421
383	490
388	408
389	473
390	441
390	446
390	476
394	459
396	430
397	414
397	415
397	418
402	454
404	453
405	412
405	431
408	433
408	487
409	449
409	459
411	474
413	423
413	457
413	487
424	497
425	440
426	459
427	488
428	491
430	435
430	460
433	458
433	479
434	443
434	446
438	449
439	497
449	489
450	474
452	493
453	471
460	471
460	483
462	469
462	489
467	496
472	490
474	477
494	498