0	35
0	46
0	262
0	496
1	29
1	153
1	413
2	178
2	205
2	286
3	200
3	333
3	345
3	359
3	445
3	494
4	31
4	77
4	91
4	92
4	304
4	415
5	359
6	63
6	172
6	355
6	394
7	12
7	467
7	491
8	103
8	275
9	93
9	332
10	143
10	195
10	227
10	441
10	489
11	56
11	262
11	299
11	411
12	45
12	213
12	267
12	450
13	52
13	171
13	201
13	367
13	484
14	88
14	202
14	243
14	445
15	29
15	48
15	292
15	317
15	322
15	429
15	482
16	154
16	220
16	486
17	106
17	116
17	209
17	211
17	223
17	471
18	48
18	78
18	321
18	374
19	100
19	166
19	233
19	247
19	477
20	218
20	229
20	378
20	483
21	331
21	438
22	73
22	197
23	84
23	173
23	182
23	195
23	249
23	307
23	416
24	203
24	270
25	37
25	160
25	218
25	285
26	63
26	198
26	333
26	368
26	376
26	499
27	220
27	245
27	386
28	298
28	346
28	348
28	385
28	432
28	471
28	487
30	399
31	38
31	101
31	178
31	344
32	62
32	77
32	162
33	466
34	61
34	184
34	326
34	386
34	407
34	460
35	109
35	150
35	291
35	324
35	338
35	435
36	444
36	461
37	102
37	113
37	346
38	90
38	158
38	167
38	275
38	281
38	329
38	493
39	101
39	413
40	245
40	323
41	234
41	279
42	95
42	99
42	109
42	289
43	299
43	329
44	178
44	411
44	493
45	109
45	185
45	201
45	212
45	224
46	99
46	108
46	111
47	105
47	129
47	232
47	327
47	347
47	351
47	398
47	432
48	155
48	206
48	280
48	496
49	135
49	158
49	285
50	135
50	199
50	396
50	439
51	150
51	429
52	172
52	274
52	413
52	464
53	117
54	104
54	315
54	473
55	105
55	133
55	226
55	230
55	281
55	304
56	168
56	463
57	353
57	479
58	96
58	221
59	178
59	266
60	204
61	136
62	203
62	414
63	72
63	187
63	456
64	194
64	232
64	330
64	429
65	449
66	119
66	190
66	342
66	414
67	260
67	337
68	91
68	167
69	402
70	77
70	86
71	168
71	253
71	282
71	365
71	389
72	309
72	321
72	354
72	423
73	207
74	174
74	395
74	474
74	488
75	282
75	322
75	362
76	343
76	422
76	485
77	214
77	482
78	101
78	170
78	298
78	357
78	402
78	429
78	434
78	474
79	247
79	359
79	406
79	461
80	353
80	392
80	443
81	347
81	435
81	499
82	181
82	317
82	391
83	110
83	300
83	311
83	432
84	88
84	182
84	371
84	393
84	472
85	146
85	327
86	118
86	135
86	496
87	141
87	276
87	396
87	457
88	91
88	117
88	418
89	103
89	148
89	254
89	326
89	348
89	359
89	424
89	436
90	153
90	192
92	339
92	344
92	429
93	298
94	105
94	180
94	276
94	390
94	418
95	251
96	156
96	306
97	184
97	362
97	423
97	470
98	229
98	259
98	436
98	487
99	121
99	206
99	233
100	104
100	168
100	364
100	478
101	116
101	229
101	261
101	412
101	474
102	278
102	334
102	361
102	373
102	456
102	468
103	178
103	196
103	316
104	112
104	137
104	270
104	275
104	338
105	124
105	236
105	396
105	400
106	175
106	221
106	423
106	465
107	151
107	317
107	327
107	397
108	176
108	304
108	338
109	117
109	138
109	199
109	262
109	384
109	385
110	185
110	243
110	434
111	121
111	299
111	317
111	331
111	491
111	497
112	173
112	345
113	317
113	416
114	226
114	291
114	361
114	376
115	360
115	389
115	405
116	246
116	430
117	164
117	170
117	215
117	291
117	338
118	205
118	301
118	305
118	431
118	440
118	482
119	253
119	342
119	366
120	204
120	262
120	296
120	418
121	206
121	283
122	321
123	197
124	392
124	422
124	481
125	273
125	287
126	330
126	426
127	462
128	139
128	427
128	479
129	193
129	199
129	260
129	397
129	445
130	219
130	312
130	382
130	417
131	423
131	431
132	195
132	429
133	269
133	352
134	302
134	355
134	439
134	487
135	144
135	183
135	216
135	223
135	259
136	147
136	170
136	173
136	190
136	216
136	232
136	339
137	149
137	214
137	284
137	315
137	316
137	327
138	146
138	389
138	462
139	179
139	368
139	492
140	184
140	225
140	412
140	433
141	383
141	448
141	485
142	157
142	273
143	215
143	343
143	392
144	375
144	384
144	439
144	482
145	440
145	492
146	258
146	311
146	421
146	437
147	320
148	280
149	185
149	421
150	316
150	354
150	360
150	459
151	155
151	187
151	236
151	272
151	332
151	364
152	221
152	387
152	418
153	255
153	368
153	443
154	220
154	246
154	424
154	436
154	458
154	481
155	296
155	297
155	341
155	494
156	296
156	341
157	237
157	451
157	472
158	206
159	208
159	328
159	472
161	207
161	418
162	420
163	245
163	275
163	400
163	439
164	275
165	181
165	286
166	432
166	463
167	315
167	478
168	250
168	342
169	461
170	287
172	303
172	326
172	472
173	353
174	222
174	255
176	212
176	325
176	484
177	218
177	326
177	428
178	254
178	316
178	371
179	237
179	327
180	232
180	233
180	311
180	455
181	370
181	404
181	466
182	222
182	306
182	378
182	397
182	491
183	261
183	421
184	230
184	280
184	493
185	364
186	191
187	193
187	214
187	242
187	275
187	359
187	385
187	485
188	279
189	388
189	439
189	447
189	460
189	479
189	480
190	217
190	417
191	344
191	470
191	481
192	268
192	402
193	350
193	392
193	469
194	314
194	404
194	426
195	258
195	437
195	476
197	319
197	345
197	434
198	303
200	255
200	404
200	479
201	297
201	341
202	256
202	283
202	465
204	305
204	379
204	459
204	470
205	370
205	380
205	437
206	354
206	379
206	459
206	467
207	307
208	315
208	413
208	427
209	278
209	446
210	472
211	236
211	283
211	325
211	347
212	266
212	472
213	215
213	318
214	320
214	376
215	396
216	364
217	348
217	454
217	464
217	485
218	382
218	400
218	449
219	264
219	271
219	433
220	343
220	401
221	289
221	388
222	268
222	301
223	231
223	263
223	311
223	343
224	399
224	409
226	365
227	239
228	473
229	387
230	367
230	487
231	253
231	310
231	323
231	457
232	271
232	378
232	442
232	469
232	496
233	246
234	246
234	362
235	238
235	313
236	313
236	358
236	363
237	296
237	308
237	400
237	470
237	488
238	330
238	495
239	367
239	403
239	421
240	348
241	376
241	404
242	313
242	337
243	359
243	423
244	348
245	360
246	482
247	304
247	354
248	407
249	377
250	297
250	336
251	391
251	452
251	468
252	283
252	293
252	346
252	421
253	412
253	452
254	413
254	465
255	313
255	357
255	387
256	366
257	300
257	341
257	348
257	414
257	419
258	343
258	370
258	396
258	397
258	459
258	496
259	389
259	489
260	434
261	305
261	372
262	364
263	376
263	393
263	443
263	473
264	459
264	475
265	385
265	427
266	446
266	471
266	490
268	409
269	349
269	451
270	322
270	364
270	381
270	388
270	399
270	425
270	447
270	475
270	491
272	357
272	406
272	483
274	395
274	464
274	468
276	363
276	447
276	448
276	457
277	293
278	293
278	381
279	356
280	308
280	387
280	449
281	300
281	489
282	359
282	379
282	383
282	404
283	451
283	460
283	487
284	328
284	487
284	495
286	299
287	442
288	314
290	417
290	438
291	327
291	384
292	474
293	467
293	494
294	445
295	301
295	313
295	407
295	427
295	449
297	434
299	304
299	345
299	412
300	306
300	308
301	389
301	458
304	407
304	438
305	336
305	484
306	488
307	328
307	472
307	475
308	335
310	355
310	415
311	397
313	464
314	459
315	360
315	455
316	400
317	383
318	403
318	410
318	439
319	321
320	388
321	338
321	417
321	438
322	342
322	349
323	362
323	384
324	416
325	332
325	363
326	479
327	363
327	367
328	330
329	395
329	425
330	390
330	469
331	356
331	409
331	462
332	353
337	423
337	432
338	455
340	485
341	364
344	394
344	453
346	419
347	394
347	477
348	418
348	439
352	423
353	454
354	395
356	384
356	483
359	374
359	460
360	378
360	393
362	439
362	483
363	478
365	385
369	384
369	484
370	453
372	398
373	499
374	448
374	495
376	407
377	396
377	403
378	440
378	445
378	464
378	475
379	496
380	409
384	425
386	413
386	486
387	412
387	423
387	450
387	467
387	493
388	408
393	470
393	480
394	413
396	437
396	482
397	482
398	418
399	428
404	478
408	444
409	427
409	448
410	480
411	499
413	469
416	464
418	423
419	447
421	484
423	428
425	435
426	429
427	464
432	486
434	460
437	449
437	494
442	485
443	471
444	449
444	476
445	486
446	499
456	476
456	481
459	498
460	461
463	474
467	499
470	496
478	480