0	285
0	310
1	29
1	120
1	211
1	340
2	101
2	380
2	460
2	474
3	110
3	309
3	360
3	394
4	8
4	208
4	493
4	497
5	67
5	90
5	183
5	205
6	49
6	82
7	157
7	253
8	67
8	410
8	494
9	180
10	429
11	207
11	300
11	302
11	321
11	406
11	425
11	433
12	68
12	378
12	466
13	75
13	139
13	380
13	457
14	19
14	78
14	343
15	165
16	210
16	425
16	456
17	168
17	342
18	31
18	192
18	268
18	353
18	495
19	173
19	196
19	231
19	268
19	298
19	353
19	490
20	189
20	270
20	284
20	313
21	226
22	409
23	33
23	174
23	431
24	271
24	292
24	340
24	451
25	78
25	79
25	190
25	312
25	376
25	425
25	465
26	85
26	456
27	303
27	381
28	47
28	151
28	225
28	230
28	244
28	333
28	386
29	93
29	190
29	299
29	497
30	70
30	302
30	306
30	495
31	142
31	215
31	361
32	68
32	248
32	321
32	458
32	460
33	45
33	142
33	192
33	377
34	39
34	62
34	70
34	167
34	177
34	357
34	389
34	445
34	472
35	153
35	230
36	176
36	308
36	405
36	449
36	467
37	69
37	148
37	182
37	251
37	294
37	323
37	338
37	422
37	444
37	470
38	455
39	50
39	96
39	113
39	160
39	440
39	497
40	112
40	491
41	73
41	203
41	287
42	54
42	259
42	368
43	124
43	139
43	354
44	226
44	306
44	458
45	67
45	314
45	421
46	102
46	450
47	92
47	116
47	132
47	332
48	53
48	250
48	312
49	83
49	191
49	244
49	338
49	420
49	474
50	65
50	198
50	313
50	325
50	378
51	226
51	422
51	451
51	455
52	493
53	426
54	108
55	81
55	92
55	352
56	73
56	379
57	94
57	103
57	180
57	306
57	336
58	214
59	65
59	201
59	248
60	241
60	345
61	93
61	460
62	76
62	198
62	302
62	363
62	425
62	455
63	85
63	305
64	444
64	479
64	480
65	86
65	266
65	312
65	355
65	478
66	111
66	189
66	274
66	303
66	355
66	358
67	101
67	275
67	277
67	432
67	465
68	185
68	413
68	415
69	83
69	94
69	222
69	231
69	263
69	295
69	329
69	415
69	435
70	76
70	448
70	456
71	78
71	173
71	372
72	405
72	430
73	142
73	335
73	345
73	357
73	376
73	428
74	278
74	295
74	472
75	288
75	401
76	80
76	146
76	229
76	324
76	476
77	395
77	441
77	447
78	229
79	456
79	494
80	115
80	219
80	360
81	115
81	187
81	225
81	342
82	227
83	383
84	162
84	188
84	189
84	305
84	369
84	377
85	113
85	178
85	215
85	288
85	342
85	412
85	456
86	105
86	221
86	457
87	116
87	264
87	298
87	421
87	465
88	229
88	266
88	359
88	426
89	209
89	336
89	379
89	387
90	156
90	375
90	412
90	441
90	472
91	174
91	450
92	179
92	204
92	300
92	423
93	185
94	99
94	411
94	445
95	108
95	289
95	358
95	379
96	143
96	392
97	311
98	213
98	441
99	238
99	493
100	171
100	243
100	281
100	321
100	327
101	210
103	202
103	336
103	371
104	140
104	298
104	363
104	413
105	262
105	333
106	174
106	443
107	196
107	220
107	228
107	479
108	123
109	188
109	392
110	119
110	130
110	144
110	147
110	165
110	222
110	224
110	326
110	462
111	187
111	217
111	469
112	262
112	263
112	425
113	351
113	379
114	244
114	358
114	463
116	224
117	144
117	170
117	264
117	396
118	150
118	298
118	301
118	371
118	452
119	131
119	327
120	261
120	310
120	478
121	153
121	159
121	189
121	234
121	285
121	394
121	458
121	463
122	293
122	416
123	165
123	258
123	328
123	329
123	380
124	128
124	253
124	424
124	489
125	212
125	494
126	231
126	312
126	360
126	469
127	303
127	443
128	149
128	171
128	237
128	438
129	132
129	213
129	290
129	321
130	333
130	458
130	469
131	195
131	198
131	256
131	370
132	226
133	160
133	177
133	330
133	399
133	401
133	433
134	135
134	203
134	358
134	375
134	489
135	304
135	305
135	491
136	186
136	419
136	475
137	220
137	256
137	473
138	158
139	493
140	174
140	393
141	364
141	430
142	188
142	432
143	145
143	178
143	248
143	301
143	418
144	191
144	264
144	290
145	168
145	260
146	169
146	191
146	348
146	380
146	429
147	170
147	174
147	388
148	263
149	200
149	344
150	265
151	163
151	275
151	423
152	161
152	191
153	259
153	383
153	384
153	479
154	161
154	226
154	431
154	455
155	290
155	471
156	278
156	301
156	485
157	252
157	254
157	315
158	287
158	339
158	376
158	461
159	253
160	180
160	232
161	200
161	212
161	417
162	249
162	266
163	166
163	182
163	270
163	300
164	191
164	196
165	208
165	267
165	497
166	377
166	409
166	420
167	180
167	296
167	355
167	400
168	191
168	255
168	381
169	211
169	293
169	370
170	194
170	451
171	433
172	192
172	256
172	276
172	315
172	461
172	476
173	186
173	195
173	248
173	479
174	373
174	474
174	482
174	484
175	225
175	390
176	451
177	353
179	298
179	423
179	449
180	270
180	425
180	483
181	336
181	443
182	255
182	308
183	371
183	486
184	202
184	238
185	276
185	286
186	395
186	401
186	451
187	325
188	421
189	310
189	412
189	428
189	437
190	335
190	433
190	490
190	497
191	199
191	231
192	270
193	202
193	302
193	332
195	332
195	499
196	207
196	276
196	289
196	307
196	321
196	405
197	244
197	293
197	382
197	455
197	459
198	223
198	400
198	417
198	468
199	443
200	210
201	224
201	362
201	444
201	466
202	427
203	398
203	414
203	451
204	244
204	469
206	213
206	347
206	418
207	249
207	341
208	493
209	215
209	253
209	316
209	352
209	483
210	239
210	241
210	279
211	340
211	343
211	451
211	496
213	295
213	314
213	424
214	384
215	282
216	272
217	257
217	398
218	219
218	397
218	417
219	268
221	448
221	459
222	394
222	451
222	495
223	345
224	269
225	375
226	263
227	232
228	365
229	453
229	496
230	250
230	286
230	310
230	465
231	323
231	391
232	255
232	277
232	329
232	337
233	368
234	246
234	441
234	454
234	490
235	439
236	302
236	386
236	463
237	239
237	386
237	424
237	479
238	245
238	456
239	327
239	411
240	356
240	389
241	275
241	287
242	446
242	471
244	344
244	463
245	311
246	386
246	432
246	441
247	494
248	268
248	313
249	289
249	334
249	341
250	272
250	351
250	391
251	413
251	469
252	261
252	306
252	356
252	479
253	301
253	424
254	362
255	392
256	271
256	412
257	330
257	488
258	353
258	371
259	361
259	396
259	433
260	443
261	472
263	402
263	420
263	452
264	452
266	305
268	393
269	426
270	280
270	304
270	445
271	336
271	383
271	415
272	338
272	397
273	319
275	438
276	291
276	396
276	420
276	471
276	494
277	388
278	391
278	453
278	475
278	480
279	296
279	466
280	316
280	355
281	386
281	470
281	493
282	332
282	359
282	405
282	448
283	298
283	347
285	407
286	339
286	366
287	401
287	452
289	341
293	316
293	355
293	377
293	389
293	392
293	455
294	487
295	459
296	375
296	413
296	471
297	339
297	395
297	427
299	435
300	317
300	337
300	408
301	435
302	306
302	428
302	484
303	388
305	477
306	404
306	415
306	443
306	448
308	427
308	445
309	423
309	470
311	360
312	437
312	448
312	466
312	474
313	350
313	356
313	417
313	469
313	497
315	376
315	427
318	358
319	337
319	369
319	370
319	383
320	325
320	357
320	436
320	444
321	427
321	446
321	459
322	396
322	457
325	381
325	492
327	469
328	341
329	431
329	454
331	441
331	492
332	349
332	371
332	459
335	497
336	438
337	454
340	393
340	478
342	378
342	495
344	352
344	480
346	381
346	452
348	384
348	425
348	438
348	470
350	375
350	392
352	354
352	460
352	464
353	445
354	438
355	418
356	358
357	461
358	456
358	476
360	396
360	418
360	442
360	451
363	392
365	425
366	378
366	406
366	490
367	438
368	401
368	494
369	427
369	450
370	423
370	447
371	380
371	441
372	390
372	493
373	385
374	460
375	472
377	392
378	391
378	411
379	420
379	459
381	462
381	468
382	491
383	465
383	469
386	433
387	471
390	417
392	395
392	427
392	454
392	475
393	494
394	443
394	451
395	464
395	492
396	404
396	470
397	425
397	435
397	460
401	416
402	497
403	413
404	426
404	442
404	448
408	486
409	465
411	467
413	448
414	434
415	431
419	455
419	481
420	422
422	424
423	484
424	464
425	468
426	468
429	452
429	456
431	498
433	449
433	451
434	450
437	459
438	475
438	498
448	466
448	496
450	467
452	488
453	479
453	497
458	479
465	489
482	489
492	499