0	115
1	98
1	187
1	239
1	319
2	166
2	305
2	450
3	75
3	106
3	121
3	369
3	498
4	144
4	203
4	406
4	435
5	6
5	163
5	463
6	148
6	250
6	359
6	382
6	412
7	30
7	66
7	181
7	230
7	243
7	306
7	378
7	490
8	118
8	120
8	374
8	440
9	75
9	327
9	347
10	126
10	297
10	338
11	24
11	88
11	144
11	223
11	255
11	307
11	325
11	342
12	163
12	264
13	46
13	59
13	405
14	75
14	85
14	293
14	368
14	455
14	477
15	350
15	364
16	95
16	242
16	386
16	387
16	488
17	37
17	336
17	351
17	366
17	394
18	47
18	118
18	128
18	411
18	431
18	433
18	496
19	65
19	286
19	297
19	446
20	119
20	312
20	333
21	46
21	82
21	116
21	161
21	299
21	356
21	425
21	433
22	210
22	242
22	322
23	24
23	70
23	88
23	223
23	237
23	258
24	243
24	326
25	30
25	72
25	75
25	96
25	346
26	273
27	57
27	317
27	334
28	76
28	141
28	182
28	206
28	355
28	412
29	425
30	32
30	99
30	197
30	460
31	387
31	445
31	464
32	392
32	399
33	157
33	199
34	228
34	403
34	427
35	116
35	207
35	325
35	361
35	426
35	475
36	290
37	222
37	332
37	357
37	359
37	432
38	43
38	79
38	151
38	188
39	57
39	157
39	276
39	310
39	329
39	337
39	402
40	197
40	237
40	306
40	320
40	436
41	200
41	421
42	60
42	240
42	295
42	338
42	378
42	413
43	59
43	147
43	186
43	226
43	244
43	340
43	365
43	489
44	106
44	122
44	147
44	199
44	246
44	461
45	61
45	90
45	463
45	476
46	94
46	320
47	266
47	429
48	252
48	255
48	425
49	94
49	240
50	74
50	283
50	334
50	427
51	139
52	222
52	316
52	374
52	425
53	191
53	383
54	454
54	464
55	193
55	262
55	449
56	58
56	181
56	475
57	68
57	82
57	181
57	319
57	423
59	281
60	176
60	222
61	271
61	274
61	293
62	202
62	270
62	287
62	296
62	430
63	181
63	216
63	426
63	489
64	139
64	168
64	250
64	289
64	480
65	328
66	222
66	240
67	112
67	230
68	234
68	259
68	318
68	324
68	417
69	95
69	124
69	184
70	120
70	127
70	149
70	319
70	383
70	388
70	408
71	137
71	176
71	243
72	461
73	171
73	251
73	252
73	396
73	441
74	208
74	445
75	253
75	313
75	406
76	118
76	232
76	310
76	320
76	321
76	474
77	150
77	254
77	268
77	313
77	341
77	399
77	435
77	474
78	215
78	265
78	327
78	349
78	461
78	492
79	165
79	201
79	321
79	479
80	144
80	212
81	203
82	127
82	267
82	341
83	225
83	430
83	492
84	446
85	114
85	352
86	426
87	124
87	214
87	324
87	439
88	212
88	277
88	301
89	133
89	164
89	171
89	199
89	338
90	247
90	338
90	377
90	437
91	152
91	188
91	277
91	327
92	199
92	403
93	129
93	197
93	249
93	310
93	324
93	333
93	349
93	462
93	489
93	495
94	214
94	249
94	280
94	332
94	420
95	195
95	223
95	286
95	356
96	417
97	193
97	242
97	281
98	203
98	236
98	291
98	316
98	401
98	467
98	481
99	146
99	166
99	188
99	433
99	459
100	147
100	319
100	387
100	397
100	464
101	145
101	399
102	112
102	233
102	330
102	400
102	436
103	328
104	106
104	212
104	289
104	380
104	403
104	485
105	155
105	207
105	432
105	483
105	496
106	340
106	427
106	455
106	466
107	294
107	465
108	155
108	301
109	136
109	156
109	295
110	183
110	270
110	275
110	303
111	125
111	131
112	355
112	441
113	154
113	270
113	391
114	438
114	476
116	168
116	189
116	362
116	381
117	185
117	400
118	255
118	276
118	466
119	155
119	181
119	296
119	307
119	404
120	274
120	308
120	311
120	411
120	467
121	157
121	218
121	433
121	463
122	265
123	176
123	231
123	375
124	230
124	290
124	433
125	325
126	171
126	177
127	259
127	347
128	133
128	157
128	204
128	227
128	286
128	309
128	430
128	480
129	159
129	323
130	437
131	209
131	272
131	354
132	152
132	174
133	135
133	390
134	397
135	202
136	375
137	369
138	242
138	252
138	275
138	377
138	416
139	332
140	286
140	389
140	445
141	186
141	302
141	353
142	173
142	190
142	257
142	293
143	341
143	342
143	374
143	380
144	280
144	295
144	308
144	355
144	410
144	429
144	495
145	245
145	309
145	356
145	382
146	195
146	263
146	398
146	483
147	209
148	328
148	426
148	484
149	156
149	460
150	265
150	289
151	172
151	207
151	241
152	333
153	329
154	215
154	351
154	361
154	425
155	184
155	193
155	318
155	335
155	422
156	179
156	289
156	460
157	324
157	328
158	197
159	291
159	328
159	434
160	277
160	455
161	168
161	326
161	346
161	425
162	223
162	358
162	393
162	424
163	217
163	315
163	353
163	374
164	322
164	381
165	272
165	308
165	326
165	416
166	204
166	449
167	175
167	465
168	235
168	258
168	281
168	390
168	425
168	491
169	285
169	334
170	264
170	344
171	175
171	194
173	314
173	409
173	466
174	226
174	255
174	335
175	270
175	333
176	229
176	309
176	409
177	288
177	296
177	470
178	293
178	434
179	202
179	289
179	311
179	315
180	260
180	387
180	424
180	441
181	208
181	217
181	261
182	183
182	398
183	266
183	352
183	378
183	388
184	367
184	380
185	189
185	439
185	478
185	482
186	271
187	191
187	417
187	463
188	189
188	353
188	354
188	403
188	486
189	242
189	244
189	472
189	480
191	324
191	387
191	428
191	479
192	372
192	428
193	223
194	196
194	269
194	304
194	358
194	379
194	466
195	356
196	253
197	200
198	333
198	399
198	445
198	446
198	464
198	480
199	418
200	208
200	237
200	346
200	395
200	404
200	449
201	262
201	318
201	409
201	435
201	455
202	228
202	468
204	213
204	336
204	345
204	381
205	285
205	287
206	271
207	210
207	257
207	325
207	468
209	360
209	401
209	441
209	462
210	229
210	291
210	295
210	314
211	431
213	268
213	453
213	457
214	291
215	276
215	321
215	472
216	473
217	299
217	354
218	251
218	369
218	495
219	281
219	375
220	241
220	380
220	449
221	447
222	258
222	359
223	349
223	447
224	325
225	226
225	360
225	420
225	425
226	287
226	309
227	236
227	249
227	335
229	245
230	251
230	375
230	433
234	262
234	332
234	354
235	336
235	375
235	420
235	448
236	342
236	398
236	484
238	324
238	474
239	244
239	360
239	445
239	458
240	285
240	301
241	444
242	355
243	490
244	253
244	307
245	452
246	262
246	310
247	368
247	463
247	466
248	256
248	312
248	405
248	468
249	266
249	398
250	493
251	347
251	354
252	265
252	373
253	303
253	337
253	360
253	363
254	467
254	479
254	482
255	455
256	301
256	433
256	477
257	311
257	412
257	481
257	493
260	317
262	424
262	477
263	432
263	449
264	398
264	451
265	281
267	320
267	364
267	402
267	459
268	419
268	422
269	387
270	340
270	369
271	421
272	406
272	498
273	374
273	480
274	420
274	442
275	278
275	409
275	457
276	352
276	482
277	376
277	433
277	462
279	415
279	473
280	309
280	455
281	421
282	286
282	412
282	414
284	326
284	349
284	376
284	429
285	289
286	349
286	393
287	454
288	371
288	402
288	472
290	382
290	432
290	436
291	357
291	370
291	485
292	298
292	345
294	375
294	422
294	429
295	346
295	347
295	485
296	419
296	425
297	355
297	362
298	446
299	419
299	459
300	405
301	371
303	339
303	356
303	432
304	342
306	387
306	486
307	327
307	374
308	327
308	345
310	372
310	426
310	428
310	429
310	441
310	454
311	471
311	476
313	362
313	402
314	366
314	393
316	325
316	469
316	489
317	382
319	433
319	486
324	475
326	362
326	425
327	340
328	370
329	391
329	427
330	383
330	424
331	459
333	447
334	375
336	393
337	449
338	400
338	497
339	387
339	469
341	366
343	464
346	491
348	376
349	419
349	461
349	487
351	373
351	443
355	483
356	446
356	484
357	400
357	491
358	369
358	374
358	379
359	397
359	473
360	381
360	456
360	470
360	487
368	390
368	395
369	384
369	398
370	441
371	404
371	433
372	390
372	414
373	468
377	386
377	413
377	452
378	483
378	490
379	444
379	497
380	415
380	493
382	415
383	408
385	403
386	395
388	492
390	471
391	398
391	407
391	440
392	398
393	436
393	448
396	428
396	498
397	431
397	436
398	445
402	431
402	469
402	497
403	427
405	446
406	446
406	469
409	443
410	471
411	497
411	498
415	434
422	486
426	471
426	495
427	449
428	454
431	477
434	447
434	497
438	499
440	481
441	447
441	480
447	485
460	461
460	489
463	477
465	487
469	481
478	485
480	486
491	494