0	89
0	359
0	366
0	400
1	26
1	93
1	105
1	221
1	245
1	303
1	314
1	435
2	286
2	468
2	476
3	83
3	248
4	221
4	461
5	92
5	123
5	192
5	306
5	313
6	38
6	155
6	206
6	332
6	446
7	24
7	297
7	421
8	72
8	288
8	372
8	487
9	11
9	23
9	66
9	204
9	252
9	261
10	28
10	177
10	254
10	328
10	329
11	38
11	95
11	158
12	200
12	234
12	260
12	276
13	27
13	151
13	217
13	387
13	460
13	498
14	487
15	71
15	204
16	145
16	328
16	366
16	405
17	130
17	289
17	312
17	466
18	93
18	126
18	262
18	370
18	482
19	181
19	252
20	251
20	299
21	23
21	43
21	167
21	253
21	454
22	37
22	50
22	111
22	263
22	269
22	418
23	166
23	238
23	384
23	422
23	472
24	256
24	293
25	213
25	289
25	358
25	469
26	155
26	179
26	435
27	56
27	67
27	133
27	367
27	427
28	69
28	124
29	477
30	285
30	321
30	366
30	401
31	388
32	120
32	150
32	285
33	192
33	379
33	433
34	350
34	409
34	458
35	60
35	162
35	365
35	377
35	423
36	112
36	261
36	335
36	452
37	80
37	110
37	120
37	205
37	249
37	315
38	149
38	258
38	322
38	331
38	333
39	162
39	246
39	379
40	118
40	419
41	95
41	142
41	143
41	267
41	441
42	199
43	177
43	360
44	102
44	245
44	287
44	487
45	46
45	64
45	205
45	211
45	482
46	131
46	219
46	270
47	128
47	446
47	471
48	110
48	355
48	389
49	57
49	101
49	168
49	197
49	361
49	391
50	87
50	226
51	76
51	178
51	343
51	456
52	273
52	365
52	420
52	473
53	127
53	254
53	306
54	120
54	195
54	222
54	377
54	393
55	96
55	121
55	170
55	384
55	412
55	494
56	84
57	185
57	226
57	335
58	346
58	363
58	384
58	430
59	210
59	358
59	440
59	457
60	153
61	120
61	312
61	319
62	353
63	144
63	202
63	245
63	328
63	436
63	445
63	483
64	111
64	438
65	146
65	482
66	287
66	301
66	312
67	98
67	426
68	119
68	314
68	481
69	265
70	112
70	123
70	321
70	386
70	488
71	82
71	157
71	177
71	250
71	311
71	314
72	247
72	274
72	360
73	87
73	132
73	140
73	275
73	350
74	469
75	431
76	156
76	234
76	304
77	95
77	211
77	272
78	113
78	122
78	228
78	253
78	268
78	417
79	154
79	261
79	285
79	496
80	107
80	127
80	129
80	135
80	297
81	142
81	169
81	266
81	377
81	432
81	463
82	110
82	201
82	409
83	144
83	210
83	448
83	482
84	222
84	241
84	484
84	490
85	159
85	225
85	281
85	469
86	286
86	288
86	306
86	333
86	354
86	484
86	492
87	200
87	260
87	280
87	365
88	298
88	498
89	243
90	178
90	191
90	258
91	344
91	439
92	148
92	320
92	488
92	496
93	213
93	296
94	403
95	330
95	395
95	495
96	141
96	354
96	430
97	124
97	303
97	407
97	492
98	206
98	314
98	476
99	288
99	298
99	469
100	109
100	231
100	267
100	315
100	400
101	171
101	274
102	329
102	452
102	474
103	109
103	155
103	257
103	335
103	354
103	458
104	108
104	158
104	324
104	339
104	410
105	151
105	158
105	220
105	241
105	464
105	482
106	293
106	298
106	418
107	431
107	486
108	115
109	148
109	259
109	311
109	336
109	480
110	138
110	153
110	222
110	361
111	192
111	389
111	442
112	137
112	338
112	409
112	430
113	220
113	281
113	402
113	430
114	354
114	389
114	429
115	282
115	397
115	459
116	133
116	170
116	208
116	457
116	485
117	187
117	245
117	253
117	278
117	294
117	304
117	310
117	316
117	371
117	418
117	447
118	339
119	150
119	388
119	449
119	455
121	190
121	472
122	143
122	214
122	300
122	398
122	407
122	433
122	434
123	233
123	405
124	178
125	201
125	249
125	342
125	433
126	186
126	296
126	347
126	351
126	410
126	475
127	145
127	209
127	234
127	357
127	430
127	464
128	477
129	154
129	367
129	490
129	492
131	301
132	247
132	348
133	384
134	208
134	343
135	356
136	152
136	306
137	248
137	295
137	364
137	439
138	171
138	264
138	329
138	374
138	492
139	167
139	311
139	431
140	168
140	183
140	262
140	366
141	188
141	270
141	273
141	426
142	193
142	228
142	421
143	166
143	167
143	395
144	299
144	335
144	357
145	227
145	301
145	312
145	494
146	225
146	289
146	349
146	380
147	182
147	203
147	208
147	451
148	323
150	244
150	395
150	422
150	462
151	316
151	332
151	380
151	435
152	316
152	372
153	198
153	219
153	348
153	412
154	351
155	268
155	448
155	449
156	185
156	217
156	271
157	284
157	322
157	340
157	497
158	203
158	213
159	221
160	192
160	333
161	219
161	481
162	396
163	452
164	170
164	209
164	221
165	176
165	216
165	339
165	392
166	317
166	379
167	192
167	200
167	206
167	226
168	188
168	285
168	429
168	499
169	277
169	290
169	366
170	260
170	440
170	459
170	491
171	311
171	324
172	262
172	264
172	339
172	351
173	219
173	276
173	373
173	424
174	211
174	275
174	415
174	456
175	314
175	412
175	473
176	336
177	274
177	377
177	476
178	478
178	485
180	341
181	228
181	375
182	291
183	185
183	285
183	308
184	198
184	253
184	299
184	314
185	359
186	264
186	450
187	209
189	343
189	436
190	290
190	295
191	200
191	290
191	350
191	403
192	438
193	204
193	406
194	471
195	328
195	383
195	475
196	257
196	283
196	416
196	423
196	437
196	456
196	462
196	494
197	228
197	458
198	311
199	225
199	270
199	363
199	422
199	499
200	277
200	414
201	394
202	406
203	431
204	399
204	404
205	221
205	233
205	264
205	286
205	350
205	380
205	489
206	291
206	381
207	317
207	383
207	446
208	264
208	306
208	325
208	424
208	455
209	213
210	218
210	280
210	465
210	466
212	237
212	396
213	359
213	438
214	247
214	458
215	311
215	449
216	394
216	471
217	401
217	437
218	358
219	285
221	256
221	366
221	456
222	238
222	304
222	473
223	319
223	467
224	298
224	301
224	311
225	249
226	402
227	411
228	499
229	392
229	411
230	233
230	388
230	412
230	435
231	265
231	328
231	340
231	446
232	308
233	300
233	302
233	338
233	427
233	444
234	261
234	394
235	414
236	298
236	499
237	253
237	316
237	392
237	417
238	446
239	450
240	282
240	406
240	424
242	348
242	450
242	481
243	322
244	252
244	440
245	445
246	488
247	308
247	362
247	374
247	376
247	384
248	261
248	270
248	463
248	476
249	254
249	296
250	278
250	285
251	440
251	488
252	280
252	362
252	424
253	497
255	432
255	449
256	463
257	479
257	490
258	401
260	302
260	422
261	338
262	289
262	338
262	416
262	451
263	320
265	284
265	484
266	446
267	474
268	307
268	329
268	389
268	445
269	278
269	435
270	282
270	413
270	462
271	277
271	390
271	454
272	392
272	461
272	469
273	398
274	412
274	443
276	324
278	365
278	446
279	296
279	297
279	305
279	313
279	336
279	446
280	293
280	395
280	440
280	470
282	423
284	391
284	453
285	324
285	364
286	357
288	466
288	483
289	315
289	351
289	407
290	443
290	496
291	440
291	449
292	432
292	439
293	294
293	317
293	450
294	391
294	465
296	326
296	332
296	378
296	396
297	372
297	384
297	422
299	310
299	321
300	356
301	346
301	349
301	390
301	408
301	443
302	317
303	321
303	451
304	394
305	384
305	452
305	463
305	491
308	467
309	447
310	353
310	476
311	420
312	451
312	459
313	458
313	462
314	343
314	483
315	455
316	345
316	424
316	456
317	362
317	374
318	371
318	375
318	399
320	341
320	371
320	438
321	416
323	325
323	350
323	411
324	477
327	353
328	337
330	403
331	335
333	341
334	445
335	387
336	474
337	360
337	403
339	492
340	361
340	411
340	419
341	378
341	431
343	474
344	349
344	369
344	426
345	350
345	356
345	461
346	368
347	458
349	472
351	490
352	362
353	447
356	420
356	477
358	436
360	448
361	367
363	391
364	499
365	417
367	413
367	425
367	450
369	393
372	397
372	434
373	433
374	428
374	483
377	418
378	401
379	395
380	404
380	431
381	385
382	403
382	487
388	401
390	446
396	454
397	408
397	414
398	437
400	433
400	469
401	495
402	448
405	411
405	476
406	458
407	415
409	430
410	443
410	478
411	492
413	450
414	424
415	455
416	424
416	463
418	431
419	436
419	492
419	498
421	450
422	446
422	485
422	494
426	428
426	480
429	435
430	440
430	448
431	459
432	494
433	477
434	496
435	462
442	487
443	469
453	491
459	491
465	470
465	485
467	468
468	476
468	478
469	491
471	498
476	486
479	494
479	498
480	493
482	496
483	484
483	489