0	213
0	270
1	13
1	389
1	392
1	432
1	460
2	109
2	244
2	492
3	201
3	313
3	343
3	389
3	419
3	425
4	89
4	255
4	273
4	406
5	331
5	363
5	461
6	38
6	125
6	174
6	175
7	219
7	387
7	486
8	10
8	96
8	309
8	434
9	26
9	129
9	130
9	309
9	403
10	144
10	247
10	364
10	431
11	60
11	170
11	436
12	303
12	349
12	421
12	469
13	63
13	102
13	455
14	35
14	169
14	378
14	467
15	166
15	387
16	353
16	358
17	442
18	119
18	171
18	374
18	378
19	38
19	106
19	158
19	376
19	403
19	438
20	55
20	112
20	131
20	227
21	31
21	51
21	193
21	296
21	368
22	153
22	329
23	373
23	445
24	194
24	231
24	284
24	377
24	411
25	35
25	61
25	227
26	133
27	32
27	77
27	470
28	77
28	142
28	172
28	257
28	258
29	48
29	86
29	379
29	441
29	489
30	266
30	349
30	418
30	451
31	220
31	417
32	68
32	283
33	47
33	84
33	401
33	413
34	207
34	282
34	412
34	489
35	36
35	50
35	94
35	138
35	203
35	300
35	335
37	66
37	85
37	151
37	157
37	304
37	368
37	483
38	201
38	478
39	136
39	309
39	347
39	350
39	434
39	449
40	101
40	231
40	288
40	355
41	98
41	207
41	305
42	184
42	245
42	272
42	328
42	417
43	82
43	86
43	192
43	278
43	302
44	77
44	93
44	153
44	170
44	302
44	397
44	488
45	114
45	290
45	308
45	438
46	78
46	271
46	322
46	329
46	480
47	64
47	67
47	190
47	299
47	476
47	490
48	117
48	267
48	400
49	86
49	279
49	478
50	212
50	472
51	99
51	277
52	215
52	230
53	122
53	124
53	246
53	370
54	60
54	212
54	239
54	421
54	483
55	103
55	172
56	86
56	156
56	294
57	117
57	266
57	344
57	441
58	341
59	300
60	108
60	140
60	160
60	282
60	288
60	449
60	479
60	489
61	103
61	116
61	234
62	176
62	253
63	78
63	80
63	147
63	178
63	433
63	454
63	488
64	310
65	172
65	267
65	391
66	80
66	401
66	418
67	119
67	169
67	198
67	293
67	436
68	121
68	140
68	423
68	472
69	134
69	216
69	224
70	272
70	326
70	340
70	477
71	175
71	337
71	414
72	214
72	392
73	104
73	150
73	329
73	468
74	351
74	358
74	415
74	444
75	89
75	156
75	167
75	206
75	234
75	477
76	183
78	128
78	173
78	332
78	451
79	106
79	499
80	220
80	438
81	341
81	365
82	104
82	164
82	334
82	403
83	262
83	421
83	434
84	244
84	305
84	370
85	109
85	116
85	171
85	177
85	190
85	318
85	355
85	461
86	128
86	137
86	216
86	272
87	102
87	210
87	214
87	220
87	324
87	403
87	427
87	475
88	96
88	197
88	309
88	344
89	203
89	351
89	405
90	437
90	438
90	459
91	178
91	259
91	296
91	313
91	406
92	354
92	457
93	176
93	203
93	204
93	212
93	213
93	278
93	361
93	401
93	448
93	459
94	129
94	394
94	444
95	98
95	238
95	239
95	309
95	463
96	122
96	189
97	117
97	285
97	412
98	291
99	207
100	424
100	481
101	209
101	273
101	411
101	443
101	490
102	256
103	189
103	296
104	215
105	118
105	235
105	274
105	307
106	110
106	169
106	439
107	192
107	395
108	151
109	180
109	357
109	367
109	382
110	161
111	237
111	257
112	151
112	203
112	248
113	276
113	359
113	483
114	475
115	345
115	380
115	450
115	496
116	149
116	377
117	180
117	238
117	488
118	311
118	390
118	420
118	441
118	483
119	308
119	324
119	430
119	466
119	489
120	150
120	491
121	271
122	182
122	256
123	326
123	360
124	222
124	477
125	284
125	301
125	342
125	349
125	350
125	448
125	450
126	283
126	342
127	295
127	471
128	167
128	181
128	365
128	472
130	201
130	217
130	307
130	357
130	486
131	256
132	137
132	156
132	299
132	412
132	461
133	305
133	359
133	413
134	274
135	220
135	232
135	248
135	371
135	471
135	477
136	368
137	223
137	391
137	491
138	143
139	166
139	238
139	413
139	432
140	227
141	237
141	409
141	446
142	169
142	170
143	334
144	498
145	376
145	381
146	169
146	324
146	402
146	415
146	441
146	496
147	182
147	198
147	403
148	221
148	373
148	378
148	401
148	472
148	474
149	262
149	287
149	304
149	352
149	377
149	471
150	274
150	322
150	388
151	228
151	334
152	262
152	337
152	417
152	421
152	462
153	451
154	412
155	448
156	182
156	242
156	247
156	498
157	281
157	396
158	348
158	413
159	181
159	205
159	389
160	356
160	488
161	167
161	227
161	363
161	434
162	376
163	181
163	288
164	255
164	285
164	293
164	450
165	190
165	291
165	417
166	221
166	361
166	408
168	331
168	450
169	233
169	324
169	435
170	299
170	304
171	208
171	250
171	307
171	349
172	180
172	264
172	277
173	249
173	260
173	286
173	352
174	440
175	320
175	333
176	250
176	251
176	289
176	313
176	396
176	473
176	488
177	185
177	242
177	375
177	382
177	387
177	397
177	413
177	416
177	486
178	255
178	318
178	345
178	431
179	336
179	337
179	491
180	218
180	277
181	445
181	472
182	291
182	399
184	221
184	243
184	476
185	250
185	274
185	484
186	285
186	314
186	372
187	246
187	333
188	356
188	439
189	343
189	389
190	253
190	266
190	336
190	346
190	431
190	452
190	462
191	379
192	271
192	301
192	442
193	259
193	312
193	384
194	336
194	342
194	356
194	424
195	210
196	239
196	300
196	318
196	341
197	402
198	339
198	393
199	358
199	363
200	249
201	488
202	304
202	399
202	486
203	440
203	490
204	380
204	444
205	264
205	356
205	422
206	326
206	346
206	419
207	409
207	480
208	253
208	397
208	446
208	490
209	386
210	301
210	357
211	235
212	485
213	318
213	319
215	224
215	289
216	223
216	260
216	406
216	479
217	464
218	249
218	266
219	246
219	317
220	254
220	264
220	387
220	402
221	249
221	281
221	319
221	354
222	292
222	438
223	259
223	295
223	311
223	347
224	321
224	445
224	488
225	341
226	275
226	289
227	233
228	384
228	446
229	412
230	286
230	326
230	434
230	486
231	423
234	352
234	406
234	445
235	269
235	403
236	483
237	333
237	413
239	358
240	392
240	405
241	352
242	275
243	265
243	375
243	384
243	413
243	483
245	291
245	313
247	291
247	389
248	395
248	444
249	289
249	292
249	433
251	326
251	350
252	368
252	385
254	271
254	364
254	472
254	486
255	342
257	463
258	308
258	404
259	380
260	318
260	404
260	473
261	268
262	426
262	481
263	282
263	416
263	478
263	486
264	288
264	343
264	438
265	308
265	392
266	286
266	360
267	272
267	293
267	337
267	360
267	490
268	280
268	323
268	404
269	376
270	410
271	339
272	291
272	407
273	275
274	293
274	393
275	395
275	423
275	442
276	322
276	465
277	326
277	394
277	419
278	463
279	352
279	462
279	471
279	474
280	316
280	327
282	293
283	447
283	497
284	379
284	451
287	299
288	444
289	356
289	366
289	402
290	312
290	313
290	353
290	486
291	292
291	327
291	390
292	339
292	383
292	387
297	418
298	445
298	446
298	465
299	350
299	358
300	308
300	377
300	469
301	327
301	428
301	438
301	487
302	326
302	363
302	485
303	404
303	411
303	466
305	387
306	349
306	411
306	449
306	458
308	413
308	450
310	463
311	439
311	471
311	497
312	352
312	470
312	491
313	483
314	390
314	405
315	381
315	394
315	432
315	483
317	338
319	342
319	357
319	451
319	454
320	323
320	379
322	341
322	422
323	443
324	410
324	490
325	327
325	349
325	408
326	333
326	379
326	402
326	415
326	429
326	499
328	387
329	407
329	478
329	483
330	430
331	364
331	388
332	433
333	431
334	420
335	347
336	432
336	449
336	495
339	358
339	360
339	430
343	358
343	454
343	468
344	422
345	386
346	375
346	485
347	389
347	392
349	391
349	447
353	373
353	412
354	414
355	420
355	471
356	367
356	409
356	411
359	421
359	426
361	467
361	470
362	426
363	364
363	393
364	377
364	402
365	411
368	493
369	456
369	463
370	389
370	390
372	494
373	415
373	442
374	423
376	399
377	442
379	420
379	448
380	451
382	452
382	469
383	439
383	486
387	498
389	462
391	418
394	412
394	461
396	451
397	466
397	483
398	427
398	477
399	482
399	495
401	418
402	488
403	416
404	422
406	433
410	484
411	493
412	439
413	494
415	482
416	425
416	444
416	454
417	487
419	421
419	440
419	474
421	487
421	489
424	497
425	493
427	464
430	459
431	496
437	448
442	447
442	498
443	494
451	494
453	496
462	478
463	465
472	487
484	493