0	12
0	39
0	237
0	304
0	493
1	248
1	259
1	363
1	432
2	169
2	198
3	86
3	98
3	168
3	257
3	345
4	51
4	484
5	46
5	321
5	414
6	267
6	320
7	31
7	201
8	79
8	197
8	324
9	53
9	104
9	150
9	208
9	352
10	239
11	234
11	444
12	78
12	314
12	362
12	382
13	376
14	103
14	207
14	252
14	270
14	404
14	466
14	475
15	26
15	54
15	56
15	207
15	351
16	201
16	361
17	62
17	433
17	462
17	486
18	112
18	142
18	177
18	301
18	461
18	499
19	40
19	93
19	137
19	264
19	351
19	364
19	427
20	145
20	238
20	243
21	45
21	50
21	198
21	355
21	360
21	379
21	384
21	437
22	192
22	361
22	480
23	36
23	85
23	126
23	239
23	241
23	361
23	441
24	137
24	253
24	262
25	103
25	189
25	300
25	361
25	408
25	468
26	304
27	140
27	263
27	372
27	428
28	264
28	284
29	216
29	226
29	264
30	117
30	173
30	186
30	325
31	92
31	304
31	445
32	221
32	377
33	167
33	477
34	259
34	302
34	350
34	360
34	448
35	152
35	193
36	153
36	168
36	206
36	262
36	496
37	227
37	318
37	468
38	61
38	330
39	55
39	228
39	263
39	269
40	221
40	238
40	241
40	272
40	364
40	494
41	63
41	100
41	167
41	178
41	222
42	118
42	211
42	437
43	163
43	222
44	111
44	119
44	149
44	329
44	360
44	484
45	75
45	82
45	84
45	156
45	165
45	264
45	298
45	316
45	450
45	488
45	491
47	162
47	173
47	406
48	496
49	205
49	295
49	384
51	79
51	149
51	288
51	386
51	481
51	496
52	91
52	117
52	129
52	208
52	302
52	313
52	343
53	102
53	208
53	261
53	295
53	306
53	329
53	400
53	487
53	492
54	73
54	78
54	293
55	425
55	489
56	90
56	247
56	352
56	379
56	404
57	198
57	446
57	494
58	209
58	390
59	199
59	314
59	397
59	443
60	180
60	217
61	129
61	164
61	432
61	486
62	194
62	244
62	362
63	174
63	250
63	394
64	90
64	408
64	498
65	168
65	248
66	237
66	336
66	472
67	188
68	235
69	101
69	291
70	167
70	323
70	338
70	462
71	246
71	464
71	477
71	482
72	123
72	141
72	353
72	355
72	446
73	116
73	160
73	207
73	209
74	206
74	357
74	474
75	89
75	134
75	376
75	427
75	451
75	471
76	125
76	291
76	331
76	486
77	142
77	266
77	314
77	391
77	427
78	81
78	281
78	285
78	478
79	109
79	263
79	268
80	147
80	187
81	468
82	86
82	346
82	360
82	425
83	236
83	276
83	351
83	360
83	491
83	495
84	449
85	486
86	99
86	216
86	241
86	446
87	163
87	229
87	311
87	381
87	431
87	445
88	125
88	142
88	183
88	240
88	250
88	270
88	300
88	350
88	469
88	479
89	378
89	492
90	113
90	450
91	96
91	103
91	182
91	298
91	318
91	392
92	357
92	497
93	128
94	171
94	384
94	450
94	461
95	300
95	303
96	178
97	196
97	499
98	380
98	456
99	115
99	230
99	274
99	425
101	149
101	335
101	427
101	432
101	486
102	268
102	346
102	366
103	178
103	187
103	209
103	247
103	271
103	329
103	471
103	473
105	251
106	144
106	185
106	259
106	305
106	397
107	231
107	295
108	186
109	191
109	291
109	498
110	382
111	176
111	245
111	301
112	125
112	296
112	473
113	142
113	201
114	124
114	131
114	204
114	212
114	479
115	131
115	158
115	170
115	179
115	268
115	415
116	203
116	288
116	344
116	437
117	123
117	323
118	257
118	466
119	386
119	480
120	229
120	363
121	290
121	382
122	246
122	385
122	449
122	471
122	488
124	273
124	487
125	137
125	431
125	439
126	145
126	181
126	276
127	267
127	376
127	412
127	493
129	139
129	457
130	132
131	134
131	194
131	327
132	138
132	250
132	319
133	256
133	320
133	355
134	401
135	195
135	257
136	233
136	269
136	398
136	416
137	144
137	215
137	407
137	473
137	489
138	186
139	387
139	478
139	494
141	228
141	238
141	322
142	164
142	167
142	293
142	431
142	474
143	470
144	199
144	275
144	334
144	390
145	299
145	350
146	173
146	203
146	280
146	324
147	232
147	297
147	382
147	385
148	173
149	419
149	471
149	487
150	193
151	220
151	281
151	284
151	460
152	438
152	473
153	201
153	362
154	279
154	487
155	206
155	299
156	338
156	439
157	219
157	401
157	487
157	489
158	277
158	421
158	437
159	283
159	302
160	165
160	189
160	305
160	407
161	323
162	172
162	224
162	305
162	487
163	262
163	303
163	403
163	431
163	462
164	265
164	295
164	313
164	496
165	279
165	304
166	177
166	292
166	313
166	353
166	360
166	422
166	484
167	194
167	345
168	404
169	368
169	377
169	413
170	373
170	481
171	189
171	318
171	325
171	373
171	425
172	228
172	233
172	443
173	259
174	183
174	238
174	288
174	356
175	493
176	303
176	465
176	494
177	272
177	393
177	450
178	346
178	366
179	209
179	230
179	304
179	423
179	463
180	303
180	378
181	210
181	288
181	359
181	433
182	279
182	321
182	342
182	434
182	436
183	259
184	228
184	245
185	201
185	328
185	363
186	279
186	452
187	194
187	237
187	373
187	469
188	374
188	439
188	490
189	226
189	346
189	369
189	379
189	491
190	363
190	364
191	384
191	449
191	485
192	224
192	467
193	339
193	377
194	391
194	392
194	414
194	476
195	231
195	312
195	467
197	472
198	300
198	337
198	364
198	471
199	341
200	259
201	224
201	241
201	436
201	483
202	408
203	280
203	362
203	467
204	256
204	389
204	483
205	346
205	431
205	464
207	277
207	435
208	240
208	371
210	457
212	288
212	404
213	282
214	329
215	334
215	375
216	230
216	441
217	449
218	422
219	286
219	375
220	383
222	283
223	247
223	295
223	394
223	455
224	487
225	364
226	287
226	404
226	451
227	372
227	387
228	290
228	420
230	450
231	240
231	310
231	334
233	360
233	363
233	419
233	488
234	243
234	270
234	280
235	430
236	302
236	436
237	339
237	467
238	379
238	467
239	347
239	440
239	454
239	472
241	399
241	429
241	474
242	252
242	322
242	368
242	475
243	331
244	359
245	264
245	415
245	421
245	479
246	353
246	410
247	322
247	470
248	308
248	334
249	355
250	317
250	382
251	350
251	389
251	470
252	417
253	327
253	466
254	326
255	352
255	419
255	465
256	497
257	339
257	412
257	421
257	496
258	311
258	391
258	423
258	488
259	309
260	350
261	287
261	363
261	469
262	416
262	432
263	310
264	401
264	424
264	474
266	330
266	419
266	431
268	434
269	282
269	289
270	320
270	366
270	486
271	281
271	283
271	356
271	423
272	318
272	354
272	494
273	352
273	353
273	359
273	393
274	496
275	420
275	470
275	499
276	279
277	317
277	367
277	380
277	496
278	342
278	438
278	439
278	494
279	285
279	377
279	397
279	448
279	453
279	460
280	485
281	464
281	495
282	327
282	363
282	389
282	391
282	413
282	436
283	352
283	458
285	342
286	441
287	293
289	333
289	366
290	312
290	313
290	403
291	379
292	319
293	335
293	426
293	436
293	496
294	468
294	497
296	376
297	327
297	484
298	342
298	493
299	416
300	324
300	416
300	494
301	343
302	434
302	468
302	477
303	422
304	402
304	457
304	479
306	363
306	414
306	416
307	420
307	423
307	449
307	463
310	348
310	389
311	350
311	368
311	429
311	436
311	466
312	438
312	451
313	458
313	475
314	327
315	436
315	455
315	499
316	402
316	456
317	482
317	490
319	332
319	495
321	353
321	458
324	358
324	378
324	459
325	487
326	468
326	491
327	343
327	344
327	362
327	431
328	457
330	460
331	443
332	379
333	349
333	436
334	391
335	350
335	404
338	395
338	409
339	369
340	366
341	406
341	473
341	482
341	484
342	365
342	383
342	438
343	434
345	434
345	473
346	435
346	465
347	406
347	424
349	363
350	457
351	365
353	370
353	418
353	478
354	408
354	443
355	356
355	452
356	373
356	437
356	440
356	451
357	371
358	361
358	405
360	454
361	434
361	435
361	439
361	454
362	405
363	400
364	382
364	442
366	398
368	386
369	462
370	407
371	448
371	464
373	396
373	407
374	421
375	480
376	411
377	449
378	389
378	410
378	438
378	496
381	401
383	395
385	464
385	497
387	427
387	434
387	476
388	409
388	424
388	444
390	442
390	471
391	434
392	434
392	446
392	490
394	468
394	479
395	445
395	450
396	461
396	468
398	424
400	434
401	416
404	407
405	445
406	443
407	435
407	436
407	458
408	422
409	416
410	443
412	434
412	443
414	480
415	495
416	475
416	479
417	475
418	454
418	488
420	493
424	444
424	466
424	494
424	499
427	472
428	443
430	431
430	440
430	455
431	494
432	446
435	495
439	494
442	447
446	476
450	471
454	466
455	480
460	477
466	470
470	489
471	479
480	482
481	492
498	499