0	261
1	348
1	429
1	471
2	117
2	274
2	285
2	340
2	376
3	197
3	307
3	459
4	13
4	147
4	358
4	390
5	194
5	310
5	333
5	390
6	63
6	321
6	332
6	396
7	63
7	90
8	34
8	148
8	370
8	374
9	64
9	125
9	474
10	33
10	146
10	403
10	443
11	85
11	93
11	164
11	191
11	194
11	345
11	466
11	490
12	78
12	87
12	116
12	200
12	409
14	125
14	261
15	46
15	116
15	269
15	468
16	31
16	155
17	63
17	278
17	338
17	487
18	65
18	409
18	432
19	26
19	123
19	317
19	459
20	48
20	200
20	208
20	355
20	399
21	30
21	144
21	166
21	451
22	134
22	177
22	238
22	275
22	341
22	372
22	402
23	24
23	141
23	283
23	335
23	364
23	404
23	495
24	100
24	228
24	286
24	363
25	42
25	180
25	181
25	323
26	77
26	90
26	298
26	328
26	356
26	377
26	382
27	132
27	139
27	155
27	437
28	115
28	257
28	443
28	486
29	90
29	142
29	145
29	222
30	56
30	132
30	141
30	190
30	240
30	288
30	307
30	325
30	409
30	451
31	128
31	145
31	392
31	482
32	182
32	240
32	382
32	452
32	481
33	434
34	78
34	198
35	281
35	480
36	410
36	424
36	480
37	56
37	365
38	41
38	453
39	201
39	324
40	247
40	335
40	415
41	187
41	205
41	342
41	458
42	99
42	353
43	55
43	65
44	318
44	355
45	125
45	362
46	118
46	137
46	167
46	170
46	259
46	480
46	487
47	176
47	306
47	381
48	136
49	281
49	293
50	259
50	260
50	286
50	302
50	376
51	110
51	119
51	145
51	232
51	318
51	349
51	389
51	464
51	484
52	169
52	265
53	370
54	102
54	107
54	123
54	203
54	267
55	59
55	265
55	288
55	399
55	427
55	447
55	466
56	130
56	154
56	249
56	285
56	385
56	456
57	214
57	219
58	353
59	335
59	353
60	277
61	216
61	273
61	328
61	473
61	491
62	88
62	178
62	212
62	217
62	457
62	472
63	131
63	263
63	492
64	101
64	410
65	114
65	149
65	164
65	176
65	354
65	398
66	101
66	104
67	110
67	190
67	203
68	145
68	161
68	164
68	168
68	194
68	219
68	299
68	316
68	358
68	492
69	109
69	169
69	223
69	252
69	357
69	412
70	174
71	158
71	214
71	425
71	484
72	457
72	489
73	256
73	283
73	322
74	258
74	342
75	221
75	263
75	481
76	117
76	351
76	366
76	403
76	409
77	103
77	285
77	362
78	83
78	194
78	375
78	397
78	478
79	138
79	152
79	288
79	334
79	373
79	426
80	446
81	148
81	377
81	408
82	88
82	221
82	247
82	285
82	379
83	266
83	292
83	301
84	112
84	213
84	297
84	342
84	351
85	127
85	288
85	373
85	445
86	376
86	483
86	496
87	318
87	361
87	368
88	158
88	449
89	93
89	99
89	330
90	127
90	202
91	205
91	270
91	297
91	365
91	421
91	434
91	445
91	446
91	485
92	192
92	278
93	140
93	202
93	211
93	342
94	108
94	238
94	404
95	333
96	197
96	224
96	321
96	398
96	460
96	475
97	343
98	167
98	193
98	196
98	253
98	423
99	162
99	219
99	254
99	355
100	165
101	161
101	225
101	262
101	395
101	420
101	465
101	475
102	230
102	433
103	136
103	161
103	224
104	200
104	217
104	330
104	331
104	378
105	146
105	149
105	155
105	219
105	267
105	305
105	316
105	389
105	404
106	172
106	253
106	404
106	449
107	192
107	271
107	279
107	357
107	414
108	187
108	264
108	313
109	342
109	344
109	392
109	420
110	128
110	344
111	238
111	292
111	385
112	252
112	412
113	136
113	143
113	333
113	393
113	417
113	448
114	129
114	305
114	366
114	386
115	363
115	369
116	199
116	252
116	374
116	460
116	467
117	138
117	189
117	222
117	391
118	139
118	163
118	313
118	320
118	454
119	130
119	165
119	174
119	393
120	229
120	267
120	333
120	377
121	348
121	410
121	455
121	471
122	133
122	148
122	239
122	314
122	412
123	297
123	487
124	173
124	233
124	252
125	291
125	401
126	348
126	364
126	376
126	423
127	182
127	350
127	431
127	449
128	308
128	401
128	422
128	430
128	483
129	169
129	330
129	349
129	412
129	441
129	488
130	425
131	200
131	306
131	368
131	443
131	483
131	485
132	290
132	369
132	423
132	471
133	222
133	258
133	304
134	227
134	281
134	321
135	309
137	196
137	198
137	233
138	174
138	306
138	389
138	488
139	169
139	214
139	452
140	330
141	263
141	496
142	243
142	260
142	299
142	348
142	434
143	210
143	259
144	212
144	473
144	495
145	283
145	353
146	175
146	220
146	456
147	433
148	295
148	373
149	164
149	193
149	259
149	384
150	216
150	336
150	360
150	454
150	493
151	247
151	338
152	177
152	418
152	444
153	247
153	274
154	281
154	286
154	413
155	226
155	243
155	314
155	372
155	389
155	433
156	283
156	378
156	429
156	459
157	223
157	252
158	415
158	464
159	177
159	317
159	388
159	443
160	205
160	251
160	489
161	366
161	464
162	235
162	242
162	280
162	403
162	494
163	363
163	418
163	453
163	474
164	404
164	416
164	488
164	492
165	230
165	371
166	360
166	438
167	290
167	315
167	375
167	461
168	173
168	218
168	326
168	365
168	428
169	243
169	293
169	464
170	294
170	312
170	496
171	331
172	208
172	280
172	324
173	283
173	288
173	295
174	179
174	361
174	378
174	421
174	422
176	239
176	266
176	286
176	345
176	402
177	237
177	393
177	408
179	352
179	412
179	440
179	478
181	294
181	346
182	183
182	411
182	428
182	491
183	235
184	428
185	253
185	268
185	325
185	349
185	352
185	372
185	412
186	390
187	189
187	230
187	375
187	424
187	466
187	498
188	484
189	226
189	326
189	397
191	472
192	269
192	286
192	405
193	386
194	197
194	292
195	240
195	244
196	271
196	377
197	212
197	465
198	330
199	374
199	487
199	497
200	316
200	430
201	457
202	234
202	242
202	309
202	344
202	359
203	365
203	445
204	442
204	493
205	315
205	327
205	349
205	397
205	446
205	458
206	381
207	383
207	399
208	231
208	347
208	462
209	437
209	459
209	489
209	492
210	233
210	265
210	374
211	256
211	276
211	285
211	332
211	489
212	388
213	250
213	266
213	316
213	360
213	381
213	486
214	227
214	241
214	351
215	393
216	451
217	238
217	258
217	283
219	379
220	260
220	433
221	360
222	277
222	304
222	342
222	379
223	238
223	259
223	421
224	384
225	371
228	297
229	412
230	256
230	372
230	490
231	405
232	279
232	465
233	492
234	289
235	279
235	373
235	377
236	486
237	400
237	451
237	470
238	291
238	434
239	331
240	320
240	350
240	421
240	494
241	396
242	320
242	356
243	332
244	309
244	386
245	289
245	325
245	343
245	372
245	401
245	477
246	327
246	439
247	253
247	284
247	477
248	320
248	380
248	394
248	401
248	432
249	270
249	417
249	478
250	455
251	398
252	466
253	444
254	271
255	282
255	309
255	319
255	435
256	365
258	438
258	445
260	299
260	309
260	322
260	401
261	496
264	344
265	311
265	454
266	351
266	408
266	419
266	496
267	356
268	460
269	273
269	290
269	323
269	463
269	470
270	354
271	375
271	436
272	449
273	394
273	425
273	436
273	437
275	373
275	376
276	296
276	313
276	367
277	466
278	427
280	400
280	408
281	322
281	357
282	475
283	397
283	419
284	372
285	314
285	368
287	316
287	389
287	415
288	405
289	379
290	352
290	353
290	377
290	405
292	425
293	448
293	469
293	483
294	449
295	318
295	452
296	379
296	419
299	302
299	401
300	311
300	331
300	429
301	362
301	428
303	434
304	374
304	413
305	362
306	373
306	430
307	309
307	412
307	462
308	373
309	455
311	354
311	367
311	428
312	475
312	491
314	464
315	332
315	471
316	355
316	444
317	353
318	323
318	370
318	396
319	486
320	425
321	351
321	376
321	450
322	496
323	347
324	393
324	416
324	426
324	427
325	342
325	359
325	386
326	353
326	375
328	352
329	333
329	428
329	481
329	498
330	364
331	351
331	471
332	388
332	411
334	393
334	411
335	457
336	441
336	489
337	473
337	485
339	406
341	439
342	456
342	486
343	361
343	368
345	388
347	498
349	368
350	365
351	459
351	497
352	471
353	383
354	411
355	454
356	494
359	468
360	435
360	448
363	383
364	390
364	406
365	398
367	470
368	432
369	440
369	441
372	433
372	461
373	481
374	427
374	429
375	404
375	481
376	399
376	447
378	474
379	469
380	440
381	398
383	444
383	457
385	461
385	463
386	425
387	392
388	430
389	401
390	442
391	479
392	497
394	466
395	396
395	465
397	450
398	410
400	478
401	471
401	483
403	404
407	439
407	487
408	469
410	461
410	480
411	481
411	485
411	490
413	425
413	470
415	457
416	490
416	491
418	439
419	443
420	429
425	467
430	433
433	445
433	487
434	474
434	499
435	436
438	461
439	466
441	493
442	459
444	457
447	456
449	469
449	489
452	492
454	455
458	483
464	471
464	472
467	483
469	481
476	494
479	499