0	25
0	89
0	99
0	266
0	491
1	38
1	189
1	212
1	272
1	348
2	139
2	245
2	259
2	318
3	444
4	20
4	146
4	172
4	318
4	399
4	409
4	477
5	49
5	107
5	140
5	202
5	214
5	427
5	452
5	484
6	93
6	108
6	232
6	423
6	456
7	122
7	157
7	304
7	483
8	40
8	152
9	15
9	184
9	348
9	393
9	498
10	54
10	87
10	205
10	292
10	387
11	165
11	403
11	490
12	327
12	360
12	436
13	98
13	134
13	473
13	482
14	191
14	324
14	447
15	33
15	41
15	76
15	222
15	261
15	303
15	360
15	368
15	462
15	486
15	489
16	182
16	438
17	213
17	244
17	376
17	459
18	358
18	396
19	75
19	193
19	286
19	363
19	473
19	484
20	172
20	288
20	335
20	413
20	438
21	108
21	267
21	271
22	52
22	195
22	341
22	350
23	47
23	110
23	153
24	75
24	232
24	311
24	461
25	26
25	245
25	283
25	428
26	59
26	225
26	326
26	392
26	441
27	171
27	174
27	351
27	352
28	42
28	235
28	320
28	343
28	413
29	61
29	136
29	179
29	185
29	260
29	268
29	415
29	481
30	53
30	239
30	422
30	479
31	147
31	186
31	221
31	266
31	367
31	452
32	38
32	202
32	262
32	323
33	70
33	122
34	327
34	365
34	483
35	41
35	104
35	215
35	223
35	315
35	411
35	451
36	306
36	435
36	491
37	198
37	229
37	283
38	124
38	328
38	434
38	444
39	171
39	306
39	378
40	57
40	144
40	192
40	330
41	195
41	425
42	135
42	171
42	185
42	186
42	231
43	83
43	163
43	209
43	263
43	387
43	498
44	223
44	354
44	448
45	100
45	101
45	133
45	153
45	176
45	193
45	436
46	87
46	170
46	186
46	281
46	307
47	53
47	66
47	183
47	284
47	307
47	390
47	460
48	175
48	233
48	270
48	280
49	448
50	65
50	209
50	277
50	290
50	439
51	139
51	275
51	370
51	424
52	321
53	184
54	121
54	151
54	224
54	250
54	445
55	133
56	156
56	479
56	484
57	104
57	126
57	195
57	322
57	372
58	138
58	254
58	316
60	387
61	221
61	399
61	485
62	97
62	255
62	457
62	479
62	497
63	73
63	155
63	162
64	195
64	341
64	346
64	375
65	87
65	387
65	415
65	496
66	85
66	101
66	224
66	254
66	262
66	277
66	285
67	392
68	118
68	419
69	321
70	142
70	151
70	275
71	280
72	249
72	437
73	95
73	227
73	479
74	152
74	161
74	305
74	386
75	472
76	105
76	109
76	145
76	342
76	388
76	404
76	457
77	176
77	204
77	232
78	98
78	318
78	468
79	233
79	254
79	290
79	436
80	81
80	290
80	332
81	192
81	236
81	294
82	391
82	436
83	262
83	473
84	292
84	309
84	440
84	472
85	188
85	198
86	252
86	288
86	289
86	299
87	167
87	479
88	121
88	169
88	171
88	389
88	493
89	187
89	364
89	392
90	123
90	432
90	497
91	140
91	148
91	304
92	217
92	258
92	478
93	99
93	203
93	250
93	309
93	317
93	361
93	423
93	444
94	118
94	283
94	433
94	442
94	495
95	183
95	308
95	326
95	337
95	350
96	449
97	291
97	464
98	308
98	329
98	435
99	128
99	207
99	348
100	102
100	191
100	259
100	370
100	383
100	400
100	497
101	284
101	456
101	471
102	330
102	406
103	145
103	218
103	281
103	355
103	387
104	417
105	354
106	129
106	368
106	379
106	494
107	255
107	277
107	373
108	224
108	353
108	417
108	469
109	376
109	385
110	277
110	300
110	441
111	257
111	417
111	471
111	474
112	268
112	297
112	371
113	114
113	144
113	154
113	419
114	135
114	147
114	246
114	269
114	317
115	335
115	336
116	196
116	317
116	389
116	434
116	454
116	463
116	483
117	215
117	235
117	401
117	487
118	283
118	337
118	445
118	491
119	280
119	286
120	128
120	368
120	482
121	124
122	236
122	279
122	293
122	296
122	402
122	454
122	485
123	140
123	159
123	186
123	230
123	333
123	366
124	144
124	394
125	175
127	196
127	197
127	257
127	284
128	180
128	364
129	279
129	341
129	440
130	372
130	391
131	143
131	185
132	347
132	441
133	271
133	280
134	278
134	357
134	417
135	140
135	253
135	306
135	328
135	439
135	445
135	460
136	211
136	433
137	241
137	311
138	145
138	456
139	326
139	437
140	244
140	297
140	360
141	172
141	349
141	495
142	220
142	327
142	368
142	388
142	425
142	478
143	202
143	245
144	277
144	291
144	340
144	392
145	380
145	499
146	214
146	388
146	445
146	446
147	375
148	191
148	206
148	222
148	251
148	332
148	468
148	498
149	359
149	393
150	157
150	162
150	168
150	428
150	434
150	483
151	160
151	287
151	329
151	331
151	347
152	161
152	199
152	294
152	329
152	437
152	499
153	199
153	344
153	436
154	256
154	375
154	405
154	460
154	496
156	319
156	442
157	184
157	269
157	337
158	222
158	423
158	470
158	494
159	288
159	366
159	412
159	465
159	475
160	237
160	270
160	347
160	456
160	488
161	212
161	276
161	431
162	264
162	267
162	312
162	377
163	227
163	474
164	203
164	315
164	420
165	224
166	243
167	200
167	225
167	418
168	485
169	230
169	279
169	321
169	483
170	233
170	269
171	219
171	257
172	356
173	239
174	191
174	360
174	371
174	438
175	256
175	402
176	356
176	360
177	183
177	288
177	436
177	476
177	480
178	338
178	380
178	436
179	307
179	332
179	393
181	231
181	427
182	274
182	282
182	434
183	201
184	212
184	474
185	358
185	370
186	257
186	391
186	444
186	479
186	490
187	221
187	222
187	276
187	359
188	440
189	355
189	357
189	457
190	194
190	320
190	482
191	230
191	429
192	218
192	259
192	276
193	301
195	440
196	254
196	259
196	326
197	320
197	351
197	479
198	210
198	282
199	306
199	384
199	427
200	292
201	272
201	474
201	495
202	241
202	336
202	363
205	388
205	483
206	296
206	395
207	258
207	266
208	297
208	309
208	349
208	439
209	286
209	361
209	375
209	439
209	464
209	499
210	232
210	271
210	464
211	301
211	349
212	279
212	298
213	220
214	295
215	246
215	275
216	441
216	461
217	219
217	362
218	248
218	305
219	307
219	340
219	409
220	435
220	469
220	483
221	263
221	460
221	490
222	287
222	395
223	244
223	247
223	276
223	427
223	440
223	491
224	267
224	341
224	347
224	409
225	384
225	464
226	398
227	232
227	373
228	250
229	314
229	424
229	459
232	441
232	452
234	324
235	296
235	410
236	270
236	492
237	305
237	488
238	374
239	273
239	421
239	490
240	337
241	300
241	382
241	403
242	414
242	463
243	408
243	416
243	424
243	449
244	286
244	314
245	248
245	323
246	299
246	339
246	349
246	387
246	427
247	297
247	475
248	374
248	419
249	313
249	382
250	304
250	305
250	433
250	454
250	456
250	481
251	333
251	472
251	493
252	397
253	394
254	293
254	407
254	424
255	265
255	285
255	322
255	408
256	279
256	287
256	405
256	499
257	372
258	405
258	487
259	301
260	274
260	490
261	265
261	481
262	427
263	326
265	268
265	308
265	389
266	421
267	417
269	424
271	310
271	370
271	382
271	466
272	294
274	477
275	280
275	286
276	337
276	454
277	419
278	288
278	443
279	346
281	363
281	364
281	460
281	481
283	356
284	423
285	387
285	412
285	443
286	339
286	421
286	482
287	428
287	459
287	474
288	339
288	446
289	329
289	476
290	322
290	424
290	456
293	371
294	346
295	435
296	354
296	410
297	323
297	341
297	342
297	423
298	352
299	351
300	477
301	421
301	467
301	496
302	411
305	328
305	344
305	459
306	314
306	386
306	445
306	495
309	336
309	356
310	354
310	474
311	405
311	451
313	341
316	364
318	478
318	479
318	484
319	327
319	344
319	420
319	431
323	345
323	392
323	398
324	367
324	475
325	452
326	400
327	353
327	387
329	342
330	441
330	479
331	416
331	419
331	468
332	478
334	356
335	362
335	389
335	463
336	343
336	445
337	342
338	348
339	482
340	391
341	495
342	423
344	470
344	475
346	411
347	419
348	392
349	384
350	487
352	398
353	487
354	437
359	377
359	444
360	384
360	387
360	395
360	458
360	493
363	455
364	447
365	466
366	374
366	442
367	376
369	480
371	383
371	477
371	499
372	414
372	465
375	461
376	444
377	402
381	390
382	400
386	492
387	397
388	472
389	481
390	455
390	461
390	471
392	444
392	471
394	490
395	418
397	425
398	438
398	496
400	420
402	477
405	489
407	444
407	449
410	469
411	484
414	443
417	434
418	475
422	453
422	466
426	432
429	483
430	444
431	433
432	462
434	448
436	488
437	491
439	479
443	445
450	497
452	492
455	471
455	483
465	484
469	493
471	474
473	497
488	491
491	496