0	56
1	106
1	162
1	211
1	231
1	349
2	410
3	176
3	177
3	332
3	351
3	397
4	51
5	169
5	390
6	108
6	249
6	279
6	312
6	384
6	469
7	264
7	331
7	380
7	495
8	175
8	241
8	269
8	295
8	296
8	314
8	449
9	91
10	28
10	156
10	243
10	259
10	277
10	403
11	47
11	155
11	247
11	280
12	39
12	42
12	434
13	69
13	178
13	195
13	284
13	319
13	436
13	447
13	466
14	97
14	203
14	392
14	468
15	21
15	99
15	121
15	191
15	230
15	259
15	269
15	293
15	443
16	273
17	48
17	203
17	233
17	288
17	318
17	469
18	88
18	169
18	175
18	282
18	305
19	143
19	262
19	379
20	128
20	234
20	250
20	275
21	279
21	493
22	57
22	173
23	42
23	293
23	467
24	125
24	143
24	179
24	380
24	394
24	399
24	488
25	50
25	380
25	451
26	34
26	164
26	176
26	464
27	128
27	162
27	281
27	362
27	398
28	168
29	166
29	277
29	303
29	357
30	313
31	35
31	140
31	257
32	51
32	125
32	468
33	216
33	317
33	362
33	435
33	485
34	161
34	215
35	219
35	433
35	442
35	451
36	87
36	210
36	440
37	85
37	240
37	292
37	348
38	56
38	328
38	355
39	166
39	240
39	286
39	313
39	435
39	440
40	313
41	110
41	410
41	412
41	421
41	438
42	59
42	195
42	326
43	56
43	72
43	234
43	247
43	249
43	369
43	375
43	379
43	455
44	122
44	179
45	109
45	266
45	390
46	82
46	398
46	494
47	264
47	382
47	449
47	474
47	486
47	489
47	493
48	65
48	91
48	415
49	213
49	288
49	370
49	429
50	55
50	74
50	157
50	161
50	277
50	381
51	94
51	234
51	410
51	489
52	82
52	269
52	321
52	448
52	494
53	150
53	318
53	443
54	103
54	174
54	212
55	342
56	211
56	226
56	365
56	386
57	98
57	178
57	262
57	337
57	341
57	450
58	120
58	154
58	312
58	378
59	310
59	447
59	498
60	378
61	82
61	132
61	236
61	445
61	499
62	168
62	419
62	447
62	482
63	126
63	237
63	389
63	494
64	92
64	168
64	204
64	471
64	476
64	496
65	203
65	277
65	298
65	391
66	81
67	113
67	348
68	109
68	447
68	458
69	146
69	226
69	409
69	481
70	106
71	276
71	301
71	438
72	131
72	335
72	381
73	99
73	124
73	441
73	448
73	457
73	478
74	144
74	183
74	226
74	377
74	470
75	490
76	81
76	103
76	165
76	447
77	148
77	196
77	246
77	273
77	288
77	351
77	375
78	336
78	392
79	94
79	162
79	222
80	157
80	424
81	475
81	481
82	206
82	362
82	407
82	486
82	498
83	160
83	192
83	365
84	104
84	191
84	462
85	156
85	456
86	138
86	168
87	95
87	306
88	173
88	227
88	286
88	312
88	416
89	193
89	431
90	219
90	220
90	338
91	122
91	128
91	288
91	291
91	393
92	255
92	275
92	414
93	178
93	444
93	490
94	167
95	320
96	191
96	287
96	333
96	354
96	391
97	143
97	204
97	273
97	316
97	350
97	387
97	400
97	491
98	105
98	419
99	129
99	300
99	338
99	417
100	287
100	319
100	349
100	376
101	295
102	306
102	322
103	203
103	222
103	224
103	232
103	279
104	221
104	246
104	299
104	336
104	484
105	325
105	348
105	373
105	464
106	115
106	312
106	475
107	344
108	132
108	421
108	487
109	114
109	287
109	324
110	258
110	483
111	250
111	487
112	376
112	445
113	114
113	132
113	202
113	472
114	267
114	270
114	446
115	201
115	241
115	293
115	430
115	448
116	138
116	302
116	497
117	138
117	172
117	216
117	294
118	191
118	368
118	391
118	412
118	461
118	497
119	128
119	319
121	123
121	181
121	205
121	214
121	297
121	299
121	368
121	415
122	455
123	149
123	295
123	365
124	169
124	210
124	314
125	385
126	309
126	323
126	374
126	430
126	451
127	384
127	397
127	419
127	467
128	165
129	213
129	319
130	219
130	224
130	442
130	496
131	328
131	334
131	347
131	445
131	467
131	488
132	145
132	192
132	258
132	309
132	394
132	424
133	214
133	327
133	433
134	174
134	236
134	457
135	226
135	292
135	407
135	422
135	438
136	265
137	158
137	160
137	161
137	163
137	270
137	371
137	424
138	304
138	318
139	165
139	349
140	236
140	256
140	365
140	452
140	490
141	232
141	459
142	210
142	224
142	287
142	358
142	410
143	298
143	378
143	399
143	460
144	168
144	323
144	445
145	285
145	311
145	318
145	320
145	327
145	460
146	458
147	222
147	277
147	350
147	443
147	445
148	215
148	473
149	290
149	306
149	444
150	252
150	493
151	176
151	308
151	483
152	266
152	351
152	416
153	184
153	405
153	408
153	467
154	213
154	447
154	452
156	187
156	374
156	427
156	446
157	198
157	418
157	420
157	466
158	178
158	446
159	202
159	216
159	237
160	312
160	401
160	476
161	236
161	447
162	258
162	289
162	385
162	399
162	449
163	215
163	406
163	432
163	486
164	237
164	453
165	479
166	212
167	346
167	414
168	246
168	248
168	468
169	222
169	444
169	448
170	183
170	270
170	307
171	198
171	208
171	302
172	493
173	200
173	373
174	271
174	310
175	422
176	302
177	214
177	238
177	289
177	351
178	221
178	439
179	188
179	259
179	311
179	333
179	428
180	331
180	378
180	396
181	239
181	255
181	336
181	381
182	396
183	261
183	303
183	342
183	374
183	388
184	225
184	448
185	408
186	201
186	273
186	376
186	479
186	486
187	372
187	394
187	438
187	450
187	496
188	364
188	428
188	454
188	497
189	320
189	329
189	373
189	403
189	404
190	395
190	486
191	200
191	229
191	291
193	323
193	493
194	287
194	319
194	412
195	361
196	394
197	247
197	387
197	441
197	467
197	479
197	492
198	433
199	204
200	274
201	342
201	447
202	213
202	335
203	342
204	225
204	459
205	475
206	262
206	268
206	335
207	255
207	362
207	407
207	475
208	269
208	339
208	456
209	313
209	328
209	354
209	381
209	382
209	465
210	215
210	261
210	402
210	430
210	486
211	333
211	353
211	421
211	437
211	487
213	354
213	372
214	221
215	289
215	351
216	349
216	462
216	480
216	489
217	242
217	327
217	360
217	420
217	443
218	428
219	229
219	406
220	448
220	490
221	222
221	251
221	324
222	229
222	340
222	468
223	279
223	297
223	302
224	231
224	315
224	353
225	228
225	281
225	307
225	369
225	385
225	409
225	483
226	294
226	323
226	443
227	284
227	450
228	264
228	411
229	361
229	469
231	290
231	312
232	252
232	262
232	390
232	408
233	354
233	382
233	413
234	451
235	348
236	246
236	454
237	261
237	476
238	382
238	400
238	406
239	360
239	365
239	385
239	465
240	296
240	341
241	379
242	425
243	404
243	439
244	342
244	489
245	274
245	286
245	428
246	395
247	248
247	287
247	494
248	309
248	333
248	406
249	330
249	341
250	307
250	436
251	298
251	333
251	471
252	255
252	407
252	465
253	457
254	256
254	331
254	402
254	405
254	484
256	471
258	443
260	365
260	394
261	435
263	359
263	451
264	372
264	499
265	466
266	450
267	300
268	292
269	434
270	318
270	320
270	388
270	496
271	321
271	428
272	401
274	344
274	366
274	396
275	387
275	465
275	475
276	405
277	366
277	370
277	402
278	396
279	405
280	360
280	427
280	436
281	300
283	388
285	324
285	347
285	385
285	481
286	329
286	447
287	340
287	359
287	440
287	463
287	472
289	307
290	373
290	428
290	440
290	446
291	294
291	398
295	325
295	395
296	346
296	428
296	443
297	490
299	356
299	400
299	436
300	401
300	488
301	382
301	418
302	397
302	467
303	378
303	414
303	422
305	357
305	361
306	358
307	460
310	411
310	469
311	341
311	499
312	425
312	431
313	450
314	318
314	329
314	345
314	391
316	339
316	369
319	389
319	458
320	341
320	376
322	338
322	455
323	457
324	406
325	328
325	439
326	333
326	476
327	495
328	419
329	495
330	395
331	352
331	451
331	455
332	405
335	343
335	355
336	365
336	481
338	356
338	486
339	433
341	432
343	380
344	412
344	414
345	368
345	376
345	405
346	390
347	457
348	398
348	497
349	383
350	355
350	367
350	495
352	374
352	405
352	498
353	437
355	447
356	486
357	370
358	443
358	478
359	363
363	431
364	442
365	385
369	413
369	437
370	373
371	401
371	432
372	402
372	471
373	433
373	475
374	494
375	407
376	411
376	460
376	479
379	405
379	474
379	486
380	449
380	458
381	485
383	390
383	471
384	423
384	483
386	476
386	499
387	416
387	456
387	488
389	397
389	405
390	406
390	419
390	441
393	431
393	479
394	452
396	482
397	450
398	494
399	499
400	403
400	452
400	482
406	424
407	416
408	455
409	471
410	455
411	449
418	442
418	466
419	497
422	458
426	476
428	477
430	435
431	462
432	445
432	458
435	447
436	472
436	489
441	463
441	483
443	456
443	469
443	499
449	466
450	494
451	474
456	495
460	466
460	482
464	498
466	477
469	479
471	484
472	494
472	498
477	498
483	486
490	492