0	167
0	195
0	299
0	413
1	65
1	179
1	199
1	303
1	380
1	437
1	462
2	226
2	313
2	373
3	252
3	258
3	420
3	473
4	86
4	228
4	345
4	498
5	80
5	254
6	83
7	194
7	229
7	426
7	469
8	180
8	182
8	193
8	350
9	38
9	48
9	73
9	125
9	137
9	275
9	336
9	377
9	445
10	167
10	228
10	231
10	241
10	394
10	485
11	100
11	116
11	352
12	22
12	103
12	176
12	218
12	239
12	330
12	476
13	34
13	246
13	286
13	412
14	115
14	299
15	51
15	100
15	120
15	274
15	291
16	455
17	436
18	214
18	296
18	463
19	80
19	174
19	204
19	327
20	211
20	262
20	273
20	311
20	366
20	428
21	214
22	42
22	145
22	211
23	132
23	167
23	217
23	316
23	319
23	446
23	487
23	489
24	330
25	58
25	174
25	218
25	279
25	439
25	449
26	38
26	74
26	233
27	68
27	93
27	185
27	249
27	373
27	476
28	275
28	313
29	184
29	369
29	440
29	449
29	482
30	149
30	274
30	280
30	304
31	149
31	259
31	327
32	321
32	497
33	198
33	322
33	447
33	454
34	146
34	394
34	426
35	186
35	233
35	248
35	460
36	115
36	222
36	364
37	131
37	387
37	411
38	89
38	99
38	288
38	492
39	69
39	126
39	202
40	293
40	399
40	464
41	142
41	156
41	189
41	254
41	322
41	426
41	459
41	461
43	75
43	451
43	474
44	157
44	207
44	232
45	57
45	90
45	126
45	212
45	277
45	347
45	442
46	68
46	146
46	209
46	251
47	160
48	55
48	275
48	309
48	398
49	86
49	480
50	114
50	261
51	185
51	322
51	328
51	347
51	365
51	392
51	462
51	492
52	67
52	77
53	95
53	182
53	255
53	287
53	291
54	375
55	161
55	284
55	404
55	423
56	137
56	139
56	251
56	441
57	141
57	167
57	219
57	252
57	413
58	227
58	289
58	398
58	430
59	226
59	242
60	82
61	141
61	353
62	186
62	266
62	274
62	423
62	439
62	488
63	83
63	242
63	320
64	106
64	485
65	84
65	131
65	171
65	433
65	451
66	366
67	70
67	302
67	383
67	465
68	311
69	200
69	360
70	84
70	215
70	226
70	231
70	304
70	477
71	358
71	394
71	460
72	163
72	189
72	240
72	396
73	320
73	456
73	466
73	479
74	251
74	265
74	271
74	354
75	178
75	324
75	410
75	443
76	165
76	202
76	261
76	460
76	490
77	245
77	365
77	449
78	406
78	409
78	441
78	470
78	475
79	123
79	292
79	422
79	449
80	184
80	287
80	328
81	154
81	171
81	292
81	377
81	469
82	147
82	271
83	157
83	185
83	244
84	113
84	299
84	315
84	320
84	487
84	492
85	370
86	270
86	312
86	319
86	393
86	401
87	137
87	216
87	220
87	343
88	163
88	169
88	343
88	391
89	374
89	437
90	217
91	403
91	420
91	495
91	497
92	122
92	490
93	284
93	351
93	389
93	422
93	497
94	177
94	409
94	429
94	443
94	499
95	163
95	309
95	423
95	465
96	241
96	293
96	299
96	363
97	451
98	113
98	179
98	239
98	255
98	386
98	403
99	118
99	186
101	214
102	199
102	266
102	294
102	442
104	140
104	159
104	453
104	483
104	488
105	248
105	477
106	194
107	203
107	320
108	113
108	352
108	453
109	132
109	191
109	250
110	305
110	398
110	411
111	343
111	344
111	464
112	265
112	420
112	495
113	158
113	417
113	450
114	356
115	269
115	379
115	459
116	215
116	269
116	499
117	331
118	261
118	340
119	171
119	194
119	211
119	273
120	140
120	144
120	226
120	444
120	458
120	471
121	142
121	192
121	215
121	248
121	324
122	276
122	382
123	309
123	329
123	330
123	382
123	451
124	250
124	427
124	482
124	498
125	140
125	169
125	199
125	264
125	277
125	282
125	300
125	363
126	145
126	176
126	294
126	386
127	147
127	172
127	222
127	235
127	299
127	344
128	393
129	154
129	158
129	304
129	365
129	445
130	199
130	214
130	399
130	438
131	165
131	377
131	402
132	134
132	167
132	345
132	492
133	222
133	256
133	275
133	331
133	345
133	452
133	478
135	338
136	210
136	286
136	371
136	467
136	475
137	162
137	175
137	313
138	158
139	186
139	410
139	493
140	149
140	299
140	464
141	144
141	165
141	171
141	230
141	365
142	392
143	314
143	385
144	329
144	373
145	302
145	362
146	434
146	469
147	229
147	422
147	424
147	431
148	252
148	411
149	308
150	157
150	235
150	390
151	299
151	445
152	416
153	182
153	404
153	428
153	475
154	303
154	352
154	381
155	342
155	477
156	183
156	208
156	373
156	379
156	432
157	188
157	323
157	408
157	483
157	497
158	249
158	463
158	468
159	253
159	259
159	350
159	356
159	397
159	443
161	165
161	180
161	213
161	235
161	255
161	353
161	397
162	256
162	257
162	292
162	310
163	300
164	377
165	398
166	393
166	487
167	204
167	367
168	384
169	220
169	269
169	480
169	489
170	349
171	181
171	204
171	246
171	280
171	418
172	181
172	245
172	366
173	254
173	323
173	370
173	394
174	245
175	257
175	316
175	437
176	298
176	435
177	445
178	250
178	277
180	275
180	296
180	328
180	400
180	491
181	406
182	184
182	271
182	309
182	360
183	312
183	376
183	394
184	238
184	288
184	368
185	409
185	420
187	339
187	451
187	466
188	211
188	338
189	246
189	363
189	373
189	459
190	252
190	329
190	428
191	271
191	426
191	435
192	277
192	344
192	447
193	241
193	277
193	302
193	360
193	385
194	283
194	327
194	496
195	267
195	277
195	317
195	416
195	476
196	406
197	225
197	256
197	343
197	458
197	499
198	328
198	393
198	403
198	439
199	239
199	280
199	334
199	453
200	297
201	209
201	343
202	260
202	313
202	347
202	482
203	228
204	298
204	455
205	494
206	265
206	305
207	362
207	474
208	355
208	469
208	489
209	271
209	292
210	285
210	492
211	256
211	487
212	285
212	346
213	289
215	240
215	243
215	257
215	325
215	347
216	322
216	392
216	401
217	218
218	480
219	340
219	384
219	455
220	295
220	329
220	447
221	475
221	477
222	229
222	450
223	285
223	364
223	465
224	338
224	397
224	440
225	230
225	358
226	259
226	273
226	446
226	478
227	295
227	464
229	233
229	422
230	431
230	451
232	239
232	362
232	475
232	484
233	277
233	453
234	279
234	311
234	460
235	364
236	373
236	399
237	345
237	455
237	456
238	283
238	309
239	315
240	253
240	306
240	335
240	492
241	301
241	328
241	450
241	487
241	498
242	247
242	276
242	299
243	313
244	290
245	327
245	469
245	482
246	461
246	477
247	393
247	400
247	450
248	383
248	403
249	454
250	268
250	287
250	412
250	417
250	490
251	494
252	392
252	476
254	301
254	344
255	458
257	299
257	301
258	456
259	291
259	327
259	463
261	303
261	360
261	403
261	456
261	473
262	263
262	312
262	357
262	448
262	455
263	267
263	402
263	443
264	269
264	374
264	403
264	418
264	498
265	332
265	432
266	282
266	453
267	449
267	485
268	316
268	363
268	391
269	297
269	311
270	347
270	361
270	378
271	318
271	400
271	403
271	477
272	321
272	341
272	378
272	426
273	423
274	292
274	330
274	363
275	463
276	297
276	332
276	385
278	378
278	383
279	410
280	494
281	487
282	285
282	308
282	432
283	401
284	481
285	333
285	380
286	322
286	344
287	297
287	476
290	316
291	457
293	330
294	414
295	463
299	437
300	325
302	314
304	398
304	445
304	497
305	359
305	399
306	386
306	471
306	473
307	329
307	372
308	316
308	424
309	412
309	449
309	465
311	327
311	344
312	379
313	317
314	371
314	479
315	332
315	378
315	405
315	461
316	412
321	400
322	456
323	363
323	434
324	332
324	363
324	423
324	433
326	416
326	421
327	402
327	416
327	458
327	473
329	490
329	499
330	347
331	387
331	429
331	451
331	484
332	440
332	449
333	440
337	357
337	410
338	389
338	457
340	406
342	411
342	414
342	451
342	479
343	352
344	414
345	448
348	465
348	477
350	358
350	378
350	475
351	456
351	467
352	463
352	469
353	355
353	456
356	479
358	485
359	409
359	422
359	472
360	374
360	423
362	488
363	443
364	464
364	473
365	375
366	396
366	461
366	498
368	429
369	383
369	451
369	493
371	373
372	426
374	386
375	492
376	411
377	419
378	494
379	421
381	445
383	386
383	401
386	423
386	481
388	418
389	408
390	395
390	478
391	414
392	449
393	479
394	470
394	476
396	478
397	436
398	446
400	475
401	449
401	484
404	468
406	411
407	464
408	448
408	489
409	437
409	481
413	463
414	498
415	477
415	490
417	421
417	463
418	419
418	431
424	430
425	496
426	429
429	468
430	435
430	476
431	488
435	492
436	441
447	449
448	453
451	484
452	454
461	490
462	474
465	483
472	486
482	484
485	493