0	221
0	229
0	239
0	305
0	446
1	38
1	108
1	230
2	122
2	385
2	390
2	434
3	161
3	217
3	238
3	320
3	365
3	403
3	486
3	488
4	198
5	46
5	89
5	95
5	109
5	229
5	380
6	14
6	294
6	437
6	444
6	471
7	128
7	147
7	240
7	263
8	219
8	233
9	190
9	295
9	489
9	494
10	32
10	270
10	385
10	474
11	78
11	194
11	319
12	89
12	369
13	15
13	60
13	432
14	232
14	287
15	27
15	133
15	144
15	256
15	287
15	358
15	367
15	473
16	90
16	234
16	335
17	100
17	373
18	323
19	119
19	171
19	428
19	497
20	44
20	52
20	150
20	180
20	222
20	236
20	286
21	44
21	245
21	329
21	476
22	92
22	159
22	362
22	364
23	159
23	355
23	393
24	55
25	90
25	112
25	266
25	477
26	68
26	354
27	38
27	260
27	489
28	181
28	316
28	455
28	462
29	386
29	389
30	233
30	395
30	426
30	475
31	37
31	121
31	200
31	213
31	444
32	256
32	300
32	440
32	442
33	75
33	230
33	412
33	461
33	492
34	401
34	464
35	55
35	151
35	302
35	400
36	144
36	286
36	358
36	366
36	436
36	452
36	478
37	44
37	246
37	327
37	367
37	452
38	274
39	56
39	400
39	462
40	107
40	276
40	364
40	393
40	461
40	492
41	98
41	230
41	382
41	412
41	420
42	249
42	270
43	75
43	378
44	441
44	498
45	159
45	316
45	361
46	95
46	162
46	214
46	312
46	396
46	470
47	154
47	428
48	126
48	266
48	412
48	476
49	176
49	376
49	399
49	431
49	450
50	176
50	214
50	343
50	414
50	492
51	161
51	354
52	66
52	200
52	212
52	405
52	425
52	450
52	497
53	131
53	261
53	374
53	466
54	56
54	182
55	99
55	207
55	374
55	392
55	427
56	142
56	155
56	195
56	257
56	372
56	475
57	291
57	452
58	414
59	172
60	266
60	321
60	487
61	115
61	489
62	161
63	233
63	259
63	314
64	416
65	121
65	149
66	87
66	165
66	335
67	109
67	351
67	444
68	135
68	169
68	256
69	219
69	353
69	410
70	308
70	437
71	79
71	134
71	384
72	140
72	402
72	482
73	187
73	435
73	441
74	132
74	265
74	393
75	80
75	130
75	268
75	354
76	273
76	300
76	324
77	175
77	195
77	352
77	491
78	79
78	132
78	195
78	353
78	355
78	368
79	114
79	260
80	89
81	272
81	366
81	479
82	250
82	308
82	320
82	390
82	466
82	467
83	221
83	439
84	141
84	172
84	231
84	287
84	358
84	375
84	378
84	416
85	93
85	208
85	237
85	328
85	361
85	371
85	372
85	374
86	432
87	263
87	351
88	133
88	368
88	439
89	372
90	176
90	249
90	370
91	403
91	457
91	485
92	297
92	479
93	98
93	210
93	225
93	234
93	470
93	476
93	487
94	141
95	267
95	286
95	314
96	236
96	349
96	360
97	171
97	174
97	212
97	217
97	346
97	387
97	480
98	192
98	251
99	107
99	194
100	143
100	369
100	471
100	472
101	197
102	145
102	213
102	249
102	360
102	489
103	130
103	298
103	368
104	202
104	211
104	384
104	411
105	494
106	131
106	189
106	348
107	114
107	239
107	286
107	324
107	419
108	288
108	313
108	431
109	405
109	429
110	271
110	321
110	424
111	136
111	172
111	189
111	268
111	417
111	464
112	131
112	132
112	153
112	356
112	367
112	460
113	206
113	232
113	448
115	232
115	255
115	298
116	175
116	240
116	276
116	347
116	350
117	130
118	188
118	325
118	337
118	347
118	368
120	441
121	129
121	160
122	338
122	371
122	416
122	433
123	127
123	260
123	284
123	285
123	286
123	449
124	222
125	164
125	258
125	407
125	426
126	301
126	333
126	411
126	452
128	242
128	346
128	358
128	450
129	355
130	156
130	313
131	146
131	162
131	203
131	358
131	372
131	388
131	418
132	146
132	425
134	195
134	338
134	348
135	458
136	303
136	332
136	389
136	429
136	454
136	461
137	154
137	175
137	406
138	491
139	269
139	392
140	156
140	174
140	297
140	408
141	228
141	271
141	326
141	340
141	366
141	396
142	410
142	484
142	487
142	491
143	195
143	234
143	262
143	460
144	218
144	262
144	368
145	174
145	276
145	346
147	253
147	279
147	473
148	161
148	284
148	329
148	361
148	462
149	255
149	481
150	297
150	456
151	303
151	412
152	354
153	315
154	168
154	214
154	257
154	317
155	172
156	177
156	493
157	192
157	194
157	466
157	476
157	492
158	224
158	321
158	365
159	169
159	455
160	237
160	287
160	458
161	243
161	310
162	295
162	304
163	370
163	451
163	474
164	299
164	470
165	349
165	473
166	215
167	397
167	425
168	191
169	279
169	487
170	374
171	440
172	265
172	276
172	310
172	362
172	388
173	283
174	234
174	321
174	355
174	449
174	480
174	482
175	281
175	339
176	318
176	325
177	203
177	320
177	351
177	400
178	219
178	356
179	201
179	336
179	354
179	362
180	215
181	460
181	462
182	323
182	357
183	267
183	273
183	275
183	299
183	461
184	252
184	294
184	303
185	463
186	448
187	275
187	306
188	246
188	303
189	313
189	373
190	343
191	344
191	392
193	328
194	295
194	311
194	325
195	261
196	284
197	258
197	263
197	391
198	323
199	278
199	293
199	308
199	411
200	324
201	293
201	433
202	429
203	225
203	418
204	411
205	237
205	397
205	413
206	211
206	321
207	440
208	251
208	477
209	252
209	379
210	466
211	339
211	414
212	306
213	255
213	354
213	355
213	362
213	374
213	388
214	243
214	341
214	377
215	317
215	384
216	310
216	465
217	427
219	236
219	338
219	414
219	416
220	280
220	301
220	306
220	365
220	392
220	429
221	292
221	328
221	488
222	290
222	293
222	332
222	342
222	406
223	231
223	489
224	263
224	306
224	350
224	379
224	381
224	389
225	294
225	320
225	345
226	318
226	324
226	391
227	496
228	251
228	493
230	248
230	273
230	279
230	288
230	358
231	243
231	309
231	487
232	359
232	375
232	471
233	263
233	350
233	356
233	396
233	404
234	320
234	354
235	273
236	351
237	239
237	343
237	386
238	330
239	361
240	447
241	391
243	486
244	351
244	396
244	400
244	479
244	495
245	247
245	447
247	322
247	354
247	418
248	357
248	407
249	283
249	323
249	403
250	297
250	428
251	455
251	480
251	484
252	285
252	409
253	489
254	279
254	326
254	445
255	353
257	404
258	377
260	275
260	314
260	339
260	496
261	314
261	487
262	264
263	445
264	373
264	411
265	366
265	439
265	466
265	487
266	373
267	379
267	394
267	404
268	290
268	478
269	407
271	359
272	282
272	292
272	459
273	310
275	293
275	380
276	306
276	313
277	351
278	279
279	451
279	495
280	349
281	357
281	442
282	293
283	442
283	481
284	473
285	299
285	372
286	355
286	418
287	296
287	348
288	338
288	492
289	290
289	356
289	361
290	301
290	365
290	404
290	471
291	451
292	298
292	459
293	322
293	372
293	410
294	496
295	344
295	422
297	353
299	341
300	424
300	445
302	332
302	384
302	387
303	333
303	342
303	465
305	358
305	407
305	449
305	495
306	442
306	449
307	385
307	445
308	342
308	357
308	405
309	375
309	391
310	344
310	379
310	440
311	357
311	388
311	491
312	430
312	489
313	404
313	468
314	346
315	409
315	492
316	446
318	327
320	456
321	426
322	329
322	389
323	415
323	427
323	452
326	394
326	457
327	351
328	414
328	478
329	400
329	418
330	337
330	361
331	386
332	343
332	396
332	449
332	471
333	402
333	446
333	462
334	390
334	414
334	492
336	376
336	469
336	488
337	363
337	402
338	418
338	460
338	475
339	455
340	427
341	394
342	422
343	368
343	454
344	347
344	353
345	476
346	354
348	475
349	405
351	363
354	438
355	438
356	374
358	485
359	368
360	374
360	493
361	453
362	386
362	460
363	419
363	436
363	459
363	492
365	407
365	433
365	498
368	473
368	481
369	394
372	436
372	497
374	465
376	414
376	421
376	484
377	399
377	430
377	466
381	483
382	439
383	388
383	399
386	448
393	403
393	420
396	414
396	434
396	462
397	472
398	408
398	414
401	475
402	434
402	439
402	446
404	466
405	440
407	422
407	425
408	472
410	439
411	423
412	425
412	445
414	492
415	450
418	436
419	472
419	499
427	476
427	498
428	495
430	442
438	445
438	470
438	487
441	474
443	457
443	474
447	466
449	458
449	472
452	471
453	469
453	474
456	474
457	474
459	478
462	497
465	486
468	471
470	471
471	480
473	479
477	484
487	497
490	492
497	498