0	13
0	35
0	42
0	113
0	226
0	345
0	453
1	37
1	120
1	175
1	396
1	455
1	472
2	224
2	317
2	418
3	44
3	66
3	94
3	288
3	426
4	32
4	183
4	274
4	287
4	491
5	99
5	103
5	361
5	403
5	467
5	475
5	476
6	184
6	252
6	330
7	26
7	69
8	107
8	192
8	346
9	42
9	303
9	319
9	337
10	98
10	184
10	248
10	423
10	486
11	32
11	145
11	150
11	266
11	405
11	461
11	484
12	132
12	227
12	249
12	267
13	68
13	82
13	157
13	183
13	368
13	492
14	338
14	359
15	58
15	137
15	206
15	227
16	29
16	132
16	141
16	187
16	256
16	443
17	145
17	160
17	169
18	337
18	429
19	168
19	188
19	257
19	366
20	39
20	95
20	119
20	309
20	358
20	431
21	123
21	248
21	265
21	351
21	410
21	446
22	52
22	183
22	219
22	269
22	359
22	369
22	434
23	175
23	246
23	439
23	440
24	42
24	116
24	299
24	312
24	318
24	327
24	450
24	467
24	473
25	76
25	162
25	193
25	324
26	79
26	109
26	135
26	304
26	322
26	329
26	379
26	413
26	440
27	141
27	188
27	368
27	383
27	390
28	31
28	273
28	285
29	100
29	104
29	211
29	224
29	281
29	415
30	68
30	208
30	217
30	401
30	441
30	466
30	474
31	309
31	481
32	40
32	144
32	145
32	173
32	179
32	419
32	459
32	485
33	274
33	307
33	416
33	472
34	254
34	296
34	331
34	353
35	143
35	205
35	396
35	462
36	86
36	255
36	259
36	387
37	46
37	48
37	304
37	427
38	73
39	50
39	95
39	186
39	350
40	80
40	170
40	171
40	280
41	177
42	209
42	216
42	232
42	304
42	316
42	325
42	439
42	494
43	143
43	160
43	188
43	227
43	256
43	308
43	473
44	81
44	205
44	261
44	276
44	310
44	341
44	495
45	85
45	190
45	366
45	389
45	482
46	74
46	106
46	122
46	289
46	438
46	491
47	214
47	302
47	425
48	60
48	145
48	469
49	69
49	165
49	201
49	251
49	420
50	63
50	227
50	293
50	297
50	310
50	449
50	476
51	274
51	288
51	355
52	113
52	212
52	357
52	371
52	446
53	98
53	104
53	345
54	192
54	224
54	305
54	421
54	429
55	441
56	324
57	84
57	151
57	156
57	185
57	210
57	499
58	398
59	101
60	166
60	212
60	228
60	241
60	249
61	90
61	100
61	466
62	114
62	210
62	412
63	75
63	143
63	186
63	193
63	197
63	335
64	482
65	140
65	143
65	288
65	420
65	439
66	110
66	148
66	285
66	301
66	347
66	391
67	292
67	411
67	485
68	342
68	413
69	265
69	384
70	287
71	121
71	236
71	245
71	301
71	382
71	421
71	430
72	81
72	129
72	224
72	352
72	360
72	375
72	408
72	483
73	368
74	316
74	338
74	434
74	445
74	487
75	266
75	437
75	442
76	114
76	115
76	133
76	265
76	319
76	329
76	427
76	482
77	358
78	140
78	481
79	107
79	124
79	209
79	301
79	406
79	484
80	325
80	375
80	473
81	133
81	154
81	202
81	227
81	241
81	482
82	165
83	169
83	469
84	462
85	93
85	236
85	367
85	430
86	258
86	309
87	116
87	131
87	225
87	476
88	195
88	239
88	413
88	475
89	102
89	214
89	298
89	309
89	470
89	497
90	132
90	171
90	211
90	226
90	241
90	476
91	125
91	329
91	443
92	218
92	305
92	359
92	400
92	444
92	481
93	262
93	300
93	336
93	394
93	498
95	106
95	169
95	216
95	264
95	272
95	322
95	334
95	384
95	397
96	143
96	147
96	150
96	214
96	216
96	218
96	327
97	265
97	301
97	307
97	438
98	127
98	221
98	276
99	123
99	124
99	135
99	325
99	352
99	360
100	160
100	426
101	376
101	461
101	494
102	160
102	356
103	198
103	219
103	360
103	464
104	364
104	438
105	226
105	283
105	333
105	346
105	492
106	119
106	149
106	151
106	463
106	482
107	411
107	431
107	451
107	475
108	166
108	369
109	151
109	370
109	371
110	115
110	163
110	279
110	416
111	172
111	281
112	292
112	458
113	131
113	188
113	473
114	170
114	209
114	224
114	234
114	256
114	263
114	297
114	330
115	157
115	484
116	133
116	201
116	368
116	497
117	273
118	186
118	459
118	477
119	250
119	331
119	344
119	417
120	193
120	349
120	493
121	381
121	402
121	481
122	223
123	359
123	405
123	454
123	471
124	195
125	142
125	312
126	153
126	279
126	320
126	347
126	390
126	472
126	478
127	145
127	228
127	382
127	499
128	175
128	209
129	156
129	257
129	418
130	160
130	175
130	263
130	349
131	269
131	374
131	421
131	451
132	220
132	413
132	433
133	152
133	221
133	273
133	326
133	488
134	135
134	180
134	187
134	220
134	336
134	344
134	429
135	210
135	218
135	283
135	359
135	451
136	146
136	239
136	289
136	336
137	160
137	261
138	385
139	248
139	272
139	361
139	395
140	268
140	486
141	154
141	302
141	354
142	184
142	460
142	491
143	203
143	226
143	276
143	281
143	360
143	464
144	148
144	178
144	295
144	415
145	166
145	489
146	192
146	258
146	431
148	210
148	342
148	371
148	472
148	490
149	295
149	368
150	206
150	210
150	214
150	403
150	485
151	175
151	270
151	283
151	324
151	417
151	490
152	261
152	400
152	450
153	167
153	292
154	190
154	206
154	225
154	317
154	427
154	474
155	349
155	356
156	281
156	334
156	449
157	169
157	262
157	446
158	278
158	310
158	372
158	392
158	436
159	325
159	328
159	337
159	410
159	461
160	389
161	192
161	209
161	253
161	273
161	444
161	455
161	467
162	351
162	399
163	220
163	280
163	379
164	420
165	166
165	291
166	187
166	252
167	189
167	353
168	386
168	448
169	231
169	455
169	463
169	486
170	330
170	342
171	498
172	190
172	325
172	375
172	405
172	422
173	209
173	217
174	187
174	312
174	353
174	469
174	488
175	188
175	204
175	214
175	255
175	378
175	478
176	312
176	327
176	335
177	272
177	369
177	475
178	336
179	336
179	378
179	475
180	332
180	420
180	430
180	435
180	440
181	386
182	287
183	276
183	345
183	406
183	451
186	266
186	466
187	321
187	361
188	334
188	397
189	390
189	396
189	440
190	241
190	365
190	388
190	425
191	472
193	302
193	320
193	377
194	241
194	375
195	425
195	496
196	294
196	486
197	217
197	269
197	426
197	456
198	231
199	318
200	407
200	449
202	218
202	360
202	385
202	410
202	496
203	262
203	381
203	467
203	488
204	233
204	373
204	422
205	354
207	378
208	226
208	239
208	290
208	346
208	474
209	229
209	441
210	397
210	456
210	472
212	354
212	373
213	414
213	481
214	494
215	334
215	415
215	440
216	233
216	250
216	337
216	442
217	348
217	463
218	484
219	245
219	297
219	389
220	230
220	274
220	294
220	493
222	333
223	302
223	436
224	270
224	428
224	462
225	381
225	443
226	339
226	463
227	260
228	376
229	258
229	375
229	461
230	364
230	426
230	435
231	276
231	429
232	345
233	372
233	484
234	258
234	448
234	458
234	479
235	358
235	416
236	356
236	392
237	275
238	239
238	248
238	280
238	345
238	407
238	444
238	465
239	332
239	442
240	438
240	464
241	473
242	281
242	415
242	465
242	481
243	260
244	260
244	425
244	472
245	284
245	342
246	351
246	370
246	376
247	387
248	366
248	433
248	457
249	315
250	365
250	403
251	313
252	340
252	448
253	283
253	415
253	466
254	310
254	320
254	343
254	386
255	315
255	398
256	346
256	414
256	431
258	355
258	404
259	477
262	302
263	289
263	462
264	311
264	394
264	431
265	300
266	412
267	314
267	449
267	492
269	314
269	419
269	469
270	458
271	309
272	330
272	333
272	343
273	279
273	352
273	485
277	329
278	280
279	390
279	486
281	411
282	441
283	438
284	294
285	419
286	317
286	416
287	456
287	464
288	466
288	471
289	324
289	455
290	424
292	370
292	396
293	449
294	427
294	474
295	479
296	358
297	322
297	430
298	319
298	320
298	410
299	305
300	399
300	447
301	360
301	413
301	420
301	432
301	474
302	461
305	382
306	348
306	388
307	369
307	449
308	425
309	488
311	482
312	327
312	406
314	452
314	465
315	399
316	342
317	343
317	386
317	391
318	346
318	452
318	458
320	425
321	494
322	341
322	497
323	401
323	440
324	353
324	492
325	480
326	360
326	387
326	427
327	395
328	489
331	360
331	435
333	407
333	497
334	396
336	350
337	395
337	410
338	417
342	372
342	484
342	496
343	364
344	412
345	447
345	454
346	378
346	413
347	464
348	364
348	434
348	477
349	462
349	463
349	491
350	385
350	446
350	462
352	478
353	491
354	431
354	444
355	361
355	363
355	432
357	435
357	464
358	423
358	439
360	364
360	438
360	492
362	392
362	420
362	452
364	442
364	449
365	419
367	496
370	448
372	427
373	426
373	460
373	489
374	496
375	496
377	379
377	420
379	387
380	468
381	405
383	461
383	495
384	451
385	431
386	420
387	497
390	403
390	437
392	446
393	432
393	488
393	497
394	396
396	450
399	451
399	462
401	404
401	462
401	488
402	446
403	425
403	434
405	414
405	443
408	409
408	484
410	427
411	423
412	450
415	451
416	426
416	445
417	445
419	444
420	433
421	482
423	479
430	486
431	441
441	497
449	471
451	498
471	490
476	485
478	498
482	490
488	498
489	499