0	139
0	163
0	230
0	295
0	487
1	218
2	98
2	226
2	350
3	17
3	145
3	309
3	442
4	155
4	446
5	68
5	405
6	336
6	459
7	72
7	87
7	176
7	361
8	345
9	173
10	125
10	203
11	108
11	130
11	163
11	168
11	310
11	373
11	386
11	392
11	402
12	75
12	219
12	254
12	407
13	17
13	49
13	79
13	162
14	221
14	222
15	17
15	39
15	173
15	191
15	269
15	273
15	286
15	338
16	187
16	296
16	349
17	373
17	401
18	69
19	53
19	87
19	205
19	236
19	286
20	26
20	170
20	204
20	230
20	328
20	407
21	58
21	200
21	364
22	46
22	89
22	130
22	256
22	428
23	306
23	342
23	498
24	34
24	54
24	222
24	354
24	394
25	317
26	75
26	139
26	184
26	324
27	60
27	440
27	488
28	129
28	254
28	259
28	400
28	417
28	477
29	108
29	204
29	322
29	359
29	394
30	46
30	207
30	253
30	353
30	370
30	373
30	450
30	490
31	105
31	138
31	171
31	306
31	416
31	456
32	173
32	205
32	270
33	62
33	99
33	117
33	203
33	220
33	294
33	308
33	348
34	207
34	400
35	93
35	202
35	317
35	411
36	119
37	141
37	168
37	207
38	46
38	414
38	437
39	90
39	362
39	393
39	406
39	480
39	481
40	439
40	483
41	68
41	273
42	92
42	173
42	298
42	365
42	468
43	126
43	155
43	387
44	63
44	94
44	351
45	239
45	264
45	279
46	113
46	245
46	333
46	348
46	380
46	461
46	463
47	124
47	364
48	274
48	285
49	142
50	67
50	375
51	60
51	73
51	94
51	170
51	185
51	249
51	273
51	304
52	402
53	88
53	113
53	318
53	382
53	395
54	138
54	188
54	236
54	497
55	153
55	487
56	76
56	81
56	221
56	263
56	301
56	361
56	440
57	121
57	177
57	227
57	314
58	392
59	289
59	348
59	489
60	333
61	158
61	233
62	102
62	106
62	181
62	253
63	64
63	272
63	367
63	382
64	223
64	328
64	443
64	498
65	120
65	377
65	436
66	193
66	214
66	244
66	407
66	490
67	124
67	185
67	430
67	432
67	476
68	88
68	324
68	385
68	418
69	172
69	204
69	245
69	384
69	394
70	77
70	245
70	266
70	459
70	494
71	314
72	106
72	130
72	480
72	482
73	177
73	341
73	346
73	360
73	361
73	389
73	390
74	152
74	213
74	300
74	306
75	77
75	99
75	228
75	271
75	317
75	412
76	95
76	350
76	499
77	274
78	168
78	350
78	466
79	107
79	182
79	258
79	305
79	315
80	419
80	493
81	335
81	483
81	491
81	492
82	115
82	338
82	363
82	431
82	448
83	84
83	214
83	267
83	279
83	334
83	344
83	421
83	461
84	133
84	274
84	439
84	459
85	89
85	187
85	199
85	243
85	342
86	349
86	487
87	203
87	462
87	479
88	105
88	131
88	140
89	214
89	315
91	233
91	285
91	372
91	404
92	201
92	347
92	462
93	302
93	317
93	492
94	337
94	402
94	424
94	461
95	141
95	257
95	280
95	304
95	307
95	338
95	363
95	432
95	481
96	122
96	139
96	289
96	320
96	321
96	424
97	289
97	353
97	386
98	376
98	409
98	476
98	482
99	419
100	119
100	240
100	332
101	384
101	432
102	149
102	176
102	189
103	168
103	435
104	283
105	183
105	238
106	124
106	180
106	247
106	282
107	208
107	352
107	476
108	259
108	285
108	362
109	270
109	310
109	473
110	275
110	311
111	402
112	318
112	417
112	430
113	259
113	302
113	384
114	134
114	184
114	209
114	406
115	125
115	330
115	495
116	193
116	282
116	438
117	155
117	225
117	227
117	234
117	322
117	488
118	183
118	198
118	288
118	335
118	360
119	180
119	307
119	432
120	125
120	216
120	224
120	384
121	128
121	255
121	316
121	455
122	232
122	392
123	172
123	177
123	408
123	436
124	153
124	386
125	205
125	215
125	329
126	164
126	199
127	130
127	145
127	364
127	395
127	403
128	302
128	497
129	174
129	194
129	437
130	190
130	197
130	237
130	239
130	302
130	358
131	181
131	295
131	482
132	492
133	187
133	191
133	350
133	365
133	422
134	340
134	418
134	470
135	482
136	269
136	354
136	399
137	176
137	202
137	278
137	291
138	401
139	157
139	185
139	379
140	148
140	198
140	281
140	310
140	385
140	432
141	315
141	372
142	170
142	202
142	291
143	208
143	220
143	323
144	245
144	493
145	189
145	263
145	416
146	299
146	300
147	234
148	230
148	452
148	477
149	153
149	160
149	200
149	298
149	395
149	484
150	187
150	210
150	253
150	364
151	249
151	262
151	382
151	476
151	489
152	233
152	307
153	161
154	331
155	218
156	273
157	188
158	252
158	309
158	385
158	475
159	210
159	261
159	337
159	479
160	374
162	187
162	268
162	392
162	410
162	443
164	437
165	286
166	170
166	336
166	353
166	380
166	440
167	261
167	412
167	466
167	472
168	186
168	228
168	325
169	182
170	196
171	299
171	327
172	195
172	433
173	295
173	393
173	413
174	230
174	461
175	282
176	273
177	370
177	467
177	492
178	225
178	478
178	496
179	201
179	277
179	285
179	337
179	467
180	204
180	210
180	283
180	301
180	357
181	214
181	417
181	427
181	442
182	363
182	380
183	192
183	297
183	454
184	295
184	303
184	315
185	236
185	340
185	489
187	347
187	348
187	463
189	350
189	434
190	226
190	288
190	355
191	427
191	443
191	493
192	302
192	388
193	297
193	397
193	487
194	215
194	364
194	387
196	378
196	462
197	329
197	330
197	404
197	452
198	443
200	335
200	421
201	246
201	312
201	338
202	465
203	328
203	385
203	412
203	492
204	217
204	268
205	430
205	433
205	458
205	497
206	373
206	494
207	238
207	316
208	241
208	378
208	400
209	444
209	470
210	485
211	303
211	330
212	439
214	319
214	423
215	221
215	225
215	293
215	310
215	464
216	319
216	414
216	423
217	358
217	372
217	451
218	341
218	350
218	356
219	242
219	291
219	304
220	279
221	241
222	231
222	242
222	480
223	231
223	416
224	229
226	332
226	357
227	420
227	469
229	309
229	425
229	433
230	362
232	465
233	306
233	427
233	486
234	336
234	488
235	441
236	266
236	292
236	393
236	396
237	263
237	296
237	417
237	453
238	326
238	351
238	440
239	261
239	306
239	457
239	462
239	493
240	402
240	475
241	300
241	372
241	457
242	304
242	345
242	445
243	282
243	372
243	387
243	465
244	341
244	496
245	456
246	284
246	370
246	383
247	351
247	415
248	262
248	487
250	269
250	495
251	268
251	336
252	305
252	306
252	328
252	339
252	377
252	476
253	257
253	381
253	442
254	259
254	320
254	339
254	420
254	441
255	293
255	487
256	490
257	442
259	281
259	375
259	396
259	427
259	476
260	276
260	380
262	478
263	321
263	411
265	369
265	441
265	471
266	333
267	366
267	449
268	320
268	430
268	445
268	486
268	495
269	333
269	452
270	442
273	491
275	288
275	449
275	471
276	317
277	388
278	330
278	408
278	439
278	461
278	470
280	325
280	467
280	472
281	367
281	374
281	422
282	361
282	472
282	488
283	301
283	379
283	390
284	443
284	465
284	488
285	291
285	376
285	415
286	346
286	412
287	334
288	397
289	298
289	336
289	393
290	366
291	329
292	318
293	314
293	373
294	383
294	496
295	323
295	421
295	442
296	404
299	377
299	380
299	421
299	455
300	416
300	437
301	307
301	344
301	366
302	310
302	464
303	343
304	394
305	378
305	465
306	341
306	379
306	494
307	315
307	352
307	358
307	388
308	365
308	404
311	314
311	326
311	343
313	396
314	383
315	321
316	415
316	419
317	380
317	419
317	422
317	451
318	324
319	371
319	499
320	355
320	368
320	419
320	470
322	484
323	444
324	380
324	472
325	357
327	357
328	460
329	481
330	426
331	443
332	466
333	335
333	388
333	450
334	375
334	397
335	437
336	348
336	463
336	496
337	377
337	406
337	458
339	457
340	344
340	370
340	379
340	435
340	450
340	456
343	483
343	487
344	381
344	440
345	443
347	390
348	465
349	399
349	426
350	457
353	355
354	383
354	456
355	374
358	399
359	371
359	425
360	477
361	465
362	470
363	385
363	475
369	499
370	456
371	391
373	383
375	421
376	421
376	457
377	496
379	391
379	464
380	468
381	382
383	387
383	408
384	421
385	431
386	391
386	441
387	416
388	418
389	455
390	417
392	407
392	412
393	493
395	480
398	486
399	433
399	457
400	406
401	411
401	444
403	406
404	491
404	499
405	441
410	478
413	446
414	443
418	487
421	499
422	470
422	489
423	432
423	450
423	451
424	458
426	489
426	492
427	479
428	433
428	462
428	465
429	446
430	447
431	494
432	449
433	494
434	465
435	477
437	475
438	448
442	458
442	481
443	475
446	476
446	490
447	464
454	459
454	474
460	484
467	469
478	484
479	492
481	498