0	77
0	245
1	123
1	306
1	316
2	232
2	481
3	126
3	128
3	238
3	352
4	15
4	51
4	196
4	422
5	238
5	422
6	66
6	73
6	95
6	404
7	16
7	178
7	205
7	335
7	390
8	87
8	120
8	244
8	394
9	121
9	194
9	401
9	404
10	146
11	20
11	310
11	440
12	93
12	273
12	295
13	391
13	484
14	18
14	125
14	268
14	498
15	316
15	444
16	59
16	71
16	224
17	115
17	231
17	312
18	270
18	434
18	439
18	472
19	191
20	187
20	358
20	440
21	118
22	99
22	138
22	213
22	342
22	361
22	381
23	88
23	240
23	287
23	323
23	350
24	374
24	420
24	422
25	70
25	200
25	293
25	443
26	105
26	168
26	327
27	78
27	194
27	359
27	420
28	55
28	291
29	54
29	116
29	284
30	218
31	194
32	86
32	209
32	214
32	284
33	462
34	38
34	150
34	195
34	346
34	423
35	281
35	314
35	383
36	111
36	132
36	142
36	145
37	52
37	57
37	335
38	254
38	300
38	329
38	333
39	184
39	214
40	75
40	206
40	236
40	486
40	493
41	228
41	258
41	262
41	376
42	46
42	201
42	252
42	324
42	396
43	332
43	355
44	274
44	362
44	488
45	437
46	74
46	224
46	274
46	466
47	71
47	175
47	342
47	401
47	483
48	498
48	499
49	107
49	108
49	472
50	81
50	169
50	302
50	330
50	361
50	491
51	60
51	231
51	240
51	242
51	246
52	336
52	341
53	71
53	135
53	247
53	374
53	400
53	432
53	439
53	459
53	462
53	498
54	269
54	369
54	441
55	84
55	94
56	201
56	249
56	282
56	446
57	436
58	150
58	323
58	342
58	363
58	451
59	76
59	93
59	135
59	211
59	273
59	318
59	434
59	435
60	277
61	498
62	126
62	242
62	261
62	319
62	487
62	490
63	128
63	175
63	461
64	149
64	326
65	92
66	228
66	279
66	291
66	496
67	368
68	91
68	216
68	262
68	495
69	86
69	157
69	358
69	435
69	466
70	166
70	235
70	249
70	289
71	94
71	109
71	233
71	280
71	303
71	326
72	197
72	201
72	460
73	75
73	84
73	102
73	205
73	481
74	215
74	238
74	301
74	412
74	470
75	125
75	148
75	155
75	263
75	281
76	96
76	99
77	89
77	257
77	323
77	327
77	374
77	398
78	89
78	137
78	162
78	168
78	273
78	437
79	163
79	200
79	307
79	432
79	439
79	484
80	86
80	185
80	480
81	229
81	370
81	403
82	248
82	251
82	299
82	348
82	447
83	143
84	92
84	103
84	139
84	213
84	334
84	467
85	184
85	214
85	372
86	169
86	392
87	290
87	337
87	395
88	390
89	207
89	431
90	111
90	378
90	406
91	95
91	232
91	415
91	493
94	293
95	273
95	338
95	393
95	402
96	109
96	258
96	370
97	136
97	285
97	357
97	390
97	391
98	251
98	277
98	486
99	219
100	205
100	271
100	387
100	392
101	407
101	431
102	265
102	267
103	143
103	147
103	158
103	188
103	221
104	150
104	199
104	495
105	258
105	353
105	471
106	139
107	264
107	280
108	125
108	408
109	121
110	202
110	228
110	299
110	321
110	423
111	152
111	307
111	379
111	393
112	312
112	463
113	203
113	284
113	334
114	223
114	368
114	416
114	450
114	465
115	434
115	494
116	136
116	276
116	496
117	398
118	289
118	473
119	154
119	246
119	350
119	355
119	364
120	351
121	371
122	171
122	214
122	427
124	182
124	365
126	145
126	301
126	433
126	464
127	218
127	264
127	361
127	377
127	395
127	396
128	370
128	458
129	249
129	370
129	448
130	294
130	331
130	359
131	243
132	328
133	250
133	432
133	456
134	235
134	465
134	498
136	226
137	183
137	225
139	186
139	325
140	410
141	363
141	459
142	279
142	308
143	236
143	265
143	421
143	488
144	456
144	458
144	483
145	401
145	428
145	463
146	171
146	383
146	480
147	346
147	370
147	454
148	159
148	358
149	206
150	186
150	426
151	175
152	396
153	246
153	249
153	251
153	283
153	293
154	356
154	365
154	459
154	464
155	399
156	208
156	257
156	356
157	326
157	356
157	395
157	410
157	411
157	454
157	461
157	489
158	247
158	266
158	276
158	379
159	216
159	243
159	430
159	485
160	293
160	482
160	492
161	177
161	255
161	348
161	389
162	177
162	217
162	378
162	438
163	259
163	341
163	397
164	234
164	248
165	209
165	229
165	340
165	396
166	210
166	258
166	321
166	363
166	417
167	184
167	310
167	351
168	259
168	380
169	222
169	271
169	343
169	400
169	417
170	199
170	236
170	316
170	337
170	417
171	266
171	277
172	305
172	442
172	497
173	223
173	241
173	294
173	374
173	380
174	259
174	451
175	299
175	423
176	293
176	304
176	332
176	377
176	439
177	258
177	366
177	490
178	287
178	291
178	373
178	495
179	213
179	420
179	498
180	382
180	404
181	200
181	396
181	437
182	380
182	385
183	220
183	312
183	318
183	445
184	394
184	411
185	191
185	460
186	384
186	411
187	373
188	431
189	195
189	345
189	351
189	426
189	488
190	291
190	343
190	375
190	489
190	494
191	275
191	286
192	208
192	362
193	334
193	351
194	278
194	283
194	339
194	489
195	222
195	278
195	334
196	362
196	399
196	489
197	331
197	413
198	415
198	441
199	232
199	329
199	455
200	333
200	462
201	295
202	301
202	482
203	426
203	479
204	248
204	402
206	217
206	251
206	257
206	323
206	457
206	482
207	286
208	382
209	225
209	405
211	240
211	301
211	355
211	368
211	372
211	438
212	458
212	473
213	297
213	307
213	420
214	313
214	465
215	435
216	293
217	410
218	260
218	296
218	332
218	335
218	441
219	247
219	308
219	327
219	387
219	403
220	248
220	262
221	256
221	317
221	427
221	497
221	499
222	233
222	490
223	345
223	360
223	363
223	421
224	288
224	298
225	285
225	343
225	415
226	300
227	315
227	494
228	251
228	332
228	369
228	381
229	280
229	311
229	441
230	314
230	484
231	339
231	365
232	409
233	256
233	440
234	297
236	293
236	305
236	356
236	389
237	354
237	470
238	387
238	430
238	444
238	473
239	316
240	339
241	413
241	431
242	330
242	343
242	484
244	383
246	308
247	325
247	410
248	438
249	385
249	462
250	270
250	404
251	399
251	448
251	467
253	309
254	448
254	457
256	299
256	439
256	486
259	301
259	327
259	353
259	454
261	289
261	308
261	438
261	467
262	269
262	423
262	481
263	323
264	462
265	427
266	419
267	288
267	295
267	409
267	478
269	333
269	348
269	364
271	446
272	382
272	401
272	418
274	412
274	440
275	341
275	360
276	291
276	410
277	280
278	370
279	282
279	408
281	320
281	462
282	306
282	422
283	292
283	313
283	352
283	365
284	306
284	326
284	351
284	413
284	428
285	322
285	323
285	390
285	448
286	326
286	403
286	457
288	340
288	456
289	312
290	388
290	422
290	492
291	384
291	455
291	495
292	371
292	480
293	325
293	379
293	391
293	439
293	469
294	390
295	321
295	340
295	357
296	333
297	300
297	453
298	330
298	417
298	469
298	499
299	433
301	310
301	413
303	457
304	368
304	484
304	489
305	361
305	483
306	430
307	362
307	379
307	418
308	450
309	379
309	434
309	448
309	486
311	321
311	371
314	326
314	354
314	436
314	468
316	423
316	449
317	361
317	447
318	379
318	426
319	383
320	340
320	360
321	423
321	457
322	484
323	440
324	358
324	400
325	391
325	428
325	499
327	485
327	490
329	359
329	466
330	383
330	416
331	364
331	369
331	460
333	443
334	480
336	349
336	355
336	380
336	412
338	360
338	367
338	498
339	351
339	496
340	483
342	411
342	440
344	369
344	484
346	384
346	397
346	474
347	483
348	361
348	391
349	481
350	403
350	410
350	480
351	409
352	406
352	415
352	434
352	443
353	483
354	366
355	421
355	477
355	499
359	362
359	465
361	484
362	450
363	466
364	382
365	398
365	499
366	489
367	496
369	373
369	421
372	419
372	472
373	374
373	405
373	420
373	438
374	414
374	470
374	483
376	495
377	389
378	391
379	467
379	477
379	491
380	468
380	487
381	397
381	427
381	469
381	495
382	405
382	448
382	474
383	479
384	427
385	442
385	466
386	410
386	411
386	477
388	466
388	494
389	454
390	434
390	499
391	392
391	438
395	488
397	463
398	458
398	496
399	415
399	464
401	469
403	481
404	418
406	444
407	425
407	443
407	489
410	451
410	478
415	475
415	489
416	427
420	441
420	452
423	474
424	486
426	460
429	435
429	441
429	453
429	480
430	476
432	443
435	478
436	472
438	485
439	465
440	458
443	451
443	460
444	482
445	446
447	455
447	491
448	454
449	456
449	475
450	467
450	478
454	461
455	492
456	485
457	471
458	463
465	466
472	491
472	494
480	496