0	48
0	57
0	210
0	224
0	378
0	400
0	434
0	494
1	144
1	340
1	355
1	468
2	183
2	347
2	425
3	25
3	35
3	176
3	423
3	438
3	475
4	44
4	74
4	107
5	32
5	295
6	147
6	203
6	230
6	258
6	421
7	150
7	307
7	423
7	447
8	287
8	396
8	473
9	118
9	157
9	288
9	446
10	24
10	28
10	100
10	145
10	331
10	396
10	413
10	460
11	59
11	154
11	200
11	361
11	400
11	471
12	68
12	124
12	133
12	149
12	232
12	283
12	323
12	385
12	396
12	478
13	45
13	239
13	287
13	308
13	323
14	192
14	231
14	294
14	345
14	347
14	370
15	165
15	184
15	232
15	326
16	17
16	52
16	83
16	478
17	34
17	63
17	306
17	349
17	445
18	71
18	132
18	392
18	444
18	457
19	228
19	286
19	442
20	177
20	327
20	329
20	332
20	466
21	340
22	239
22	258
22	294
22	436
22	450
23	160
23	363
23	461
24	48
24	53
24	147
24	321
24	360
24	434
25	91
25	150
25	228
25	318
26	206
26	232
26	246
26	399
26	407
26	471
26	473
27	96
27	133
27	175
27	198
27	280
27	393
28	52
28	148
28	269
28	342
28	364
29	161
29	255
29	288
29	372
29	377
29	416
30	31
30	66
30	221
30	232
30	290
30	303
30	416
31	108
31	168
31	316
31	471
31	491
32	58
32	305
32	333
32	498
33	39
33	222
33	343
33	419
34	302
34	391
34	432
35	94
35	406
35	424
36	213
36	279
36	312
36	332
36	349
36	386
37	134
37	167
37	389
37	431
38	52
38	89
38	124
38	350
39	194
39	238
39	497
40	375
41	80
41	267
41	332
41	474
41	482
42	213
42	251
43	283
43	362
43	455
43	456
44	133
44	300
44	466
45	53
45	78
46	142
46	312
47	135
47	328
48	355
49	278
49	453
50	243
50	306
50	382
51	318
52	86
52	153
52	207
52	324
52	415
52	424
52	459
53	61
53	90
53	275
54	109
54	290
54	305
54	317
54	372
54	378
55	189
55	461
56	212
56	308
56	336
56	341
56	379
57	159
57	372
57	405
58	67
58	133
58	233
58	304
58	346
58	412
59	160
59	207
59	240
59	269
59	271
59	314
59	337
59	350
60	139
60	171
60	267
60	474
61	285
61	314
62	117
62	404
63	148
63	152
63	174
63	320
64	77
64	147
64	246
65	358
65	414
66	118
66	310
66	405
67	154
67	189
67	227
67	325
67	363
67	418
67	495
68	91
68	216
68	330
68	399
68	439
69	146
69	240
69	247
69	273
70	71
70	255
71	233
71	266
71	294
71	336
71	380
72	260
73	74
73	122
73	175
73	288
73	289
73	301
73	410
73	419
74	364
74	444
74	446
75	140
75	278
75	353
75	389
76	118
77	244
77	356
77	404
78	211
78	329
79	493
80	87
80	139
80	141
80	159
80	196
81	124
81	204
81	401
82	163
82	220
82	248
83	200
83	201
83	270
84	114
84	443
85	262
85	268
85	394
85	418
86	88
86	132
86	168
86	238
86	318
87	104
87	211
87	344
88	358
88	361
88	481
89	142
89	338
90	249
90	294
90	486
91	134
91	141
91	272
91	323
91	386
91	459
92	344
92	421
92	465
92	491
93	206
93	231
93	248
93	333
93	441
94	112
94	224
95	111
95	177
95	201
95	239
95	283
95	301
95	307
96	116
96	233
96	250
96	251
96	310
96	421
97	201
97	366
98	180
99	374
99	393
99	487
100	109
100	114
100	163
100	316
100	485
101	195
102	213
102	266
103	212
103	312
103	393
103	452
104	139
104	142
104	457
105	290
105	319
105	364
105	418
105	470
106	215
107	124
107	229
107	272
107	310
107	324
107	375
107	400
108	133
108	179
108	196
109	446
109	468
110	116
110	264
111	161
111	181
111	398
111	472
112	455
113	139
113	338
113	365
114	161
114	492
115	239
115	351
115	380
115	396
115	421
115	456
116	448
117	155
117	393
118	197
118	224
118	268
119	183
119	212
119	220
119	270
119	392
120	167
120	223
120	226
120	498
121	188
121	192
121	233
122	411
123	409
123	455
124	139
125	181
125	229
125	291
125	319
125	460
126	234
126	353
126	365
126	431
127	158
127	436
127	495
128	304
129	473
129	498
130	146
130	305
130	358
130	401
131	137
131	377
132	202
132	218
132	348
132	454
133	171
134	283
134	337
134	396
134	422
135	435
136	217
136	370
136	450
137	150
137	247
137	367
137	407
137	420
137	423
137	497
137	498
138	195
139	286
140	366
141	205
141	243
141	324
141	383
141	408
142	393
142	408
142	485
143	156
143	228
143	248
143	412
144	218
145	204
145	207
145	237
145	252
145	304
145	447
146	224
146	245
146	363
146	394
146	429
146	495
147	212
147	227
147	360
147	491
148	225
148	351
148	393
148	429
149	252
149	254
149	265
149	288
149	334
150	192
150	323
150	398
150	497
151	259
151	303
151	320
151	366
151	368
151	400
151	408
152	184
153	281
153	375
153	457
154	196
154	256
154	349
154	405
154	422
155	190
155	250
155	476
155	491
155	499
156	182
156	280
156	400
156	429
157	475
157	483
158	181
158	219
158	377
158	405
158	412
159	168
159	177
159	389
159	409
160	246
160	436
161	233
161	319
162	406
163	273
163	424
163	448
164	381
165	254
165	268
165	477
166	386
166	410
167	303
167	454
168	240
168	251
168	294
168	311
168	446
168	466
169	464
169	482
170	388
171	187
171	423
172	206
172	386
173	175
173	219
173	403
173	435
173	488
174	270
174	416
175	179
175	359
175	375
175	388
175	416
176	233
176	323
177	262
177	284
177	368
177	374
178	200
179	235
179	301
179	409
179	413
180	265
180	266
180	452
181	259
181	283
182	218
182	377
184	215
184	302
184	329
184	340
185	271
185	340
185	389
185	418
185	457
185	474
186	204
186	278
186	444
188	267
188	276
188	303
188	341
188	346
190	353
191	296
192	219
193	203
194	214
194	323
194	489
195	324
196	384
196	483
197	244
198	368
198	393
199	319
199	391
200	251
201	231
201	317
201	368
201	371
201	445
203	313
203	419
203	449
203	481
204	318
204	340
204	423
205	327
205	332
205	420
205	451
206	392
206	443
206	469
206	494
207	228
207	306
207	322
208	295
208	359
208	477
209	280
209	298
209	423
210	261
210	265
210	272
210	327
210	379
210	388
210	468
211	234
211	422
212	239
212	423
212	442
213	254
213	278
213	292
214	327
214	401
215	270
215	435
215	476
216	306
216	358
216	431
216	491
217	278
217	486
218	233
218	338
219	453
220	228
220	243
220	480
222	279
222	344
222	388
223	386
223	402
224	421
225	260
225	298
225	346
226	474
227	365
228	463
229	248
230	289
230	326
230	359
230	439
231	289
231	347
231	481
232	268
232	399
232	464
233	246
233	263
233	406
234	259
234	345
234	409
234	455
234	493
235	365
236	363
236	387
237	274
238	269
238	298
238	308
239	274
240	368
241	265
242	253
243	386
244	486
245	497
246	331
248	340
248	385
248	402
249	282
249	322
250	378
250	490
251	352
251	379
251	458
252	275
252	292
252	332
252	370
253	263
253	426
254	325
254	341
254	398
254	406
254	443
255	290
255	299
256	377
256	440
256	483
256	494
257	262
257	327
257	336
259	446
260	477
261	357
263	369
263	481
264	411
265	356
265	372
265	410
265	482
266	346
267	278
268	309
268	428
269	306
270	294
270	304
271	315
271	366
271	394
271	431
271	477
272	305
272	380
272	381
273	322
273	325
275	298
275	406
275	419
275	420
275	453
276	300
277	287
277	314
277	430
278	472
279	313
279	499
280	337
281	282
282	292
282	357
282	436
283	324
283	443
286	395
286	419
286	448
287	300
287	434
288	404
288	451
289	390
289	490
291	416
292	415
293	337
293	350
295	374
295	473
297	389
298	425
298	498
300	359
300	370
300	415
300	435
302	468
304	468
304	492
307	365
307	415
307	425
307	427
307	446
307	449
307	456
308	400
308	496
309	314
309	432
310	397
311	312
311	328
311	418
311	489
312	375
312	413
312	465
312	474
313	346
313	475
314	467
314	487
316	440
318	331
318	365
318	433
318	465
319	348
321	455
322	370
322	376
322	425
322	467
323	456
326	425
327	468
329	355
329	453
330	498
331	339
332	459
333	394
333	403
333	457
333	480
335	361
338	408
338	446
341	440
342	430
344	357
344	366
344	381
344	484
345	378
348	435
349	460
350	379
350	485
350	492
352	394
352	406
354	375
355	480
356	461
358	410
358	444
358	462
358	488
360	455
361	389
363	392
363	452
364	496
365	403
365	410
366	386
367	466
368	396
368	451
369	444
369	446
370	425
371	432
373	379
373	443
375	458
376	451
376	486
377	396
378	395
378	417
378	428
381	425
384	398
384	437
386	392
386	399
391	480
391	484
392	460
394	490
397	416
399	456
400	489
401	406
401	417
402	423
405	499
408	496
412	434
413	495
414	489
415	480
415	488
417	459
417	469
419	492
421	441
422	465
425	470
426	452
434	441
434	480
434	481
436	479
437	449
437	489
438	495
440	446
442	477
443	465
445	467
446	449
448	494
452	474
455	473
459	499
461	497
463	479
468	482
485	491
494	499