0	151
0	202
0	268
0	403
0	471
1	163
1	215
1	221
1	223
1	373
1	375
2	185
2	252
2	323
2	376
2	449
3	153
3	206
3	246
3	379
3	464
4	30
4	408
5	210
5	288
5	413
5	467
6	298
6	496
7	76
7	81
7	227
7	260
7	339
7	496
7	497
8	29
9	78
9	158
10	32
10	76
10	187
11	466
11	472
12	64
12	67
12	183
12	376
13	59
13	257
13	261
13	310
13	365
13	389
13	467
13	473
13	483
14	297
14	456
15	18
15	34
15	104
15	126
15	160
16	97
16	163
16	323
16	420
17	319
18	65
18	210
18	467
18	485
19	155
19	282
20	68
20	132
20	245
20	268
20	296
20	394
20	489
21	376
21	440
22	292
22	465
23	35
23	118
23	185
23	244
23	312
23	395
23	490
24	132
24	186
24	277
24	288
24	342
24	370
25	162
25	183
25	238
25	373
25	431
26	142
27	230
27	379
27	421
27	490
28	383
28	417
28	451
29	97
29	108
29	117
29	149
29	169
29	257
29	310
29	358
30	141
30	230
30	240
30	337
30	438
31	36
31	91
31	297
31	303
31	483
32	39
32	138
32	294
32	296
33	193
33	206
33	499
34	86
34	295
34	412
34	421
35	90
35	212
35	279
35	371
35	410
36	229
36	329
36	466
36	478
36	487
37	140
37	307
37	413
38	156
38	197
39	60
39	197
39	262
39	281
40	220
40	341
40	436
41	333
42	207
42	281
42	311
43	44
43	110
43	171
43	246
43	462
44	491
45	71
45	104
45	134
45	235
46	76
46	85
46	162
47	102
47	157
47	259
47	445
48	136
48	147
48	211
48	287
48	306
49	168
49	355
49	356
50	145
50	180
50	330
50	499
51	220
51	354
51	436
52	116
52	359
52	444
53	89
53	108
53	207
53	412
54	101
54	224
54	235
54	425
55	62
55	144
55	161
55	497
56	191
56	469
56	489
57	121
57	321
58	444
58	482
59	160
59	361
60	83
60	249
60	334
60	354
60	418
61	111
61	143
61	190
61	203
61	215
61	385
61	423
62	110
62	411
62	422
62	459
63	85
63	190
63	291
63	376
63	409
64	160
64	322
64	400
64	419
64	453
65	97
65	177
65	291
65	359
65	418
66	131
66	343
67	125
67	395
68	222
68	227
68	298
68	378
68	411
68	415
69	103
69	311
70	280
70	297
70	348
70	364
71	104
71	360
72	395
72	422
73	107
73	227
73	229
73	397
73	404
73	476
74	242
75	159
75	192
75	273
75	425
76	199
76	491
77	104
77	327
77	408
78	217
79	353
79	369
80	140
80	158
80	160
80	234
80	322
80	335
80	351
81	152
81	206
81	378
82	115
82	315
82	410
82	424
82	494
84	98
84	158
84	316
85	251
85	291
85	305
86	474
87	214
87	429
87	438
88	110
88	420
88	442
89	144
89	236
89	283
89	317
89	408
89	438
89	490
90	232
90	317
90	420
90	424
91	101
91	103
91	104
91	192
91	290
92	94
92	103
92	262
92	478
93	339
93	404
93	441
94	105
94	191
94	198
94	305
94	398
95	165
95	240
95	260
96	374
97	113
97	117
97	147
97	200
97	227
97	301
98	200
98	213
98	386
98	486
99	455
100	275
100	403
100	437
100	441
101	152
101	424
102	151
102	171
102	212
102	253
102	391
103	487
104	135
104	313
104	351
105	121
106	315
106	399
106	446
106	486
107	303
107	350
107	375
107	396
107	431
107	472
107	497
109	160
109	335
110	194
110	370
110	460
111	340
111	436
111	443
112	156
112	202
112	288
112	343
113	193
113	213
113	421
114	347
114	407
114	488
114	496
115	458
115	485
115	498
116	336
116	483
117	138
117	227
117	360
117	418
118	201
118	358
118	363
118	446
118	474
119	177
119	251
119	488
120	136
120	148
120	371
122	195
123	127
123	224
123	258
123	296
123	367
124	164
124	406
125	173
125	398
125	499
127	258
127	262
127	371
128	182
128	412
128	492
129	241
129	490
130	374
130	460
131	172
131	384
131	481
132	156
132	267
132	354
132	428
132	447
133	184
133	317
133	391
134	149
134	294
134	304
135	178
135	186
135	279
135	348
135	372
136	284
136	321
137	154
137	330
139	199
139	226
139	357
139	455
139	498
140	285
141	287
141	419
142	257
142	385
143	242
143	263
143	448
143	463
143	481
144	327
144	329
145	443
146	355
148	269
148	426
148	429
149	313
149	372
149	399
150	190
150	193
150	373
151	175
151	314
151	315
151	433
152	195
153	249
153	266
153	346
154	253
155	172
155	283
155	383
156	403
156	445
157	488
157	499
158	393
158	448
159	168
159	230
159	270
159	273
159	361
159	379
161	279
162	223
162	297
162	340
162	395
162	464
163	346
164	205
164	344
164	397
164	449
165	253
165	451
166	247
166	443
167	198
167	200
167	293
167	370
167	442
168	213
168	270
169	317
169	397
170	287
170	293
170	355
170	464
171	197
171	444
172	221
172	225
172	304
172	410
172	499
173	187
173	306
174	227
175	176
175	335
175	373
175	439
175	490
176	191
176	267
176	343
176	382
176	427
176	480
177	334
177	497
178	243
178	391
178	447
178	479
179	200
179	237
179	275
179	282
179	341
179	364
179	366
179	454
180	188
180	247
180	327
180	340
180	380
181	201
181	242
181	331
181	358
181	494
182	262
182	436
183	433
183	448
184	199
185	258
185	262
185	313
185	482
186	191
188	264
188	368
189	342
190	236
190	312
190	399
191	256
191	408
191	487
192	400
192	413
192	464
192	497
193	313
193	321
193	473
194	493
195	237
196	378
196	420
196	421
196	440
196	476
197	326
197	353
198	215
198	275
198	347
199	460
200	396
202	443
204	459
205	380
205	429
205	439
205	493
206	252
206	452
206	487
208	266
209	214
209	276
209	314
209	453
210	238
210	343
210	382
210	470
211	325
211	432
212	320
212	373
212	452
214	257
214	294
214	308
214	465
215	459
216	371
216	384
217	240
217	319
217	424
218	306
218	348
218	492
219	346
219	360
220	341
220	384
220	498
221	318
221	351
221	365
221	389
221	475
222	304
222	331
222	337
222	344
222	495
223	337
223	342
224	257
224	327
224	353
224	446
225	227
225	318
226	363
227	357
228	234
228	443
229	264
229	288
231	475
232	255
232	273
232	298
232	353
232	440
233	262
233	421
233	458
234	313
234	356
234	379
234	446
234	491
235	265
235	357
236	264
236	350
236	417
236	458
237	253
237	433
238	268
238	293
238	414
238	433
238	441
239	275
239	333
239	405
239	412
239	419
240	276
240	364
240	381
242	471
243	436
243	467
244	273
244	435
245	257
245	402
245	442
245	453
245	484
246	330
247	271
247	463
248	320
248	367
248	380
248	432
248	489
250	275
250	283
250	391
251	256
251	432
252	329
252	400
252	472
253	488
254	282
254	428
255	269
255	342
255	479
256	286
257	268
257	270
257	402
258	385
258	401
259	299
259	379
259	471
259	481
260	493
262	274
262	291
263	289
263	291
263	343
263	424
264	328
264	368
265	277
265	372
265	419
267	300
268	402
268	415
268	434
269	271
269	279
269	416
269	418
270	276
270	328
270	457
270	464
271	274
271	402
271	422
272	283
273	304
273	410
273	492
274	337
275	292
276	348
278	357
279	304
279	342
279	459
280	375
280	376
281	336
281	460
282	486
284	294
284	441
285	380
286	358
286	403
287	479
288	339
288	381
288	396
288	470
289	399
292	323
292	341
292	448
293	409
294	434
294	483
295	329
295	331
296	390
296	485
297	305
298	414
298	434
298	461
299	399
299	492
300	361
300	433
302	360
302	392
302	472
303	366
305	390
305	430
306	362
306	401
306	402
306	422
306	448
306	482
307	487
308	491
309	392
309	409
309	413
309	492
310	315
310	342
312	321
312	379
312	399
312	449
313	371
313	479
315	375
315	389
315	493
318	464
319	361
320	354
321	438
322	415
322	492
323	378
324	389
324	481
325	433
326	403
326	414
326	436
326	463
327	351
327	410
328	337
329	360
329	491
331	366
331	457
332	348
333	361
333	453
334	371
334	418
334	420
334	461
334	494
335	433
336	479
337	468
338	414
338	431
338	468
339	393
340	372
341	365
341	376
341	482
342	369
342	386
344	376
344	433
345	358
346	411
346	415
347	397
348	373
348	392
349	401
349	414
349	417
350	425
352	390
353	374
353	413
353	481
354	364
357	393
359	383
360	376
361	420
363	489
364	365
364	421
365	425
365	481
366	384
366	454
368	438
368	468
368	478
368	490
368	498
369	399
369	496
370	430
370	480
371	392
375	433
376	412
377	412
377	418
379	486
380	493
382	399
383	436
384	484
385	482
387	485
388	392
389	402
391	482
393	403
395	409
397	427
400	489
402	422
404	483
405	439
412	466
412	485
413	415
413	433
415	432
415	477
416	446
418	452
423	473
423	488
424	428
426	450
426	495
427	494
441	468
443	493
445	497
446	455
446	472
447	486
448	467
449	484
450	465
451	466
456	457
456	462
458	465
458	481
459	461
459	492
461	485
463	495
464	484
465	483
470	485
487	493