0	21
0	104
0	186
0	289
1	312
1	354
1	461
1	477
1	489
2	72
2	126
2	173
2	260
2	483
3	51
3	98
3	383
4	97
4	116
4	250
4	473
4	495
5	446
6	56
6	146
6	188
6	222
6	264
6	278
6	428
6	465
7	155
7	168
7	197
7	320
7	458
8	30
8	78
8	104
8	144
8	215
8	304
8	345
9	209
10	37
10	238
10	254
10	342
10	381
11	52
11	197
12	38
12	267
12	280
12	349
12	395
12	399
12	448
12	482
13	223
13	245
13	275
14	37
14	308
14	437
15	16
15	51
15	83
15	102
15	140
15	320
15	410
16	78
16	134
16	157
17	176
17	274
18	384
18	421
18	438
18	445
19	301
19	323
19	498
20	74
20	124
20	186
20	192
20	215
20	229
20	265
21	246
21	297
22	44
22	81
22	128
22	137
22	228
22	244
22	488
23	189
23	233
23	274
23	362
23	380
23	420
23	433
24	97
24	173
24	232
24	271
24	417
24	492
25	260
25	304
26	33
26	54
26	423
27	104
27	345
28	184
28	187
28	348
28	365
29	264
29	268
29	325
29	350
30	145
30	149
30	327
31	51
31	245
31	349
31	359
32	104
32	292
32	485
33	74
33	97
33	249
34	35
34	269
35	43
35	265
35	315
35	362
36	53
36	57
36	83
36	246
36	301
36	336
36	450
37	251
37	267
37	301
37	453
38	70
38	77
38	110
38	432
38	491
39	59
39	199
39	469
40	56
40	148
40	233
40	469
41	172
41	261
41	268
41	333
42	241
43	305
44	177
44	340
44	418
44	426
45	410
46	441
47	76
47	194
47	198
47	251
47	363
48	309
48	383
48	425
48	484
49	84
49	95
49	116
49	278
49	315
49	400
50	335
51	223
51	227
51	275
51	351
52	106
52	112
52	153
52	168
52	234
52	484
54	327
54	385
55	66
55	83
55	215
55	307
55	437
55	451
55	466
56	62
56	194
56	262
56	305
56	431
57	68
57	259
58	99
58	282
58	321
58	486
59	237
59	469
60	133
60	304
60	354
60	358
60	397
60	491
61	266
61	293
61	358
62	162
62	202
62	237
62	263
62	334
63	199
63	259
64	97
64	222
64	251
64	291
65	234
65	296
65	391
66	81
66	403
66	461
67	209
68	144
68	178
68	220
68	280
68	332
68	387
69	72
69	175
69	281
69	298
69	447
70	140
70	317
71	189
71	246
71	347
71	409
71	420
71	458
72	152
72	436
72	460
72	464
73	91
73	97
74	168
74	356
75	289
75	341
75	371
75	383
75	437
76	339
76	442
76	450
76	496
77	145
77	354
77	410
77	469
77	488
78	124
78	192
78	326
78	381
78	423
78	463
79	118
79	234
79	382
79	413
79	465
79	473
80	127
81	159
81	168
81	203
82	130
82	185
82	256
82	301
82	499
83	122
83	359
83	476
84	158
84	207
84	221
84	244
84	276
84	277
84	329
85	200
85	316
85	391
86	199
86	301
86	414
87	196
87	495
88	137
88	181
88	188
88	232
88	403
89	130
89	358
89	412
90	135
90	191
90	237
90	300
91	165
91	290
91	368
91	495
92	149
92	182
92	217
92	228
92	247
92	301
92	410
92	429
92	454
93	151
93	220
93	265
93	291
93	484
94	186
94	353
94	480
95	300
95	347
95	396
95	437
96	190
96	439
97	98
97	140
97	336
98	172
98	195
98	258
98	300
98	460
98	493
99	309
99	336
99	433
100	130
100	236
100	285
100	393
101	202
101	220
101	302
102	137
102	396
103	310
103	395
103	448
104	145
104	470
105	330
105	444
106	310
107	296
108	209
108	356
109	191
109	293
109	307
109	394
109	431
109	450
110	188
110	261
110	268
110	458
111	423
111	449
112	196
112	281
113	278
113	408
113	433
114	241
114	369
115	438
115	494
116	156
116	305
116	383
116	397
117	311
117	407
117	421
118	126
118	181
118	277
118	289
118	399
118	405
118	406
118	460
119	357
119	365
119	399
120	132
120	258
120	280
120	406
121	410
122	324
122	403
123	189
123	229
123	249
123	429
124	141
124	154
124	349
124	473
125	144
125	197
125	432
125	438
125	494
126	133
126	462
127	250
127	421
127	497
128	459
129	204
129	338
129	352
129	442
129	493
129	499
130	285
130	289
131	283
131	356
132	321
133	146
133	319
133	347
133	387
133	433
134	206
134	322
134	371
135	408
136	139
136	203
136	229
136	482
137	165
137	326
137	441
138	216
138	328
138	393
139	149
139	274
139	334
139	335
140	256
140	348
141	403
141	426
142	168
142	350
143	206
143	236
144	230
144	467
145	196
145	297
145	389
145	411
146	156
146	190
146	399
146	417
146	431
146	495
147	222
147	342
147	374
147	390
147	429
148	156
148	229
148	416
148	456
148	486
150	180
151	243
151	280
152	240
152	263
152	270
152	316
152	340
152	347
152	463
153	410
153	498
154	225
154	356
154	423
155	268
155	393
155	457
155	476
156	169
156	231
156	265
156	281
156	370
156	397
157	164
157	284
157	478
158	210
158	297
159	278
159	362
159	428
160	211
160	280
160	314
161	246
161	273
161	342
161	356
161	444
162	280
162	339
162	370
163	307
163	374
163	405
164	212
164	235
164	288
164	292
165	230
165	232
165	254
165	333
165	434
165	458
166	395
167	252
167	313
167	401
167	410
168	344
168	413
169	199
169	365
169	457
169	466
170	210
170	351
170	410
170	495
171	234
171	238
171	437
172	217
172	279
173	264
173	389
174	392
174	446
175	385
175	431
175	488
176	227
176	304
176	437
177	421
178	200
178	232
178	348
178	358
178	442
179	406
180	451
181	318
181	319
181	474
182	272
182	323
182	432
183	235
183	306
183	308
183	439
184	407
185	281
185	465
185	467
186	234
186	429
186	458
187	270
188	307
188	334
189	191
189	345
190	219
190	265
190	432
190	438
191	275
191	424
191	470
192	243
192	261
192	361
192	365
193	432
193	454
194	221
194	317
194	430
194	487
194	493
195	249
195	254
195	446
195	457
196	284
196	317
196	342
196	371
198	397
199	370
199	437
200	334
200	425
200	441
200	455
201	244
202	241
202	440
202	444
203	299
203	361
203	410
203	429
204	238
204	422
205	333
205	443
206	244
207	262
207	283
207	301
207	406
207	486
208	223
208	374
208	415
208	436
209	249
209	298
209	303
209	390
209	448
211	338
211	431
212	300
212	332
213	372
214	370
214	498
215	221
215	323
215	387
216	275
216	297
216	397
217	383
217	488
218	277
218	279
218	482
220	404
221	478
222	461
223	406
223	469
224	252
224	289
224	353
224	455
225	278
225	280
225	287
225	346
225	424
226	307
226	323
227	329
227	359
228	353
228	367
229	342
230	256
230	276
230	449
231	296
231	493
232	337
232	471
233	375
233	426
233	451
233	454
234	309
234	485
235	297
235	437
236	322
236	446
237	270
237	433
237	486
238	240
239	460
240	346
240	378
241	336
241	357
241	377
242	257
242	341
243	367
243	443
244	372
244	430
245	308
245	456
246	251
246	257
246	258
246	284
246	330
246	410
246	440
246	476
247	468
247	478
247	498
248	267
248	397
248	490
249	256
249	271
249	366
249	411
250	462
250	491
251	257
251	311
252	277
252	411
253	317
253	461
254	366
254	483
254	486
254	494
255	260
255	367
255	454
255	469
256	413
256	431
256	451
256	477
257	345
257	409
257	494
259	261
260	279
260	351
260	381
261	403
261	419
261	474
262	405
264	356
265	315
265	368
265	436
265	494
266	313
266	476
268	292
269	281
269	289
269	293
269	345
269	401
269	437
270	311
271	286
271	449
272	441
274	354
274	416
274	434
274	443
274	477
275	384
275	441
276	295
276	392
276	467
276	492
277	316
277	348
277	453
278	407
279	284
279	465
279	475
280	422
281	288
281	395
283	335
283	417
284	480
285	322
285	326
285	489
286	369
287	288
287	330
287	361
287	371
288	449
289	402
289	438
290	323
290	413
290	478
291	332
291	336
291	418
292	339
292	360
293	355
294	400
294	483
294	493
295	326
298	309
298	421
299	344
301	391
301	438
301	443
302	320
302	329
303	409
303	462
304	407
304	436
304	456
304	497
305	372
307	361
307	377
308	332
308	428
308	463
309	407
309	477
310	353
310	401
310	455
310	471
311	395
311	401
311	411
312	322
312	344
312	348
312	359
312	398
313	353
313	369
313	472
314	328
314	376
314	478
314	496
316	387
317	318
318	380
320	373
320	409
321	358
321	373
322	446
322	450
322	476
322	497
323	382
323	385
323	429
326	387
327	400
328	351
328	489
329	362
329	455
329	465
330	459
331	434
331	439
331	447
332	437
333	415
333	492
334	491
335	350
335	365
335	396
335	498
337	406
337	415
338	372
338	413
338	429
338	469
339	466
341	420
342	350
342	436
342	475
343	381
345	484
346	368
346	410
346	419
347	376
347	390
348	383
348	485
349	435
351	497
352	483
353	476
354	468
356	362
357	407
357	452
358	411
358	458
358	475
360	410
360	428
360	473
361	403
364	451
365	378
365	482
367	431
370	375
371	479
373	425
373	466
373	482
374	414
374	437
375	410
377	429
378	411
379	452
380	483
381	410
382	453
383	480
383	481
385	429
386	397
386	454
388	438
389	467
391	395
391	413
391	421
392	413
392	494
394	459
395	401
395	442
395	452
399	479
400	422
400	427
400	472
401	472
404	484
404	491
405	441
407	485
408	447
410	422
411	479
413	453
415	450
415	453
416	458
416	499
417	431
417	498
419	484
425	436
425	464
427	430
428	480
428	499
429	472
430	465
432	476
432	488
435	443
438	456
441	471
442	449
442	467
443	453
444	448
445	497
446	470
448	498
448	499
450	464
457	479
458	461
462	491
463	474
463	475
464	476
465	476
467	468
475	497
480	482
482	492
492	497