0	101
0	246
0	346
0	466
1	42
1	47
1	210
1	425
2	33
2	71
2	105
2	156
2	278
2	428
3	206
3	415
4	20
5	15
5	57
5	414
6	122
6	140
6	175
6	349
7	110
7	303
7	335
7	442
8	19
8	59
8	86
8	136
8	364
9	71
9	168
9	328
10	61
10	249
11	176
11	304
11	341
11	364
11	387
12	155
12	311
12	344
13	486
14	238
14	377
14	398
15	50
15	87
15	354
15	404
15	453
16	76
16	198
17	225
17	382
18	31
18	162
18	337
18	339
18	459
19	35
20	43
20	69
20	349
20	445
20	475
21	378
22	58
23	250
23	305
24	127
24	148
24	218
24	266
24	338
24	388
24	470
25	107
25	159
25	245
25	367
26	96
26	104
26	209
26	221
26	279
26	350
26	369
26	443
27	51
27	59
27	90
27	92
27	268
27	362
27	398
28	82
28	116
29	107
30	47
31	61
31	78
31	334
31	401
31	467
32	79
32	83
32	97
32	199
32	237
32	300
32	484
33	52
33	337
33	413
33	463
34	52
34	56
34	144
34	206
34	409
34	479
35	80
35	144
35	283
35	358
36	471
37	147
37	186
37	214
37	219
37	447
38	43
38	179
38	300
39	102
39	174
39	243
39	371
39	376
39	452
39	474
39	494
40	111
40	307
40	420
41	55
41	57
41	177
41	361
41	403
41	422
42	127
42	231
42	310
42	386
42	465
43	56
43	89
43	139
43	185
43	205
43	233
43	341
44	85
44	110
44	361
44	479
45	123
45	251
45	381
45	430
46	449
47	81
47	253
47	403
48	118
48	121
48	213
48	273
48	315
49	215
49	262
49	330
50	281
50	410
51	63
51	199
51	487
52	152
53	64
53	122
53	141
53	169
53	245
53	264
53	431
54	60
54	138
54	179
54	264
54	277
54	364
54	389
55	112
55	240
55	371
56	97
56	160
57	108
57	235
57	431
58	175
58	275
58	343
59	100
59	194
59	332
59	346
60	88
60	192
60	288
60	351
61	75
61	131
61	136
61	138
61	158
61	195
61	251
61	290
61	474
62	76
62	189
62	223
62	244
62	362
62	456
63	327
63	345
64	121
64	137
64	241
64	444
65	267
66	91
66	140
66	273
66	307
66	494
67	157
67	259
68	349
69	156
69	171
69	219
70	107
70	148
70	180
70	234
70	271
70	415
71	375
72	85
72	141
72	152
72	287
72	353
72	392
73	228
73	345
73	433
74	79
74	136
74	224
74	252
74	259
74	277
74	361
75	150
75	246
75	330
75	437
76	198
76	351
77	135
77	174
77	205
77	293
77	426
78	88
78	91
78	118
78	314
78	325
78	363
78	396
79	109
79	190
79	497
80	130
80	199
80	254
80	316
80	422
80	477
82	288
82	340
82	344
82	439
82	478
83	240
83	357
83	380
83	416
84	441
85	283
86	435
87	148
87	177
87	215
87	243
87	295
87	430
87	484
88	154
88	272
88	310
88	355
88	441
88	496
90	107
90	205
90	265
90	288
90	426
91	157
91	219
91	436
92	160
92	203
92	471
93	276
93	318
94	352
94	405
95	274
95	291
95	324
96	123
96	276
96	431
97	358
98	198
99	419
100	110
100	262
100	311
101	238
101	294
101	363
101	486
102	145
102	300
102	401
103	298
103	332
104	217
104	372
104	410
105	205
105	480
106	124
106	277
106	297
106	308
107	139
107	150
107	286
107	353
107	496
109	160
109	178
109	195
109	329
109	418
109	467
110	344
110	388
110	421
111	186
111	291
111	356
111	390
111	469
112	212
112	223
112	378
113	122
113	149
113	153
113	166
113	304
113	380
113	388
113	402
113	415
114	203
114	417
115	140
115	333
117	357
117	366
118	180
119	356
119	425
119	473
119	485
120	189
121	284
121	404
123	275
124	143
124	495
125	166
125	362
126	434
127	175
127	185
127	195
127	298
127	343
127	473
128	170
128	358
129	145
129	436
130	148
130	152
130	167
130	439
131	324
131	438
132	149
132	261
132	297
132	322
132	486
133	156
133	159
133	239
133	446
134	386
136	254
136	255
136	303
136	357
136	456
137	163
137	228
137	263
137	402
138	148
138	308
138	402
138	476
139	144
139	367
139	479
140	244
140	397
140	472
141	326
142	206
142	240
142	373
142	429
142	453
142	458
143	249
143	314
144	178
144	250
144	495
145	224
145	285
145	408
145	488
146	187
146	247
146	320
147	155
147	240
147	250
147	442
149	276
149	359
149	460
150	181
150	301
150	393
150	446
150	490
150	494
151	210
152	173
152	177
152	358
154	185
154	463
154	480
155	455
155	463
155	474
155	497
156	199
156	327
156	427
156	466
157	239
157	256
157	283
157	311
157	371
157	478
157	488
158	225
158	258
158	348
158	377
159	474
160	313
160	336
161	464
162	167
162	225
163	285
163	297
163	335
163	357
163	365
163	483
164	465
165	364
165	440
165	453
166	192
166	250
166	261
167	190
167	273
167	320
167	340
168	187
168	373
168	441
169	178
169	253
169	258
169	334
170	312
170	370
171	459
172	343
172	463
173	369
175	296
175	350
175	395
175	409
175	483
176	270
176	330
176	382
177	203
177	336
177	493
178	319
178	327
178	435
178	441
178	494
179	219
179	459
180	253
180	380
181	189
181	204
181	225
181	302
181	314
181	380
181	474
182	198
182	248
182	325
182	332
182	341
183	189
184	205
184	217
184	228
184	238
184	257
184	284
184	337
184	396
185	228
185	268
185	394
185	397
186	230
186	251
186	478
187	493
188	196
188	451
189	190
189	300
190	330
191	193
191	265
192	223
192	236
192	377
193	458
193	469
194	358
194	384
194	388
194	412
195	339
195	432
195	487
196	214
196	229
196	256
196	446
197	344
198	440
199	397
199	423
199	463
199	470
200	298
200	335
200	420
201	226
201	486
201	488
202	210
202	376
203	241
203	289
203	374
204	377
204	436
205	230
205	282
205	496
206	417
207	389
208	209
209	309
209	379
209	397
210	217
210	411
211	222
211	230
211	431
211	471
212	342
212	429
212	465
213	332
213	471
214	231
215	346
215	489
216	248
216	342
217	321
217	396
217	411
217	444
218	240
218	355
218	365
219	251
219	410
220	342
220	445
221	329
221	359
221	381
222	298
222	415
222	425
223	309
223	322
224	229
224	472
225	251
225	278
225	304
225	489
226	313
227	316
228	361
228	422
230	237
230	249
230	261
230	438
231	468
232	251
232	339
232	481
233	290
233	366
234	371
234	435
235	258
235	309
235	360
235	384
235	418
236	270
236	305
236	408
237	324
237	452
237	498
238	315
239	240
239	264
239	355
241	337
241	344
241	432
242	382
243	365
244	273
244	276
245	327
246	297
246	425
247	305
247	349
247	397
248	495
249	344
249	374
250	361
250	476
251	265
252	414
253	269
255	376
255	386
255	394
256	432
256	457
257	389
257	415
258	311
258	353
258	355
258	384
259	304
259	348
260	458
260	485
260	494
261	272
261	407
262	274
262	335
263	281
263	436
265	399
267	379
267	480
269	450
269	484
270	455
271	319
271	400
272	430
273	301
273	311
273	387
273	466
273	467
274	391
275	330
275	436
275	453
277	394
277	490
278	289
278	384
278	410
278	448
278	487
279	356
279	366
279	437
280	374
280	449
283	489
284	316
284	455
285	447
286	335
286	431
286	433
286	484
287	308
287	402
287	412
288	320
289	398
290	404
291	476
292	360
293	338
293	465
294	420
294	462
295	361
295	394
296	323
296	479
297	485
298	437
299	326
299	367
299	461
301	430
304	445
304	492
305	319
305	337
305	357
305	471
305	492
306	315
306	329
306	429
307	360
307	420
307	425
307	450
309	468
310	380
311	321
311	464
311	491
312	478
313	335
314	450
315	376
316	432
316	450
317	380
317	414
317	431
317	490
319	344
319	360
319	450
321	401
321	420
321	468
322	358
323	371
324	355
324	462
324	471
324	482
326	364
327	353
329	337
329	387
329	420
331	380
331	387
331	487
332	400
334	413
334	427
335	430
335	450
336	349
336	355
337	370
340	368
340	458
341	431
341	498
342	445
343	416
343	473
344	374
345	367
345	368
346	390
347	442
348	397
348	419
349	453
350	439
350	473
351	369
351	448
352	381
353	484
354	457
355	404
355	435
356	484
357	365
359	479
360	458
360	462
361	363
361	460
362	438
362	458
363	483
364	378
365	373
366	372
366	468
366	493
368	411
368	480
368	497
369	377
369	445
369	498
370	409
374	459
376	475
377	395
377	440
379	417
379	493
381	410
382	421
382	465
383	408
385	440
386	406
388	452
390	455
390	499
392	467
396	422
398	479
399	490
400	458
401	430
403	443
406	417
407	490
409	442
409	446
414	416
414	466
415	446
416	446
418	429
419	468
421	493
422	491
423	485
424	425
425	482
428	447
429	480
430	490
431	491
435	456
435	486
436	458
439	483
443	457
444	482
444	484
447	450
447	457
447	472
453	471
454	462
458	466
462	463
469	480