0	8
0	152
0	166
0	279
0	415
0	428
1	268
1	463
1	481
2	14
2	129
2	231
2	434
2	495
3	116
3	151
3	222
3	225
3	427
3	458
4	155
4	396
5	9
5	331
5	353
5	415
5	439
6	46
6	485
7	105
7	236
7	321
8	74
8	88
8	115
8	243
8	272
8	474
9	85
9	187
9	251
9	313
9	352
9	405
9	481
10	62
10	78
10	244
10	319
10	344
11	68
11	435
12	78
12	83
12	158
12	173
12	265
12	358
12	372
12	398
13	28
13	59
14	375
14	492
15	347
15	359
16	44
16	188
16	411
17	99
17	283
17	424
18	42
18	105
19	48
19	129
19	158
19	340
19	444
20	120
20	193
20	254
20	417
20	462
21	23
21	190
21	199
21	308
21	318
21	334
21	341
22	154
22	161
22	434
23	158
23	213
23	298
23	413
23	497
24	262
24	284
24	315
24	408
25	103
25	413
26	85
26	90
26	194
26	230
26	428
27	198
27	373
27	398
28	290
28	381
29	97
29	222
29	349
30	81
30	82
30	197
30	211
30	340
30	380
31	201
31	238
31	403
31	456
31	460
32	70
32	200
32	307
32	313
32	435
33	126
33	167
34	297
34	298
34	349
34	375
34	410
34	458
35	222
35	338
35	428
36	123
36	144
36	423
37	145
37	188
37	351
37	416
38	103
38	140
38	162
38	175
38	304
38	436
38	443
39	272
39	422
40	111
40	318
40	340
40	466
41	96
41	127
41	225
41	409
42	50
42	88
42	191
42	272
42	407
42	424
42	438
43	82
43	141
43	165
43	277
43	303
43	332
44	56
44	464
45	100
46	352
46	468
47	205
47	431
47	436
48	86
48	92
48	239
48	246
48	456
49	56
49	104
49	153
49	238
49	323
49	327
50	53
50	483
51	72
51	229
51	388
51	421
52	322
52	441
53	186
53	211
53	273
53	344
53	416
54	112
54	141
54	165
54	289
54	303
54	380
54	398
54	419
55	285
55	291
55	318
55	444
55	455
55	486
56	126
56	374
56	393
56	475
57	141
57	206
57	335
57	448
58	92
58	242
58	359
58	459
58	482
59	94
59	129
59	148
59	200
59	349
60	96
60	296
60	328
61	86
61	249
61	498
62	65
62	122
62	412
62	480
63	361
63	455
63	476
64	149
64	197
64	300
64	433
65	67
65	164
65	306
66	146
66	181
66	190
66	279
66	301
66	360
66	414
67	96
67	130
68	386
68	487
69	120
70	250
70	300
70	335
70	428
70	462
70	472
71	131
71	145
71	429
71	430
72	194
72	248
72	388
72	391
73	82
73	162
73	193
73	246
73	257
73	281
74	187
74	287
74	401
74	475
75	104
75	187
75	412
76	184
77	119
77	192
77	258
77	465
78	300
78	463
79	125
79	236
79	312
79	447
79	485
80	153
80	162
80	224
81	361
81	371
82	235
82	366
83	107
83	125
83	360
84	108
84	308
85	261
85	320
86	160
86	345
87	126
87	399
87	436
87	441
88	107
88	119
88	122
88	154
88	236
88	244
88	295
88	349
88	355
88	381
88	386
88	432
88	451
89	308
89	420
89	494
90	172
90	185
90	379
90	430
91	184
91	233
91	378
91	405
92	167
93	236
93	334
94	153
94	162
94	200
94	202
94	306
94	314
95	152
95	163
95	179
95	195
95	314
95	337
95	458
96	230
96	248
96	257
96	487
96	496
97	151
97	167
97	224
97	239
97	286
97	424
98	183
98	248
98	323
98	355
98	455
99	177
99	225
99	341
99	349
99	489
100	238
100	324
100	437
101	146
101	247
101	248
101	254
101	380
102	130
102	149
102	278
102	450
103	125
103	258
103	321
103	490
104	274
104	326
104	384
105	356
105	449
105	465
106	143
106	381
106	481
107	198
107	207
107	254
107	312
107	391
108	360
108	457
108	498
109	117
109	251
109	320
110	114
110	454
111	227
111	305
111	469
112	221
112	468
113	464
114	158
114	186
115	177
115	346
116	227
116	446
117	189
117	247
117	456
118	225
118	421
119	323
120	122
120	125
120	233
120	272
120	480
121	245
121	266
121	386
123	162
123	453
124	465
125	281
126	422
127	221
127	443
127	449
128	129
128	479
129	133
129	146
129	151
129	185
130	145
130	201
130	225
130	307
130	484
131	273
131	333
131	383
131	432
132	243
132	411
132	435
133	209
133	328
134	257
134	324
134	370
134	425
135	409
136	494
137	443
138	147
138	489
139	395
139	485
140	201
140	261
140	344
140	410
141	416
142	172
142	214
142	350
143	339
143	392
144	191
144	334
144	386
144	445
144	493
145	201
145	213
145	217
145	389
146	149
148	197
148	240
148	373
149	228
149	247
150	202
150	227
150	325
151	325
151	478
152	191
152	208
153	427
154	238
154	245
155	316
155	466
156	332
157	366
157	379
158	339
158	467
158	472
158	480
159	175
159	208
159	397
160	223
160	329
161	164
161	194
161	431
162	309
163	191
163	215
163	248
163	278
164	263
164	272
164	384
164	402
164	437
165	448
166	333
166	355
167	170
167	219
167	261
167	392
167	444
168	185
168	220
168	379
169	285
169	305
169	315
169	456
170	209
171	449
172	282
172	298
172	322
172	484
173	193
173	284
173	447
174	353
174	441
174	451
175	233
175	417
176	220
176	271
176	278
176	336
177	244
177	367
177	386
178	252
179	201
179	215
179	243
179	246
179	323
179	376
179	415
179	441
180	366
181	185
181	426
181	464
182	190
182	285
182	286
182	409
184	203
184	438
184	480
184	487
185	451
185	492
186	210
186	227
186	458
186	490
187	263
187	452
188	475
189	284
189	315
190	346
190	396
190	450
191	260
192	202
192	308
192	336
192	346
193	260
194	241
194	277
194	310
194	352
195	201
195	285
196	324
196	435
196	499
198	260
198	294
198	363
198	365
198	382
199	292
199	337
200	330
200	496
201	244
201	363
201	414
202	206
202	250
202	307
202	347
202	426
202	428
203	233
204	430
204	490
205	305
205	308
205	367
205	468
207	246
207	305
207	318
207	325
207	472
209	220
209	222
209	261
209	277
209	442
210	345
211	230
211	285
211	475
212	248
212	348
212	404
213	221
213	252
215	235
215	278
216	225
216	317
216	369
216	371
216	377
216	402
217	471
218	231
218	242
218	473
219	274
220	341
220	361
220	427
224	269
225	298
225	319
226	267
226	332
227	360
227	451
230	324
230	368
231	368
231	382
231	432
232	272
232	292
232	448
232	464
233	337
233	448
234	252
234	253
234	256
234	307
234	347
234	406
235	436
235	498
236	343
236	374
237	281
237	340
237	349
237	367
237	443
239	317
240	390
241	378
241	419
241	441
241	479
242	256
242	346
242	449
242	490
243	262
243	340
243	456
244	361
245	272
245	422
245	480
246	384
247	264
247	290
247	323
247	333
247	484
248	259
248	483
249	384
249	387
249	425
250	268
250	302
250	394
251	350
251	462
251	486
251	491
252	317
252	339
253	299
253	310
254	305
254	429
255	347
256	284
256	296
258	304
258	307
258	455
259	309
260	325
260	495
262	287
262	497
263	284
263	329
263	499
264	361
264	492
265	428
266	378
267	303
268	438
269	401
269	431
269	487
270	386
270	389
271	319
271	367
272	339
272	461
272	462
273	275
273	364
275	293
275	312
275	464
276	332
276	335
277	401
278	333
278	443
280	396
281	315
281	326
281	364
281	411
282	455
283	387
283	480
284	306
284	396
284	405
285	393
285	437
286	307
286	446
286	491
287	321
287	330
287	414
287	464
288	357
289	364
289	436
290	402
290	474
292	295
294	325
294	369
294	495
295	324
296	367
296	407
296	415
296	461
297	343
297	459
298	412
299	359
299	381
301	475
302	393
304	305
304	453
305	341
306	414
307	333
307	425
308	323
308	354
309	405
309	437
310	327
311	375
311	408
312	449
314	364
314	438
314	482
316	418
316	497
317	369
318	430
319	393
319	483
320	409
321	450
321	469
323	337
323	361
323	435
324	336
324	460
326	408
327	342
327	404
327	457
328	354
328	455
329	360
329	429
331	493
332	387
332	433
333	490
334	341
334	431
334	443
335	346
336	361
336	398
337	357
337	424
337	462
338	367
338	384
338	462
341	436
343	397
343	477
344	358
344	425
345	476
346	421
346	448
347	361
347	394
347	429
348	390
348	442
351	358
351	375
351	469
352	416
353	425
354	452
358	458
359	436
359	443
360	484
362	431
362	480
362	496
363	472
363	492
364	460
366	370
367	493
368	426
369	439
370	482
372	388
373	498
375	441
378	391
378	423
378	475
379	486
379	493
380	446
380	454
384	409
384	428
385	401
386	483
387	475
391	404
391	480
393	443
394	415
394	466
394	482
396	477
397	463
397	499
398	414
399	445
400	481
400	499
401	424
402	429
404	459
404	481
405	423
406	440
406	496
407	486
408	489
410	413
411	483
413	453
414	442
414	471
415	435
419	455
419	471
421	470
421	479
422	465
425	478
426	473
426	479
429	454
429	472
429	484
429	495
430	435
432	443
432	479
436	462
443	471
444	464
447	460
448	454
448	480
449	489
450	480
450	484
455	462
455	488
456	471
462	472
465	474
467	486
481	490