0	23
0	100
0	193
0	205
0	228
0	299
0	465
0	477
1	138
1	148
1	168
1	238
1	343
1	376
1	444
2	322
3	474
4	112
4	140
4	157
4	322
4	407
5	333
6	57
6	100
6	260
7	8
7	245
7	274
7	277
7	344
7	487
8	232
8	307
8	349
8	366
9	96
9	272
10	213
10	265
10	271
10	408
11	176
11	241
12	99
12	230
12	457
13	75
13	111
13	328
14	148
14	232
14	402
15	153
15	298
15	466
16	240
16	319
16	383
17	71
17	212
17	325
17	383
17	468
17	472
17	475
18	212
18	416
19	102
19	122
19	170
19	269
19	291
19	435
20	182
20	269
20	366
20	400
21	421
22	80
22	86
22	95
22	200
22	262
22	374
22	456
23	436
24	86
24	109
24	448
25	90
25	131
25	146
26	163
26	249
26	279
26	430
26	465
27	161
27	183
27	205
27	335
27	351
28	230
28	283
28	304
29	115
29	141
29	220
29	284
29	310
29	400
30	67
30	104
30	145
30	481
30	493
31	126
31	418
31	498
32	201
32	215
32	315
32	413
32	463
32	491
33	96
33	121
33	260
33	307
34	36
34	48
34	121
34	288
35	133
35	167
35	309
35	367
35	387
35	445
35	465
36	317
36	348
37	238
38	120
38	225
38	268
38	445
39	317
40	296
40	298
40	467
41	125
41	141
41	193
41	210
41	305
41	319
41	340
41	366
41	406
41	407
41	441
42	451
43	105
43	160
43	162
43	470
44	145
44	289
44	303
44	406
45	157
45	166
45	177
45	338
45	403
46	108
46	262
46	270
47	91
47	195
47	268
47	303
47	324
48	65
48	230
48	285
48	322
48	462
49	87
49	137
49	142
49	241
49	275
49	294
49	381
49	392
49	430
50	95
50	310
50	364
50	480
51	282
51	365
51	375
51	418
51	481
52	149
52	189
53	127
53	213
53	298
53	489
54	265
54	311
55	116
55	429
56	230
56	284
57	62
57	295
57	316
57	480
57	496
58	160
58	202
58	211
58	255
58	346
58	466
59	72
59	203
59	306
59	380
59	436
60	153
60	317
60	392
61	270
61	353
61	379
61	480
62	199
62	308
63	190
63	337
63	376
64	68
64	186
64	210
64	291
64	320
64	387
65	200
65	217
65	224
66	72
66	129
66	151
66	231
66	312
66	320
66	421
66	468
67	112
67	158
67	299
67	328
67	329
67	379
67	462
68	69
68	220
68	222
68	426
68	456
69	111
69	246
69	296
69	356
69	402
70	436
70	449
71	83
71	490
72	130
72	178
72	184
72	434
73	125
73	332
74	107
74	185
74	253
74	435
75	201
75	295
76	236
76	271
77	111
77	159
78	430
78	454
78	485
79	173
79	249
79	274
79	302
79	320
79	330
79	371
79	498
80	163
80	199
80	284
81	223
82	269
83	113
83	150
83	182
84	430
85	267
85	284
85	343
86	300
86	393
86	471
87	286
87	331
88	103
88	165
88	185
89	241
89	245
89	358
89	411
90	106
90	163
90	237
90	393
90	484
91	254
91	355
91	423
92	105
93	151
93	155
93	157
93	279
93	296
93	301
93	316
93	396
94	151
94	168
94	169
94	238
94	356
94	414
94	461
95	105
95	141
95	262
95	439
96	221
96	309
96	360
97	272
97	295
97	355
97	387
97	435
97	495
98	206
98	225
99	136
99	144
99	364
99	435
100	189
100	341
100	447
101	107
101	135
101	199
102	158
102	169
102	346
102	433
102	494
103	137
103	211
103	214
103	297
103	463
104	174
104	329
105	188
105	243
105	464
106	127
106	162
106	215
106	240
106	293
107	167
107	377
108	234
108	250
108	344
108	360
108	411
109	202
109	296
109	381
109	412
109	444
110	329
111	144
111	290
111	426
111	448
112	412
113	118
113	246
113	390
114	174
114	271
114	285
114	419
115	134
115	192
115	245
116	335
117	306
117	404
118	141
118	166
118	208
118	239
118	279
118	401
118	480
119	169
119	223
119	227
119	333
120	134
120	295
120	347
121	457
122	171
122	174
122	382
122	463
123	136
123	342
124	250
124	409
124	485
125	289
125	486
125	492
128	268
128	337
129	474
130	249
130	341
130	415
130	416
131	267
132	326
132	364
133	168
133	305
133	419
133	454
134	292
134	328
134	341
134	361
134	467
134	487
135	325
135	328
135	339
136	298
136	363
136	372
136	382
136	406
136	411
137	154
137	194
137	252
137	373
138	197
138	337
139	228
139	372
140	275
140	472
141	143
142	222
142	236
142	355
142	385
143	199
144	329
144	443
145	175
145	240
145	257
145	449
146	232
146	241
146	249
146	337
147	398
148	152
148	179
148	415
149	280
149	395
150	356
151	339
151	373
151	444
152	153
152	233
152	360
152	391
153	166
155	444
156	178
156	238
156	367
156	445
157	277
158	178
158	302
158	345
159	189
159	364
159	399
160	208
160	353
160	493
161	227
161	407
162	212
162	224
162	368
162	408
163	421
164	251
164	399
165	209
165	336
166	299
166	345
166	346
166	354
166	408
166	461
166	472
168	245
168	361
168	421
169	455
170	401
170	452
171	218
171	478
172	227
172	293
172	298
172	348
172	490
173	183
173	202
173	329
173	454
174	325
174	405
175	229
175	271
175	285
175	310
175	313
175	327
175	454
175	474
175	490
176	212
176	318
176	329
176	429
177	203
177	254
177	406
178	315
178	458
179	310
179	321
179	414
179	469
180	286
180	381
180	429
181	194
181	203
181	433
181	449
181	491
183	397
184	194
184	203
184	218
184	339
184	404
185	291
185	319
185	322
187	306
187	343
187	391
187	448
187	455
188	450
190	269
190	293
190	382
190	418
190	480
191	215
191	414
191	433
191	490
192	268
192	350
192	396
193	226
193	419
194	238
194	254
194	333
194	481
196	274
196	447
196	448
197	203
197	213
197	268
197	459
198	357
198	360
199	261
199	426
199	431
200	249
200	285
200	290
201	221
201	227
201	302
201	311
202	325
202	498
203	366
203	483
204	214
204	293
204	433
205	225
205	234
205	379
205	464
205	469
206	309
206	352
206	390
207	273
207	311
207	331
208	224
208	227
208	355
210	222
210	316
210	321
210	472
210	482
210	499
211	262
211	285
211	366
211	453
212	247
212	282
212	326
213	439
215	263
215	264
215	287
215	325
215	358
216	402
217	256
217	438
218	287
218	452
218	489
219	244
219	298
219	401
220	310
220	470
221	497
222	359
222	367
222	433
222	489
223	422
225	326
225	400
225	416
226	259
226	418
226	479
227	323
227	330
227	374
228	287
228	499
229	360
230	245
231	279
231	322
232	271
232	383
233	343
234	265
234	334
234	353
234	376
234	384
235	316
235	408
236	251
236	422
236	426
236	442
237	433
237	454
238	473
239	466
240	244
240	245
240	391
240	444
240	485
241	315
241	416
241	453
242	443
243	263
243	359
244	465
247	319
247	343
247	414
248	399
248	455
249	450
250	267
250	357
250	499
251	355
252	281
252	493
253	436
253	487
255	293
255	341
255	394
256	320
256	430
256	453
256	479
257	470
258	282
258	314
259	357
260	297
260	389
260	467
261	264
261	482
262	465
262	466
262	472
263	494
264	302
264	333
265	432
265	435
266	475
266	476
267	460
269	333
269	392
270	401
271	335
274	353
274	402
274	499
276	317
276	399
276	407
276	480
277	280
277	457
278	383
279	398
279	490
280	383
280	462
281	457
282	312
283	364
283	393
283	487
284	328
285	289
286	443
287	455
287	465
289	345
289	495
290	292
290	441
291	328
291	378
291	404
292	313
292	410
293	345
293	352
293	473
295	357
295	392
295	435
297	420
298	495
299	338
299	385
299	477
299	491
300	386
301	471
302	440
303	318
303	461
304	351
304	367
304	438
305	462
306	323
306	417
308	336
308	497
309	495
311	431
312	317
312	325
313	361
314	387
314	430
314	438
315	388
317	443
318	407
319	380
319	398
319	483
321	469
324	461
326	361
328	339
328	409
328	489
329	382
331	492
332	497
333	458
334	379
335	382
335	402
336	413
337	413
338	456
340	377
340	462
340	471
341	397
341	401
341	466
342	404
342	465
343	483
345	428
346	411
346	456
347	441
348	462
350	460
351	405
351	473
352	433
352	440
354	471
355	495
356	448
357	364
357	482
358	396
359	423
360	368
361	413
361	481
362	374
363	398
363	399
363	424
364	372
364	404
364	417
364	444
364	472
366	426
366	450
367	373
367	383
367	462
368	369
368	439
368	493
369	405
369	471
370	473
373	470
374	486
375	376
375	442
380	411
380	413
382	409
382	450
382	461
383	470
384	391
388	497
389	445
390	426
390	447
392	485
393	427
394	440
395	431
396	486
398	493
398	495
402	410
404	431
404	442
404	485
405	439
405	471
406	444
408	453
410	448
411	475
412	454
413	444
414	493
415	435
415	439
416	437
416	476
418	449
419	477
422	489
424	460
425	472
427	444
427	496
430	449
435	478
440	475
442	491
443	496
446	477
447	449
448	493
450	474
450	494
453	488
455	497
456	487
457	460
458	487
466	498
479	488
480	499
481	494