0	9
0	59
0	186
0	361
1	286
2	107
2	156
2	301
3	21
3	45
3	307
3	394
3	412
4	56
4	233
4	301
4	317
4	456
5	130
5	264
5	301
5	302
5	413
5	478
6	44
6	95
6	277
6	342
6	375
6	459
6	494
7	61
7	305
7	331
7	436
7	444
7	486
8	13
8	71
8	205
8	250
8	310
9	275
10	88
10	231
10	264
10	382
10	389
10	439
10	464
10	475
11	73
11	261
11	469
12	90
12	154
12	216
12	355
12	494
13	76
13	127
14	43
14	44
14	266
15	154
15	266
16	171
16	224
16	388
16	405
16	444
16	479
17	50
17	122
17	157
17	215
18	31
18	297
19	323
20	313
20	339
20	384
20	417
21	122
21	150
21	170
21	238
21	246
22	155
22	190
22	338
22	352
22	390
22	468
23	42
23	302
23	312
23	357
24	69
24	91
24	129
24	131
24	142
25	73
25	282
25	321
25	324
25	420
26	436
26	495
27	118
27	180
27	348
28	84
28	175
28	266
28	293
28	391
28	427
29	357
29	498
30	107
31	41
31	245
31	318
31	446
32	86
33	59
33	218
34	240
34	256
34	258
34	407
34	474
35	215
35	271
35	337
35	338
36	47
36	293
37	200
37	203
37	257
37	325
38	65
38	127
38	314
38	403
39	68
39	286
39	372
40	80
40	122
40	220
40	381
40	420
41	60
41	261
41	276
41	376
41	405
41	438
42	65
42	73
42	140
42	476
43	312
43	467
44	80
44	123
44	173
44	189
44	371
45	139
45	203
46	438
47	56
47	102
47	103
47	395
47	421
47	437
48	116
48	366
48	414
49	78
49	95
49	204
49	249
50	183
50	430
51	328
52	107
52	192
52	217
52	272
52	324
52	326
52	349
53	214
53	273
53	323
53	334
53	445
54	170
54	383
55	72
55	282
55	315
55	381
55	430
56	84
56	139
56	182
56	327
56	473
56	482
57	270
58	79
58	125
58	134
58	261
59	208
59	244
59	270
59	296
59	398
59	418
60	74
60	165
60	166
60	442
60	446
61	202
61	254
61	263
61	413
61	471
62	441
62	477
63	119
63	187
63	343
63	363
63	474
64	207
64	211
64	225
64	230
64	288
64	359
65	73
65	124
65	202
65	429
66	104
66	218
66	297
66	463
67	71
67	97
67	344
67	389
67	408
67	423
68	178
69	278
69	364
69	398
69	481
70	73
70	114
70	304
71	162
71	434
71	492
72	78
72	171
72	288
72	353
72	488
73	267
73	409
74	132
74	151
74	379
74	380
74	407
75	94
75	285
75	339
75	466
76	141
76	301
76	449
77	166
77	462
78	212
78	291
78	300
78	384
79	88
79	222
79	247
79	362
80	117
80	171
80	233
80	368
80	474
80	488
80	496
81	142
81	206
82	246
82	248
82	254
82	379
82	481
83	143
83	347
83	383
84	130
84	144
84	196
84	212
84	233
84	314
84	460
85	360
85	367
86	225
86	235
86	283
86	429
86	481
87	177
87	179
87	216
87	245
87	484
88	210
88	269
88	358
89	290
89	392
90	168
90	472
91	199
91	266
91	337
91	379
92	114
93	166
93	174
93	421
93	436
94	128
94	181
94	346
94	358
94	430
94	437
95	230
95	356
95	405
95	431
96	436
96	453
98	380
98	396
98	407
99	298
99	306
99	326
99	416
100	171
100	204
100	487
101	171
101	202
102	137
102	180
102	188
102	231
102	494
103	135
103	420
104	171
104	313
105	138
105	465
105	485
106	163
106	215
106	315
106	402
106	442
107	335
108	277
108	453
109	158
109	308
110	123
110	188
110	204
110	226
110	328
110	374
110	411
111	124
111	159
111	346
112	485
113	413
113	491
113	494
114	177
114	199
114	253
114	265
114	351
114	383
114	424
114	481
115	192
116	263
116	345
116	357
117	211
117	474
117	475
118	272
118	342
119	289
119	429
120	245
120	427
120	448
120	452
120	483
121	273
121	385
121	416
121	464
122	368
123	150
123	267
123	285
123	438
123	470
123	474
123	487
124	247
125	195
125	237
125	301
125	365
126	138
126	181
126	362
127	151
127	186
127	205
127	450
128	460
129	170
129	314
129	442
130	147
130	176
131	319
132	197
132	480
132	499
133	241
133	282
133	299
133	451
134	373
134	395
134	458
135	389
136	176
136	178
136	300
137	425
137	433
137	495
138	365
138	408
138	437
139	268
139	302
139	391
140	212
140	442
142	226
143	322
143	428
144	177
144	223
144	409
144	422
145	146
145	305
146	331
146	361
147	184
147	227
147	248
147	332
148	285
149	175
149	231
149	367
150	173
150	181
150	187
150	334
150	451
151	176
152	491
153	318
154	411
154	440
154	490
156	421
156	427
156	456
157	205
157	454
157	458
157	466
158	338
159	375
159	486
160	216
161	438
161	492
162	175
162	211
162	462
162	469
163	169
163	341
164	214
165	167
165	475
166	370
166	486
166	491
167	290
167	376
167	389
167	459
168	234
168	256
169	256
169	324
169	341
169	458
170	226
170	273
170	468
171	180
171	327
171	488
172	214
172	332
172	424
173	389
173	443
174	222
174	231
174	319
174	457
175	233
176	201
176	245
176	495
177	186
177	290
177	314
177	400
177	439
179	185
179	322
179	342
179	400
179	421
180	416
180	432
180	449
181	389
181	411
181	466
182	185
182	207
182	233
182	389
183	198
183	317
183	392
183	469
183	473
184	251
184	313
184	412
184	419
184	478
185	307
186	198
186	210
186	239
186	339
187	240
187	346
188	231
188	241
188	471
189	302
189	339
190	201
190	396
190	487
191	456
193	244
193	289
193	482
194	379
195	251
195	284
195	321
196	218
196	245
196	272
196	369
197	281
197	306
197	350
198	248
198	318
199	465
199	489
200	439
200	464
201	282
202	486
203	329
203	436
203	467
204	315
204	337
205	252
205	318
205	358
205	363
206	283
206	308
206	373
207	483
208	230
208	267
208	305
208	344
208	380
209	415
209	465
209	482
210	244
210	316
210	442
210	450
210	468
211	278
212	438
212	461
212	480
213	405
213	410
214	220
214	222
214	281
214	387
214	412
214	437
214	471
215	261
215	486
216	339
216	347
216	409
217	311
217	453
218	235
218	290
218	426
219	314
219	410
220	305
220	381
221	251
221	422
222	277
222	300
222	319
222	340
222	434
222	472
222	482
224	463
224	488
225	324
225	466
225	487
226	268
226	273
226	416
227	453
228	262
228	357
228	429
228	435
228	484
229	300
230	294
230	377
230	498
231	242
231	359
231	459
232	497
233	270
233	347
233	365
234	241
234	256
234	442
234	487
235	323
235	330
236	307
237	246
237	258
237	268
238	251
238	336
238	456
238	462
238	475
239	311
239	347
239	378
239	469
240	260
240	264
241	353
241	400
241	424
242	274
242	294
242	303
242	411
242	412
242	448
243	309
243	369
244	256
244	313
244	443
245	275
245	330
246	458
246	482
248	251
248	253
248	354
248	420
249	329
249	349
249	410
250	368
250	430
251	263
251	357
253	438
254	265
255	287
255	487
257	421
258	289
258	392
258	449
259	314
260	361
260	444
260	451
261	340
261	408
262	332
262	367
262	395
262	491
262	496
263	271
263	288
263	364
263	411
263	487
263	499
264	289
265	348
265	421
266	276
266	340
266	376
266	411
267	347
267	469
269	405
269	461
269	487
269	489
270	345
271	283
271	448
272	353
272	472
273	395
273	422
273	462
273	477
273	496
275	379
276	418
276	468
277	497
278	337
278	487
279	345
279	392
280	344
280	377
280	387
281	292
281	328
281	420
283	291
283	302
283	319
283	334
285	305
285	465
286	362
286	366
287	291
288	298
289	347
289	357
290	388
293	303
293	443
293	486
295	302
295	367
295	407
295	495
296	392
296	473
297	317
298	313
298	337
299	456
299	499
300	351
300	353
301	341
301	402
302	495
303	423
303	471
304	336
304	452
306	322
306	396
306	427
306	452
306	481
307	339
307	386
307	448
307	498
308	405
308	465
310	361
310	404
311	319
311	347
311	422
314	464
315	435
316	367
316	374
317	412
317	436
318	479
319	321
319	398
319	477
320	372
321	452
322	425
323	406
324	409
325	429
327	345
328	412
328	422
329	433
329	480
330	354
331	333
332	470
332	478
333	404
333	408
333	496
335	440
336	337
336	425
337	433
337	442
338	442
339	494
340	353
340	357
343	364
343	494
344	379
345	433
346	368
346	447
347	373
348	411
348	433
348	479
350	411
351	376
351	382
352	418
352	439
353	455
353	466
355	411
359	462
359	492
360	459
360	493
364	476
365	387
365	462
365	488
366	415
367	403
368	461
368	497
369	401
372	411
373	379
374	486
376	392
377	412
379	494
383	394
385	484
386	408
387	452
388	400
390	420
393	424
393	485
393	490
394	484
395	414
397	428
399	428
399	431
399	490
399	492
402	486
403	412
404	475
405	452
423	462
424	427
429	448
433	489
433	490
437	490
437	491
442	481
442	493
446	485
446	498
447	462
447	471
448	449
449	464
451	462
452	492
455	474
458	497
459	462
466	479
466	487
476	478
486	494
492	495