0	4
0	78
0	254
0	294
0	309
0	322
0	349
1	59
2	13
2	77
2	104
2	319
2	345
2	397
3	67
3	72
3	99
3	101
3	110
3	205
3	315
3	351
3	368
4	10
4	80
4	110
4	155
4	174
5	200
5	227
5	327
6	147
6	257
7	377
7	388
7	397
8	183
8	387
8	394
9	202
9	229
10	39
10	321
10	349
10	379
11	144
12	129
12	178
13	54
13	117
13	211
13	232
13	387
14	21
14	153
14	281
15	25
15	52
15	94
15	197
15	237
16	224
16	381
17	54
17	154
17	167
17	172
17	225
17	235
17	267
17	296
17	396
18	139
19	88
19	168
19	217
20	37
20	93
20	103
20	148
20	289
20	309
20	372
21	29
21	70
21	323
22	119
22	129
22	214
22	392
23	109
23	291
24	235
24	371
24	395
25	98
25	279
25	323
25	386
26	115
26	134
26	330
26	372
27	79
27	89
27	115
28	114
28	145
28	289
28	330
28	375
29	75
29	87
29	319
29	339
30	105
30	268
30	320
30	336
30	343
30	363
31	229
31	260
32	33
32	44
32	194
32	380
33	125
33	249
33	251
33	339
33	351
34	125
34	140
34	305
34	396
35	86
35	192
36	50
36	228
37	75
37	83
37	93
37	378
38	47
38	209
38	257
39	156
39	167
39	237
39	328
40	52
40	57
40	99
40	245
40	276
40	341
40	379
41	140
41	261
42	126
42	177
42	187
42	277
42	293
43	121
43	167
44	47
44	164
44	327
44	353
44	357
45	51
45	172
45	326
45	366
45	394
46	127
46	146
46	317
46	397
47	149
47	188
47	201
47	319
47	343
48	84
48	106
48	194
48	244
48	331
48	365
49	380
50	103
50	245
50	327
51	95
51	204
52	139
52	164
52	299
52	335
52	382
53	214
53	255
54	121
54	123
54	372
54	382
55	335
56	285
57	168
58	138
58	203
58	225
58	244
58	309
59	129
59	130
59	176
59	207
60	77
60	146
60	288
60	366
61	154
61	196
61	221
61	296
61	338
62	113
62	139
62	280
62	302
63	312
63	328
63	330
64	92
64	215
64	219
64	227
64	312
64	351
64	352
65	119
65	274
65	364
66	87
66	171
66	312
66	359
67	110
67	261
68	77
68	100
68	136
68	334
69	203
70	137
70	197
70	218
70	269
70	279
70	365
71	129
71	146
71	290
71	348
71	371
72	190
73	110
73	226
73	257
73	373
74	122
74	387
75	239
76	104
76	118
76	162
76	188
76	209
76	246
77	232
77	255
77	391
78	93
78	122
78	132
78	215
78	256
79	133
79	150
79	183
79	214
79	264
79	276
80	270
80	301
81	206
81	250
81	302
81	314
81	331
82	100
82	195
83	211
83	256
83	324
84	109
84	199
84	225
84	229
84	257
84	351
84	372
85	257
85	263
85	266
85	334
85	341
86	153
86	194
86	228
86	260
86	318
87	145
87	208
87	261
87	319
87	390
87	397
88	286
90	202
91	207
91	366
92	133
92	136
92	169
92	325
92	373
93	292
93	351
93	366
94	255
94	396
95	246
95	275
95	361
95	363
96	201
96	396
97	122
97	175
97	244
97	285
97	358
97	368
97	395
98	130
98	150
98	219
98	249
98	291
99	214
99	291
100	381
100	382
101	115
101	363
102	208
102	248
102	270
102	363
102	395
103	169
103	226
103	250
104	137
104	173
104	176
105	196
105	314
105	384
106	113
106	119
106	232
107	122
107	283
107	298
107	302
107	360
107	373
108	121
109	134
109	339
109	348
110	210
110	335
111	117
111	124
111	159
112	215
112	394
113	216
113	255
114	348
115	169
115	187
115	254
115	280
116	125
116	271
116	295
116	300
116	361
116	372
117	172
117	353
117	395
117	398
118	184
118	195
118	319
118	371
119	334
120	333
121	216
121	317
121	334
121	339
122	237
122	303
122	344
123	172
123	222
123	255
123	264
123	362
123	393
124	229
124	267
124	319
124	392
125	178
125	283
125	343
126	294
126	312
126	314
127	268
128	394
129	136
129	214
129	346
130	196
130	270
130	284
130	363
130	371
130	382
131	249
131	345
132	135
132	275
133	157
133	284
134	207
135	178
137	371
138	278
139	193
140	191
140	230
140	231
140	382
141	151
141	263
141	274
141	307
142	202
142	385
143	163
143	239
143	308
144	173
144	213
144	258
144	324
144	331
144	382
145	178
145	198
145	243
145	293
146	207
146	231
147	181
147	314
147	338
147	386
148	186
148	254
148	297
148	376
149	254
149	261
149	387
150	239
150	258
151	340
151	376
152	162
152	201
152	218
152	242
152	301
152	367
153	218
153	380
154	299
154	378
154	390
155	311
156	158
156	199
156	303
156	304
157	192
157	293
157	295
157	381
158	180
158	217
158	278
158	373
159	160
159	193
159	238
159	380
161	389
162	167
162	274
162	298
162	350
163	174
163	180
163	234
163	289
163	386
164	227
164	271
165	170
166	254
166	268
167	239
167	395
168	169
168	381
168	383
168	391
169	278
169	297
170	210
170	306
170	316
170	337
171	384
172	242
172	260
173	354
176	313
176	334
176	361
177	342
178	200
179	253
179	261
179	264
180	277
180	282
181	282
181	303
182	212
182	297
182	301
182	340
183	228
183	229
183	240
183	294
183	310
183	325
183	399
184	203
184	222
184	238
185	306
187	337
188	240
188	332
188	368
189	209
189	352
190	219
190	232
190	347
191	223
191	263
192	341
192	389
193	331
193	354
193	380
194	296
194	303
195	250
195	299
196	338
196	366
196	391
197	296
197	300
197	387
198	219
198	242
198	305
198	314
199	215
199	322
199	329
199	366
199	393
200	204
200	322
200	399
201	222
201	243
201	262
201	273
201	331
201	378
201	395
202	328
202	368
203	215
203	218
203	295
203	338
203	377
204	223
205	235
205	290
205	296
205	339
205	385
205	394
206	226
207	278
207	336
208	225
208	232
208	374
208	390
209	392
210	372
211	253
211	343
212	371
213	295
215	247
215	251
215	258
218	222
218	258
218	318
219	325
220	245
220	246
220	283
220	284
220	295
220	308
222	234
222	315
222	322
222	360
223	229
223	282
226	267
228	342
229	388
230	302
230	376
231	319
231	356
232	234
233	289
234	242
235	273
236	350
237	262
237	277
238	352
238	386
239	334
239	355
240	248
240	386
241	332
242	317
242	382
242	394
243	347
243	359
245	251
245	292
245	381
246	296
247	257
247	356
247	361
248	272
248	329
248	347
248	395
249	347
249	358
250	279
250	303
250	305
250	339
251	340
252	260
253	276
253	343
254	262
255	312
255	375
256	321
257	269
257	288
258	319
258	375
259	309
260	385
261	271
261	393
262	344
262	366
262	389
262	393
264	298
264	361
265	353
266	313
266	360
266	370
267	309
267	319
267	329
267	339
268	284
269	275
269	366
270	299
271	285
271	292
271	308
273	296
273	362
273	376
274	332
277	369
277	371
279	286
279	359
279	387
281	319
281	345
284	312
284	372
286	299
286	398
287	291
287	311
288	393
290	399
293	294
293	315
294	397
295	361
296	323
296	375
298	379
298	381
300	339
301	306
301	331
301	356
301	391
302	353
302	367
303	334
304	396
306	313
307	310
307	321
309	376
310	315
312	380
315	338
315	363
318	386
320	362
321	343
322	330
323	372
324	378
325	381
326	370
327	367
334	370
334	384
335	367
338	373
339	352
343	386
346	358
347	354
347	392
348	381
349	397
353	382
365	379
366	367
366	370
373	390
373	393
376	382
380	382
386	393
397	399