0	14
0	61
0	162
1	36
1	52
1	111
1	365
2	7
2	195
2	279
3	19
3	57
3	112
3	136
3	191
4	26
4	51
4	69
4	225
4	245
4	286
4	391
5	80
5	84
5	109
5	184
5	187
5	365
6	151
6	267
6	319
6	336
6	382
7	200
7	326
7	333
7	336
7	392
8	114
8	132
9	164
9	222
9	237
9	283
9	324
10	26
10	345
11	115
12	162
12	165
12	172
12	228
12	272
12	355
13	369
14	123
14	375
15	242
15	246
15	375
16	155
16	205
16	380
17	219
18	65
18	172
18	173
18	219
18	315
19	297
19	328
20	85
20	159
20	349
21	118
21	125
21	375
22	47
22	63
22	236
23	196
23	200
23	216
23	224
23	234
24	107
24	116
24	247
24	390
25	85
25	304
25	327
25	373
26	37
26	308
26	386
27	103
27	141
27	225
27	243
27	250
27	288
28	44
28	104
28	133
28	291
29	190
29	358
29	371
30	255
31	153
31	158
31	193
32	78
32	114
32	125
32	127
32	206
32	218
32	302
32	338
33	214
33	227
34	172
34	174
34	177
34	178
35	219
35	315
35	381
36	245
36	378
37	72
37	108
37	122
37	172
37	354
37	395
38	110
39	72
39	104
39	152
39	345
40	81
40	189
40	198
40	319
40	365
41	169
41	240
41	299
41	371
42	184
42	220
43	116
43	208
43	316
43	350
44	116
44	179
44	330
45	398
46	66
46	69
46	104
46	323
46	386
47	100
47	207
47	335
48	141
48	173
48	282
49	50
49	104
49	331
50	51
50	236
51	118
51	347
51	397
52	233
52	258
52	307
52	371
52	374
53	105
54	171
54	348
55	149
55	300
55	367
56	97
56	209
56	263
56	299
56	347
57	153
57	175
57	232
57	254
57	357
58	175
58	283
58	372
58	387
59	136
59	238
59	344
59	382
60	68
60	100
61	164
61	210
61	248
61	315
61	336
62	162
62	187
62	188
62	197
62	272
62	316
62	397
63	73
63	212
63	226
63	388
63	392
63	398
64	113
64	257
64	280
64	318
64	319
64	339
64	381
65	74
65	168
65	198
66	225
66	265
66	281
67	72
67	85
67	228
67	248
67	266
67	342
67	375
68	97
68	118
68	151
68	332
69	139
69	381
70	200
70	208
70	214
70	258
70	391
71	173
71	255
72	100
72	228
72	334
73	112
73	118
73	254
73	255
73	262
73	361
74	76
74	113
74	180
75	245
75	296
75	362
76	81
76	94
76	181
76	227
76	396
77	257
78	274
78	397
79	106
79	158
79	175
79	364
79	366
81	141
81	310
82	315
83	102
83	107
83	163
83	231
83	306
83	316
84	149
84	379
85	152
85	222
85	263
85	337
86	104
86	234
87	157
87	166
87	223
88	138
88	142
88	230
88	301
88	378
89	178
90	122
91	225
92	143
92	145
92	147
92	189
93	98
93	121
93	125
93	168
93	228
93	311
93	324
93	395
94	126
94	213
94	279
94	316
95	141
95	254
96	172
97	196
97	364
98	221
98	359
99	115
99	231
99	247
99	315
100	107
101	204
101	309
102	219
102	275
102	342
103	132
103	167
103	202
103	340
105	207
106	117
106	172
106	225
106	399
107	203
107	236
107	319
108	163
108	375
109	161
109	266
109	269
110	224
110	302
111	200
114	129
114	142
114	210
115	116
115	280
116	168
116	304
118	176
119	137
119	238
120	238
120	329
120	360
120	390
121	150
121	256
121	358
122	134
122	276
123	344
123	389
124	164
124	281
125	314
125	381
126	220
126	249
126	310
127	206
128	239
128	342
129	159
130	171
131	177
131	210
131	330
131	337
132	279
133	175
133	197
133	238
134	285
134	360
135	309
135	335
136	193
136	280
136	358
137	180
137	185
137	188
137	217
137	347
137	353
138	139
138	145
138	277
138	383
139	144
139	360
139	385
140	204
140	336
141	189
141	259
141	344
142	150
142	359
143	333
144	232
144	278
144	298
145	154
145	160
145	263
145	354
146	211
146	303
146	306
146	310
147	195
147	396
148	178
148	196
148	222
149	170
149	232
149	392
150	158
150	197
150	243
150	396
151	325
151	391
152	180
152	240
152	273
152	373
155	229
156	188
156	204
156	302
158	281
158	301
158	307
158	313
158	316
159	219
159	293
159	302
159	304
159	375
160	190
161	204
161	319
162	297
163	250
164	233
164	282
165	176
165	200
165	316
165	355
166	250
166	339
166	358
166	375
167	206
167	254
167	319
167	383
169	234
169	274
169	347
169	349
172	186
172	261
172	312
172	348
173	221
173	234
173	389
174	231
174	249
174	366
174	396
175	214
175	252
175	276
175	353
175	368
176	337
177	335
178	315
179	298
179	300
179	397
181	211
181	247
181	335
181	364
182	228
183	233
183	234
183	324
184	231
184	321
184	356
184	393
185	245
185	291
185	382
186	220
187	313
187	361
187	376
188	252
188	253
188	288
188	289
188	306
188	347
190	344
190	363
191	243
192	251
193	336
194	243
194	245
194	294
194	359
195	305
195	368
195	386
196	376
197	221
198	259
198	318
198	320
199	305
200	224
201	254
201	264
202	289
203	222
203	244
203	386
204	391
205	348
205	375
206	231
206	232
206	240
206	270
207	229
207	290
208	287
208	295
208	301
209	337
209	344
211	271
212	358
212	378
214	253
215	358
216	263
216	302
216	342
216	360
216	362
217	274
219	255
219	264
219	308
220	337
220	375
221	388
222	388
223	360
225	269
226	351
226	374
227	385
227	393
229	232
229	301
229	339
230	321
230	325
230	386
230	387
231	285
232	357
232	367
232	380
232	387
233	308
233	317
233	354
233	366
233	374
234	294
234	313
234	350
235	346
235	372
237	296
237	297
238	268
238	396
239	255
239	365
239	387
240	251
240	291
241	301
242	337
242	393
243	300
244	324
248	250
248	333
248	385
249	379
250	258
250	322
250	372
251	335
251	364
251	395
253	259
254	353
254	387
255	295
255	335
255	351
255	353
255	399
256	272
256	294
257	365
258	285
258	364
258	384
258	390
259	339
260	293
262	284
262	286
262	360
262	373
262	377
262	380
263	264
263	342
264	337
265	377
268	340
269	270
269	301
269	306
269	335
271	351
272	361
272	369
274	367
274	390
275	280
276	282
276	291
276	349
278	393
279	299
280	388
281	303
281	362
282	396
283	291
283	312
284	375
285	360
288	310
288	318
289	345
289	376
291	381
292	316
294	303
294	345
294	354
295	302
295	325
295	368
295	375
295	376
295	385
296	352
296	356
297	385
300	331
302	321
302	347
304	397
305	347
305	374
306	337
307	346
309	391
311	343
313	368
314	352
315	340
315	386
317	389
318	372
319	341
321	357
322	346
322	399
325	342
325	377
327	388
331	371
331	375
331	385
331	388
335	360
338	354
338	370
340	382
341	381
342	369
342	382
345	350
346	396
348	390
348	397
349	360
349	380
354	357
354	399
361	377
366	369
368	376
368	378
375	399
376	386
378	382
378	394
380	381
388	391