0	89
0	91
0	120
0	228
0	239
0	302
1	258
1	351
2	57
2	72
2	79
2	123
2	154
2	286
3	56
3	74
3	108
3	220
3	305
3	323
3	350
3	390
4	13
4	120
4	198
4	210
4	235
5	24
5	183
5	184
5	283
5	286
6	276
6	310
6	338
6	353
6	399
7	55
7	85
7	343
8	59
8	102
8	182
8	247
8	269
8	324
8	380
9	218
9	230
9	352
9	389
10	86
11	92
11	194
11	349
12	111
12	135
12	162
12	247
12	287
12	365
12	376
13	31
13	71
13	345
14	17
14	290
14	344
15	44
15	123
15	179
15	220
15	313
16	55
16	86
17	54
17	130
18	252
18	273
18	307
19	77
20	58
20	72
20	368
21	271
21	362
22	93
22	135
22	246
23	48
23	232
23	236
23	280
24	177
24	218
24	309
24	331
25	50
25	62
25	230
25	236
26	236
27	89
27	218
27	236
27	314
27	334
28	94
28	131
28	218
28	328
29	76
29	109
29	151
29	235
29	329
29	338
29	388
30	39
30	47
30	245
30	290
31	87
31	97
31	134
31	142
32	135
32	187
32	305
32	314
32	349
33	47
33	131
33	143
33	291
33	361
34	103
34	155
34	311
35	87
35	238
35	380
36	59
36	153
37	69
38	165
38	240
38	283
38	351
38	399
39	258
39	279
39	295
39	316
40	125
40	192
40	254
40	313
41	103
41	147
41	249
41	261
41	313
41	380
42	139
42	163
42	167
42	318
42	337
42	365
43	312
43	357
44	210
44	228
44	282
44	321
44	338
45	259
45	362
46	98
46	349
46	379
46	394
47	81
47	350
47	386
48	149
48	171
48	207
48	249
48	351
49	191
49	259
49	395
50	114
50	244
51	58
51	137
51	155
51	241
51	245
51	266
51	348
51	364
52	175
52	241
53	235
53	241
53	265
53	266
53	301
53	351
54	291
55	343
56	118
56	349
56	369
56	381
57	101
57	172
57	311
58	173
58	345
59	197
59	204
59	255
59	284
60	257
60	266
60	344
60	373
61	69
61	120
61	157
61	176
61	217
61	247
61	318
61	367
62	170
62	279
62	289
62	302
62	329
63	152
63	208
63	219
64	82
64	89
64	160
64	269
64	277
64	278
65	90
65	210
66	96
66	140
66	213
66	354
67	162
68	145
68	227
68	371
68	394
69	188
69	334
69	346
70	156
70	194
70	228
71	374
72	109
72	387
73	103
73	177
73	270
74	144
74	163
75	143
75	152
75	199
75	249
75	377
76	166
76	354
77	127
77	198
77	220
77	303
78	196
78	357
79	125
79	126
79	300
79	308
80	190
80	215
80	251
80	346
80	374
80	385
81	188
81	285
81	291
83	144
84	88
84	105
84	206
84	265
84	272
84	331
85	166
85	200
85	286
85	332
86	295
86	298
87	108
87	186
87	226
87	248
87	277
87	395
88	147
88	318
89	164
90	154
91	103
92	149
92	186
92	230
92	254
92	290
92	352
94	174
94	346
95	213
95	325
96	126
96	197
96	266
97	128
97	329
97	393
98	109
98	139
98	175
98	233
98	296
98	333
98	372
99	148
99	227
99	354
99	367
100	318
101	188
101	238
101	304
101	308
102	177
102	205
102	315
103	117
103	173
104	354
104	369
105	155
105	279
106	141
106	334
107	218
107	281
108	168
108	180
108	331
109	255
109	362
110	256
110	362
110	397
111	319
111	374
112	168
113	118
113	363
114	164
114	250
114	306
114	359
115	144
115	379
116	262
116	375
117	125
117	360
117	372
118	123
118	145
118	371
119	301
119	379
120	157
120	175
120	177
120	216
120	222
121	222
121	245
121	357
121	394
122	275
122	355
123	189
123	202
123	247
123	289
124	197
125	379
126	157
126	167
126	256
126	269
126	322
126	347
126	363
128	192
128	385
128	399
129	183
129	194
129	220
129	288
129	330
129	350
130	245
130	367
131	249
131	342
132	134
133	317
134	284
134	299
135	171
135	207
136	215
136	224
136	305
136	358
136	391
137	148
137	345
137	369
138	159
138	160
138	170
138	262
138	265
138	339
139	359
140	195
140	283
140	288
140	364
142	147
142	172
142	198
142	234
142	274
142	308
143	300
144	153
144	191
144	321
145	167
145	356
145	366
146	203
146	352
147	296
149	253
149	270
149	353
149	358
150	264
151	189
151	196
151	340
151	387
152	306
152	375
153	285
153	305
154	209
155	251
155	300
155	321
156	240
157	248
157	307
158	162
158	173
158	197
158	198
159	289
159	335
159	350
159	387
160	185
160	192
160	198
160	220
161	167
161	300
161	333
161	356
162	241
162	244
162	295
164	205
164	222
164	230
164	268
164	316
164	323
164	339
165	212
165	222
165	327
166	228
167	286
169	183
169	302
169	382
170	306
171	247
172	226
172	380
174	290
174	321
175	245
177	241
177	331
177	371
178	222
178	288
178	351
179	225
181	207
182	301
182	341
183	269
184	294
185	211
185	287
185	291
185	320
186	312
187	213
188	247
189	195
189	303
189	320
189	380
190	213
190	249
190	387
192	339
193	195
193	236
193	297
194	278
194	337
194	347
196	199
196	296
198	286
198	330
198	365
199	291
199	317
199	335
199	354
200	255
200	271
200	304
200	341
200	363
200	365
201	208
201	389
202	262
202	284
203	341
204	397
205	224
205	253
205	306
205	328
206	276
206	395
207	221
207	255
208	332
208	392
209	345
210	223
210	343
210	397
211	239
211	301
211	348
212	309
212	377
213	387
214	314
214	319
215	305
215	321
215	385
216	234
218	220
218	247
218	269
218	312
218	336
218	342
220	287
221	359
221	389
222	229
222	314
222	381
223	358
224	242
224	324
225	277
225	325
226	278
227	288
227	321
228	283
228	305
228	347
228	386
230	326
231	339
233	274
233	320
233	325
234	254
234	258
234	272
234	319
234	381
235	317
235	335
236	241
236	321
236	377
237	361
237	363
238	377
240	283
240	329
241	310
242	306
242	337
242	352
242	369
243	382
244	247
244	292
244	316
245	361
246	278
246	376
247	334
248	300
248	383
249	293
249	351
249	366
249	381
250	266
250	372
251	339
252	298
252	315
252	365
252	376
253	286
253	296
253	358
254	273
254	345
255	264
255	319
256	340
256	389
258	296
259	320
259	334
260	384
261	275
261	276
261	388
263	280
263	337
263	382
264	362
265	297
267	385
268	283
268	339
268	340
270	305
271	274
272	327
272	371
272	396
273	323
273	358
277	287
277	296
277	323
278	319
278	330
279	384
281	346
284	313
284	375
288	297
288	380
288	395
291	297
292	398
293	340
295	389
296	386
296	396
298	326
302	359
303	349
304	361
305	354
305	374
307	333
308	330
310	337
311	395
313	381
314	329
314	386
315	337
317	365
318	341
321	326
322	340
323	398
325	337
328	334
328	347
328	390
329	366
331	359
331	386
332	399
336	350
337	361
337	373
337	375
339	341
341	345
345	371
351	368
353	378
359	366
363	366
363	382
366	392
368	382
370	385
372	381
373	382
379	398