0	1
0	87
0	160
0	245
0	328
1	18
1	68
1	122
1	239
1	347
2	18
2	97
2	119
2	185
2	329
2	362
2	367
3	7
4	397
5	60
5	144
5	152
5	315
5	338
6	49
6	128
6	148
6	182
6	198
6	324
7	74
7	253
7	339
7	394
8	34
8	217
9	112
9	154
9	230
10	12
10	67
10	138
10	343
11	252
11	349
12	237
13	51
13	90
13	148
13	228
13	316
14	170
15	41
15	129
15	164
16	221
16	254
16	316
17	65
17	247
17	306
17	336
17	369
17	389
18	28
18	38
18	102
18	144
18	150
18	162
18	269
18	296
18	314
19	41
19	55
19	263
19	344
19	381
20	24
20	53
20	219
21	54
21	116
21	128
21	204
21	258
21	278
21	389
21	398
22	129
22	151
22	221
22	304
23	149
23	167
23	199
23	207
24	56
24	85
24	154
24	288
24	292
24	313
25	31
25	247
25	324
26	135
26	242
26	331
26	393
27	118
27	290
28	262
28	309
29	81
29	159
29	223
29	261
29	287
29	323
30	82
30	194
30	203
30	212
30	218
30	236
30	276
30	287
30	305
30	307
30	380
31	299
32	52
32	269
32	391
33	227
33	268
33	279
33	318
33	323
34	105
34	116
34	142
34	213
34	255
34	371
35	65
35	131
35	180
35	283
35	284
35	333
36	74
36	176
36	382
37	158
37	179
37	195
37	196
37	203
37	248
37	310
38	146
38	304
38	325
38	336
39	175
39	279
39	288
40	194
40	236
40	239
40	291
40	313
41	63
41	80
41	155
41	330
41	385
42	86
42	127
42	206
42	342
43	102
44	88
44	100
44	197
44	213
44	328
44	372
45	202
45	349
46	51
46	182
46	206
46	245
47	88
47	189
47	324
47	399
48	82
48	89
48	129
48	156
48	169
48	286
48	348
48	375
49	50
49	362
50	107
50	152
50	157
50	230
50	368
51	60
51	224
51	241
51	299
51	310
51	323
52	204
52	312
52	342
53	60
53	79
53	143
53	144
53	245
54	148
54	231
54	305
54	357
55	80
55	192
55	207
55	216
55	351
55	397
56	91
56	219
56	242
56	330
57	66
57	127
57	284
57	383
58	68
58	145
58	192
58	373
59	163
59	177
59	205
59	380
60	67
60	179
60	214
60	242
61	93
61	311
61	357
62	270
62	318
63	179
63	239
63	279
63	332
64	90
64	206
64	239
64	248
65	82
65	164
65	250
65	309
65	326
66	71
66	104
66	155
66	231
67	90
67	153
67	338
68	88
68	118
68	154
68	159
68	181
68	216
68	376
68	390
69	147
69	166
69	263
69	314
69	391
69	394
70	79
70	113
70	128
70	167
70	233
70	268
71	191
71	279
71	291
71	314
72	130
72	162
72	183
73	115
73	132
73	153
73	183
73	204
73	220
73	293
74	143
74	257
74	270
74	313
74	366
75	148
75	208
75	283
75	355
76	112
76	124
76	147
76	236
76	337
77	152
77	280
78	173
78	183
78	212
79	134
79	179
80	112
80	161
80	255
81	159
82	267
82	338
82	360
83	375
84	107
84	163
84	236
84	299
85	219
86	175
86	320
87	143
87	167
87	213
87	322
88	123
88	148
88	224
88	247
88	282
88	391
89	118
89	373
90	115
90	238
90	240
90	314
90	359
90	364
90	399
91	210
91	271
91	322
91	341
92	127
92	313
93	207
93	231
93	378
94	192
95	134
95	322
95	377
96	138
96	208
96	244
96	285
96	306
96	378
97	113
97	170
97	178
97	181
97	224
97	342
98	237
99	185
99	247
99	286
99	322
99	349
100	217
100	331
101	139
101	266
101	294
101	319
101	321
101	387
102	190
102	380
103	155
103	306
103	317
104	211
104	231
104	266
105	212
105	309
105	337
106	144
106	171
106	210
106	322
107	124
107	294
107	328
108	161
108	230
108	233
108	276
108	284
108	320
108	323
109	172
109	221
110	212
110	217
110	276
110	322
110	379
111	228
112	399
113	157
113	182
113	201
113	329
113	342
114	134
114	310
114	331
115	147
115	245
115	342
115	366
115	382
116	125
116	264
117	282
117	288
117	369
119	126
119	227
119	306
119	321
120	219
120	231
120	289
121	190
121	308
122	315
122	384
123	156
123	217
123	226
123	239
123	326
124	168
124	193
124	210
124	216
124	219
125	234
126	147
126	316
127	231
127	271
128	273
129	143
129	175
130	258
130	324
131	185
131	347
132	162
132	214
132	357
133	168
133	182
133	311
133	343
134	142
134	149
134	224
134	302
135	147
135	182
135	343
136	137
136	253
136	296
137	147
137	155
137	162
137	318
137	323
138	207
138	283
138	375
139	229
139	335
139	340
139	346
140	248
141	194
142	176
144	156
144	197
144	274
144	312
144	325
144	385
145	162
145	182
145	230
145	245
145	386
146	368
147	258
147	339
147	347
147	387
148	246
148	286
148	337
149	157
149	211
150	181
151	177
151	194
151	197
151	211
151	330
151	383
152	184
152	288
152	373
153	165
153	280
154	178
154	216
154	286
155	159
155	230
156	182
156	274
156	299
157	183
157	190
157	256
158	173
158	332
159	282
159	349
160	193
160	250
160	256
160	280
160	348
160	375
161	229
161	285
161	287
161	338
161	371
162	270
163	174
163	204
163	233
163	324
163	333
165	349
165	352
166	239
166	250
166	331
167	173
167	329
167	394
168	280
168	285
169	306
169	322
170	311
170	332
171	254
171	351
171	354
172	399
173	174
173	270
173	377
173	382
174	240
174	397
175	315
175	344
175	375
176	253
176	295
176	342
177	228
178	240
178	362
179	185
179	186
179	209
179	225
179	283
179	396
181	190
181	320
181	369
182	234
182	357
185	195
185	218
185	335
186	240
186	368
187	281
188	230
188	280
188	309
188	325
188	336
188	382
189	330
190	206
190	275
190	301
190	306
190	327
190	375
191	314
191	329
191	381
193	197
193	315
193	369
194	207
194	284
194	300
195	199
195	252
195	283
195	296
196	351
197	247
197	343
197	353
198	306
198	341
199	299
199	332
200	312
201	241
201	310
201	320
202	218
202	331
202	373
202	391
203	343
205	383
206	238
206	393
207	239
207	337
208	323
209	228
209	341
209	365
210	255
210	377
211	221
211	270
214	230
214	367
214	372
215	303
215	383
216	262
216	292
216	339
216	385
217	247
218	300
218	320
218	340
218	393
219	283
219	346
220	222
220	255
220	290
221	343
222	290
222	386
224	356
225	268
225	324
225	370
225	397
226	282
226	339
227	317
228	250
228	251
228	332
229	323
230	253
230	345
232	324
233	277
233	279
234	263
234	303
234	316
235	338
235	366
236	272
236	327
237	262
237	335
237	340
237	391
238	274
238	348
241	249
241	333
241	351
241	381
242	285
242	292
242	347
243	264
244	302
244	309
245	298
246	262
246	335
246	360
246	373
247	315
248	269
248	303
248	326
251	291
251	385
252	331
252	394
253	322
253	344
255	326
255	366
256	332
256	381
257	342
258	273
259	311
259	355
260	334
260	356
260	388
261	399
263	371
264	324
265	301
266	304
267	351
268	391
271	365
273	330
273	359
274	279
275	368
278	285
278	315
278	342
279	310
279	329
281	335
283	342
283	388
285	327
285	371
285	383
285	395
286	321
286	389
287	302
288	302
288	337
290	350
291	385
294	305
296	330
297	330
297	347
297	383
297	399
299	314
299	331
299	342
299	368
299	386
301	336
305	353
307	346
311	392
312	332
312	367
312	391
313	377
313	398
321	354
321	362
321	392
322	350
322	375
323	379
323	394
325	358
326	378
329	334
330	352
334	361
337	356
338	394
341	381
343	387
346	348
346	365
347	362
348	356
349	390
351	377
352	361
352	366
355	372
363	374
365	380
365	387
366	382
366	385
373	399
374	386
375	389
379	395
382	392
386	393
389	397