0	31
0	123
0	270
0	352
1	41
1	86
2	38
2	45
2	112
2	275
3	91
3	159
3	203
3	270
4	39
4	60
4	109
4	285
5	45
5	162
5	176
5	326
6	54
6	90
6	114
7	56
7	198
7	251
7	309
7	389
8	91
8	126
8	228
8	328
9	88
9	134
9	202
9	212
9	266
10	42
10	48
10	210
10	219
10	233
10	260
10	311
11	99
11	187
11	189
11	240
11	301
11	334
11	350
12	212
12	259
12	358
12	363
13	157
14	260
14	268
14	369
15	131
15	170
15	213
15	237
15	284
15	384
16	45
16	209
16	241
16	347
17	160
17	187
17	226
17	321
18	50
18	115
18	214
18	216
19	34
19	107
19	133
19	205
19	247
20	59
20	62
20	156
20	197
21	302
22	83
22	179
22	213
23	65
23	269
23	336
23	337
24	283
25	50
25	160
25	164
25	285
25	366
26	305
26	329
27	105
27	256
27	304
28	80
28	163
28	278
29	84
29	117
29	224
29	283
29	298
30	135
30	198
31	55
31	166
31	215
31	294
32	126
32	219
32	301
32	320
32	358
33	361
33	385
34	57
35	208
35	234
36	48
36	173
36	256
36	258
36	327
36	368
36	389
37	56
37	72
37	95
37	160
37	193
37	238
37	369
38	54
38	96
38	271
39	229
40	343
41	131
41	371
41	389
42	113
42	169
42	258
42	366
43	148
43	167
44	343
45	55
45	89
45	100
45	143
45	148
45	158
45	269
45	365
45	396
46	114
47	109
47	301
47	331
47	371
48	80
48	160
48	181
48	206
48	218
48	300
48	347
48	355
48	382
49	81
49	98
50	74
50	189
50	192
51	79
51	80
51	121
51	335
51	373
52	380
52	393
53	114
53	150
53	274
54	100
54	181
55	160
55	231
55	292
56	90
56	102
56	108
57	113
57	142
57	268
57	305
58	60
58	63
58	69
58	167
58	171
58	220
58	265
58	266
58	305
59	80
59	202
59	210
60	107
60	132
60	230
60	350
61	131
61	209
61	339
61	356
62	147
62	329
63	109
63	286
63	305
64	102
64	151
64	259
65	239
65	246
65	252
65	271
65	395
66	118
66	326
67	77
67	263
67	268
67	383
68	102
68	134
68	138
68	210
68	234
68	257
68	320
69	110
69	124
69	157
69	175
70	95
70	137
70	197
70	210
71	109
71	195
71	339
72	84
72	326
73	291
73	341
73	388
74	117
74	120
74	163
75	108
75	376
75	391
76	232
77	245
77	353
78	238
78	242
78	250
78	375
78	383
79	116
79	258
79	388
80	158
80	265
81	269
81	314
82	188
82	298
83	92
83	211
83	395
84	184
84	310
84	349
85	382
86	204
86	286
86	332
86	343
87	183
87	331
88	131
88	136
88	195
88	356
90	93
90	366
91	330
92	122
92	221
93	150
93	156
93	158
93	198
93	302
93	307
93	366
94	230
95	159
95	226
96	226
96	229
96	292
96	381
97	143
97	392
98	250
98	255
99	174
99	204
99	356
101	106
101	170
101	172
101	242
102	109
102	170
102	244
102	286
102	373
103	144
103	377
104	121
104	237
104	344
104	379
105	152
105	268
105	317
106	114
106	255
106	314
107	262
107	307
107	351
108	168
108	293
109	391
110	133
110	138
110	272
110	290
110	294
111	129
111	197
111	222
111	277
112	123
112	165
112	210
112	313
113	127
113	267
114	129
114	186
114	216
114	293
114	305
115	191
115	278
116	120
116	125
116	171
116	358
117	125
117	164
117	196
117	199
117	360
117	374
118	162
118	187
118	371
118	395
119	265
119	276
119	290
119	352
119	365
120	142
120	198
121	323
121	365
121	371
122	277
123	136
123	305
123	314
124	220
124	372
125	186
125	193
125	307
125	313
126	323
126	374
127	164
127	178
127	382
128	283
128	288
128	367
129	137
129	279
129	340
130	275
130	366
131	199
131	211
131	367
132	176
132	188
132	323
133	174
133	232
133	356
134	141
134	194
134	323
134	348
134	392
135	137
135	262
135	319
135	376
136	169
136	213
137	312
137	343
138	207
138	216
138	331
138	377
139	147
139	175
139	187
140	256
140	287
140	363
141	224
141	234
141	284
142	173
142	201
142	208
142	219
142	342
142	356
143	236
143	312
144	362
145	228
145	361
146	218
147	357
147	392
148	202
149	155
149	223
149	266
149	355
150	155
150	256
150	265
151	175
151	199
151	208
151	286
151	350
151	357
152	201
152	318
153	278
153	281
153	381
153	384
154	157
154	200
154	300
155	171
155	235
155	307
155	329
156	237
156	257
156	351
156	357
157	362
158	213
158	368
159	373
159	378
159	390
159	392
160	266
161	171
162	296
162	390
163	224
164	193
165	219
165	258
166	245
166	363
167	226
167	334
169	372
170	210
171	228
171	274
172	196
172	249
172	264
172	269
172	287
172	294
172	303
173	373
174	294
174	362
175	176
175	280
175	395
175	396
176	261
176	386
177	349
178	215
178	357
179	212
179	379
180	232
181	199
181	256
181	303
182	184
185	199
186	222
186	308
187	294
187	342
188	244
189	192
189	264
189	294
189	316
190	192
191	309
191	374
192	213
193	244
194	239
195	233
195	354
195	374
196	254
196	264
196	319
198	359
199	253
199	327
199	397
200	216
200	287
200	348
200	395
201	233
201	317
202	370
204	215
204	264
206	369
208	306
209	212
209	246
209	296
209	314
209	384
210	248
210	367
211	303
211	339
213	358
213	364
213	393
214	249
214	327
214	373
216	330
216	393
217	327
218	373
218	386
221	279
221	291
221	360
225	346
226	304
226	311
227	332
228	334
228	377
228	395
229	231
229	281
229	347
229	358
231	303
231	373
233	320
233	369
234	248
234	388
234	392
235	298
235	304
236	273
236	377
237	333
238	254
238	313
238	338
239	259
240	288
240	292
240	335
241	288
241	289
242	312
242	329
242	331
242	379
243	257
244	246
244	266
244	365
245	259
246	372
246	379
247	356
249	285
250	281
250	321
251	292
251	329
251	363
253	371
254	339
254	373
255	257
256	299
256	317
256	350
256	363
257	283
257	285
257	314
258	371
259	262
259	291
259	301
259	324
261	306
261	376
263	370
264	356
265	348
268	286
268	290
269	319
269	352
271	289
272	348
272	371
273	294
273	351
274	283
274	324
275	334
275	383
276	301
277	325
277	343
278	318
278	380
280	374
282	339
286	361
289	303
289	354
289	379
290	384
291	365
292	331
293	311
293	324
293	346
293	361
294	395
295	307
297	364
298	315
298	334
299	355
299	394
300	321
300	372
301	350
302	327
302	367
304	309
307	371
309	328
309	379
310	337
310	393
310	397
311	337
316	363
317	365
317	389
319	330
319	394
320	366
321	358
322	338
322	387
325	346
327	385
329	357
332	394
334	372
339	389
343	353
343	370
345	351
345	394
346	392
349	397
349	398
350	356
350	377
356	382
357	364
358	383
365	383
365	384
366	376
368	382
370	389
379	382
380	397
397	399