0	155
0	207
0	302
0	329
1	24
1	55
1	131
1	239
1	259
1	318
2	6
2	7
2	57
2	278
2	376
3	12
3	146
3	155
3	161
3	221
3	359
4	39
4	64
4	86
4	108
4	200
4	275
4	373
4	390
5	7
5	21
5	53
5	69
5	97
5	362
6	44
6	99
6	114
6	135
6	182
7	271
7	301
8	124
8	144
8	263
8	358
8	379
9	13
9	52
9	66
9	201
9	224
9	373
10	12
10	88
10	183
10	220
11	114
11	140
11	160
11	268
11	358
12	57
12	151
12	182
12	216
12	264
12	279
12	281
12	358
14	70
14	113
14	276
14	287
15	168
15	204
15	263
15	343
15	355
15	376
16	66
16	135
16	181
16	236
17	77
17	376
18	23
18	46
18	60
18	172
18	241
18	364
18	372
19	211
19	310
19	382
19	388
19	394
20	69
20	156
20	395
21	36
21	138
21	379
22	190
22	215
23	237
23	321
24	25
24	53
24	137
24	174
24	247
24	279
24	338
24	397
25	82
25	130
25	225
25	355
26	88
26	137
26	170
26	230
26	235
26	377
27	85
27	125
27	158
27	388
28	292
28	371
29	206
29	225
29	241
29	386
30	128
30	132
30	365
31	43
31	66
31	109
31	166
31	297
31	301
31	319
32	34
32	55
32	66
32	208
32	224
33	57
33	70
33	165
33	268
35	72
35	104
35	210
35	211
35	316
36	201
36	239
37	52
37	82
37	115
37	146
37	174
37	363
38	277
38	366
39	68
39	337
40	104
40	360
40	375
40	392
41	65
41	126
42	142
42	157
42	189
42	209
42	230
42	330
42	353
42	385
43	321
44	168
44	242
44	270
45	69
45	85
45	140
45	204
46	277
46	291
47	85
47	192
47	193
48	249
48	286
48	379
49	117
49	237
49	325
50	128
50	175
50	286
50	289
51	222
51	304
51	308
52	70
52	92
52	127
52	138
52	202
52	218
52	385
53	104
53	185
53	233
53	238
53	348
53	397
54	205
54	254
54	346
55	124
55	128
55	159
55	200
56	323
57	247
57	257
57	346
57	383
58	118
58	126
58	228
58	389
59	90
59	99
59	353
60	159
60	302
61	112
61	153
61	304
62	83
62	124
62	216
62	268
62	269
62	272
62	290
62	352
63	321
63	389
64	117
64	348
65	92
65	148
65	221
65	388
66	90
66	114
66	123
66	152
66	312
67	180
67	195
67	357
67	391
68	105
68	201
68	276
68	341
68	350
69	312
69	349
69	351
70	182
70	188
70	215
70	222
70	232
71	193
71	298
72	241
72	259
73	88
73	125
73	154
73	223
73	290
73	387
74	76
74	131
74	331
75	85
75	234
75	271
75	272
76	146
76	149
76	236
76	389
77	168
77	213
77	285
77	354
78	152
78	221
78	222
79	84
79	115
79	138
79	205
79	318
80	121
80	143
80	155
80	325
81	296
82	138
82	334
83	138
83	158
83	195
83	211
83	323
83	394
84	310
85	211
87	181
87	360
88	118
88	182
89	119
89	277
89	310
90	285
91	141
91	159
91	174
91	200
91	336
91	364
91	384
93	125
93	336
94	274
94	369
94	393
95	271
95	310
95	323
96	224
96	264
97	305
98	247
98	316
99	146
99	177
99	215
99	234
99	248
100	210
101	114
101	131
101	281
102	363
103	283
104	217
104	238
104	285
104	305
105	154
105	182
105	296
105	376
106	384
107	191
107	256
107	381
107	397
108	114
108	153
109	338
110	215
110	230
110	271
110	325
111	207
111	227
111	254
111	300
112	219
112	237
112	270
112	352
112	390
113	194
113	327
114	162
114	181
114	235
114	257
115	133
115	144
115	339
115	394
116	240
116	359
116	366
117	189
117	197
117	228
117	264
117	327
118	257
118	348
118	388
119	151
119	194
119	207
119	225
119	319
120	169
120	204
120	247
120	318
120	349
121	211
121	392
122	327
122	351
123	146
123	159
123	236
123	363
123	379
123	383
124	192
124	212
124	218
124	334
125	164
125	197
125	244
125	284
126	317
126	384
127	160
127	351
127	398
128	310
128	364
129	174
129	212
129	220
129	366
130	187
130	323
130	332
131	206
131	282
132	227
133	223
133	293
133	306
133	349
134	142
134	151
134	296
135	268
135	361
135	369
136	168
136	334
136	340
138	139
138	354
139	184
139	340
140	258
140	323
140	361
141	172
141	304
141	393
142	296
143	158
143	228
143	332
143	352
143	391
144	286
144	358
144	367
145	210
145	311
146	291
146	354
146	397
147	316
148	169
148	282
148	351
148	363
148	393
149	279
149	285
150	200
150	331
151	259
151	349
152	281
154	175
154	292
154	380
155	222
155	316
156	330
156	364
157	216
157	385
158	322
159	164
159	171
159	233
159	354
159	384
159	392
159	395
160	377
161	290
161	399
162	200
162	370
163	374
164	223
164	346
164	347
165	194
165	211
165	277
165	398
166	201
167	255
168	208
169	192
170	209
170	249
170	270
170	283
170	302
170	338
171	196
171	226
171	308
171	324
171	376
172	181
173	379
174	283
174	315
175	207
175	213
175	346
176	262
176	328
176	393
177	347
177	389
178	182
178	263
178	305
178	329
178	365
179	374
179	387
180	215
180	263
181	201
181	339
182	207
182	277
183	207
183	238
184	334
185	209
185	213
185	302
186	260
188	333
188	345
188	389
189	238
189	310
189	313
189	372
190	240
190	246
190	330
191	235
191	301
192	273
192	301
193	222
193	276
193	313
193	326
194	293
194	303
195	305
195	396
196	261
197	343
198	301
199	393
200	203
201	229
201	234
201	353
202	219
202	231
202	294
203	336
203	352
204	379
205	208
205	249
205	318
205	320
207	240
207	325
208	250
208	292
208	390
209	371
210	329
210	373
211	226
211	249
211	257
211	283
212	247
214	282
214	285
214	297
215	344
216	226
216	251
217	261
217	318
217	328
218	302
219	306
219	338
220	264
221	261
221	314
222	230
223	324
223	342
223	354
223	377
224	227
224	283
224	382
225	277
225	334
225	368
226	333
226	378
226	391
227	273
227	301
227	373
228	271
228	332
229	245
229	311
229	391
230	376
231	281
231	286
231	293
231	371
232	275
232	277
232	334
233	256
233	284
233	391
235	319
237	329
238	239
238	255
238	261
238	270
238	345
240	291
240	391
241	266
243	346
243	375
243	385
244	265
244	274
246	254
246	262
246	292
246	351
246	356
247	268
247	282
248	255
248	292
250	308
251	376
252	264
252	283
252	301
253	265
253	352
253	393
254	255
254	399
255	285
256	355
257	309
261	282
264	341
265	266
265	283
265	304
265	398
267	308
268	393
269	295
269	321
269	332
269	383
270	277
270	345
270	358
270	388
270	398
270	399
271	281
272	315
273	311
273	315
274	376
275	325
276	344
277	347
278	342
278	358
279	357
280	338
281	369
282	355
284	368
285	319
285	350
286	303
286	307
287	298
288	397
289	329
289	333
291	347
293	392
296	341
296	379
297	379
298	354
299	376
300	310
300	317
301	356
302	374
303	319
303	374
304	361
304	370
304	383
304	389
306	346
307	382
310	395
311	389
314	371
315	363
316	395
317	324
318	341
318	363
318	377
319	362
319	368
320	351
321	399
323	354
326	384
327	374
334	355
335	359
335	379
336	366
337	369
338	384
340	395
341	366
343	377
348	351
351	357
353	380
355	384
362	390
362	394
367	384
375	391
379	395
384	391
384	399