0	15
0	24
0	160
0	271
0	377
1	192
1	349
2	142
2	149
2	365
3	20
3	24
4	201
5	97
5	118
5	144
6	369
7	167
8	99
8	111
8	170
8	299
9	139
9	233
9	377
10	92
10	264
11	229
11	252
11	335
11	383
12	72
12	74
12	85
12	120
12	146
12	231
12	241
13	171
13	313
13	336
13	355
14	145
14	395
15	168
15	262
15	379
16	67
16	122
16	218
16	283
16	316
16	366
17	59
17	65
17	74
17	82
17	123
17	145
17	159
17	175
17	189
17	248
17	291
18	102
18	223
18	374
19	335
19	398
20	310
21	245
21	254
21	292
21	360
21	392
22	95
22	229
22	239
22	243
23	235
23	358
24	172
24	253
24	311
24	353
25	304
26	77
26	153
26	169
26	304
26	324
26	330
26	335
26	388
27	127
27	213
27	378
27	380
28	101
28	200
28	284
29	142
29	327
29	372
30	84
30	93
30	222
31	86
31	135
31	338
32	155
32	194
32	276
32	320
33	175
33	201
33	222
34	100
34	344
34	368
35	161
35	357
35	367
36	137
36	285
36	318
37	63
37	97
37	182
37	236
37	361
38	85
38	132
38	145
38	163
38	373
39	49
39	193
39	254
39	292
40	133
40	134
40	208
40	339
40	393
41	58
41	60
41	68
41	159
41	285
41	359
42	251
43	100
43	153
43	233
43	275
43	290
43	303
44	78
44	127
44	303
44	318
45	146
45	203
45	243
45	283
45	292
46	143
46	235
46	333
46	359
46	381
47	117
47	227
47	380
48	79
48	185
48	351
49	177
49	195
49	264
49	284
50	213
50	227
50	239
50	245
50	378
51	145
51	160
51	217
51	292
51	339
51	342
51	370
52	162
52	176
53	305
53	320
53	323
53	364
54	174
54	316
54	372
54	375
55	94
55	258
55	303
55	318
55	326
55	374
56	168
56	174
56	388
57	273
57	314
58	279
58	350
58	387
59	162
59	224
59	294
59	318
59	338
59	358
60	137
60	209
60	254
60	366
61	107
61	329
62	115
63	72
63	111
63	163
63	373
64	128
64	146
64	261
64	309
65	130
65	171
65	189
65	246
66	166
66	336
66	373
67	334
67	386
68	88
68	96
68	132
68	294
68	380
69	117
69	245
69	273
69	343
69	394
70	386
71	98
71	201
71	333
72	135
73	356
74	115
74	143
75	129
75	228
75	293
75	347
76	109
76	127
76	230
76	355
76	373
77	129
77	196
78	233
79	185
79	244
79	266
79	300
79	366
80	126
80	317
80	328
80	392
81	281
81	369
81	389
82	173
82	197
82	208
82	229
82	283
83	203
84	250
85	251
85	302
86	88
86	232
86	357
87	197
87	206
87	210
87	398
88	194
88	238
88	249
89	167
89	242
89	322
90	101
90	116
90	342
91	201
91	346
92	122
92	147
92	159
92	237
92	255
92	271
92	296
92	326
92	390
93	167
93	170
94	173
94	178
94	235
94	255
95	128
95	189
95	222
95	335
96	132
96	204
96	233
96	358
97	186
97	214
97	273
98	197
98	246
98	256
98	394
99	297
99	313
99	327
100	348
101	333
101	392
102	103
102	128
102	165
102	226
102	374
103	129
103	148
103	179
103	204
103	398
104	119
104	120
104	158
104	164
104	197
104	199
104	211
104	280
104	371
105	205
105	212
105	377
105	397
106	196
106	270
107	216
107	219
107	238
108	248
108	399
109	350
109	366
110	286
110	314
110	325
111	262
111	298
111	308
112	384
113	179
113	202
113	242
114	187
114	336
114	345
115	163
115	272
116	170
117	307
117	317
117	359
118	175
118	223
118	321
119	397
120	240
120	241
120	268
120	305
121	207
121	303
121	328
121	387
122	204
122	211
122	383
123	197
123	226
123	247
123	284
124	141
124	349
125	204
126	223
126	351
127	157
127	180
127	210
127	373
127	381
127	389
129	202
129	247
130	227
130	255
130	355
131	151
132	137
132	178
132	194
132	215
132	245
132	310
132	356
132	369
132	383
132	384
133	245
133	310
133	341
134	188
134	204
134	272
134	300
134	363
135	178
135	210
135	225
135	285
135	295
135	300
135	349
136	152
136	223
137	185
137	186
137	286
138	244
138	373
139	311
140	255
141	243
141	332
141	372
142	148
142	170
142	224
142	320
143	213
143	238
144	186
144	236
144	283
144	300
144	330
145	235
146	211
146	297
147	154
147	185
147	194
147	245
147	315
147	357
147	396
148	194
148	220
148	232
148	354
149	234
149	310
150	151
150	288
150	321
150	382
151	275
151	333
152	343
153	310
153	341
153	344
154	167
154	197
154	258
154	306
155	190
155	229
156	194
157	346
158	257
158	306
158	343
159	319
159	355
160	199
161	291
162	308
162	364
169	179
169	187
169	196
169	351
169	353
169	397
170	254
170	302
170	323
170	383
171	174
171	200
171	216
171	306
171	323
172	280
172	355
173	336
174	217
174	331
175	220
177	206
177	295
178	268
178	385
179	252
180	303
181	268
181	351
182	220
182	242
183	213
184	194
184	253
185	258
185	295
186	364
187	299
187	380
187	382
187	387
188	262
188	273
188	311
188	340
188	375
190	242
190	360
191	360
194	233
195	260
195	322
195	348
196	392
197	233
197	259
197	309
197	343
198	210
198	321
199	257
199	271
199	348
199	386
200	242
200	249
200	351
201	211
202	229
202	273
202	303
202	383
203	294
205	219
205	337
206	285
206	296
207	270
207	314
208	357
209	223
209	263
209	369
210	281
210	296
210	349
210	385
212	248
213	299
213	373
214	368
214	397
215	308
215	329
215	354
217	289
217	378
218	238
218	259
218	302
219	259
219	327
220	240
220	318
221	240
221	260
221	324
221	399
222	286
222	315
223	261
223	296
223	349
225	265
225	388
226	243
226	302
226	326
226	361
226	383
226	399
227	335
228	290
228	370
230	234
231	232
231	288
231	331
232	345
233	299
234	259
234	283
235	256
235	327
235	379
237	300
238	346
239	341
239	345
241	361
242	294
242	349
243	280
244	307
245	334
245	366
246	259
247	374
248	250
248	295
249	251
249	263
249	302
249	308
249	392
250	326
251	254
251	262
251	270
251	293
251	318
255	341
256	326
257	378
258	349
258	351
258	398
259	274
259	337
260	286
260	311
261	308
262	308
262	359
262	374
264	294
265	341
265	384
266	324
266	338
267	269
267	398
268	350
270	281
270	305
270	372
272	372
273	276
274	300
275	350
277	371
278	312
278	320
279	316
280	311
282	327
284	385
284	389
285	307
285	387
285	391
286	312
286	365
287	348
287	397
288	311
288	369
289	391
291	350
291	382
293	356
296	298
296	320
296	327
296	337
296	348
299	318
299	349
299	396
301	365
304	352
305	329
305	365
305	389
306	313
306	327
306	341
306	371
308	371
308	383
309	367
309	383
312	346
313	372
313	383
313	398
315	338
316	319
316	362
319	326
319	328
320	371
321	337
322	372
323	330
323	362
324	348
324	367
324	390
326	365
327	376
330	384
331	340
331	356
332	370
337	346
337	378
337	381
338	384
339	359
340	382
341	362
343	344
346	382
352	394
357	385
359	368
360	373
363	376
367	381
369	392
370	379
370	396
378	380
379	396
392	394