0	88
0	127
0	128
0	245
0	359
0	360
0	364
1	74
1	243
1	348
1	396
2	216
2	228
2	369
3	138
4	19
4	26
4	66
4	347
5	237
6	8
6	92
6	203
6	301
6	349
7	13
7	78
7	184
7	354
8	70
8	148
8	226
8	299
8	373
8	389
9	78
9	385
10	72
10	93
10	153
10	191
10	247
10	258
10	343
11	53
11	342
12	35
12	84
12	167
12	175
13	385
13	392
14	106
14	139
14	176
14	201
14	263
15	122
15	183
15	256
15	261
15	309
15	343
16	128
16	241
17	118
17	122
17	380
18	115
18	139
19	64
19	103
19	131
19	293
19	347
20	251
20	304
20	372
21	217
21	254
21	271
22	28
22	71
22	149
22	239
22	260
22	266
23	160
23	242
23	266
23	340
23	392
24	140
24	158
24	204
24	237
25	94
25	334
25	348
25	355
25	362
26	105
26	112
26	116
26	308
26	373
27	64
27	74
27	202
27	230
27	396
28	339
28	361
29	77
29	106
29	261
30	46
30	215
30	295
30	356
30	372
31	246
31	297
31	328
32	57
32	67
32	104
33	96
33	202
34	40
34	71
34	244
35	53
35	132
35	256
35	265
35	344
36	58
36	98
36	137
36	167
36	276
37	199
37	376
38	98
38	194
38	203
38	376
39	135
39	185
39	214
39	294
39	341
39	367
40	96
40	106
40	190
41	199
42	232
42	237
43	160
43	177
43	386
43	399
44	145
44	259
45	46
45	97
45	226
47	129
48	141
48	352
49	74
49	198
49	318
49	343
50	95
50	137
50	143
50	223
50	270
50	393
51	123
51	175
51	203
51	277
52	68
52	325
53	201
53	242
54	330
55	99
55	129
55	150
55	162
55	394
56	98
56	349
57	112
57	243
57	312
57	326
57	365
58	146
58	168
58	285
59	234
60	94
60	125
60	174
60	215
60	241
60	256
60	264
61	106
61	164
62	264
62	267
63	87
63	116
63	144
63	176
63	225
64	146
64	162
64	274
64	315
65	66
65	327
66	150
66	160
66	161
66	192
66	217
66	220
66	397
67	275
68	251
69	105
69	168
69	355
70	157
70	208
71	100
71	216
71	255
72	204
72	343
73	84
73	193
73	224
73	360
74	187
74	212
74	245
75	99
75	128
75	275
76	90
77	106
77	110
77	269
77	310
78	239
78	257
79	128
79	206
79	229
80	283
80	344
81	117
81	150
81	178
81	179
81	181
81	231
81	265
81	296
81	365
82	93
82	247
82	249
82	306
83	101
83	117
83	166
83	237
84	266
84	293
84	317
85	135
85	136
85	145
85	230
85	341
85	369
86	178
87	198
87	225
87	233
87	349
88	140
88	181
88	217
89	253
89	262
89	382
90	125
90	138
90	237
90	260
91	100
91	120
91	162
91	202
91	251
92	151
92	181
92	249
92	260
92	308
92	382
93	193
93	308
93	373
94	172
94	209
94	255
94	264
94	296
94	313
95	166
95	203
95	318
95	332
96	118
96	164
98	131
98	194
98	362
98	397
99	111
99	313
100	156
100	390
101	148
101	179
101	325
102	121
103	126
103	302
103	345
104	140
104	234
104	242
104	394
105	394
106	111
106	216
107	165
107	224
107	249
108	141
108	196
109	192
109	330
110	159
110	199
110	335
111	122
111	151
112	169
112	193
112	215
112	238
112	390
113	197
114	116
115	222
115	250
116	168
116	265
116	365
117	157
117	271
117	301
118	347
118	356
119	257
119	306
120	207
120	233
120	316
120	389
121	235
121	379
123	133
123	281
124	136
126	158
126	179
126	287
127	136
127	157
127	167
127	237
127	344
127	347
128	155
128	186
128	261
128	389
129	157
129	168
129	179
129	192
129	283
129	395
130	259
130	317
130	368
131	272
131	285
132	190
132	249
133	233
133	294
133	376
133	389
134	183
134	219
134	289
134	295
135	216
136	357
137	159
137	395
138	197
138	240
138	248
138	267
139	173
140	293
141	261
142	190
142	347
143	218
143	301
144	169
144	257
144	317
145	187
145	292
146	250
147	154
147	234
147	240
148	184
148	315
148	360
149	351
150	164
150	191
150	232
151	345
151	386
152	166
152	173
152	324
152	342
153	306
153	328
153	361
153	388
154	302
154	312
155	179
156	186
156	274
156	278
157	223
157	328
158	244
158	273
158	325
158	349
159	222
161	176
161	195
161	235
161	280
161	382
162	336
162	391
163	279
163	381
164	392
165	258
166	195
166	204
166	239
166	295
167	382
168	188
168	200
168	225
168	275
168	296
168	299
169	233
169	308
169	342
170	268
170	318
171	299
172	273
172	320
174	378
174	381
175	180
175	333
176	247
176	304
176	307
177	179
177	217
178	353
178	361
180	304
180	339
181	182
183	220
183	279
184	374
185	297
185	311
186	239
186	253
186	271
186	276
186	299
186	312
186	355
187	267
187	290
187	356
188	299
189	275
189	337
190	221
191	262
191	288
191	289
191	339
192	307
192	317
193	216
193	255
193	274
193	373
195	205
195	243
195	362
196	206
196	281
196	319
196	378
197	262
197	305
199	260
199	328
200	286
201	210
201	321
201	326
202	256
202	272
202	276
202	305
202	389
203	270
203	300
203	344
203	353
205	323
205	384
206	368
207	277
208	238
208	247
208	310
208	311
209	265
209	341
210	236
210	274
210	315
210	323
210	324
211	286
211	383
213	323
213	387
213	393
214	379
215	218
215	349
215	352
215	396
216	380
217	397
218	254
218	304
218	339
219	245
219	251
219	253
219	325
219	327
222	316
222	392
223	270
223	289
224	293
224	365
225	236
225	238
227	282
227	354
228	238
228	264
230	317
231	329
232	280
232	302
232	399
233	267
233	295
233	299
233	310
233	371
234	260
234	282
235	330
235	336
236	255
236	296
236	355
238	261
238	376
238	391
239	293
240	360
241	246
242	248
242	315
243	354
243	396
244	252
245	325
245	375
246	250
246	350
247	289
247	294
247	299
247	321
248	292
249	310
250	256
250	319
251	317
253	260
253	284
253	325
253	357
254	384
254	396
255	274
255	356
255	383
257	364
258	311
259	300
260	286
260	323
260	347
261	303
264	277
265	311
267	268
267	322
267	355
268	300
268	312
268	360
272	334
272	370
272	379
273	277
273	310
273	329
274	343
275	373
276	297
276	375
276	390
276	396
277	383
278	287
278	305
279	293
279	314
279	337
279	343
279	357
280	335
280	353
281	294
281	388
284	354
285	343
285	353
286	394
290	327
291	302
292	294
293	358
294	318
294	326
298	301
298	399
301	348
302	352
302	387
302	388
303	326
303	345
304	360
306	319
306	325
307	318
307	356
307	387
308	333
308	347
308	378
309	354
310	346
310	398
313	399
315	316
317	319
317	377
319	371
320	323
321	332
321	364
324	356
325	370
326	351
327	369
327	381
327	385
327	389
329	338
330	366
331	333
331	372
332	348
334	389
334	399
335	337
335	338
338	390
339	361
341	350
341	391
343	395
344	352
344	355
344	382
345	357
345	374
345	387
347	373
348	353
348	359
349	364
351	377
351	379
354	369
354	397
356	379
358	374
358	378
358	386
361	363
363	390
365	391
366	398
367	386
372	391
372	399
374	386
374	393
374	399
379	387
386	394
388	394