0	390
1	15
1	148
1	182
1	263
1	267
1	273
2	160
2	242
2	263
2	293
2	313
2	373
3	93
3	112
3	353
3	355
4	118
5	199
5	265
6	228
6	377
7	82
8	46
8	156
8	296
9	161
9	163
9	236
9	245
9	348
9	382
10	388
11	80
11	107
11	122
11	362
12	20
12	183
12	283
13	210
13	286
14	201
14	273
14	277
14	289
14	304
15	148
15	220
16	209
16	263
16	292
16	310
17	343
18	100
18	217
18	231
18	239
18	309
19	77
19	124
19	141
19	319
19	337
20	75
20	195
20	223
20	267
20	277
20	353
21	101
21	109
21	122
21	182
21	214
21	273
21	346
22	169
22	265
23	28
23	84
24	361
24	375
25	40
25	241
25	281
25	332
25	397
26	32
26	108
26	220
26	287
27	88
27	362
28	309
29	30
29	211
30	113
30	152
30	261
31	32
31	171
31	172
31	234
31	301
31	313
31	353
31	361
32	42
32	300
32	370
33	87
33	197
33	308
33	376
34	96
34	117
34	190
34	239
35	70
35	211
35	216
35	335
36	99
36	131
36	162
36	167
36	302
36	350
37	89
37	203
37	262
37	366
38	79
38	96
38	99
38	153
39	115
39	117
39	132
39	151
39	238
39	255
39	260
39	267
39	274
40	96
40	142
40	152
40	182
40	189
40	387
41	175
41	191
41	227
41	309
42	284
42	322
43	60
43	166
43	182
43	338
43	348
43	353
44	194
44	244
44	382
45	159
45	262
46	92
46	100
46	129
46	147
46	290
46	333
47	179
48	163
48	331
48	350
48	363
48	394
49	94
49	284
49	391
50	80
50	100
50	125
50	300
50	301
51	95
51	277
51	324
51	364
51	390
52	256
53	161
53	275
53	382
54	246
54	292
54	336
55	245
55	255
55	379
55	386
56	112
56	114
56	145
56	197
56	230
56	251
57	301
58	87
58	218
58	264
58	274
58	317
59	67
59	130
59	133
60	129
60	162
60	285
61	68
61	225
61	260
61	339
62	72
62	250
63	132
63	253
63	353
64	109
64	182
64	193
64	284
64	346
65	86
65	214
65	242
66	105
66	124
66	133
66	170
66	171
66	221
67	210
67	227
67	260
68	126
68	183
68	202
68	243
68	271
68	295
68	322
68	338
69	308
69	345
69	346
69	377
70	236
71	146
71	176
72	251
73	79
73	126
73	312
73	323
74	194
74	273
74	292
75	273
76	107
76	108
76	273
77	318
77	370
78	203
78	284
78	302
78	351
79	98
79	190
79	398
80	202
80	347
81	115
81	199
81	253
81	257
81	367
82	273
82	386
83	138
83	385
84	100
84	169
84	278
84	326
85	172
86	340
86	347
87	125
87	152
87	223
87	297
87	328
87	340
87	383
89	102
89	166
89	205
89	214
89	288
89	357
90	141
90	219
90	244
90	287
90	336
91	372
92	390
93	95
93	115
94	342
95	180
95	291
95	332
95	378
96	206
96	315
96	370
97	108
97	360
98	126
98	219
98	239
98	291
99	285
100	159
100	167
100	320
101	138
101	200
101	281
101	294
102	184
102	240
102	308
103	130
103	307
103	344
103	346
103	351
104	208
104	234
104	247
105	255
105	317
106	336
106	337
107	234
107	364
108	129
108	295
108	303
108	398
109	134
109	205
109	322
110	134
110	285
110	292
110	319
111	136
111	195
111	325
111	399
112	139
112	160
112	172
112	232
114	142
114	242
115	197
116	184
116	249
116	321
117	197
117	214
117	330
117	336
118	192
119	120
119	138
119	269
120	126
120	325
121	395
122	128
122	174
122	294
122	384
122	390
123	250
123	393
124	171
124	270
125	302
126	186
127	327
127	372
128	178
128	312
128	359
129	227
130	218
130	241
130	251
130	374
131	179
131	220
131	274
132	265
133	172
133	304
134	233
135	215
136	241
137	148
137	380
137	399
138	169
138	313
138	364
139	222
139	279
140	354
141	363
143	297
143	388
144	161
145	176
145	254
145	284
145	309
146	322
146	386
146	392
147	340
148	170
149	365
150	181
150	239
151	306
151	385
152	342
153	179
153	187
153	199
153	206
154	177
154	223
154	320
155	313
156	318
156	327
157	216
157	266
157	289
158	212
158	259
158	348
159	174
160	276
160	350
160	356
161	200
161	269
162	233
162	379
162	397
163	176
163	324
163	371
163	387
164	343
165	245
166	248
166	277
168	272
168	376
168	394
169	180
169	263
169	278
169	300
170	321
170	330
170	379
171	175
171	214
171	250
171	251
171	312
172	278
172	294
172	364
172	381
172	399
173	203
173	312
173	362
174	196
174	270
174	333
175	177
175	302
176	183
176	224
176	278
176	347
176	377
177	200
178	317
178	385
180	331
182	208
182	240
183	311
184	323
185	219
185	242
185	333
185	387
186	313
186	369
187	198
187	205
187	229
188	221
188	292
190	363
191	348
191	366
193	220
194	256
194	318
195	326
196	253
196	387
197	247
198	304
198	358
198	372
199	262
199	298
201	205
201	312
202	221
203	251
203	312
204	337
205	224
205	396
206	331
207	221
207	226
208	299
208	397
209	242
209	292
210	260
210	291
210	304
210	339
210	341
210	384
211	301
212	271
213	283
213	293
213	314
213	327
215	272
215	290
215	387
218	294
219	255
219	266
220	223
220	290
220	342
221	298
221	316
224	324
225	347
225	378
225	389
227	276
228	351
228	399
229	304
229	316
233	368
233	381
234	357
234	389
235	317
235	368
236	293
236	305
236	309
236	335
237	253
237	373
238	357
239	287
239	308
240	287
240	344
240	368
241	256
242	332
242	383
243	319
243	325
244	313
244	362
245	250
245	339
247	357
247	393
249	280
250	272
250	325
250	381
250	395
252	279
252	396
253	269
253	295
253	312
254	366
255	320
257	395
258	288
259	308
259	345
260	264
261	267
261	287
261	338
262	375
263	284
264	295
265	301
265	319
265	339
266	285
266	332
268	275
269	311
271	288
271	390
273	285
274	299
275	337
276	365
277	357
280	307
280	315
282	360
283	302
284	286
284	305
284	389
288	304
289	357
290	348
290	363
291	311
292	335
293	346
293	370
293	381
294	295
295	347
295	357
295	391
297	322
298	309
298	398
300	333
300	355
301	395
302	358
303	352
305	365
306	323
308	373
309	357
313	318
313	350
314	358
316	321
320	324
320	388
321	366
323	352
324	346
324	348
324	383
324	389
325	376
326	389
327	366
327	386
328	383
329	348
329	385
330	344
331	398
332	359
334	339
334	381
334	391
342	379
344	378
346	347
347	369
347	373
347	387
349	350
349	366
350	351
350	378
354	366
355	369
362	380
362	386
366	396
371	385
372	386
379	381
381	395
384	392
388	398