0	209
0	347
1	2
1	13
1	14
1	58
1	92
1	138
1	145
1	374
2	201
2	218
2	282
3	60
3	62
3	201
4	43
4	47
4	97
4	155
4	227
4	325
4	329
4	357
4	372
4	381
5	107
5	334
6	10
6	167
6	255
7	8
7	180
7	210
8	139
8	346
8	387
9	34
9	83
9	97
9	206
9	211
9	352
9	398
10	127
10	229
10	250
10	315
11	28
11	115
12	59
12	78
12	394
13	87
14	19
14	106
14	156
14	231
14	350
15	84
15	87
15	125
15	155
15	171
15	302
15	334
15	399
16	22
16	100
16	148
16	285
17	64
17	89
17	107
17	139
17	354
17	367
18	63
18	73
18	248
18	364
18	365
19	88
19	133
19	196
19	236
19	314
19	318
19	340
20	41
20	113
20	114
20	300
20	396
21	40
21	275
22	35
22	94
23	158
23	227
23	320
24	68
24	76
24	184
24	229
24	341
24	360
25	103
25	144
25	190
25	299
26	41
26	197
26	259
26	285
26	370
27	180
28	81
28	266
28	289
28	313
28	390
29	108
29	127
29	151
29	318
29	390
30	171
30	374
31	213
31	231
31	296
31	324
31	386
32	54
32	78
32	264
32	361
32	393
33	43
33	95
33	194
33	203
33	269
34	228
34	264
34	272
35	37
35	104
35	147
35	314
35	396
36	65
36	116
36	165
36	222
36	265
36	342
36	365
37	271
37	323
37	328
37	333
38	339
38	385
39	50
39	264
39	355
39	369
40	52
40	112
40	113
40	148
40	201
40	294
41	51
41	137
41	223
41	300
41	337
42	69
42	194
42	230
42	301
43	120
43	253
43	314
44	227
44	283
44	316
44	357
44	364
45	239
45	243
45	261
45	262
45	277
46	117
46	347
47	353
48	70
48	297
48	363
48	390
49	240
49	259
50	288
50	312
51	159
51	311
51	365
51	394
52	152
52	241
52	275
52	331
53	142
53	350
53	396
54	95
54	327
54	330
55	83
55	101
55	114
55	280
56	58
56	163
56	269
56	386
57	154
57	208
58	93
58	193
59	66
59	228
59	301
59	318
59	337
59	382
60	243
60	251
61	105
61	165
61	212
61	276
61	280
62	237
62	280
62	326
62	339
62	382
63	203
63	287
63	346
63	392
64	76
64	126
64	192
64	325
64	370
65	72
65	133
65	321
65	349
66	68
66	159
66	194
66	256
66	298
66	360
67	113
67	127
67	169
67	190
67	309
68	253
68	380
69	106
69	370
70	104
70	150
70	217
71	253
71	302
71	383
72	314
72	361
73	220
74	102
74	168
74	217
74	235
74	240
74	300
74	320
75	105
75	163
75	183
75	256
75	299
76	182
76	222
76	242
77	294
78	231
78	349
79	142
79	178
80	180
80	273
80	280
80	299
81	83
81	171
81	225
81	311
81	399
82	194
82	244
83	123
83	356
84	119
84	304
85	308
85	370
85	388
86	91
86	262
86	279
86	377
87	120
87	266
87	277
87	324
87	371
87	372
88	295
88	315
89	303
89	398
90	96
91	152
91	198
91	273
91	276
91	308
91	331
92	329
92	338
94	107
94	235
94	341
94	369
95	126
95	231
95	291
96	241
96	323
96	380
97	143
97	195
98	106
98	138
98	235
99	118
99	241
99	267
100	176
101	107
102	183
102	233
102	370
103	119
103	145
103	253
103	310
103	373
104	240
104	393
105	115
105	185
106	140
106	204
107	272
107	323
108	334
108	369
109	111
109	155
110	288
110	328
111	236
111	249
111	287
111	348
112	246
112	259
112	272
113	248
113	314
114	155
115	263
116	218
116	244
116	247
116	359
116	383
117	313
118	220
118	317
118	348
119	244
119	386
119	399
120	162
120	262
120	282
120	313
120	349
121	169
121	201
121	228
121	249
121	297
121	373
122	123
122	134
122	175
122	194
122	243
123	197
123	213
123	233
123	273
123	322
123	339
123	341
123	357
124	156
125	331
126	211
127	137
127	170
127	378
128	131
128	180
128	356
128	361
128	386
129	159
129	167
129	238
130	141
130	229
130	270
131	217
131	268
131	382
132	133
132	149
132	214
132	220
132	296
132	359
132	382
132	391
133	161
133	222
133	250
133	275
133	345
134	157
134	164
134	174
134	178
134	225
134	280
134	313
135	139
135	398
136	173
136	178
136	239
136	296
137	201
137	362
138	139
138	145
138	262
138	319
138	322
138	361
138	396
139	158
139	260
139	303
139	321
139	377
139	379
140	172
140	284
141	150
141	171
141	196
141	296
141	319
142	236
142	297
143	155
144	205
144	333
144	369
144	395
145	193
145	203
145	302
145	304
145	362
146	344
146	390
147	154
148	151
148	297
149	209
149	343
149	366
150	276
150	379
151	201
151	371
152	217
152	220
152	239
153	183
153	186
153	223
153	333
153	334
153	365
154	251
155	313
155	361
155	371
156	350
157	324
158	249
158	328
158	333
159	295
159	356
159	369
160	170
160	198
160	310
161	332
162	264
162	268
162	294
163	173
163	183
163	319
164	307
164	396
165	181
165	230
165	301
166	283
167	291
168	185
168	229
169	314
169	335
169	390
170	324
171	208
171	263
171	308
172	294
173	199
173	246
174	328
174	348
175	228
175	324
176	205
176	332
176	354
177	204
177	335
178	213
178	289
179	211
179	338
180	238
181	276
181	349
182	212
182	291
182	314
183	189
183	237
183	291
183	331
184	271
184	304
184	334
184	357
184	375
185	251
185	327
186	242
186	289
186	336
187	222
188	249
189	294
190	207
190	271
190	340
191	226
192	212
192	263
192	390
192	393
193	233
194	205
194	226
194	271
196	257
196	399
197	293
197	314
197	327
198	237
199	353
200	383
201	310
201	322
202	268
202	310
202	339
202	357
202	364
202	367
203	231
204	216
204	235
204	271
204	319
206	395
207	283
207	319
208	396
210	283
210	397
212	250
212	258
212	297
212	360
212	397
213	284
213	356
213	395
214	245
215	274
215	278
215	283
215	304
217	274
217	337
218	315
218	331
219	304
220	239
221	244
221	344
221	354
222	305
223	234
224	292
224	294
224	306
225	292
225	300
225	380
226	230
226	246
226	279
226	369
226	399
227	384
228	323
228	396
229	330
230	249
230	347
230	392
231	248
231	299
232	290
232	299
233	388
234	372
235	266
235	289
235	303
235	358
235	385
237	378
237	393
238	365
238	389
239	279
239	312
239	393
242	335
242	395
243	335
244	268
244	281
245	301
246	362
247	281
247	308
247	375
248	294
248	324
249	309
249	319
249	320
249	358
250	383
250	392
251	272
251	290
252	300
252	348
253	283
253	294
254	361
255	278
256	331
257	344
258	306
258	353
258	361
260	282
260	304
260	386
261	293
261	335
263	329
263	356
266	289
267	269
269	274
271	285
271	314
271	318
272	392
273	286
274	282
275	286
276	363
277	320
278	320
279	348
281	296
281	337
281	346
281	384
281	395
282	388
284	398
285	322
285	336
285	352
286	358
287	377
290	351
293	318
293	391
294	333
296	310
296	336
300	388
304	325
304	344
305	326
306	346
307	337
308	342
309	334
311	368
311	379
312	334
313	372
320	338
321	397
322	396
324	395
327	386
332	361
334	337
334	391
341	360
344	357
345	369
346	353
346	371
346	376
347	399
348	395
357	364
358	366
362	366
365	390
367	379
367	386
369	391
372	374
374	393
376	385
379	382
380	391