0	79
0	99
0	217
0	258
1	75
1	148
1	152
1	296
2	164
2	167
2	206
2	255
2	259
3	57
3	146
3	192
3	277
3	320
3	323
3	324
3	396
4	68
4	124
4	202
4	301
4	320
5	59
5	73
5	120
5	300
5	331
6	223
6	278
6	292
6	295
6	302
6	372
7	77
7	90
7	165
7	345
8	46
8	152
9	121
9	124
10	37
10	262
10	319
10	399
11	69
11	244
11	327
11	393
12	117
12	310
12	336
12	351
13	93
13	226
13	329
13	375
14	35
14	132
14	162
14	173
14	181
14	259
15	129
15	174
15	264
15	398
16	69
16	91
16	198
16	201
16	227
16	239
16	247
16	258
17	27
17	59
17	65
17	248
17	288
17	290
17	329
18	66
18	75
18	182
18	190
18	250
18	331
19	112
19	333
19	390
20	140
20	142
20	190
20	278
20	357
20	371
21	145
21	333
22	54
22	120
22	208
22	380
23	73
23	318
24	30
24	123
24	151
24	223
24	247
25	232
25	281
25	298
25	307
25	355
26	36
26	114
26	124
26	134
26	215
26	223
26	289
26	381
27	90
27	216
27	277
27	392
28	263
28	297
28	309
28	330
29	78
29	99
29	211
29	240
29	311
30	83
30	118
30	146
30	182
30	196
31	123
31	175
31	315
32	122
32	186
32	286
33	182
33	351
34	49
34	95
34	107
34	192
34	204
34	330
34	365
35	54
35	103
35	137
35	184
35	318
36	284
36	393
37	212
37	268
37	275
37	279
37	290
37	340
38	50
38	102
38	160
38	182
38	197
38	358
39	222
39	223
39	310
39	381
40	85
40	102
40	119
40	227
40	277
40	280
40	359
40	389
41	298
42	201
42	254
42	374
42	388
43	245
43	354
44	70
44	124
44	156
44	234
45	64
45	94
45	131
45	270
46	71
47	114
47	263
48	140
48	152
48	321
49	145
49	326
50	74
50	161
50	303
50	305
50	308
51	91
52	63
52	108
52	151
52	197
52	226
52	347
53	64
53	157
54	119
54	138
55	375
56	148
56	368
57	73
57	93
57	168
57	193
57	388
58	311
59	76
59	197
59	213
59	286
59	334
59	364
60	162
60	254
61	161
61	169
61	181
61	192
62	203
62	262
62	321
63	151
63	169
65	113
65	311
65	342
65	353
66	90
66	122
67	140
67	351
67	358
68	118
68	132
69	131
69	175
69	226
70	90
70	98
70	194
70	196
70	205
70	315
71	158
71	173
71	229
71	334
71	345
72	148
72	162
72	219
72	245
72	395
73	200
73	276
74	127
74	134
74	142
74	153
74	158
74	315
75	108
75	112
75	166
75	172
75	240
76	241
76	386
77	312
77	332
77	336
78	256
78	382
79	244
80	83
80	118
80	331
81	189
82	231
82	248
82	287
82	292
82	297
82	344
83	129
83	139
83	187
83	260
83	279
83	306
84	184
84	189
84	211
84	394
85	364
85	392
86	362
87	227
87	326
87	337
87	349
88	107
88	130
88	231
88	258
88	313
88	319
88	395
89	145
89	224
89	343
90	109
90	331
91	120
91	271
92	168
92	258
92	297
92	312
92	315
92	347
93	372
94	290
95	178
95	195
95	213
95	352
96	146
96	300
97	101
97	157
97	184
98	101
98	238
98	266
99	110
99	384
99	397
100	119
100	338
100	389
100	397
101	249
101	310
102	295
102	332
103	286
103	329
103	355
104	377
105	147
105	177
105	317
105	391
106	128
106	130
106	134
106	179
107	170
107	220
108	112
108	152
108	218
108	220
108	231
108	255
108	368
109	148
109	161
109	189
109	237
110	115
110	119
110	135
110	176
110	186
111	151
112	198
112	212
112	257
114	139
114	200
114	340
115	121
115	181
115	258
116	126
117	141
117	144
117	200
117	262
117	331
118	135
118	210
118	217
119	319
119	360
120	130
120	164
120	166
121	157
121	239
121	252
121	320
122	311
123	219
123	236
123	277
123	307
123	329
125	202
126	179
126	191
126	282
126	313
126	373
127	140
127	166
127	195
127	300
127	355
129	197
129	336
130	162
130	305
131	191
132	398
133	218
134	226
134	288
134	296
134	348
135	210
136	171
137	254
137	301
138	196
139	178
139	254
139	381
140	219
140	270
140	278
140	379
140	380
141	265
142	346
142	363
143	288
143	295
143	329
143	330
143	338
143	354
144	361
145	320
145	374
145	377
146	264
146	339
148	239
148	246
148	338
149	284
149	362
150	215
150	229
151	293
151	344
152	162
152	374
152	383
154	220
155	305
156	184
156	196
156	361
157	388
158	165
158	190
158	207
158	261
158	360
159	178
159	282
159	355
160	161
160	166
160	355
160	366
162	249
162	316
163	192
163	301
163	389
164	318
164	325
165	176
165	359
166	262
166	271
166	344
167	214
167	347
170	233
172	194
172	261
173	300
173	345
174	281
174	304
174	310
174	342
174	370
175	222
175	283
175	307
175	343
175	358
175	382
176	247
176	349
176	355
177	231
177	353
177	379
178	204
178	245
178	257
178	267
179	279
179	366
179	399
180	251
180	369
180	372
181	267
181	344
181	387
182	258
182	370
183	188
184	220
185	343
186	326
187	202
187	296
187	385
188	192
190	354
190	379
192	254
193	237
193	272
194	251
194	364
195	345
196	232
196	272
196	331
196	350
196	361
197	286
198	301
198	375
198	376
199	349
200	319
200	322
200	328
201	271
201	383
201	394
202	245
203	228
203	287
204	356
205	236
205	320
206	239
207	345
208	227
208	343
208	367
208	397
209	268
209	330
209	341
209	344
209	377
210	225
211	319
211	399
212	274
212	308
212	336
213	264
214	257
215	260
216	238
216	268
216	280
216	298
216	301
216	372
216	388
217	243
217	278
217	331
218	249
218	269
218	276
218	365
219	274
220	256
220	307
221	339
221	341
221	393
222	250
222	267
222	389
224	251
224	327
226	250
227	243
227	390
228	376
229	282
229	346
230	231
230	349
230	373
231	273
231	346
232	291
232	296
232	373
233	392
235	250
235	266
235	390
236	376
236	385
237	314
238	317
239	310
239	347
241	250
241	348
241	397
242	300
243	280
243	309
243	326
243	371
244	332
244	382
245	296
245	392
247	254
247	316
247	320
247	345
249	349
250	340
250	349
252	289
252	363
253	316
253	327
254	257
254	261
254	272
254	393
255	311
255	324
256	342
257	306
257	337
258	294
258	324
258	366
258	368
259	284
259	394
260	308
261	312
261	321
261	358
261	379
263	310
265	315
266	278
268	315
268	352
269	285
270	303
271	348
271	369
273	310
273	379
274	345
275	285
275	380
277	372
278	329
278	373
279	368
281	343
281	364
283	308
284	388
285	340
285	341
287	291
289	302
289	312
290	387
291	340
291	359
292	299
293	391
297	315
297	341
298	396
302	367
303	344
303	366
303	395
304	325
305	392
308	359
309	388
311	393
313	352
314	317
315	350
315	395
319	332
320	358
321	369
321	399
323	370
328	332
329	364
329	378
330	380
332	358
334	379
335	340
337	339
339	352
341	383
342	374
358	390
359	375
360	381
360	399
362	376
365	367
365	392
366	387
368	374
368	394
368	399
371	374
376	386
376	390
380	385
381	398
392	398