0	123
0	137
0	249
0	308
0	333
1	135
1	326
1	337
1	350
2	34
2	175
2	312
2	372
3	35
3	82
3	164
3	177
3	181
3	300
4	25
4	107
4	160
4	279
5	14
5	18
5	39
5	131
5	156
5	217
5	226
5	328
6	132
6	181
7	36
7	50
7	94
7	100
7	216
7	219
7	374
8	48
8	53
8	57
8	276
8	391
9	50
9	52
9	95
9	286
9	324
10	201
10	209
10	261
10	323
11	19
11	20
11	37
11	64
11	135
11	244
11	252
11	254
11	309
11	342
12	54
12	71
12	72
12	141
13	57
13	171
13	260
13	363
14	22
14	147
14	200
14	297
14	322
14	383
15	106
16	96
16	218
16	276
16	363
16	391
16	399
17	205
17	348
18	303
18	322
19	231
20	135
20	142
20	207
20	343
20	345
21	187
22	110
22	138
22	146
22	245
22	264
23	124
23	142
23	162
23	335
23	396
24	37
24	344
25	109
25	240
25	247
25	375
26	103
26	148
26	153
26	178
26	179
27	267
27	308
27	335
28	316
28	343
28	357
29	148
29	183
29	204
29	221
29	287
30	76
30	155
30	201
30	290
30	336
31	37
31	172
31	229
31	235
32	236
33	160
33	195
33	217
33	346
34	193
34	204
34	260
34	321
35	72
35	74
35	167
35	248
36	37
36	127
36	139
36	212
36	231
36	367
37	88
37	269
37	280
37	307
37	312
37	313
37	370
38	137
38	271
38	286
38	301
39	51
39	56
39	137
39	326
40	343
41	62
41	73
41	259
41	271
42	213
42	313
42	363
42	369
43	272
44	138
44	243
44	258
44	399
45	95
45	147
45	149
46	77
46	92
46	134
46	274
46	338
46	355
46	359
47	145
47	259
47	295
47	355
48	84
48	277
48	280
48	294
48	300
49	124
49	244
49	309
50	52
50	76
50	189
51	114
52	306
52	325
52	378
53	220
53	314
54	392
55	149
55	178
55	276
55	332
55	396
56	64
56	125
56	139
56	156
56	181
56	293
56	329
57	116
57	135
57	391
58	60
58	202
58	293
58	296
59	91
59	103
59	117
59	152
59	212
59	229
60	240
60	389
61	71
61	197
61	305
61	315
61	345
61	351
62	89
62	93
62	150
62	264
62	349
62	399
63	173
63	177
63	244
64	120
64	127
64	282
64	313
65	111
66	383
67	145
67	177
67	193
67	295
67	377
68	101
68	145
68	172
69	138
69	166
69	173
69	215
69	223
69	271
69	294
69	394
70	86
70	314
70	352
70	395
71	90
71	129
71	192
71	196
71	254
71	374
72	142
72	196
72	211
72	221
73	241
74	117
74	141
74	221
74	276
74	284
75	214
76	218
77	95
77	111
77	172
77	240
77	332
78	135
78	150
78	170
78	239
78	250
79	95
79	118
79	139
79	283
80	146
80	211
80	249
80	315
80	337
81	97
81	165
81	210
81	372
81	390
82	155
82	207
82	268
82	316
82	372
83	156
83	235
84	287
84	314
84	320
85	346
86	148
86	245
87	101
87	372
88	120
88	330
89	104
89	105
89	159
89	214
89	370
90	99
90	240
90	275
90	371
90	375
91	99
92	270
92	370
93	250
93	354
94	105
94	132
94	165
94	238
94	315
95	389
96	107
96	329
96	366
97	177
97	182
97	306
98	142
98	337
98	342
99	157
99	238
99	320
100	198
100	352
101	317
101	357
102	158
103	237
103	276
103	288
104	199
104	267
105	253
105	371
105	373
106	129
106	147
106	310
107	120
107	181
108	119
108	121
108	132
108	201
108	250
108	266
109	234
109	238
109	268
109	391
110	196
110	240
111	174
111	350
112	198
112	242
113	171
113	172
113	200
113	273
113	307
114	365
115	154
115	255
115	287
116	223
116	269
116	323
116	379
116	392
117	177
118	183
118	208
118	217
118	218
119	216
119	340
120	157
120	274
120	322
120	389
120	397
121	143
121	144
121	267
122	192
122	399
123	132
123	278
123	391
124	290
124	346
125	164
125	228
126	203
126	246
126	296
126	315
126	384
127	192
127	195
127	221
127	367
128	167
128	188
128	222
128	255
128	296
128	321
129	132
129	153
129	202
129	303
130	144
130	358
130	375
131	296
131	345
131	391
131	396
132	226
132	238
132	309
132	349
133	244
133	360
134	188
134	191
134	339
134	373
135	301
135	311
135	314
136	144
136	194
136	216
136	261
136	373
137	250
137	361
138	157
138	202
138	268
138	304
140	254
142	151
142	244
143	302
144	160
144	191
144	207
144	356
144	398
145	317
146	160
146	193
146	228
146	398
148	177
148	342
148	387
149	228
150	160
150	176
150	181
150	232
150	244
150	255
150	356
150	373
151	156
151	277
151	319
152	194
152	305
153	356
153	357
153	366
154	202
154	303
154	307
154	368
154	378
155	241
155	269
155	336
155	390
156	164
156	247
156	272
156	280
156	334
157	230
158	329
159	255
159	329
160	214
160	243
160	302
161	311
161	341
162	200
162	300
162	337
162	375
163	242
163	312
164	258
164	269
164	271
164	384
165	310
165	331
165	381
165	391
166	234
166	298
167	186
167	209
167	235
167	254
168	206
169	218
170	276
170	331
171	232
171	386
172	229
172	345
172	375
173	216
173	252
173	347
173	385
174	219
174	235
174	310
174	335
175	206
175	350
175	351
176	204
176	308
176	356
179	363
180	301
181	190
181	222
182	190
182	266
182	298
182	343
183	198
184	266
184	267
184	271
185	236
185	332
185	334
186	297
187	288
188	201
188	359
189	221
189	252
190	249
190	382
192	249
192	315
193	221
193	226
193	235
193	395
194	249
194	378
194	395
195	232
195	251
195	263
195	292
197	339
198	220
198	277
198	300
198	384
199	298
200	209
200	215
200	269
200	285
201	206
201	377
202	325
202	351
202	378
202	390
203	209
203	395
204	243
204	275
205	289
206	247
206	389
208	369
208	392
209	331
210	263
210	364
212	245
212	246
213	306
215	313
215	339
215	341
215	384
216	219
216	240
216	244
216	388
218	313
219	229
219	302
220	245
220	301
221	256
221	271
221	277
221	341
222	342
224	258
224	356
225	272
226	234
226	342
226	362
226	393
227	262
227	319
227	340
227	378
228	310
229	243
229	259
229	328
229	369
229	370
229	390
230	256
231	260
232	237
232	255
232	330
232	334
233	263
234	255
234	274
234	284
234	370
235	305
235	353
236	244
236	358
236	380
237	302
240	289
240	384
242	276
242	347
243	311
244	310
244	373
245	259
245	263
245	292
245	333
247	369
248	350
248	362
248	395
249	286
250	308
250	372
251	271
251	354
254	390
256	381
257	297
257	298
258	263
258	307
259	315
259	395
260	300
260	314
261	270
262	313
262	330
262	361
265	301
265	371
267	387
271	285
271	299
271	323
271	329
271	367
272	307
274	281
274	310
274	366
274	394
275	291
276	310
276	352
276	396
278	332
279	313
279	354
279	382
280	289
280	359
283	310
284	285
285	340
285	347
286	322
286	356
286	379
286	398
287	318
288	348
289	319
290	298
290	301
291	360
291	361
292	364
293	301
293	366
294	326
294	375
294	386
294	389
295	314
295	329
295	337
296	307
297	331
299	351
300	399
301	358
302	318
306	348
308	325
308	397
309	363
310	381
311	349
312	323
313	333
313	363
319	374
322	327
324	340
326	379
327	397
332	358
335	351
338	371
339	360
343	370
343	380
348	391
349	389
354	368
355	357
362	388
364	390
365	387
366	376
373	396
374	390
377	399
383	392