0	94
0	145
0	149
0	244
0	246
1	27
1	147
1	225
1	248
1	275
1	388
2	17
2	97
2	221
2	270
2	280
3	5
3	316
3	363
4	136
4	153
4	207
4	277
4	307
5	25
5	122
5	242
5	299
5	399
6	41
6	50
6	232
6	250
6	386
7	87
7	268
8	93
8	136
8	152
9	13
9	110
9	147
9	378
9	386
10	151
10	243
10	262
10	323
11	45
11	114
11	234
11	254
12	62
12	160
12	224
12	308
12	391
13	45
14	26
14	124
14	164
14	254
14	274
15	38
15	83
15	117
15	188
15	296
15	304
16	31
16	150
16	168
16	286
16	373
17	78
17	164
17	202
17	233
18	156
18	203
18	272
18	280
18	351
18	384
19	39
19	181
19	214
20	37
20	73
20	143
20	212
20	322
21	77
21	117
21	251
21	255
21	313
21	316
21	381
22	233
22	235
22	297
22	364
23	138
23	170
23	174
23	371
24	65
24	137
24	210
24	271
24	335
25	97
25	105
25	256
25	377
26	72
26	223
27	150
27	159
27	288
28	63
28	97
28	160
28	206
29	39
29	102
29	183
29	252
30	176
31	128
31	191
31	209
31	234
32	106
33	73
34	389
35	36
35	147
35	158
35	191
35	331
36	52
36	144
36	173
36	300
36	307
37	122
37	188
38	299
38	349
39	176
39	358
40	318
40	349
41	174
42	109
42	201
42	277
42	367
43	50
43	203
43	311
43	348
44	47
44	61
44	89
44	225
44	275
45	163
45	193
45	265
45	300
46	221
46	283
46	339
46	353
46	396
47	114
47	199
47	301
48	105
48	111
48	162
48	258
48	264
49	144
49	165
49	199
49	207
49	354
50	121
50	169
50	170
50	238
50	250
50	308
50	309
50	337
50	362
51	330
52	197
52	293
52	382
52	398
53	281
53	392
54	60
54	260
54	268
54	278
55	180
56	243
56	262
57	220
57	288
58	192
58	310
58	315
59	91
59	116
59	121
59	153
59	195
59	217
59	223
59	246
59	284
60	257
60	313
60	346
60	386
61	297
61	302
61	303
61	313
62	103
62	218
62	291
64	105
64	161
64	217
64	335
65	193
65	222
65	264
66	81
66	130
66	271
67	148
67	154
67	369
68	78
68	341
68	389
69	82
69	260
69	285
69	335
70	97
70	111
70	153
70	178
70	190
70	371
71	120
71	390
72	158
72	284
72	348
73	112
73	135
73	255
73	275
74	323
75	242
75	380
76	281
76	327
76	398
77	101
77	321
77	327
78	276
78	387
79	139
79	165
79	285
80	106
80	211
80	243
80	375
81	154
81	307
81	333
82	108
82	240
82	399
83	163
83	248
83	269
83	323
83	373
83	393
84	85
84	107
86	151
87	128
87	151
87	231
88	190
89	122
89	129
89	228
89	326
90	318
91	92
91	159
91	395
92	109
92	165
92	179
92	281
92	299
93	97
94	166
94	190
95	113
96	250
97	197
97	216
98	181
98	370
98	388
99	141
99	208
99	324
99	345
100	279
101	390
102	249
102	253
103	236
103	294
103	306
103	382
104	213
104	253
105	163
105	220
105	230
105	298
105	319
105	331
105	355
106	111
106	244
106	269
107	141
107	268
107	363
108	218
108	229
108	307
108	309
109	291
110	249
110	325
111	305
111	384
112	223
112	283
112	288
112	293
112	329
113	370
114	342
114	391
115	122
115	144
115	158
115	193
115	200
115	208
115	315
116	216
116	336
116	354
117	237
118	288
118	295
118	343
118	347
118	358
118	387
119	161
119	173
120	190
120	320
121	194
121	208
121	310
121	352
122	170
122	272
123	245
123	247
123	255
123	262
123	267
123	368
124	269
124	277
124	283
125	128
125	267
125	277
125	303
126	356
127	129
127	153
127	311
127	392
128	153
128	349
129	341
130	228
130	245
130	303
130	371
131	332
132	377
133	252
133	290
133	310
134	252
134	287
134	291
135	149
135	197
135	210
135	224
135	310
135	346
136	212
137	394
138	154
138	206
138	272
138	308
138	387
139	196
140	183
140	364
141	273
142	336
142	371
143	155
143	184
143	276
143	280
143	334
143	380
144	154
144	156
144	215
144	255
144	306
146	204
146	231
146	270
146	306
146	364
147	316
148	200
148	358
149	166
149	201
149	272
149	389
150	163
150	327
151	162
151	280
151	388
152	315
152	343
152	389
153	198
154	375
155	215
155	339
156	189
156	339
157	175
157	203
158	273
160	186
160	330
161	212
161	272
162	206
162	231
162	359
163	209
163	282
164	170
164	251
164	280
165	173
165	294
165	311
166	210
166	222
167	218
167	231
167	357
171	324
172	291
174	250
174	332
174	338
175	308
176	251
177	343
178	210
179	197
179	219
180	214
180	323
180	396
181	357
181	372
181	382
182	372
182	395
183	243
183	292
184	247
184	372
184	385
185	277
185	308
185	359
187	204
187	278
188	214
188	266
188	396
189	193
189	263
189	311
189	394
190	330
191	251
192	303
192	317
194	215
195	201
195	207
196	214
196	265
197	251
198	204
198	276
198	304
198	336
198	363
199	363
200	208
200	246
201	234
201	268
201	353
202	242
202	329
202	356
205	271
205	334
205	342
205	378
206	274
206	379
206	396
207	220
207	333
208	256
208	353
209	247
209	365
210	229
212	284
212	286
212	312
212	379
213	271
213	316
213	386
214	253
214	261
214	320
214	350
215	231
215	241
215	282
215	315
216	235
216	237
216	296
217	293
217	342
217	399
218	235
218	278
218	284
218	327
218	370
221	229
221	269
221	311
221	343
221	385
222	231
222	254
222	332
222	348
223	288
223	292
224	344
224	360
224	393
225	228
225	229
226	242
226	289
226	317
226	345
227	302
227	325
228	304
229	246
229	364
229	391
230	231
230	250
230	359
230	375
233	283
233	324
233	365
235	310
235	318
235	391
236	337
236	356
238	273
238	330
239	360
239	382
240	376
241	291
242	287
242	377
243	303
243	329
243	377
244	372
247	386
249	289
249	296
249	303
249	323
249	347
251	297
251	316
252	369
253	276
254	312
254	369
256	306
256	314
256	318
256	353
256	383
257	382
258	324
258	327
259	371
262	348
262	376
264	322
265	294
265	391
266	340
267	310
268	380
269	336
269	366
269	391
270	326
271	347
271	352
272	378
273	374
274	303
274	391
275	398
278	346
278	365
278	389
280	383
282	389
283	344
285	307
286	306
286	398
289	333
289	336
290	367
291	296
291	317
291	349
291	378
292	333
292	366
293	361
294	300
296	359
297	348
299	311
299	365
301	311
301	374
302	321
302	382
304	398
305	327
306	319
307	333
307	349
308	352
309	326
309	331
309	358
310	312
311	380
311	389
312	346
312	362
313	320
313	328
314	391
315	367
315	390
316	317
317	323
319	320
319	322
320	377
321	328
321	355
322	397
323	332
323	368
329	331
329	336
331	380
333	377
334	355
334	371
337	395
341	354
341	367
341	382
345	356
349	379
350	351
351	377
351	382
353	394
354	371
357	399
358	371
368	377
368	395
371	383
379	395
380	386
381	398
382	398
385	395