0	28
0	47
0	213
0	248
0	261
0	281
1	89
1	216
1	295
1	342
1	372
2	25
2	72
2	189
3	38
3	87
3	99
3	126
3	235
3	246
3	255
3	302
3	311
3	397
4	165
4	187
4	204
4	285
4	300
5	30
5	135
5	147
6	15
6	158
6	305
7	150
7	236
8	315
8	325
8	340
8	364
9	43
9	136
9	187
9	372
9	385
10	74
10	84
10	126
10	186
11	28
11	69
11	135
11	183
11	217
12	70
12	200
12	223
12	246
13	32
13	81
13	139
13	190
14	60
14	212
14	351
14	373
15	86
15	171
15	195
15	196
16	141
16	249
17	113
18	185
18	245
18	261
18	341
19	29
19	36
19	115
19	264
19	288
19	296
19	306
20	48
20	57
20	76
20	166
21	49
21	80
21	125
22	139
22	148
22	187
22	264
22	347
22	394
23	32
23	121
23	132
23	134
23	173
23	252
24	49
24	270
25	120
25	352
26	149
26	170
26	276
27	62
27	196
27	238
28	93
28	111
28	217
28	289
28	296
28	388
29	73
29	344
30	398
31	84
31	119
31	308
31	397
32	222
32	251
32	294
32	339
33	224
33	299
33	339
34	115
34	129
34	265
35	79
35	86
35	207
36	149
36	189
36	361
36	383
36	387
37	101
37	319
37	351
38	40
38	76
38	267
38	322
39	44
39	167
39	190
39	344
40	81
40	226
41	95
41	202
41	213
41	232
41	346
41	347
42	322
43	96
43	158
43	212
43	260
43	303
44	52
44	137
44	213
44	360
44	381
45	50
45	58
45	249
45	314
46	82
46	252
46	293
46	399
47	95
47	205
49	167
49	181
49	270
49	337
51	94
51	277
52	304
52	353
53	79
53	82
53	85
53	160
53	209
53	258
53	348
54	69
54	88
55	94
55	240
55	287
55	288
55	323
55	377
56	80
56	85
56	112
56	326
56	375
57	113
57	138
57	266
57	309
57	340
58	111
58	173
58	202
58	209
58	344
58	378
59	77
59	246
60	73
60	336
61	116
61	265
61	328
61	392
63	221
63	329
63	344
64	219
64	278
64	290
65	382
66	162
66	235
66	251
66	363
67	74
67	119
67	153
67	186
68	137
68	271
69	380
70	391
70	395
71	105
71	137
71	286
71	310
71	396
72	208
72	284
73	178
73	199
73	399
74	193
74	213
75	275
75	297
76	90
76	95
76	120
76	162
76	270
76	377
77	108
77	304
77	372
78	125
78	188
78	302
79	94
79	166
79	346
79	373
80	94
80	125
80	204
80	343
81	180
81	210
81	293
82	165
82	295
83	155
83	180
83	181
83	232
83	234
83	310
84	97
84	183
84	244
84	285
84	292
85	139
85	278
85	382
86	98
86	145
86	330
88	140
88	388
88	399
89	132
89	166
89	186
89	280
89	352
89	362
90	109
91	178
91	192
91	247
91	373
91	392
92	172
93	102
93	305
93	323
93	391
94	97
94	291
94	296
94	364
95	251
95	336
96	172
96	266
96	364
97	284
98	319
98	350
98	380
98	392
99	112
99	189
99	232
99	322
99	338
100	297
100	362
100	367
101	127
101	128
101	185
101	367
102	110
102	114
102	331
103	120
103	352
103	383
104	217
105	152
105	154
105	202
105	235
106	329
106	339
107	165
107	234
107	333
107	378
108	122
108	248
109	182
109	281
109	305
109	392
110	185
110	307
110	339
111	205
111	361
111	365
112	188
112	221
113	279
114	186
114	198
114	288
114	391
115	130
115	305
116	198
116	287
116	322
117	278
117	328
118	394
119	268
119	291
119	294
119	296
119	398
120	177
120	296
120	374
120	387
121	132
121	178
121	275
121	316
121	365
122	232
122	365
123	149
123	191
123	197
123	371
123	375
124	145
125	250
125	262
125	282
125	318
125	319
125	344
126	174
126	369
127	186
127	260
128	215
128	384
129	290
129	295
130	131
130	222
130	256
130	266
131	167
131	172
132	273
133	369
134	189
134	249
134	319
135	146
135	161
135	187
135	239
135	332
135	379
136	205
136	263
136	316
136	370
137	157
137	224
137	238
138	168
138	195
138	336
139	187
139	224
139	303
140	239
140	301
140	320
141	163
141	222
141	251
141	307
142	235
142	353
143	315
144	208
144	271
144	322
144	349
145	254
145	329
145	357
145	383
146	166
146	371
147	366
148	259
149	250
149	272
150	295
151	159
151	256
151	394
152	242
152	280
152	357
152	362
152	394
152	396
153	245
153	261
153	284
154	282
154	291
154	336
156	219
156	265
156	352
157	192
157	313
158	182
158	185
158	347
158	382
159	232
159	290
160	175
160	277
160	369
162	353
164	224
164	375
165	224
166	282
167	189
167	354
167	398
168	208
168	228
168	306
168	334
169	315
169	388
170	363
171	291
171	380
172	201
172	209
172	266
172	326
172	370
173	200
174	285
174	317
176	277
176	390
177	241
177	291
178	225
179	204
179	263
179	276
179	298
179	343
179	360
179	387
180	277
180	319
180	339
180	365
181	266
181	289
181	356
182	313
183	315
183	322
184	353
185	277
185	309
185	354
186	195
186	388
187	316
187	364
188	370
188	376
189	190
189	221
189	234
189	264
189	272
189	274
189	324
190	211
190	236
190	258
190	277
190	351
191	296
192	260
192	318
193	309
194	326
194	372
194	378
195	224
195	253
196	309
196	321
197	293
198	226
199	382
200	292
201	205
202	286
202	327
202	331
203	251
203	321
205	242
205	248
205	305
205	352
206	350
206	393
207	292
207	356
207	393
208	340
209	219
209	386
209	388
210	308
210	384
210	388
212	262
212	346
214	354
214	374
214	381
215	338
215	371
216	287
216	353
218	378
219	237
219	263
219	329
219	375
220	264
223	276
223	311
223	312
225	336
225	363
226	287
226	399
227	237
227	358
228	351
229	352
230	349
230	354
230	399
231	340
232	252
232	367
233	288
234	308
234	313
234	391
235	386
236	342
237	297
237	311
238	240
238	315
242	305
243	366
243	390
244	248
244	342
244	352
244	368
246	275
246	292
246	304
247	362
247	363
247	382
248	259
248	273
248	335
248	359
248	367
249	326
249	390
251	296
251	297
252	341
253	303
253	379
254	273
254	388
255	324
255	360
256	265
256	269
257	274
257	372
258	290
259	278
259	323
259	327
259	347
261	360
262	270
264	328
265	390
269	363
270	371
270	372
271	285
272	353
272	357
273	275
274	370
276	302
276	366
277	283
277	330
278	341
278	346
278	393
279	318
279	333
280	336
280	386
282	310
282	328
284	368
285	399
286	326
286	350
287	321
287	327
287	329
287	389
289	339
289	340
291	388
294	371
295	315
298	300
299	306
301	332
302	319
303	343
303	389
303	398
304	308
307	362
307	380
308	356
309	396
310	333
310	385
311	321
313	355
314	321
314	393
316	359
317	340
318	373
320	331
320	394
322	333
323	339
323	396
324	326
324	335
325	345
326	377
328	375
330	349
330	361
331	336
332	372
332	381
333	370
333	397
336	353
337	388
338	344
344	357
349	368
349	396
352	356
354	355
355	385
361	380
369	380
375	379
377	393
378	389
384	395
392	397