0	215
0	274
0	397
1	26
1	285
1	300
1	312
2	58
2	177
2	249
2	368
3	124
3	342
3	349
4	7
4	82
4	133
4	154
4	315
5	239
5	268
5	285
5	302
5	323
6	56
6	100
6	179
6	246
6	394
7	59
7	201
8	17
8	61
8	74
8	132
8	304
9	14
9	19
9	200
9	299
9	307
10	12
10	47
10	130
11	260
11	349
13	26
13	72
13	170
13	182
13	190
13	209
13	232
13	276
13	355
14	382
14	392
15	28
15	182
15	235
15	253
15	281
16	158
16	271
17	55
17	68
17	146
17	166
17	221
18	22
18	190
18	381
19	137
19	214
19	228
20	222
20	284
20	331
20	379
21	75
21	149
21	382
22	293
22	362
23	217
23	288
24	71
24	90
24	135
24	325
24	383
25	64
25	196
25	239
26	38
26	64
26	74
26	75
26	144
26	236
26	290
26	319
26	392
27	277
27	285
27	310
27	365
27	379
28	99
28	191
28	310
29	42
29	191
29	198
29	209
29	359
30	79
31	62
31	76
31	95
31	286
31	314
31	374
32	53
32	114
32	207
32	362
33	197
33	349
34	209
34	239
34	286
34	293
34	385
35	135
36	67
36	155
36	208
37	66
37	94
37	152
37	275
37	314
37	380
38	64
38	111
38	219
38	271
38	325
39	86
39	313
40	128
40	308
41	66
41	156
41	178
41	201
41	270
41	293
42	128
43	289
43	295
43	339
43	379
44	81
44	162
44	178
44	180
44	301
44	337
44	374
45	48
45	120
45	127
45	328
46	207
46	279
47	282
47	397
48	69
48	95
48	336
48	358
48	394
49	122
49	182
49	230
49	273
49	278
49	293
49	369
50	56
50	97
50	206
50	211
50	368
51	88
51	105
51	359
52	221
52	276
53	117
53	144
53	223
53	244
54	95
54	177
54	204
54	309
54	333
55	157
56	99
56	120
56	152
56	394
57	99
57	336
58	62
58	173
58	361
58	368
59	162
59	194
59	334
60	209
60	255
60	304
60	318
60	338
61	148
61	227
62	76
62	88
62	233
62	294
62	302
63	228
64	184
64	288
64	306
64	393
65	150
65	163
65	248
66	287
66	317
66	372
67	84
67	216
67	221
67	285
67	332
67	359
68	119
68	277
68	278
69	150
69	180
69	332
69	391
70	173
70	204
70	236
70	360
70	397
70	399
71	118
71	283
71	297
71	308
71	368
72	248
73	149
73	186
73	205
73	209
73	219
73	314
74	159
74	225
74	322
74	391
75	221
75	354
76	113
76	115
76	235
76	293
76	357
77	127
77	196
77	361
78	278
78	279
79	187
79	235
80	221
80	242
80	260
80	323
80	349
81	101
81	117
81	209
81	326
81	349
81	366
81	392
82	182
82	278
82	356
83	117
83	210
83	234
83	255
83	284
83	304
84	139
84	143
84	221
84	229
85	209
85	216
85	246
85	268
85	279
85	331
86	95
86	292
87	145
87	217
88	114
88	115
88	194
88	359
89	134
89	206
89	238
89	280
89	322
90	193
90	303
90	348
91	265
91	394
92	96
92	214
92	275
92	362
92	391
93	269
93	346
93	396
94	234
95	123
95	128
95	248
95	340
95	376
95	395
96	123
96	132
97	200
98	116
98	169
98	256
99	193
99	363
100	239
100	241
100	306
100	354
101	249
102	129
102	315
103	114
103	194
103	200
103	252
103	265
103	342
104	206
104	333
105	275
105	278
105	339
105	366
105	381
106	169
106	183
107	114
107	137
107	142
107	328
107	367
107	369
108	199
109	140
109	157
109	368
110	206
110	354
110	355
110	396
111	231
111	362
112	144
112	179
112	232
112	332
113	142
113	192
113	267
113	348
114	134
114	150
114	292
114	317
116	293
116	382
117	171
117	225
117	286
118	138
118	280
118	301
118	315
118	377
119	137
119	174
119	326
120	155
120	256
120	333
120	348
120	354
120	368
120	399
121	134
121	242
121	313
121	333
121	380
122	218
122	252
122	333
124	257
125	160
125	314
126	129
126	225
128	154
128	172
128	178
128	323
128	346
128	351
128	393
129	282
129	335
129	350
129	380
129	390
130	156
130	164
130	249
130	303
130	377
131	162
131	330
132	189
132	345
132	351
132	382
132	389
133	359
133	386
134	145
134	156
134	186
135	369
136	216
136	374
137	157
137	162
137	192
137	234
137	319
138	248
138	280
139	227
139	345
140	221
140	354
140	367
141	162
141	200
141	295
141	367
141	370
142	228
143	173
143	233
143	235
143	253
143	313
143	392
143	394
144	342
145	159
145	162
145	223
145	240
145	386
146	215
146	267
146	272
146	310
146	333
147	243
147	259
147	382
148	186
149	396
150	247
151	157
151	200
151	236
151	268
151	344
152	224
152	299
153	189
153	281
153	374
154	159
154	187
154	207
154	213
154	250
154	285
154	357
155	212
155	351
156	274
157	272
157	294
157	372
157	393
159	192
159	342
159	390
160	197
161	169
161	198
161	318
161	377
162	182
162	252
162	346
163	218
163	259
163	318
164	278
165	206
165	352
165	364
165	398
166	280
166	329
167	226
167	299
168	185
168	252
168	393
169	200
169	322
169	323
169	340
169	388
170	182
171	246
171	325
172	207
172	216
172	252
173	369
174	371
175	179
175	216
175	232
175	236
176	182
176	195
176	346
177	265
177	269
178	259
178	336
178	381
178	386
179	216
179	223
179	229
179	281
179	302
179	304
179	356
179	383
180	288
180	338
180	378
180	393
181	370
182	241
183	288
184	229
184	241
184	330
185	341
187	277
188	278
189	254
189	256
190	218
190	323
190	388
191	290
191	293
192	216
192	232
192	367
193	217
194	223
195	198
195	239
196	387
197	251
197	262
197	393
198	249
199	293
199	313
200	384
201	253
201	310
201	361
202	261
202	382
203	265
203	341
204	207
204	211
204	230
204	257
204	398
205	251
205	298
205	311
206	390
207	228
207	302
207	316
208	213
209	245
209	328
210	304
213	281
213	387
213	396
214	265
214	321
215	388
216	306
216	327
216	382
216	388
217	264
217	318
218	232
218	330
219	362
219	371
219	373
220	263
220	325
220	343
220	378
221	381
221	390
222	281
222	394
223	258
223	273
224	271
224	302
224	311
224	370
224	390
225	300
226	234
226	296
227	380
228	331
228	344
228	350
229	238
229	270
229	323
230	345
230	387
231	299
232	361
233	378
235	282
235	356
236	298
236	310
237	290
237	310
237	334
237	394
238	257
239	385
240	282
240	341
240	353
241	283
242	247
242	285
242	328
245	348
245	386
245	387
246	261
247	321
247	361
247	393
248	384
250	275
250	343
251	323
252	254
252	285
252	301
252	387
253	399
255	257
255	374
256	276
256	381
258	367
258	396
259	271
259	289
259	316
259	347
259	367
260	335
261	278
261	292
261	343
261	366
262	274
262	324
262	346
262	353
262	364
262	374
262	386
263	304
263	305
263	351
265	352
266	285
266	295
266	300
266	362
269	376
269	387
271	286
271	297
272	343
273	292
273	350
274	370
275	361
277	356
277	364
278	304
279	305
279	389
280	338
281	369
282	298
282	351
283	302
283	367
283	382
283	384
284	335
284	373
284	393
285	289
285	306
285	377
287	393
287	398
288	353
288	398
288	399
289	304
289	351
289	367
290	298
290	332
291	359
292	324
292	357
292	386
292	399
293	294
293	321
298	326
299	310
299	364
300	395
301	380
303	373
304	379
305	331
307	370
308	343
311	393
312	365
315	374
317	331
317	395
319	381
320	396
322	372
323	325
323	385
325	363
325	391
326	376
327	343
327	380
328	366
328	391
329	347
330	355
331	381
335	364
340	352
341	348
341	359
342	372
344	355
347	376
350	371
351	363
353	378
356	373
356	375
360	381
361	376
361	384
362	382
364	397
368	376
374	378
376	383
378	380
380	388
381	393