0	91
0	295
0	305
0	332
0	351
1	368
2	215
3	86
3	185
3	221
3	300
3	392
3	394
4	227
4	261
5	8
5	101
6	104
6	127
6	170
6	329
6	392
7	56
8	63
8	180
8	281
9	79
10	49
10	106
10	148
10	360
11	111
11	174
11	292
12	58
12	72
12	197
13	344
14	117
14	133
14	221
14	270
15	117
15	161
15	311
15	325
15	367
16	89
16	132
16	242
16	359
17	261
17	330
17	377
18	67
18	94
18	222
19	21
19	201
19	246
19	344
20	67
20	110
20	184
20	356
20	377
21	210
21	254
21	321
21	334
22	36
22	43
22	354
22	362
22	391
23	44
23	284
23	347
24	80
24	336
25	301
25	395
26	130
27	129
27	323
28	114
28	356
29	112
29	233
29	325
29	349
29	361
30	133
30	201
30	252
30	286
30	325
31	69
31	337
32	332
33	52
33	165
33	249
33	258
33	372
34	128
34	211
35	182
35	308
36	126
36	166
36	377
37	85
37	168
37	253
37	336
38	113
39	120
39	204
39	262
39	290
39	320
40	93
40	199
40	348
40	380
40	387
41	183
41	223
41	238
41	290
41	300
42	101
42	166
42	264
42	272
42	320
42	329
43	91
43	94
43	120
43	147
43	182
44	60
44	94
44	266
44	358
45	143
45	232
45	330
46	71
46	109
46	141
46	194
46	314
46	382
47	54
47	207
47	267
47	379
48	55
48	108
48	215
49	217
49	343
50	126
50	199
50	322
50	332
50	345
51	109
51	307
51	379
52	82
52	103
52	157
52	181
52	298
53	171
53	253
53	304
53	358
54	92
54	168
54	176
54	213
54	251
54	271
55	69
55	162
55	173
55	181
55	205
55	220
56	114
56	349
56	355
57	101
57	123
57	184
57	231
58	276
58	342
59	65
59	313
59	320
59	369
60	320
61	81
61	110
62	275
63	67
63	137
63	181
63	200
64	319
64	334
64	346
65	192
65	227
65	308
66	105
66	397
67	312
67	327
68	175
68	190
68	294
70	253
70	257
70	260
70	283
70	316
71	169
71	174
71	388
72	189
72	287
72	355
72	373
73	352
74	80
74	118
74	232
74	240
74	312
75	383
76	88
76	301
76	342
76	356
77	308
77	324
77	387
78	273
79	96
79	152
79	160
79	272
79	294
80	105
81	86
81	218
82	83
82	177
82	225
82	263
83	104
83	183
83	197
83	336
84	246
84	284
85	168
85	184
85	347
87	208
87	221
87	376
88	118
88	213
88	233
88	302
88	365
89	223
89	289
89	301
90	142
90	160
90	170
90	228
90	398
91	94
91	237
91	296
91	366
92	125
92	230
92	292
92	318
93	185
93	301
93	365
94	121
94	277
94	303
94	318
94	399
95	198
95	253
95	254
95	341
96	105
96	161
97	165
97	327
97	396
98	109
98	205
98	325
98	357
99	274
99	331
99	349
100	220
100	270
100	397
101	122
101	191
101	202
101	214
102	128
102	171
102	268
102	270
102	277
102	311
103	232
103	253
103	303
103	357
104	125
104	222
104	338
104	371
105	166
106	112
106	114
106	116
106	142
106	188
106	312
106	350
107	394
107	397
108	214
109	253
109	279
109	341
110	257
110	330
111	216
111	268
111	373
112	120
112	188
112	293
112	373
112	398
113	154
113	195
113	295
113	377
114	120
114	149
114	242
114	283
114	345
115	313
115	317
115	331
115	334
117	140
117	336
118	208
118	232
118	298
119	345
119	346
120	121
120	221
120	235
120	304
120	336
121	231
121	351
121	358
122	290
122	313
123	216
123	263
123	272
123	310
123	329
123	356
124	166
124	167
124	202
125	205
125	234
126	152
126	172
126	191
126	225
126	389
127	261
127	265
127	342
128	197
128	365
130	163
130	225
130	278
130	350
130	395
131	394
132	220
132	316
132	349
133	145
133	287
133	326
133	362
134	291
135	147
135	168
135	190
135	244
136	172
136	189
136	327
136	339
137	157
137	165
137	183
137	274
137	319
138	139
139	227
139	240
139	322
140	184
140	202
140	218
140	314
140	336
140	395
141	146
141	228
141	264
141	315
141	340
141	355
143	176
143	215
143	247
143	249
144	193
144	280
144	296
146	328
147	185
147	254
148	347
149	240
149	293
150	189
150	231
150	344
151	329
151	359
152	177
152	299
152	322
152	327
152	381
153	398
154	199
154	246
154	373
155	273
155	354
155	382
155	395
156	174
156	176
156	186
157	278
157	357
158	227
158	370
159	164
159	261
159	270
159	316
160	235
160	281
161	390
162	335
163	178
163	335
163	367
163	384
165	288
166	265
167	284
167	318
167	363
167	382
167	387
168	212
168	305
168	313
169	294
169	311
170	188
170	345
171	230
171	248
171	308
172	202
172	205
173	247
173	256
173	266
173	393
173	394
174	314
174	346
174	395
177	368
178	234
178	262
178	290
179	274
180	216
180	253
180	289
180	300
181	224
181	286
181	290
181	307
181	331
181	332
182	260
183	204
183	339
184	209
184	372
184	377
185	205
185	269
185	329
186	252
186	265
186	288
187	345
188	378
189	191
189	239
189	277
189	379
190	231
190	263
190	283
190	396
191	341
192	201
192	213
192	263
192	339
192	376
192	384
193	237
193	255
193	272
194	372
196	301
196	318
196	375
197	227
197	292
197	349
199	249
199	389
200	294
201	208
201	285
201	366
201	381
201	390
202	261
202	287
202	308
202	381
202	382
203	265
203	372
204	342
205	296
205	344
206	263
206	378
207	230
207	298
207	315
207	373
208	273
208	285
208	289
208	354
208	373
209	229
210	271
211	345
212	275
212	386
213	277
213	315
213	326
214	220
214	319
215	324
216	280
218	248
218	293
218	345
219	308
221	309
221	330
222	275
222	289
223	274
224	238
224	267
224	299
225	272
226	248
226	279
226	362
227	235
227	237
228	308
229	319
229	320
232	252
232	365
232	387
233	247
233	254
234	331
236	274
236	352
237	340
238	254
238	394
239	366
240	335
241	322
242	378
243	385
244	296
244	372
245	387
245	398
246	378
248	303
248	383
249	298
250	301
250	357
252	296
252	334
252	353
253	330
253	350
254	268
254	362
255	306
257	304
258	297
258	327
259	349
259	371
260	302
260	378
261	283
262	379
264	339
264	379
264	389
265	304
265	327
267	357
269	300
269	396
270	361
272	276
272	285
273	320
274	275
274	343
275	281
276	331
280	286
280	319
280	323
280	367
280	390
281	352
281	358
282	314
283	327
284	358
286	311
286	346
286	371
287	314
287	354
287	376
290	342
290	356
290	364
291	366
292	339
292	366
293	326
295	325
297	319
299	342
299	382
300	395
302	314
304	328
307	333
308	368
308	394
308	396
309	353
313	316
314	323
316	368
321	338
322	390
324	336
324	346
324	348
325	340
326	348
327	366
328	332
329	352
329	384
331	342
331	346
334	353
334	375
336	345
337	356
338	371
343	395
350	367
350	381
350	388
351	364
353	377
354	375
356	375
368	374
370	390
372	377
372	378
375	379
375	385