0	201
0	211
1	2
1	155
1	187
1	264
1	307
2	37
2	63
2	95
2	230
2	347
2	392
3	268
3	291
3	294
4	109
4	298
4	353
4	369
4	391
5	19
5	60
5	287
5	357
5	396
6	141
6	197
6	213
6	371
7	200
7	215
7	227
7	348
8	280
9	50
9	184
9	189
9	352
9	366
10	33
10	110
10	170
10	303
10	308
10	309
11	245
11	293
11	346
11	372
11	396
12	20
12	141
12	257
12	282
12	286
12	330
12	383
12	392
13	15
13	40
13	225
13	291
13	301
14	20
14	60
14	94
14	167
14	210
14	301
14	315
14	375
15	30
15	136
15	156
15	295
15	393
16	55
16	116
16	152
16	173
17	41
17	58
17	102
17	163
17	193
17	212
17	231
18	267
18	316
18	360
18	375
19	106
19	331
20	87
20	210
20	356
21	219
21	395
22	28
22	178
22	233
22	277
22	311
22	367
23	147
24	119
24	187
24	222
24	394
25	43
25	103
25	226
25	237
26	28
26	117
26	174
27	80
27	136
27	157
27	246
27	339
28	121
28	226
28	250
28	272
28	352
29	112
29	173
30	75
30	121
30	272
30	305
30	312
31	103
31	150
31	255
31	381
32	75
32	142
33	51
33	118
33	163
33	230
33	276
33	339
34	57
34	179
34	225
34	391
35	137
35	178
35	208
35	360
36	137
36	319
37	98
38	77
38	100
38	139
38	147
38	215
38	266
39	169
39	271
39	284
39	316
40	45
40	58
40	69
40	126
40	131
40	199
40	220
40	291
40	364
40	366
41	113
41	130
41	296
42	55
42	88
42	199
42	231
42	249
42	279
42	302
42	335
43	106
43	276
44	51
44	52
44	104
44	126
44	133
44	221
44	242
44	243
45	67
45	119
45	238
46	138
46	204
46	226
46	259
46	264
47	97
47	378
47	383
48	200
48	376
49	70
49	136
49	149
49	350
50	96
50	125
50	160
50	172
50	278
50	345
51	77
51	217
51	341
52	204
53	190
53	270
53	271
53	291
54	322
55	77
55	87
55	209
55	351
56	345
57	76
57	206
57	231
57	397
58	160
58	234
58	385
59	189
59	250
59	292
59	333
59	351
60	117
60	261
61	127
62	286
62	300
62	301
63	155
63	191
64	222
64	226
65	176
65	319
65	339
66	158
66	177
66	235
66	295
67	82
67	389
68	306
69	147
69	191
69	263
69	280
69	356
70	120
70	146
70	148
70	269
70	345
70	398
71	154
71	194
71	211
71	250
71	264
72	82
72	329
73	99
73	299
73	317
73	399
74	122
74	287
74	321
74	359
74	383
75	188
75	260
75	266
75	281
75	317
75	389
76	147
76	247
76	259
76	301
76	345
76	354
77	79
77	157
77	185
77	225
78	90
78	123
78	216
78	307
79	160
79	207
79	221
79	321
80	325
81	98
81	111
81	138
81	346
82	154
82	215
82	273
83	166
83	280
84	156
84	292
84	395
85	86
85	162
85	179
85	293
86	109
86	158
86	223
87	124
88	304
89	196
89	238
89	271
90	91
90	229
90	234
90	277
91	119
91	129
91	219
91	277
91	293
91	339
92	129
92	234
92	260
92	264
92	360
93	280
94	155
94	254
94	314
95	149
95	329
96	134
96	166
96	172
96	181
96	225
96	340
98	131
98	277
99	100
99	239
99	356
100	167
100	305
100	325
100	373
101	304
101	383
102	137
102	167
103	127
103	173
103	186
103	258
103	399
104	113
104	228
104	235
104	320
104	354
105	144
105	180
105	211
105	238
105	369
106	171
106	184
106	201
106	313
106	327
107	157
107	185
107	233
108	319
108	354
108	378
108	379
109	249
110	186
110	249
111	183
111	213
112	261
113	222
114	132
114	265
115	254
116	131
116	147
116	197
116	309
117	129
117	253
117	276
117	357
118	172
118	285
119	263
119	361
120	256
120	300
120	301
120	324
121	131
121	150
121	180
121	280
122	144
122	232
122	244
122	331
122	340
123	275
123	332
123	351
124	182
124	208
124	239
124	342
125	139
125	274
125	386
126	142
126	203
126	207
127	164
127	230
127	292
128	302
129	138
129	157
129	184
129	222
129	273
129	302
130	184
130	243
130	250
130	336
132	296
132	305
132	349
134	211
135	217
135	334
136	223
136	310
136	354
137	157
137	166
137	176
137	194
138	180
138	211
139	231
139	238
139	273
139	281
140	199
140	222
140	318
141	325
141	388
141	396
142	176
142	359
143	179
143	235
143	297
143	339
144	165
144	179
144	200
144	265
144	304
145	285
145	369
147	276
147	383
148	256
148	328
150	280
150	311
151	216
151	293
151	301
152	184
152	186
152	190
153	154
153	264
153	281
153	395
154	181
154	262
154	372
155	251
155	316
156	236
156	279
156	350
157	299
158	218
158	230
158	319
159	216
159	280
159	336
160	162
160	305
160	326
160	332
160	386
161	250
162	179
163	246
163	284
163	328
163	394
164	192
164	366
164	384
165	214
165	387
166	301
166	316
166	338
166	381
167	273
168	207
168	356
169	183
171	222
171	251
171	277
171	281
171	332
172	341
172	396
174	217
175	224
175	278
175	288
176	299
177	229
178	199
178	255
178	278
178	317
180	227
180	379
181	277
181	291
181	327
181	353
182	191
182	287
182	374
183	214
183	365
184	241
185	361
186	212
187	251
187	284
188	272
188	394
189	378
190	192
190	285
190	379
191	323
192	276
192	305
192	398
193	195
193	215
193	221
193	330
194	248
194	320
195	375
195	392
197	202
197	252
198	216
198	285
198	346
198	352
199	228
199	303
199	369
200	291
200	368
201	229
202	266
203	255
204	327
204	363
205	333
206	275
206	276
206	330
207	230
207	251
207	287
208	289
208	377
210	283
210	362
210	377
211	277
211	322
211	379
212	245
212	388
213	221
213	246
213	368
214	221
214	281
214	315
215	223
215	317
216	361
217	274
217	369
218	265
218	379
218	390
219	390
219	393
219	394
221	236
221	291
223	282
223	311
223	328
223	364
224	225
224	258
224	260
224	298
224	305
224	350
224	392
225	254
225	263
225	322
226	241
228	261
228	324
228	387
231	269
232	328
233	241
234	288
234	326
234	340
235	368
235	371
235	380
236	328
237	263
237	390
238	329
239	337
239	384
240	263
240	291
240	361
240	387
241	250
241	383
242	325
242	384
243	270
243	284
245	274
245	388
246	344
247	322
247	346
247	394
249	284
249	339
249	395
250	350
250	368
250	382
251	329
252	321
252	352
256	373
256	397
257	348
257	350
257	384
259	265
260	335
261	284
261	320
261	349
261	397
262	314
262	331
263	378
264	395
265	309
265	311
265	344
265	366
267	279
267	326
270	374
270	375
271	346
274	333
275	303
276	352
276	362
277	299
279	318
280	296
280	306
281	359
282	363
283	312
285	325
285	367
287	297
289	332
290	368
291	315
293	399
295	388
296	389
297	299
298	371
299	338
299	365
299	399
302	315
302	392
302	397
302	398
303	327
304	390
305	338
310	311
311	388
312	362
317	358
318	330
318	363
319	330
319	344
323	331
323	355
324	356
324	377
325	359
325	391
326	360
329	352
330	339
330	340
330	398
331	397
333	346
335	398
336	362
336	367
336	399
337	383
337	388
338	357
339	378
340	362
341	394
342	370
342	375
342	389
343	347
343	358
347	379
347	384
347	388
347	390
349	366
352	388
352	390
354	372
365	367
365	387
366	372
366	380
369	390
381	390
387	395
388	391