0	52
0	59
0	185
0	282
1	38
1	141
1	147
1	183
1	387
2	86
2	184
2	285
2	359
3	117
3	303
3	360
4	43
4	108
4	159
4	187
4	210
4	252
5	13
5	143
5	307
6	33
6	85
6	122
7	42
7	129
7	284
7	390
8	44
8	119
8	153
8	159
8	182
8	212
8	264
8	271
9	50
9	125
9	145
9	221
10	118
10	291
10	354
11	218
11	276
11	372
12	173
12	236
12	293
13	163
13	354
14	63
14	249
15	27
15	344
16	113
16	141
17	210
17	313
17	331
18	105
18	138
18	269
18	365
19	52
19	166
19	200
20	55
20	307
21	26
21	392
22	106
22	126
22	261
22	267
22	271
22	353
23	109
23	134
23	253
23	342
23	359
23	385
24	97
25	102
25	296
25	317
26	83
26	162
26	336
26	355
27	108
27	112
27	183
27	233
27	251
28	287
28	364
29	38
29	70
29	78
29	180
30	194
30	319
30	331
31	48
31	99
31	119
31	125
31	137
31	219
31	296
31	323
31	387
32	58
32	70
32	184
32	369
34	57
34	60
34	108
34	139
34	186
34	201
34	335
34	338
35	129
35	190
35	333
36	162
36	170
36	307
37	333
37	336
37	399
38	115
38	211
38	213
38	254
38	382
39	209
40	125
40	137
40	190
40	208
40	293
40	337
40	371
41	53
41	129
41	173
41	222
42	325
42	329
43	100
43	109
43	144
43	167
44	125
44	147
44	156
44	276
44	302
44	333
44	381
45	86
45	136
45	295
45	395
46	79
46	145
46	193
46	250
46	318
46	382
47	69
47	130
47	242
48	121
48	122
48	126
48	229
48	279
49	67
49	78
49	135
49	186
49	229
49	270
50	228
50	292
50	383
50	391
51	221
51	239
51	272
51	280
52	68
52	83
52	269
52	296
52	324
53	166
53	202
53	276
53	314
53	320
54	125
54	304
54	393
55	56
55	79
55	180
55	266
56	200
56	272
56	279
56	323
56	391
57	67
57	72
57	107
57	141
57	179
57	306
58	269
58	374
59	92
59	137
59	194
59	198
59	248
59	255
59	280
59	398
60	279
60	335
61	106
61	172
61	268
62	147
62	180
62	204
62	227
62	252
62	291
63	260
63	347
64	65
64	77
64	261
64	269
64	341
65	74
65	80
65	215
65	297
66	128
66	165
66	171
66	238
67	80
67	156
67	179
67	254
67	377
68	104
68	156
68	159
68	270
68	370
69	80
69	281
69	346
70	232
70	235
70	347
71	106
71	126
71	302
71	303
72	143
72	175
72	193
72	314
73	134
73	161
73	162
73	365
74	155
74	263
74	273
74	316
74	329
74	384
75	118
75	180
75	220
75	249
76	188
76	218
76	386
77	182
77	330
77	338
78	96
78	174
78	256
78	306
79	154
79	372
80	242
80	262
80	377
80	380
81	295
81	321
81	331
82	124
82	129
82	258
82	312
83	93
83	95
83	269
83	376
84	124
84	134
84	229
84	272
84	295
84	306
85	118
85	212
86	261
86	280
86	373
87	252
87	284
88	357
89	121
89	144
89	220
89	230
89	345
90	268
90	271
90	302
91	120
91	232
91	273
92	133
92	148
92	158
92	208
92	241
92	324
93	145
93	192
93	237
94	111
94	138
94	139
94	162
94	245
94	296
94	373
95	189
95	281
95	366
96	112
96	230
97	178
97	227
97	323
98	105
98	158
98	231
98	304
99	146
99	190
99	191
99	204
99	240
99	298
100	178
100	219
100	225
100	261
100	327
101	315
101	341
102	137
102	323
103	174
103	193
103	352
104	123
104	161
104	306
104	345
104	395
105	136
105	159
105	373
106	144
107	117
107	160
107	248
107	284
107	380
108	198
108	282
109	127
109	277
109	350
110	123
110	140
110	246
111	287
111	388
112	217
112	274
112	327
112	340
113	300
113	326
113	381
114	137
114	192
114	242
114	270
115	152
116	156
116	196
116	241
116	386
117	155
118	231
118	284
119	280
119	302
119	377
120	132
120	277
120	281
121	128
121	183
121	341
121	359
122	197
122	291
122	305
122	312
122	360
123	197
123	303
124	161
124	228
124	341
125	157
125	161
125	245
125	283
125	307
125	344
126	194
126	230
126	278
126	364
127	172
127	201
127	202
128	319
128	337
128	367
129	224
129	242
129	248
129	262
130	158
130	203
130	282
131	176
131	179
131	246
131	309
131	376
131	390
131	391
132	157
132	365
132	381
133	197
133	211
133	397
134	288
134	333
135	149
135	157
135	304
135	318
137	185
137	227
137	251
137	327
139	323
139	347
139	377
140	240
140	258
141	246
141	257
142	235
143	189
143	225
143	248
143	287
143	346
144	293
144	356
145	184
145	315
145	322
146	148
147	168
147	170
148	187
148	288
148	292
148	330
148	379
148	397
149	201
150	294
150	330
151	274
151	279
152	191
152	255
152	348
153	193
153	333
154	271
155	182
156	162
156	190
156	221
156	228
156	383
157	165
157	258
157	299
158	172
158	249
158	347
160	223
160	239
161	236
161	284
161	308
161	347
162	177
162	206
162	225
162	320
163	181
163	200
163	226
163	253
163	276
163	291
163	301
164	175
164	321
165	237
165	258
166	207
166	303
166	305
166	343
166	384
167	399
168	193
168	340
169	187
169	241
169	257
169	332
169	355
170	331
171	202
171	289
171	301
172	176
172	252
173	174
173	175
173	197
173	331
174	297
175	189
177	226
177	234
178	257
179	201
179	283
180	381
181	197
182	259
182	390
183	196
183	255
183	287
184	228
184	262
184	313
186	192
186	372
186	393
187	189
187	242
187	274
187	318
188	281
189	210
189	321
190	231
192	217
192	341
192	350
194	242
195	315
195	353
196	277
196	335
197	258
197	328
197	358
198	331
198	385
199	242
199	333
199	379
199	390
199	397
200	268
200	329
200	369
200	380
201	323
202	299
202	305
202	311
205	210
205	325
205	352
206	235
206	279
206	375
207	208
207	231
208	265
208	376
209	285
209	308
209	340
210	283
210	310
211	349
212	357
214	357
214	363
215	236
216	291
217	302
218	248
218	368
219	274
219	310
219	320
220	345
221	273
221	335
222	304
222	356
223	322
223	367
225	342
226	383
227	360
228	275
228	277
229	239
229	263
230	347
232	312
232	332
233	298
233	354
234	351
234	377
235	353
236	276
236	350
236	362
236	372
237	273
237	385
239	248
239	252
239	283
239	359
239	364
240	291
240	329
240	356
240	372
241	243
241	342
242	332
243	276
243	371
244	280
244	357
245	267
245	363
245	390
245	393
246	264
247	379
248	274
248	285
248	312
248	326
249	321
250	310
250	314
251	345
252	284
252	329
253	313
253	318
253	353
255	280
255	283
255	327
256	304
256	375
257	290
257	324
257	331
257	348
259	318
261	326
262	336
263	359
265	320
266	282
266	333
267	334
268	272
269	381
269	391
270	362
271	321
272	274
272	330
272	370
277	341
277	364
278	280
278	364
279	296
279	314
279	373
280	295
280	385
281	393
283	361
284	296
285	325
286	327
286	396
287	293
288	315
288	332
290	312
291	342
292	336
292	371
293	344
293	362
295	377
296	346
296	377
297	380
298	325
298	332
299	302
299	304
301	333
301	391
304	381
311	326
312	341
312	351
312	395
315	366
317	357
319	352
321	360
321	363
321	389
323	370
324	395
326	393
329	360
329	398
330	335
330	342
334	373
338	352
338	360
338	369
338	398
339	344
340	350
340	357
340	359
341	359
342	398
350	364
350	386
352	384
354	358
355	379
355	383
359	365
359	388
361	389
362	376
363	376
369	395
370	375
373	395
377	386
378	386
379	388
381	394
381	395
390	398