0	73
0	151
0	159
0	376
1	184
1	185
1	197
1	240
1	319
1	330
1	390
2	153
3	135
3	203
3	228
3	266
3	340
3	344
3	382
4	9
4	58
4	191
5	11
5	227
5	344
5	348
5	358
6	78
6	131
6	201
6	269
6	280
7	188
8	20
8	53
8	140
8	264
8	391
9	24
9	259
9	326
9	341
10	28
10	41
10	207
10	224
11	155
11	215
11	219
11	290
11	295
11	378
12	130
12	201
12	336
12	382
13	116
13	204
13	284
13	362
14	329
15	135
15	333
15	349
15	358
16	123
16	138
16	226
16	275
16	291
17	97
17	230
17	298
18	31
18	44
18	139
18	208
19	40
19	124
19	125
19	226
19	272
20	150
20	308
20	311
20	359
21	304
22	57
22	125
22	144
22	327
22	346
22	380
23	98
24	48
24	151
25	195
26	51
26	65
26	93
26	146
26	255
27	94
27	124
27	179
27	214
28	194
28	210
28	355
29	323
29	360
30	62
30	239
30	333
30	389
31	40
31	162
31	226
31	350
31	378
32	42
32	62
32	100
32	168
32	179
32	358
33	83
33	127
33	181
33	365
34	75
34	133
34	179
34	201
34	221
34	290
34	318
35	50
35	127
35	147
35	309
35	355
36	44
36	162
37	72
37	216
37	271
37	330
37	398
38	134
38	186
38	199
38	207
38	316
38	338
38	339
39	90
39	165
39	170
39	216
39	267
39	317
39	340
39	389
40	107
40	165
40	209
40	285
41	54
41	103
41	139
41	154
41	271
42	72
42	93
42	183
42	259
42	283
42	300
42	329
42	391
43	84
43	179
43	381
44	55
44	80
44	339
45	157
45	238
45	320
46	84
46	112
46	230
46	260
46	272
46	288
46	303
46	343
46	354
47	193
48	55
48	154
48	309
49	206
49	357
50	151
50	219
50	294
50	343
51	113
51	172
52	64
52	161
52	232
52	369
53	84
53	279
54	184
54	247
54	258
54	281
55	115
55	327
56	68
56	229
57	143
57	255
57	264
58	182
58	325
59	223
59	237
59	248
59	276
60	279
60	291
60	383
61	178
61	281
62	186
62	217
62	356
63	105
64	131
64	171
64	227
64	309
65	122
65	129
65	177
65	192
65	291
65	308
66	75
66	89
66	180
66	223
66	312
66	382
67	84
67	143
67	189
68	109
68	286
68	292
69	112
69	224
70	223
70	225
70	234
71	87
71	131
71	139
71	166
71	260
71	282
72	85
72	112
72	312
72	320
73	97
73	167
73	177
73	236
73	252
73	286
73	349
74	113
74	157
74	217
74	224
74	339
75	176
75	296
75	394
76	169
76	198
76	213
76	301
77	116
77	135
77	167
77	184
77	333
77	351
78	152
78	184
78	273
78	359
78	378
79	189
79	277
79	360
79	398
80	241
80	288
81	338
82	214
82	236
82	237
82	307
83	306
84	115
84	128
84	149
85	370
86	171
86	175
86	269
87	145
87	161
87	360
87	371
87	392
87	399
88	213
88	327
88	359
89	326
90	96
90	195
90	331
90	394
91	203
91	254
92	129
92	156
93	110
93	151
93	253
93	375
93	395
94	121
94	130
94	188
94	221
94	336
95	153
95	243
95	277
95	291
95	294
95	392
96	254
96	300
97	228
97	264
98	192
98	391
99	189
99	268
99	274
99	328
99	378
99	389
100	147
100	179
100	311
101	103
101	123
101	186
101	294
102	378
103	139
103	182
103	370
104	248
104	345
105	271
105	342
105	374
106	225
108	136
108	146
108	325
109	282
109	353
109	394
109	397
109	399
110	328
110	375
111	130
111	139
112	207
112	308
113	212
113	232
113	282
113	339
113	395
114	139
114	373
115	174
115	205
115	218
115	288
115	368
116	119
116	140
116	199
116	331
116	363
117	155
117	307
117	334
117	357
118	127
118	320
118	397
119	132
119	365
119	380
120	230
120	265
120	317
120	352
120	380
120	383
121	161
122	245
122	339
123	322
124	365
125	140
125	204
125	224
126	268
126	270
126	312
127	258
127	262
127	279
127	309
127	319
129	134
129	142
129	144
129	175
129	202
129	234
129	274
130	195
130	299
131	213
131	359
131	373
132	188
132	193
132	210
132	353
133	154
133	282
134	167
134	276
134	299
134	333
135	211
136	159
136	217
136	359
136	365
137	139
137	314
137	329
138	195
138	278
138	289
138	297
139	164
139	298
141	150
141	260
141	304
141	305
141	326
142	292
142	329
142	375
142	376
143	177
143	279
143	319
143	360
143	382
144	153
144	332
145	254
145	277
145	349
145	354
146	184
147	289
147	359
148	347
148	362
148	379
149	288
150	203
151	180
151	236
151	263
152	243
152	265
152	285
152	352
153	231
153	267
153	272
154	277
155	224
155	290
155	374
156	309
156	327
156	333
157	257
157	277
158	256
158	324
158	352
159	301
159	317
159	332
160	171
160	259
161	163
161	182
161	335
162	372
163	233
163	260
163	269
164	192
164	223
165	222
166	247
166	276
167	241
167	249
167	262
168	309
169	224
169	280
169	330
170	202
170	295
170	306
170	388
171	286
171	309
172	369
173	386
174	208
174	217
174	298
175	347
176	365
176	368
177	274
177	304
177	378
177	381
177	396
178	246
178	269
178	372
178	394
179	238
179	262
179	361
179	386
180	321
180	330
180	343
181	227
181	373
182	307
182	333
183	221
183	242
183	323
184	207
184	220
184	275
184	295
184	335
184	349
184	392
185	273
186	244
187	297
187	322
187	379
189	244
190	222
190	283
190	363
190	387
191	311
192	278
193	284
193	329
193	332
195	208
196	331
197	275
197	346
197	362
198	354
198	355
199	226
199	236
199	262
199	398
200	239
200	289
201	352
202	204
203	214
203	298
203	319
204	212
204	238
204	253
204	293
204	383
205	210
205	223
205	345
206	386
207	300
208	236
208	356
208	369
209	212
209	255
210	255
211	352
213	316
213	381
214	241
215	319
215	320
216	291
217	292
217	310
217	345
219	323
220	277
223	313
224	347
226	251
226	307
226	339
227	259
227	337
228	231
228	312
229	329
229	336
230	274
230	385
231	259
231	377
231	386
232	239
232	357
234	242
234	253
234	386
235	308
236	344
236	399
237	302
237	306
238	278
238	303
238	396
239	243
239	259
240	343
241	264
242	243
242	364
244	320
245	310
245	382
246	275
247	261
247	396
248	276
248	362
250	302
250	353
250	364
253	280
253	309
255	330
256	305
256	389
256	394
256	396
257	262
257	300
258	294
258	305
260	276
262	267
262	359
262	399
263	336
263	371
263	383
264	271
265	337
265	369
266	280
266	319
266	376
267	380
269	291
269	312
270	310
271	352
272	357
273	331
273	351
274	302
274	358
275	373
276	279
276	300
276	350
277	375
277	379
277	383
279	280
279	381
280	384
280	392
281	323
281	371
282	311
284	390
287	331
289	390
290	313
290	354
291	344
291	356
293	363
294	384
295	397
296	357
296	363
297	367
297	385
299	300
299	314
299	339
299	392
301	336
302	384
302	390
307	358
307	394
310	368
311	376
311	377
312	352
314	315
318	369
318	394
322	351
323	377
325	339
325	374
326	340
326	357
327	352
327	361
330	377
332	333
332	362
336	385
338	355
339	341
343	353
344	354
347	372
350	379
351	398
354	376
355	377
359	361
361	393
365	380
366	388
367	369
368	386
375	391
380	382