0	53
0	138
0	374
1	4
2	41
2	43
2	57
2	67
2	113
2	216
2	225
3	30
3	214
3	390
4	97
4	201
4	222
5	26
5	92
5	162
5	223
5	339
5	387
6	48
6	91
6	92
6	247
7	380
8	93
8	121
8	198
8	335
9	146
10	113
10	123
10	137
10	172
10	264
10	270
10	289
11	219
11	313
12	270
13	287
13	296
14	347
14	348
14	367
15	32
15	92
15	270
16	109
16	174
16	175
17	47
17	225
17	271
18	56
18	268
18	316
18	340
19	153
19	244
19	269
20	95
20	203
20	270
20	369
21	54
21	78
21	113
21	333
22	46
22	152
22	191
23	35
23	54
23	127
23	242
23	360
24	83
24	86
24	112
24	306
25	110
25	111
26	58
26	90
26	105
26	260
26	341
27	39
27	194
27	265
27	388
28	123
28	388
28	393
29	179
29	302
30	141
30	148
30	376
31	214
31	220
31	285
31	347
32	184
32	260
32	398
33	187
33	376
33	380
34	191
34	288
35	78
35	206
35	333
36	98
36	245
37	257
37	259
37	399
38	189
39	58
39	76
39	265
39	291
39	311
39	350
40	326
40	385
40	386
41	67
41	93
41	223
42	286
42	323
42	337
42	371
43	186
43	211
43	367
43	374
44	75
44	80
44	111
44	146
44	213
44	214
44	275
44	304
44	355
45	121
45	136
45	315
46	55
46	97
46	208
46	251
47	49
47	140
47	175
47	183
47	363
48	60
48	229
49	206
49	258
49	273
50	97
50	156
50	217
50	392
51	87
51	160
52	150
52	318
52	328
53	201
53	269
54	96
54	203
54	246
55	79
55	129
55	160
55	219
55	234
55	308
56	142
56	170
56	216
56	265
56	320
57	330
57	344
58	105
58	106
58	140
58	190
58	260
58	324
58	383
59	220
59	372
59	399
60	120
60	154
60	198
60	209
60	301
60	361
61	129
61	311
62	116
62	382
63	142
63	240
63	272
63	293
63	294
64	175
64	196
64	242
64	278
64	288
64	374
65	152
65	267
65	369
65	379
65	394
66	152
66	169
67	89
67	223
67	233
67	267
68	70
68	146
68	195
68	306
68	345
68	352
69	77
69	350
69	381
70	203
70	208
70	250
71	103
71	143
71	159
71	241
71	288
71	314
71	324
72	122
72	147
72	203
72	218
72	282
72	339
73	128
73	224
73	233
73	260
73	361
74	100
74	125
74	137
74	217
74	257
75	172
75	225
76	148
77	87
77	330
77	351
78	228
78	287
78	351
78	394
79	172
79	244
79	385
80	123
80	167
80	224
81	141
81	279
81	287
82	244
82	289
83	152
83	179
83	217
83	339
83	368
84	106
84	136
84	173
84	299
84	361
85	121
85	129
85	287
85	305
85	378
86	123
86	178
86	288
86	294
87	93
87	324
87	380
88	98
88	130
88	159
88	261
88	279
88	284
89	101
89	109
89	125
89	134
89	159
90	108
90	157
90	179
90	273
90	360
90	363
91	387
92	243
92	247
92	308
92	386
93	136
93	204
93	284
93	319
93	327
93	390
94	160
96	188
96	200
96	211
97	384
98	200
98	304
98	305
99	292
100	156
100	392
100	396
101	229
101	291
102	191
102	207
102	241
103	105
103	203
103	324
103	353
103	367
104	199
105	125
106	171
106	177
106	269
106	294
107	126
107	154
107	265
107	276
107	304
107	350
107	360
107	363
107	382
107	395
108	147
108	212
108	388
109	127
109	314
110	132
110	151
110	316
110	378
111	203
111	218
111	312
112	128
112	286
113	131
113	160
113	374
114	216
114	248
115	125
115	161
115	297
116	162
116	296
116	333
116	342
117	194
117	231
117	269
118	135
119	178
119	397
120	229
120	399
121	193
121	235
121	240
121	246
121	263
121	361
122	276
122	278
122	310
123	315
123	347
123	375
124	316
124	333
124	385
125	182
126	233
126	264
126	271
126	381
127	266
127	274
127	343
128	232
128	257
128	291
129	180
129	286
130	175
130	220
130	237
130	313
131	151
131	180
131	190
131	200
131	306
132	243
133	149
133	399
134	301
135	236
135	242
136	198
136	208
136	227
137	201
137	229
137	259
137	263
137	377
138	160
139	231
139	299
139	353
139	357
139	368
140	351
140	370
141	142
141	146
141	376
142	189
142	246
142	378
144	195
144	305
144	337
145	275
146	376
147	249
147	297
148	243
148	322
148	355
149	237
149	277
150	233
150	301
150	343
150	351
151	189
151	356
151	371
152	235
152	281
152	309
153	205
153	261
153	345
154	272
155	210
156	183
156	248
156	268
156	342
156	393
157	283
157	324
157	342
158	258
158	289
158	304
159	187
159	278
159	307
160	334
161	318
162	287
163	164
163	198
164	336
165	319
166	261
166	275
166	354
167	172
167	213
167	257
168	244
168	309
168	360
169	203
169	241
169	280
169	305
169	365
169	396
170	241
170	270
170	307
170	317
171	233
171	242
171	254
171	281
171	335
171	343
173	297
174	197
174	246
175	201
175	217
175	274
175	327
176	235
176	296
177	309
177	310
178	206
178	353
179	211
179	229
179	286
179	313
179	323
180	185
180	362
181	182
181	201
181	338
181	356
182	222
182	291
183	215
183	237
183	252
183	266
184	290
184	322
184	370
185	283
185	324
187	273
189	334
189	390
190	350
191	365
191	366
192	207
193	218
193	284
193	311
193	322
193	356
194	236
194	241
194	377
195	251
195	352
196	207
196	303
196	325
197	255
198	214
198	318
199	284
199	314
199	318
200	372
201	273
201	325
201	347
201	363
202	223
202	300
205	316
207	281
207	366
208	368
209	294
209	369
210	363
211	229
211	314
212	223
212	258
212	320
212	322
212	361
213	310
213	348
214	228
214	260
214	306
214	309
214	310
215	238
215	249
215	341
216	306
216	363
216	368
217	329
217	398
220	254
220	308
221	324
222	387
223	257
223	295
223	309
223	364
224	349
225	258
225	267
225	274
225	394
226	315
227	368
228	279
229	287
230	297
231	233
231	316
231	333
234	281
234	373
235	276
235	287
237	239
239	244
239	387
241	278
241	376
242	370
243	267
243	383
247	320
248	360
249	348
249	356
251	301
252	300
253	298
253	331
253	339
253	380
254	299
255	304
255	335
255	358
255	391
256	303
257	279
257	381
258	267
259	301
259	324
262	379
265	347
266	285
266	348
266	391
267	279
267	285
269	340
270	281
272	312
274	390
275	364
277	352
278	382
279	308
280	349
280	350
281	298
281	310
282	384
283	287
284	354
284	382
286	309
287	362
287	390
288	355
288	364
288	394
289	349
292	365
292	369
293	312
293	348
294	330
294	359
295	361
297	315
300	379
302	398
303	317
304	371
305	329
305	378
306	356
309	314
313	388
313	395
313	396
315	389
316	320
316	354
316	371
317	335
319	365
320	382
321	370
324	346
324	363
324	398
325	360
327	392
328	371
330	394
332	379
335	344
338	344
338	383
341	383
343	384
344	368
347	382
348	367
349	361
349	374
350	381
354	378
355	381
356	382
361	397
369	398
374	380
378	382
384	386