0	22
0	261
0	359
0	385
0	394
1	165
1	184
1	362
1	391
2	198
2	250
3	156
3	162
3	172
3	254
3	388
4	24
4	139
4	259
4	397
5	174
5	299
6	91
6	133
6	303
7	96
7	188
7	190
8	53
8	68
8	356
8	368
9	33
9	78
9	178
9	206
10	247
11	184
11	185
11	257
11	297
11	309
11	391
12	157
12	160
12	202
12	353
12	385
12	393
13	140
13	171
13	222
13	315
13	350
14	121
15	383
16	28
16	249
16	251
16	360
17	64
17	126
17	181
17	226
17	326
17	354
18	33
18	228
18	231
18	236
19	60
19	246
19	308
20	26
20	101
20	128
20	162
20	185
20	247
20	270
20	354
20	357
20	387
21	202
21	204
21	260
21	372
21	376
22	183
22	229
22	255
22	266
22	285
22	307
22	366
23	130
23	170
23	269
23	270
24	36
24	89
24	150
24	181
24	226
24	391
25	30
25	51
25	287
25	296
25	364
25	388
26	63
26	158
26	234
26	352
26	353
26	380
27	135
27	315
28	35
28	187
28	208
28	330
29	273
29	361
30	178
30	285
30	335
31	38
31	164
31	247
31	379
32	93
32	152
32	221
33	67
33	232
33	350
34	135
34	201
35	165
35	258
36	199
36	215
36	320
36	373
36	383
37	235
38	88
38	109
38	213
38	216
38	277
38	286
38	328
38	344
39	93
39	154
39	247
39	296
39	302
39	308
39	342
40	151
40	348
40	372
41	77
41	87
41	90
41	96
41	117
41	241
41	284
41	320
41	330
41	331
41	379
41	398
42	244
42	307
42	308
42	345
43	249
43	376
44	95
44	136
44	195
44	208
44	261
44	362
45	58
45	195
45	206
45	220
45	224
45	281
45	395
46	68
46	85
46	107
46	223
46	237
47	65
47	97
47	179
47	192
47	204
48	86
48	252
49	98
49	102
49	255
49	287
50	201
50	224
51	330
52	141
52	168
52	173
52	229
52	242
53	67
53	178
53	247
54	381
54	393
54	398
55	155
56	329
56	352
56	392
57	69
57	97
57	232
57	269
57	293
57	331
57	381
58	315
58	319
59	84
59	193
60	181
60	230
60	236
60	318
60	371
61	117
61	351
62	101
62	280
62	327
63	150
63	261
63	358
63	366
63	371
64	65
64	102
64	182
64	242
64	262
64	335
65	75
65	106
65	126
65	145
65	276
65	289
66	157
66	288
66	311
66	359
67	74
67	185
67	323
68	222
69	147
69	277
69	316
70	133
70	235
71	140
71	171
71	210
71	297
71	346
71	366
72	230
72	360
72	362
73	126
74	315
75	263
75	284
76	177
76	192
76	225
76	247
76	387
77	102
77	197
77	261
78	94
78	162
79	181
80	332
81	144
81	250
81	258
81	305
81	344
82	138
82	312
82	316
82	375
83	289
84	216
84	313
85	164
86	110
86	149
86	240
86	306
86	319
87	93
87	106
87	171
87	237
88	100
88	273
88	279
89	388
90	246
90	254
90	286
90	352
91	243
92	111
92	120
92	280
92	336
92	341
93	316
94	113
94	121
94	178
94	198
94	253
94	283
94	326
95	138
95	142
95	285
95	393
96	108
96	114
96	158
96	253
97	281
97	316
98	135
98	305
98	319
99	108
99	262
100	196
100	214
100	315
100	329
101	152
101	255
101	277
101	282
101	307
101	329
101	353
102	371
102	382
103	123
103	134
103	157
103	266
103	332
103	342
104	116
104	281
105	161
105	175
105	238
106	150
107	192
107	307
107	355
108	275
108	334
108	351
109	204
109	287
109	314
110	178
110	248
110	395
111	229
111	287
111	360
111	363
112	298
112	398
113	200
113	210
113	261
113	327
114	172
114	195
114	227
114	389
115	193
115	255
115	328
116	161
116	239
116	252
116	298
117	232
117	269
117	336
117	360
118	149
118	184
118	298
119	147
119	367
120	247
120	283
120	310
120	313
121	228
121	247
122	167
122	242
123	341
124	225
124	260
124	320
124	324
124	374
124	389
125	148
125	256
125	294
126	163
126	192
126	346
126	364
127	204
127	383
127	395
128	342
128	375
129	138
130	159
130	348
131	372
131	399
132	281
133	225
133	267
133	285
134	165
134	306
134	307
134	360
134	383
134	394
135	145
136	199
137	237
138	203
138	322
138	369
138	398
139	186
139	314
140	180
140	340
141	153
141	156
141	161
141	200
141	204
141	317
141	325
141	367
143	183
143	290
143	291
143	297
143	344
144	256
144	354
144	355
144	399
145	252
145	254
145	326
145	328
145	345
146	175
146	246
146	292
146	329
147	203
147	291
148	187
148	236
149	160
149	303
149	304
150	181
150	190
150	210
150	362
151	203
151	215
151	307
152	172
152	211
152	236
152	241
153	227
153	327
153	369
154	185
154	295
154	332
154	394
155	169
155	300
155	348
156	217
156	247
156	283
156	336
156	394
157	171
157	185
157	343
158	225
158	263
158	312
158	370
158	388
159	165
159	308
159	362
161	162
161	183
161	211
162	174
163	398
164	185
164	227
166	209
166	275
167	315
167	348
167	379
168	176
168	368
169	249
169	323
169	354
170	178
171	276
171	297
171	355
171	365
172	387
173	243
173	282
174	243
174	260
174	296
176	229
176	258
176	370
177	210
177	263
177	280
177	384
178	218
178	244
178	250
178	356
179	214
179	261
179	305
180	305
180	367
180	389
181	217
181	329
182	263
183	240
183	290
183	303
184	233
184	353
185	280
186	212
186	374
187	196
187	378
189	238
189	325
189	327
190	205
191	213
191	241
192	332
192	377
193	215
193	224
193	357
194	333
195	254
195	344
195	364
196	223
197	200
197	231
197	285
197	379
198	371
199	214
200	207
200	343
201	208
201	289
201	387
202	240
202	356
204	209
204	235
205	339
206	283
206	363
207	214
207	292
207	381
208	378
209	252
209	353
210	282
210	356
211	214
211	240
211	247
211	269
211	356
212	245
212	247
212	279
212	384
213	341
214	231
214	333
215	250
215	253
215	306
216	362
217	270
217	366
218	235
218	332
219	247
220	305
221	263
223	226
223	252
223	360
224	349
224	393
225	251
225	328
226	286
226	390
228	388
229	258
229	288
229	291
229	370
230	338
230	395
231	281
233	285
234	247
234	250
235	330
237	351
237	361
238	261
239	271
240	244
240	252
241	311
242	258
242	363
244	327
244	395
245	327
245	387
247	309
247	346
247	397
248	249
248	326
249	314
250	280
250	367
251	271
251	386
253	299
253	346
253	374
254	268
255	295
256	335
256	366
257	296
257	344
259	321
259	350
260	264
260	279
261	352
262	397
263	299
265	289
265	359
266	308
267	371
268	286
268	377
269	310
269	359
269	376
270	297
270	356
271	281
271	352
271	372
272	311
272	396
274	352
275	381
276	291
277	295
278	314
279	365
279	371
279	392
280	324
281	285
281	298
284	386
285	309
285	363
287	308
288	350
288	386
289	297
289	372
291	337
291	397
292	324
292	374
293	359
295	326
295	358
298	358
299	351
301	307
301	390
305	385
306	349
307	315
307	320
307	322
307	351
312	331
312	370
313	376
314	382
315	359
315	366
315	398
316	392
321	386
321	387
323	352
324	330
324	395
329	378
329	379
330	393
331	355
331	368
332	357
337	357
338	348
338	349
340	372
342	375
343	346
343	365
343	366
347	355
354	388
356	364
357	366
359	369
364	395
374	395
375	392
379	387