0	332
1	102
2	145
2	160
2	172
2	195
2	205
2	215
2	290
2	323
2	368
3	270
4	121
5	50
5	119
5	287
6	22
6	29
6	167
6	180
6	248
7	31
7	66
7	270
8	14
8	27
8	88
8	142
8	177
8	182
8	241
8	392
9	40
9	53
9	116
9	192
9	379
10	29
10	127
10	271
10	277
10	281
10	348
11	68
11	139
11	363
12	245
13	95
13	106
13	123
13	141
13	192
13	195
13	331
14	24
14	119
14	136
14	226
14	300
14	372
15	69
15	148
15	195
15	290
15	301
15	379
16	76
16	141
16	187
16	219
16	299
17	160
17	350
18	31
18	157
18	179
18	182
18	215
18	245
19	123
19	167
19	180
19	238
19	315
19	335
20	123
21	117
21	161
21	291
21	293
21	309
22	81
22	224
22	332
22	346
23	100
23	112
23	115
23	284
23	350
24	27
24	74
24	97
24	100
24	176
24	231
24	239
24	334
24	364
25	136
26	77
26	127
26	218
27	59
27	122
27	168
27	275
27	283
28	36
28	197
28	200
28	279
28	362
28	398
29	67
30	151
30	166
30	185
30	259
30	299
31	32
31	42
31	120
31	245
32	71
32	146
32	300
32	338
33	168
33	199
33	252
33	321
33	345
34	117
34	121
34	129
34	151
34	159
34	272
34	392
35	57
35	91
35	145
35	196
35	252
35	255
35	361
35	392
36	60
36	62
36	151
36	201
37	79
37	139
38	348
39	102
39	152
39	199
39	270
40	126
40	199
41	44
41	93
41	186
41	240
42	181
42	182
42	217
43	85
43	220
44	89
44	125
44	246
44	299
44	305
44	369
45	168
45	192
46	138
46	191
46	307
46	324
46	362
46	389
47	158
47	171
47	213
47	293
47	330
48	362
49	116
49	178
49	223
49	272
49	310
49	312
49	349
49	386
50	106
50	207
50	226
50	325
51	95
51	210
52	249
53	235
53	242
53	243
54	106
54	255
55	68
55	174
55	291
55	299
55	327
56	85
56	118
56	277
56	322
56	397
57	85
57	88
57	90
57	110
57	150
57	397
58	159
58	210
58	276
58	287
58	333
58	359
58	381
58	385
59	176
59	239
60	120
60	214
60	230
60	280
60	290
60	361
61	86
61	119
61	265
61	390
62	233
62	379
63	83
63	220
63	240
64	252
64	256
64	366
65	87
65	147
65	303
66	158
66	167
66	267
66	316
67	134
67	205
67	313
68	241
68	289
69	91
70	200
70	333
70	378
71	86
71	162
71	257
71	281
71	320
71	329
71	344
72	288
73	75
73	151
73	189
73	271
73	281
73	295
73	351
74	132
74	191
74	346
75	164
75	225
75	231
75	335
76	268
76	391
77	111
77	146
78	164
78	296
78	311
78	339
78	392
79	98
79	231
79	271
80	93
80	169
80	258
80	335
80	336
81	157
81	237
81	324
81	368
82	339
83	334
84	205
84	228
84	297
84	362
84	397
86	135
86	333
87	142
87	144
87	165
87	335
88	91
88	102
88	184
88	281
88	307
89	250
89	253
89	322
89	389
90	115
90	155
90	157
90	171
90	191
90	367
91	143
91	201
91	265
91	355
91	363
92	116
92	142
92	333
93	273
93	367
94	182
94	202
94	300
95	154
95	239
96	103
96	310
97	139
97	187
97	220
97	298
97	302
97	328
99	114
99	303
99	333
99	353
99	367
100	101
100	149
100	306
100	342
100	352
101	263
101	313
101	399
102	194
102	256
103	178
103	341
103	390
104	123
104	184
104	195
104	243
105	216
106	207
106	213
106	239
106	241
106	333
106	360
107	381
108	177
108	178
108	221
108	322
108	326
108	364
108	370
109	186
109	198
110	138
110	147
110	160
110	267
110	278
110	298
110	315
111	137
111	208
111	264
112	144
112	247
112	299
113	228
113	280
113	316
114	134
114	153
114	165
114	219
114	284
115	220
115	318
115	356
115	358
116	121
117	139
117	396
118	153
118	203
118	323
118	330
119	138
119	300
119	346
120	183
120	225
120	272
120	321
121	237
122	187
124	337
124	345
124	349
125	157
125	167
125	194
126	162
126	257
126	287
126	294
126	398
127	177
127	244
128	160
129	250
130	300
130	330
131	277
132	152
132	336
133	345
133	380
134	229
134	344
135	203
135	222
135	286
135	293
135	307
135	383
136	183
136	276
137	151
137	165
137	212
137	227
137	335
138	231
138	330
139	183
139	205
139	208
139	230
139	234
139	329
139	335
139	394
140	351
140	369
140	398
141	267
141	316
141	363
142	182
142	243
142	291
142	294
143	164
143	176
143	318
144	193
144	206
145	269
145	383
146	149
146	192
147	275
147	297
147	307
147	366
148	244
148	286
148	334
148	340
148	352
149	184
149	289
149	349
149	375
150	314
150	368
151	156
151	269
151	346
152	376
152	387
153	238
153	262
153	274
153	396
154	231
154	329
155	307
157	227
157	283
157	354
157	377
158	260
158	365
158	377
160	197
160	201
160	207
160	283
160	305
160	326
160	327
161	343
162	182
162	205
162	340
162	355
163	164
163	168
163	172
163	270
164	219
164	220
164	389
165	254
166	186
166	229
166	237
166	311
167	175
167	183
167	195
167	222
167	240
167	357
169	283
169	292
169	308
169	386
170	343
170	379
170	391
170	399
171	345
172	205
172	246
173	313
173	393
175	292
175	303
176	327
177	352
178	202
178	282
179	225
179	240
181	279
181	281
181	331
181	356
181	365
182	365
183	209
183	267
184	239
184	253
184	339
184	390
185	212
186	204
187	339
188	353
189	230
189	363
190	213
192	390
193	197
194	222
194	360
195	329
195	361
196	209
197	274
198	206
198	301
198	314
199	221
199	232
200	246
200	289
200	300
200	378
203	304
204	269
205	217
205	302
206	323
207	208
207	376
208	378
208	395
209	277
210	281
210	343
210	390
211	341
211	349
212	296
212	326
212	392
213	301
213	357
214	372
214	386
214	397
215	301
215	335
215	377
215	387
216	266
216	288
217	332
219	234
219	259
219	271
219	286
220	363
220	394
221	272
221	309
222	254
222	290
222	305
222	317
223	255
223	292
223	340
223	378
224	323
225	284
225	331
225	355
226	243
226	307
228	344
228	369
229	399
230	247
230	285
230	338
232	254
232	270
232	301
234	348
235	335
236	274
236	309
237	258
238	358
238	366
239	393
241	246
241	313
242	262
242	383
245	271
245	302
246	348
247	272
248	389
250	256
250	295
251	256
251	276
251	371
252	299
252	349
252	389
254	298
255	290
255	338
255	393
256	351
257	259
258	321
259	381
260	352
261	274
262	363
264	320
264	399
268	360
269	292
269	322
270	294
270	393
271	338
271	384
271	391
272	284
272	289
272	336
272	339
273	366
273	392
274	276
277	300
277	343
277	347
278	393
279	318
279	395
280	287
280	371
280	389
281	318
282	286
284	323
285	328
285	336
286	344
288	310
289	369
290	296
290	331
290	363
292	344
292	381
293	296
295	374
295	394
296	340
296	358
296	373
297	347
299	388
300	335
301	395
302	332
303	325
306	334
307	326
307	355
307	388
309	335
310	328
310	333
310	339
310	365
312	319
313	359
320	321
320	367
321	353
323	341
323	367
323	370
324	388
327	379
328	329
329	373
329	399
330	335
330	357
331	384
332	367
333	398
342	389
344	390
345	393
351	366
352	365
366	382
375	376
377	382
379	380
384	385
387	393