0	25
0	35
0	335
1	28
1	93
1	115
1	199
1	253
2	133
3	217
3	233
3	267
4	109
4	209
4	297
4	378
5	19
5	110
5	159
6	250
6	344
6	348
7	18
7	172
7	195
7	241
8	14
8	131
8	228
8	240
8	291
9	27
9	116
9	184
9	266
9	396
10	40
10	70
10	186
10	202
10	208
10	277
10	318
11	57
11	75
11	104
11	246
11	286
11	308
12	60
12	126
12	178
13	57
13	116
13	126
13	185
13	218
13	239
13	298
13	323
13	362
14	33
14	226
14	250
14	373
15	88
15	187
15	205
15	252
15	353
16	67
16	88
16	264
16	314
16	377
17	159
18	75
18	106
18	117
18	264
18	266
18	320
19	200
19	380
20	152
21	77
21	115
21	176
21	189
21	250
21	301
21	306
21	395
22	55
22	139
22	342
22	380
23	59
23	112
23	227
23	292
23	352
24	57
24	90
24	163
24	165
24	168
24	246
24	258
24	303
25	90
25	137
25	173
25	195
25	280
25	321
26	247
26	364
27	222
27	235
28	43
28	376
29	66
29	191
29	309
30	68
30	101
30	131
30	190
30	217
30	263
30	318
31	74
31	76
31	332
31	333
31	354
32	177
32	258
32	310
32	370
33	141
33	142
33	288
34	88
34	234
34	270
34	301
35	73
35	97
35	140
35	209
35	231
35	291
35	353
36	139
36	294
36	301
36	304
36	382
37	66
37	95
37	136
37	305
38	137
38	225
38	251
39	145
39	257
39	319
40	235
40	289
40	297
40	341
40	369
41	171
41	370
42	51
42	226
42	235
42	261
42	379
43	241
43	330
44	186
44	192
44	393
45	65
45	348
46	71
46	81
46	203
46	291
46	340
46	391
47	227
47	357
48	76
48	167
48	194
48	202
48	234
48	293
48	352
48	367
49	93
49	168
49	211
50	59
50	380
51	218
51	220
51	278
52	151
52	308
52	329
52	343
53	58
53	81
53	98
54	80
54	148
54	160
54	304
54	351
55	174
55	354
56	220
57	235
57	324
57	371
58	69
58	122
58	132
58	331
59	82
59	122
59	161
59	244
59	324
59	340
59	346
60	86
60	163
60	232
60	254
60	299
60	342
60	355
61	217
62	72
62	175
63	84
63	127
63	128
63	138
63	210
64	133
64	318
65	220
65	234
65	386
66	191
66	221
66	285
68	154
68	185
68	193
68	289
68	305
69	95
69	275
70	207
70	285
70	364
71	183
71	259
71	363
72	175
73	360
74	90
74	98
74	151
74	170
74	187
74	263
74	338
76	125
77	160
77	287
77	393
78	82
78	203
78	272
78	285
78	328
79	182
79	236
79	275
79	301
79	370
80	124
80	231
80	255
80	265
80	315
81	127
81	394
81	397
82	93
82	95
82	112
82	222
82	291
82	345
82	381
83	84
83	158
83	180
83	390
84	236
84	371
85	94
85	160
85	181
85	321
85	325
85	390
86	95
86	137
86	374
86	392
87	117
87	197
87	253
87	310
88	120
88	247
89	193
89	329
90	182
90	260
90	335
91	358
92	115
92	129
92	383
93	120
94	163
94	220
94	228
94	296
95	208
95	290
95	308
96	272
97	122
97	126
97	335
98	157
98	289
98	304
99	158
99	221
99	334
99	359
100	104
100	231
100	277
100	321
100	340
101	114
101	133
101	170
101	382
102	157
102	161
102	262
102	285
102	355
103	326
104	115
104	174
104	239
105	162
105	182
105	227
105	232
105	319
106	211
106	260
106	332
106	384
107	119
107	287
107	328
108	170
108	175
108	289
108	341
109	161
109	225
109	273
109	290
110	179
110	197
110	316
110	395
111	193
111	280
111	333
111	394
112	320
113	117
113	187
113	309
113	381
114	248
114	263
114	294
114	313
115	144
115	155
115	220
115	221
115	276
115	382
116	218
116	278
116	284
116	373
116	377
116	396
117	159
118	126
118	143
118	163
118	199
118	218
119	164
119	202
119	322
119	361
120	171
120	213
120	319
120	321
121	161
121	262
121	339
122	161
122	194
122	209
122	372
123	225
124	149
124	169
124	230
124	231
124	271
124	309
124	310
124	350
125	160
125	175
125	225
125	229
126	129
126	243
126	249
127	281
127	301
127	306
127	389
128	363
129	134
129	298
130	194
130	236
130	328
131	168
132	209
132	369
133	170
133	172
133	215
133	343
134	177
134	349
135	166
135	259
135	329
135	367
136	168
136	209
136	283
137	196
137	254
138	196
138	237
138	304
138	386
138	394
141	221
141	226
141	238
142	210
142	228
142	260
143	175
143	239
144	157
144	377
145	293
145	298
146	237
147	325
148	259
148	363
149	159
149	198
150	153
150	251
151	243
151	288
152	191
152	236
152	366
153	172
153	334
153	370
153	375
154	167
154	189
154	264
155	226
155	246
155	375
155	378
156	193
156	385
157	165
157	355
157	368
158	166
158	213
158	317
158	363
160	167
160	180
160	196
160	353
160	374
161	198
161	243
162	253
163	190
164	323
164	365
165	167
165	222
165	306
165	337
165	361
166	203
166	244
166	248
167	194
167	241
167	288
167	367
168	195
168	206
168	268
168	381
168	393
169	189
169	305
169	333
169	386
170	193
170	218
170	333
171	330
172	395
173	348
174	198
174	268
174	290
174	297
174	391
175	325
175	333
175	334
175	365
175	369
176	232
176	247
176	255
176	398
177	190
177	194
177	367
177	397
178	296
178	308
179	265
180	216
180	279
180	376
180	395
181	298
181	323
182	241
182	286
182	389
183	203
184	190
184	223
185	275
185	335
186	232
187	207
188	275
188	336
188	372
189	198
189	285
190	263
190	325
190	379
191	361
192	194
192	203
192	228
192	260
193	326
193	331
193	333
193	360
195	216
195	235
195	300
196	244
196	251
196	317
197	247
197	270
198	204
198	291
198	298
198	345
199	271
199	294
199	316
200	237
200	268
200	326
200	371
201	394
201	398
202	208
203	253
203	273
203	310
203	397
204	249
204	298
204	348
205	268
205	302
205	306
205	351
205	353
206	218
206	268
206	270
206	361
206	378
206	379
208	232
208	337
208	367
209	340
211	245
211	280
211	299
212	269
214	326
215	266
215	337
215	363
216	344
216	385
218	294
218	316
218	397
219	258
219	291
220	303
220	389
222	226
222	345
222	382
223	370
224	327
225	300
225	301
225	339
226	315
228	274
228	301
228	336
228	346
231	236
231	371
232	270
232	369
234	372
234	382
235	346
235	369
235	380
236	342
237	260
238	275
239	308
240	282
241	342
242	285
242	335
242	348
242	356
242	398
243	349
243	362
244	297
244	310
245	254
245	305
247	308
247	349
247	361
248	289
249	262
250	275
251	375
253	327
255	371
256	323
256	372
256	398
257	347
261	266
261	289
261	323
261	393
262	271
262	351
264	321
267	295
267	308
267	368
270	353
271	305
272	308
272	325
273	310
275	311
276	293
276	327
278	321
278	337
280	311
282	342
283	299
285	286
285	318
286	318
286	350
287	312
287	353
287	392
288	355
288	381
289	311
289	360
290	314
290	338
292	307
292	359
293	382
293	399
294	369
294	370
295	298
295	304
295	388
297	327
300	335
300	349
300	369
301	307
303	364
304	326
306	365
306	397
307	398
308	321
308	385
310	372
310	378
311	332
311	334
313	391
314	335
320	344
321	350
321	380
323	379
324	347
325	348
326	384
330	360
332	334
333	361
334	370
335	338
340	379
341	370
342	398
345	394
346	361
349	395
350	385
351	356
351	366
352	393
353	383
354	371
355	357
357	374
357	394
360	398
362	372
363	366
366	385
367	372
368	381
371	374
371	390
375	399
382	399
387	398
389	399
393	394