0	253
0	261
0	341
0	377
1	238
1	314
1	315
2	206
2	314
2	372
3	37
3	92
3	148
3	289
3	370
4	48
4	166
5	87
5	394
6	10
6	100
6	148
6	204
6	292
6	349
6	355
6	369
7	70
7	286
7	291
7	359
8	106
8	296
8	372
9	24
9	55
9	86
9	120
9	162
9	284
10	343
11	133
11	204
11	224
11	225
11	251
12	31
13	55
13	101
13	234
13	341
14	119
14	327
14	335
15	74
15	117
15	138
15	195
15	238
15	303
16	42
16	51
16	267
16	281
16	378
17	86
17	221
17	224
17	376
17	397
18	72
18	132
19	71
19	79
19	148
19	344
20	71
20	85
20	291
20	367
21	209
22	43
22	152
22	208
22	374
23	148
23	220
23	277
23	365
24	85
24	161
24	172
24	273
24	274
24	339
25	36
25	80
25	242
25	247
25	263
25	390
26	32
26	133
26	146
26	197
26	387
27	64
27	91
27	287
28	42
28	242
28	330
29	41
29	292
29	303
30	71
30	113
30	375
31	39
31	302
31	376
31	382
32	157
32	163
32	270
32	272
32	281
32	307
32	308
33	185
33	226
34	69
34	75
34	95
34	143
34	265
34	274
34	279
34	288
34	330
35	44
35	90
35	205
35	215
35	255
35	351
35	368
37	84
37	108
37	130
37	294
38	133
38	192
38	358
39	203
39	279
39	300
40	43
40	45
40	53
40	75
40	113
40	136
40	188
40	208
40	209
40	249
40	301
40	314
40	318
41	46
42	123
42	215
42	258
42	285
42	381
43	103
43	152
43	318
43	323
44	71
44	223
44	299
44	311
44	333
44	379
45	212
45	219
45	333
46	81
46	179
46	231
47	180
47	326
48	231
49	212
49	268
50	180
51	285
51	353
52	110
52	252
52	314
52	362
53	65
53	138
53	160
54	155
54	257
55	348
56	177
56	220
56	221
56	360
57	95
57	175
57	282
58	65
58	154
58	266
58	334
58	380
59	130
59	184
59	188
59	241
59	319
59	335
59	352
60	70
60	191
60	255
60	281
60	346
61	259
62	64
62	161
62	201
62	270
62	311
63	85
63	141
63	196
63	312
63	356
64	75
64	143
65	268
66	178
67	102
68	126
68	222
68	280
68	346
68	373
69	75
69	210
70	307
70	355
71	82
71	312
71	365
72	93
72	98
72	352
72	374
73	127
73	176
73	305
74	79
74	91
75	115
75	209
75	224
75	308
75	322
75	372
76	87
77	217
77	263
77	308
78	111
79	107
79	178
79	381
80	109
80	125
80	318
80	361
81	306
81	362
82	128
82	330
83	286
84	249
84	315
85	325
85	326
85	346
86	200
86	215
86	231
86	271
86	310
86	326
86	363
87	115
87	159
87	216
88	186
88	313
88	340
88	385
89	195
89	324
89	348
90	123
90	287
91	123
91	260
91	290
92	310
92	386
93	130
93	159
93	198
93	308
93	357
93	359
93	390
94	174
94	259
95	155
95	269
95	305
96	116
96	334
97	190
97	306
98	118
98	256
98	369
99	200
99	357
100	230
101	130
101	188
101	240
101	271
101	280
101	304
102	130
102	166
102	380
102	381
102	389
103	183
104	268
104	360
105	265
106	264
106	371
108	160
108	399
109	185
109	201
109	254
109	257
109	287
110	118
110	201
110	258
110	265
110	287
110	313
111	112
111	156
111	357
112	175
112	210
113	291
114	322
115	214
115	252
115	280
115	295
116	189
117	277
117	365
117	370
118	338
118	398
119	124
119	142
119	343
119	366
120	164
120	175
120	329
120	332
120	396
121	178
121	242
121	259
121	301
121	305
121	321
121	359
122	147
122	193
122	299
122	359
122	360
123	174
123	220
124	130
124	278
124	285
125	139
125	244
125	265
125	272
125	378
126	199
126	234
126	318
126	377
127	175
128	134
128	178
128	280
129	146
129	204
129	230
129	348
129	378
130	179
131	212
131	251
132	167
132	185
132	228
132	266
132	292
132	325
133	194
133	208
133	245
133	292
133	326
133	337
134	223
134	261
134	300
134	397
135	288
136	278
136	322
136	384
137	273
137	290
137	369
139	171
139	265
139	271
139	338
139	382
139	396
140	148
140	216
140	232
141	213
142	326
143	212
143	246
143	258
144	179
144	223
144	226
144	262
144	313
144	335
145	165
145	206
146	355
146	396
147	331
148	232
149	154
149	178
149	185
149	280
149	290
150	155
150	166
150	264
151	215
151	230
151	284
152	363
153	158
155	237
155	266
155	346
155	393
156	258
156	297
157	247
157	283
157	298
157	312
158	165
158	288
158	293
158	375
159	252
161	208
162	273
162	347
163	194
163	231
163	252
163	316
163	322
163	378
164	220
164	222
165	205
165	289
165	293
165	296
165	331
165	375
165	394
166	286
166	347
166	370
167	296
167	361
168	244
168	364
168	399
169	312
169	316
169	331
170	370
170	393
171	220
172	205
172	244
172	343
173	190
173	279
174	299
175	241
175	248
175	396
176	199
177	206
177	268
177	349
178	184
178	193
178	203
178	227
179	341
179	370
179	384
180	190
180	305
181	183
181	387
182	247
182	377
183	303
183	364
184	288
185	377
186	345
187	229
187	310
187	387
188	242
188	363
189	193
189	330
189	350
190	206
190	330
191	320
193	206
193	224
193	239
193	247
194	221
194	322
195	290
195	375
196	329
196	331
197	207
197	230
197	318
198	217
198	305
198	309
198	314
199	389
200	241
200	275
201	355
202	251
202	381
203	241
203	305
203	313
203	367
204	208
205	352
206	277
206	371
207	285
209	235
209	264
210	339
210	363
211	280
211	312
211	321
212	237
212	367
213	357
213	368
213	395
216	221
216	365
217	354
218	339
218	344
218	386
219	345
220	396
221	331
222	390
223	363
224	248
224	256
225	333
225	366
225	374
227	253
227	308
227	311
227	316
227	346
227	380
228	390
229	377
230	242
230	323
230	387
231	236
231	371
232	263
232	342
233	255
233	345
234	258
234	279
235	258
236	313
236	328
236	370
237	262
237	357
238	297
239	337
240	294
240	308
240	329
241	389
243	247
243	313
243	375
244	262
244	342
245	249
245	369
248	284
248	290
248	295
249	280
249	324
250	397
251	323
252	312
252	314
252	316
252	321
252	380
253	314
253	360
253	365
253	399
254	302
256	270
256	397
258	269
258	293
258	398
259	327
260	332
261	358
262	398
263	299
263	349
265	395
266	272
270	296
270	355
271	388
271	396
272	277
272	290
273	314
274	317
276	325
276	359
276	399
277	291
277	373
277	399
280	347
281	335
281	361
281	383
282	359
284	358
284	398
285	347
285	349
287	344
287	388
287	393
288	291
288	334
288	352
288	356
288	361
288	374
291	329
291	380
293	370
295	356
299	342
299	346
299	371
300	314
302	348
303	398
307	370
307	378
308	344
309	366
309	371
309	384
311	321
312	381
316	396
317	368
317	375
318	336
319	374
320	381
320	387
322	373
323	338
323	347
325	392
326	395
327	394
329	350
329	356
329	360
330	332
330	377
333	381
333	388
334	353
334	379
334	381
335	381
335	390
335	399
337	394
342	388
344	348
344	362
346	376
349	363
351	357
353	357
353	388
355	393
358	378
359	364
359	375
359	380
360	374
361	393
365	397
368	374
374	382
375	388
377	379
387	391