0	276
0	340
0	359
0	377
1	242
1	304
2	142
2	277
2	393
3	45
3	90
3	144
3	163
3	275
3	332
4	90
4	121
4	168
4	205
4	220
4	284
5	160
5	374
6	22
6	145
6	186
6	250
7	35
7	45
7	179
7	185
7	200
7	226
8	191
8	197
9	239
9	257
9	292
9	326
9	380
10	140
10	173
10	191
10	356
11	100
11	116
12	136
12	146
13	96
13	336
13	368
14	15
14	105
14	134
14	149
14	280
14	342
14	367
14	382
15	122
15	129
15	313
16	90
17	64
17	93
17	282
17	334
17	363
18	247
19	59
19	147
19	312
19	397
20	42
20	98
20	209
20	258
20	342
20	394
21	97
21	164
21	369
22	173
22	181
22	323
22	382
23	68
23	135
23	178
23	216
23	280
24	39
24	78
24	221
24	243
25	232
25	383
26	87
26	151
26	260
26	291
26	367
27	30
27	65
27	231
27	252
27	272
28	86
28	148
28	196
28	315
28	376
28	396
29	64
29	196
29	214
29	299
29	359
30	68
30	256
30	267
30	268
30	336
30	360
31	279
32	80
32	141
32	210
32	364
33	178
33	191
33	199
33	271
34	48
34	188
34	354
34	373
35	42
35	64
35	79
35	289
35	350
36	41
36	265
36	280
37	70
37	222
37	363
37	393
38	46
38	214
38	284
38	307
38	366
39	186
39	194
39	358
40	159
40	304
40	380
41	105
41	163
41	200
41	295
41	318
42	125
42	153
43	242
43	251
44	131
44	350
44	386
45	55
45	173
45	217
45	274
45	376
45	391
46	130
46	136
46	138
46	231
46	243
46	268
47	81
47	205
47	257
47	333
48	102
48	199
48	306
49	139
49	261
50	65
50	90
51	130
51	135
51	253
51	331
52	242
53	72
53	216
53	295
53	339
54	137
54	171
54	199
54	255
54	277
54	311
55	192
55	354
55	398
56	98
56	146
56	149
57	318
57	375
58	243
58	290
59	165
59	246
60	100
60	384
60	386
61	198
61	345
61	384
62	71
62	295
62	382
63	346
64	82
64	192
64	194
64	341
64	389
65	92
65	220
65	363
66	223
66	252
66	381
67	111
67	141
67	153
67	323
68	377
69	150
69	184
69	329
69	344
69	392
70	357
71	130
71	162
71	167
71	266
72	73
72	160
72	190
72	199
72	372
73	91
73	290
74	113
74	130
74	313
75	162
75	293
75	318
76	332
76	391
77	171
77	325
78	148
78	364
78	387
78	397
79	133
79	206
79	286
79	327
80	181
80	300
81	135
81	144
81	171
81	346
82	87
82	265
82	329
83	188
83	324
83	349
83	378
84	110
84	205
84	279
85	102
85	211
85	218
85	380
86	327
87	110
87	142
87	190
87	377
87	385
87	390
88	234
88	262
89	184
89	228
89	242
89	333
89	367
90	244
90	245
91	348
92	97
92	231
93	239
94	99
94	109
94	204
94	233
94	336
95	124
95	209
95	232
95	256
95	385
96	128
96	249
97	367
98	144
98	207
98	227
98	336
98	365
99	174
99	222
99	252
99	351
99	391
100	219
100	286
100	323
100	338
101	202
102	196
102	199
103	127
103	219
103	236
103	318
103	369
104	194
104	258
104	277
104	298
104	347
105	281
106	390
107	361
108	213
108	249
108	327
108	357
110	131
110	175
110	311
110	348
110	369
111	241
112	161
112	233
112	327
113	287
114	379
115	287
115	303
116	190
117	271
117	327
117	352
118	258
119	195
119	222
120	153
120	264
120	299
120	357
121	135
121	191
122	298
122	305
122	358
123	154
123	289
124	176
124	210
124	240
124	256
124	287
125	194
125	214
125	398
126	172
126	261
127	275
127	351
128	352
129	151
129	153
129	272
130	199
130	315
131	188
131	354
131	383
132	163
133	211
133	230
133	246
133	280
133	308
133	349
134	173
134	327
134	348
135	137
135	155
135	239
135	259
135	282
135	372
136	174
136	189
138	197
138	299
138	329
138	355
138	365
139	175
139	198
139	236
139	300
139	357
140	207
140	255
140	264
140	318
141	185
141	271
141	276
141	286
143	191
144	214
144	358
145	150
145	264
146	148
146	186
146	200
146	225
146	234
146	296
146	322
146	342
146	345
148	150
148	392
149	162
149	222
149	258
150	262
150	288
151	213
152	354
152	390
153	264
153	271
154	321
155	333
155	366
156	212
157	338
157	345
157	366
158	174
159	237
159	268
159	373
159	395
160	234
160	259
161	205
161	251
161	284
161	357
162	392
163	201
163	208
165	269
165	274
165	291
165	364
166	365
167	280
167	371
168	366
168	371
169	295
170	350
171	314
172	229
172	261
172	340
173	327
175	333
175	396
176	335
176	380
177	188
177	219
177	295
178	253
178	362
179	291
179	303
179	357
179	372
180	323
181	231
182	267
182	278
182	279
182	333
182	389
183	236
183	242
183	321
183	350
183	378
184	185
184	326
185	352
186	243
186	380
187	335
187	351
189	213
189	241
189	297
189	321
190	270
191	322
192	207
192	361
192	390
193	212
193	288
193	355
193	391
194	235
194	395
196	205
196	240
196	294
196	348
199	277
199	363
200	309
200	339
201	252
201	270
201	351
201	355
202	262
202	311
202	320
203	283
203	311
203	393
204	254
204	318
205	212
205	357
206	251
206	310
206	329
206	394
207	241
207	252
210	229
210	367
212	329
212	341
213	327
215	277
217	327
217	345
218	242
218	353
220	223
220	377
220	382
222	338
222	387
224	318
224	325
226	324
226	361
227	326
228	290
229	395
230	387
231	248
232	353
232	379
233	333
233	370
233	384
234	355
234	379
235	253
235	271
235	276
236	309
236	360
237	313
238	324
238	343
238	377
239	305
240	273
240	286
240	335
241	248
241	295
242	355
243	263
244	387
245	366
246	252
246	327
246	350
250	283
250	319
250	399
251	386
252	285
252	388
253	289
253	399
254	346
255	315
256	329
257	268
257	276
257	315
257	377
258	343
258	373
259	281
260	315
260	388
261	374
261	375
261	389
261	396
262	302
262	349
262	383
262	393
263	305
263	331
263	381
267	344
268	303
268	310
269	364
271	340
271	354
271	361
271	369
272	296
272	299
272	306
273	363
274	294
274	397
275	285
275	366
278	291
278	396
280	310
280	398
285	388
286	349
289	361
291	363
293	348
293	377
294	314
295	369
296	338
296	343
296	393
298	353
299	375
299	393
301	395
303	305
303	336
303	380
304	362
306	372
306	374
306	379
307	381
310	337
311	346
314	336
314	351
314	368
316	328
317	357
319	326
319	337
321	372
322	336
323	344
325	392
327	351
327	371
328	367
328	369
328	389
330	371
330	383
333	356
336	352
336	399
338	341
339	390
340	345
341	380
343	356
345	353
346	352
346	353
347	373
350	353
350	387
355	358
365	397
366	391
368	390
371	374
384	396
388	391