0	143
0	281
0	283
1	35
1	67
1	69
1	82
1	276
2	75
2	271
2	287
2	390
3	67
4	183
4	199
4	218
4	219
5	21
5	36
5	118
5	123
5	157
5	212
5	241
5	257
5	359
6	11
6	71
6	157
6	179
6	258
6	370
7	132
7	135
7	148
7	279
7	339
8	128
8	173
8	179
8	244
8	255
8	313
8	375
8	393
9	47
9	346
10	33
10	346
11	73
11	190
11	367
12	102
12	244
13	16
13	38
13	244
13	281
13	314
13	377
14	139
14	197
15	292
16	64
17	175
17	309
17	334
18	376
19	39
19	59
19	99
19	106
20	173
20	184
20	229
20	352
21	104
21	132
21	143
22	86
22	125
22	147
22	315
23	141
23	298
24	44
24	304
25	56
25	83
25	137
25	174
25	181
25	355
26	83
26	108
26	143
26	201
26	339
27	62
27	186
27	248
27	364
28	96
28	186
28	254
28	261
28	308
29	85
29	113
29	174
29	372
30	139
30	231
30	305
30	369
31	130
31	200
31	358
32	135
32	334
33	122
34	89
34	221
34	236
34	291
34	355
35	93
36	74
36	176
36	338
37	164
37	237
37	360
38	145
38	276
38	362
39	48
39	84
39	161
39	238
40	217
41	246
41	249
41	347
41	369
42	200
42	207
42	266
43	211
43	278
43	329
44	76
44	97
44	284
44	300
44	348
44	352
44	390
44	394
45	102
45	117
45	122
45	193
45	201
45	218
45	345
46	71
46	256
46	333
46	361
47	71
47	186
47	334
48	154
48	195
49	302
50	165
50	230
50	256
51	84
51	93
51	272
51	305
51	388
52	86
52	195
52	333
53	193
53	343
54	244
54	254
54	295
54	327
55	78
55	182
55	325
55	343
55	363
55	368
57	207
57	255
58	317
59	228
59	249
59	274
59	314
59	384
59	385
59	398
60	67
60	72
60	85
60	92
60	255
60	271
60	297
61	64
61	65
61	83
61	134
61	254
61	310
61	329
61	335
61	349
61	383
62	214
63	133
63	257
63	345
64	158
64	257
64	265
64	271
64	378
64	395
65	156
65	185
65	326
66	120
66	262
66	299
66	356
67	254
67	345
68	130
68	138
69	219
69	233
70	274
70	317
70	364
71	332
71	397
72	203
72	285
73	83
73	144
73	154
73	353
74	283
75	279
75	399
76	85
76	176
76	345
77	113
77	245
77	260
78	328
78	329
78	353
78	383
79	110
79	172
80	115
80	125
80	127
80	256
80	315
80	395
81	135
82	168
82	186
82	221
82	249
82	284
83	323
84	190
84	217
85	146
85	373
85	389
85	391
86	393
87	203
87	226
88	198
88	208
89	205
89	393
90	239
90	243
90	244
90	258
90	260
90	273
91	94
91	99
91	183
91	305
92	270
92	282
93	103
93	140
93	271
93	392
94	249
94	360
95	103
95	126
95	205
95	372
96	135
96	155
96	298
96	360
96	365
97	127
97	206
97	325
97	395
98	115
98	198
98	227
99	109
99	129
99	138
99	217
99	305
99	385
100	122
100	128
100	165
100	202
100	217
100	289
100	304
100	319
100	346
101	119
101	219
101	298
101	328
101	367
102	192
102	294
103	110
103	146
103	160
103	161
103	263
103	310
104	107
104	109
104	378
105	139
105	267
105	360
107	111
107	164
107	210
107	234
107	278
108	173
108	307
108	342
109	233
109	246
109	249
110	158
110	195
110	246
110	255
110	359
110	378
111	311
111	377
112	292
112	386
113	129
113	284
113	294
113	346
113	367
113	396
114	209
115	190
116	150
117	130
117	331
118	206
118	225
118	363
119	170
119	244
119	357
119	376
120	251
121	163
121	187
121	221
121	362
121	385
122	225
122	340
123	168
124	156
125	201
125	288
128	227
128	256
129	190
129	197
129	237
129	314
129	341
129	390
130	323
130	388
131	237
132	168
132	283
132	306
133	173
133	232
133	252
133	277
133	300
133	353
134	217
134	311
134	391
135	153
135	174
135	198
136	179
136	254
136	390
137	180
137	189
137	283
137	343
137	379
138	233
138	393
140	251
140	335
141	220
142	145
142	272
142	305
142	316
142	334
144	151
144	185
145	157
145	264
145	342
146	238
146	372
146	392
147	148
147	338
148	246
149	293
149	380
150	168
150	261
150	298
150	303
150	388
151	243
152	274
152	324
153	181
153	197
153	262
153	316
153	384
155	187
156	341
158	180
158	188
159	279
160	192
160	222
160	277
162	300
163	281
163	379
164	168
164	231
165	172
166	209
166	342
166	356
166	371
167	180
167	280
167	283
167	348
168	374
169	171
169	231
169	321
170	291
170	302
170	324
170	351
171	363
173	296
173	329
174	219
175	279
175	342
175	376
175	396
176	364
177	226
177	288
177	305
177	387
177	399
178	185
179	280
179	309
179	380
180	251
180	269
180	381
180	391
181	195
181	228
181	311
182	222
182	253
183	398
185	188
185	210
185	367
185	373
186	286
186	336
188	198
188	265
188	274
188	368
188	382
189	340
190	196
190	231
190	275
191	202
191	230
191	248
191	298
191	304
191	323
192	229
192	280
193	300
193	338
194	288
194	378
194	386
195	290
195	309
196	355
196	370
197	201
197	233
197	369
197	377
197	388
198	284
198	367
199	369
199	396
201	229
201	281
201	343
201	372
202	238
202	294
202	321
202	343
202	359
204	362
204	380
205	240
206	286
207	226
207	326
207	355
208	260
211	318
212	329
212	343
212	350
212	391
213	262
213	291
213	336
214	249
214	324
214	339
214	360
214	383
215	254
216	286
217	315
218	291
219	287
219	351
220	353
221	235
221	322
221	368
222	249
222	255
223	309
223	326
223	340
224	254
224	391
225	268
225	373
227	330
227	333
228	241
228	279
228	344
229	320
229	359
231	376
232	248
235	312
235	333
235	351
235	388
236	274
236	288
236	292
237	321
237	362
239	322
239	323
239	345
240	311
240	372
241	255
241	314
242	243
242	341
243	297
243	320
243	328
243	375
244	256
245	271
245	281
245	373
246	250
246	273
247	260
247	292
248	350
248	355
248	368
248	386
249	292
249	341
251	312
251	351
252	352
253	293
254	328
255	315
255	346
256	291
256	358
257	363
257	382
258	275
258	289
259	264
259	287
260	276
261	280
261	397
263	278
264	344
266	285
266	294
266	327
266	366
267	331
268	280
269	311
269	353
269	356
269	386
270	278
270	321
270	338
271	317
271	326
272	281
272	300
272	356
272	361
274	371
275	395
278	315
278	334
280	297
285	330
285	388
288	319
289	325
289	338
290	302
290	318
290	372
292	305
292	307
292	348
292	373
294	364
295	397
296	377
297	350
298	339
300	344
301	383
301	388
303	324
303	337
303	338
303	391
305	331
305	335
311	348
311	349
311	368
313	334
315	370
316	325
316	376
318	357
318	371
322	390
323	337
326	328
326	354
328	342
332	360
332	361
333	349
335	340
339	355
341	348
342	378
345	357
345	374
351	363
353	385
355	374
357	375
357	388
358	389
359	398
361	391
362	381
363	378
363	389
365	385
368	377
378	396