0	106
1	43
1	301
2	228
3	61
3	136
3	146
3	318
3	397
4	8
4	31
4	80
4	136
4	158
4	252
4	270
4	338
5	36
5	128
5	129
5	130
5	183
5	209
5	303
5	361
6	13
6	49
6	71
6	73
6	94
6	104
6	140
6	309
6	311
6	367
7	364
8	73
8	217
8	219
8	256
9	96
9	314
9	316
9	387
10	11
10	276
10	314
11	39
11	228
11	232
11	286
11	305
11	380
12	144
12	364
13	52
13	70
13	199
13	216
13	313
14	29
14	46
14	86
14	143
14	189
14	260
14	268
14	306
14	347
15	284
15	398
16	27
16	80
16	85
16	212
17	40
17	52
17	264
17	296
17	315
18	154
18	207
18	325
19	210
19	251
19	298
20	58
20	142
20	195
20	318
21	132
21	200
21	273
21	298
22	188
22	224
22	257
22	286
22	380
23	299
23	314
24	317
24	329
25	143
25	170
25	331
26	138
26	171
26	188
26	295
26	297
26	354
27	60
27	115
27	368
28	140
28	250
28	303
29	81
29	256
29	358
30	60
30	72
30	122
30	165
31	115
31	260
32	69
32	245
32	341
33	82
33	174
33	272
33	343
33	359
34	60
34	165
34	234
34	305
34	331
35	151
35	175
35	243
36	388
37	69
37	91
37	138
37	252
37	396
38	148
38	202
38	322
38	331
39	46
39	80
39	226
39	285
39	362
39	372
40	131
40	170
40	264
41	237
41	248
41	325
42	265
42	373
42	381
43	121
43	186
43	252
43	329
44	68
44	146
44	250
45	62
45	104
45	122
45	205
45	297
46	69
46	227
46	314
47	72
47	136
47	159
47	188
47	355
48	57
48	130
48	207
48	296
48	314
49	125
50	203
51	108
51	185
51	199
51	207
51	357
52	64
52	213
52	286
52	303
52	348
52	393
53	137
53	146
53	222
53	241
53	376
54	171
54	184
54	224
55	131
55	270
55	298
55	374
56	201
56	258
57	117
57	302
58	63
58	109
58	112
58	239
59	98
59	237
59	289
59	291
59	339
59	345
59	379
60	287
60	306
60	336
60	399
61	67
61	137
61	151
61	156
61	187
61	245
61	335
61	343
62	184
62	386
63	336
63	394
64	93
64	102
64	103
64	184
64	215
64	230
64	384
65	283
65	370
66	234
66	259
66	275
66	313
67	72
67	207
67	216
67	258
67	314
67	374
68	388
69	99
69	325
69	365
70	154
70	217
70	250
70	257
70	354
71	123
71	257
72	157
72	245
72	369
73	140
73	184
73	285
74	116
74	284
74	357
74	368
75	162
75	220
76	392
77	123
77	177
77	253
77	295
77	366
77	371
78	348
78	369
79	127
79	194
79	336
79	349
80	171
80	340
82	221
82	262
83	150
83	237
83	321
84	153
84	205
84	206
85	110
85	212
85	255
85	361
86	376
86	389
87	194
87	244
88	124
88	274
88	278
88	369
89	338
90	171
90	210
90	251
90	295
91	133
91	240
91	393
92	204
93	222
93	364
94	397
95	389
96	291
96	320
96	369
97	242
97	301
98	139
98	295
98	358
98	362
98	377
99	107
99	111
99	220
99	299
99	312
99	339
100	237
100	309
100	324
100	348
101	382
102	185
102	203
102	263
102	313
102	390
103	135
104	133
105	150
105	233
106	199
106	210
106	211
106	350
106	368
106	371
107	134
107	231
107	247
108	135
108	204
108	383
109	191
109	313
109	357
109	371
110	146
110	181
110	388
111	116
111	131
111	148
111	336
111	341
111	348
111	382
112	168
112	207
112	355
112	367
112	375
113	181
114	225
115	383
116	156
116	380
117	152
117	335
118	167
118	252
119	196
120	217
121	179
121	340
122	141
122	152
122	180
122	320
122	397
123	191
123	354
124	158
124	247
124	249
124	304
125	202
125	258
126	150
126	193
127	186
127	214
127	259
130	163
130	164
131	184
131	316
131	324
131	376
132	181
132	221
133	141
133	202
133	297
133	398
135	356
136	234
136	361
136	380
137	199
137	325
137	355
138	319
139	141
139	209
139	344
140	141
140	179
140	340
141	335
141	339
141	381
142	266
142	323
143	217
143	267
144	221
144	302
144	332
144	376
145	253
145	318
146	211
146	248
146	255
146	273
146	357
147	161
147	274
148	241
148	310
149	332
151	312
151	366
152	234
153	303
153	370
154	308
154	370
155	291
155	348
155	385
156	219
157	214
157	289
158	160
159	229
159	305
159	357
160	172
160	240
160	246
161	167
161	178
161	201
161	261
161	339
162	239
162	337
163	186
163	271
164	190
164	353
164	381
165	274
165	361
166	194
166	275
166	286
166	331
167	274
167	333
168	193
168	354
169	285
169	315
169	374
170	183
170	190
170	261
171	221
171	297
172	173
173	179
173	213
173	237
173	243
173	256
173	381
175	232
175	305
175	307
175	388
176	329
176	330
177	312
177	365
178	315
178	340
178	391
179	260
180	188
180	383
181	224
182	280
183	265
183	389
184	195
184	214
184	241
184	293
184	310
184	389
185	193
185	197
185	247
185	317
185	339
186	258
187	282
188	218
188	372
188	385
189	197
189	396
190	371
191	199
191	207
191	289
191	379
191	382
192	378
193	199
193	275
194	235
194	256
194	353
194	383
195	301
195	305
196	223
196	348
196	363
197	374
197	387
198	250
198	322
199	319
200	218
200	297
200	392
201	300
201	332
201	362
202	301
202	349
203	239
203	319
203	378
204	234
205	269
206	318
207	273
207	280
208	266
208	332
208	359
209	230
209	235
209	241
209	290
209	328
209	357
209	360
209	362
210	221
210	338
210	356
211	256
213	300
213	336
214	240
214	269
214	365
215	250
215	326
215	357
216	342
216	364
217	261
217	312
217	338
217	363
218	257
218	293
219	228
219	325
220	373
221	378
221	397
222	258
222	379
223	322
224	255
224	285
224	290
224	333
225	292
225	338
225	374
226	334
227	242
227	320
227	339
229	231
229	245
229	247
230	302
230	336
231	279
231	350
232	364
232	375
232	390
233	259
233	293
233	397
234	259
235	240
235	299
235	313
235	326
236	281
236	291
236	373
237	289
237	366
237	373
238	320
238	330
239	351
240	252
240	282
241	259
241	339
241	379
242	264
242	278
242	284
242	336
243	285
243	314
244	253
244	344
246	361
248	340
248	343
249	384
249	392
249	393
250	275
250	391
250	393
251	266
253	278
253	326
253	335
253	368
254	297
255	344
255	397
256	262
256	368
256	381
257	390
258	295
259	367
260	295
260	352
260	358
262	291
262	324
262	368
263	316
263	319
263	387
264	328
265	297
265	342
265	346
266	309
266	316
266	320
266	360
267	279
267	360
267	370
268	363
268	365
268	394
269	375
270	288
270	297
270	349
272	282
273	284
273	343
273	350
275	282
275	372
277	335
277	393
279	349
280	286
281	357
284	340
285	299
285	394
286	327
287	324
289	370
293	356
293	375
294	337
295	353
297	352
298	324
299	366
300	369
300	383
300	386
301	398
302	359
304	384
305	309
306	385
307	316
307	392
308	325
308	341
309	343
310	350
312	326
313	393
314	327
314	340
315	346
316	369
317	337
321	333
322	378
326	345
327	396
330	372
331	348
332	344
332	359
332	392
333	358
338	356
338	379
343	360
343	387
347	350
347	391
353	384
354	363
361	375
362	388
364	366
364	374
364	396
365	378
365	391
368	397
371	397
372	387
378	386
382	399
388	395