0	41
0	72
0	158
0	250
0	298
1	32
1	84
1	219
1	229
1	282
1	284
1	288
2	130
2	161
3	7
3	196
3	217
3	241
4	51
4	104
4	139
4	145
4	164
4	205
4	209
5	211
5	263
6	146
6	192
6	268
7	79
7	137
7	213
7	214
7	218
7	273
8	68
8	76
8	102
8	107
8	164
8	238
8	241
9	58
9	89
9	117
9	202
9	254
10	44
10	90
10	91
10	107
10	126
10	207
10	236
10	251
10	272
11	26
11	90
11	118
11	121
11	233
12	247
12	272
13	34
13	142
13	237
14	39
14	101
15	187
15	195
15	249
16	85
16	94
16	129
16	137
16	234
16	266
17	68
17	111
17	170
17	253
18	136
19	46
19	91
20	108
20	144
20	147
20	163
21	49
21	199
21	207
21	245
21	280
22	130
22	281
23	25
23	118
23	134
23	255
24	105
24	143
24	178
24	217
24	231
25	163
25	238
25	266
25	283
26	27
26	76
26	124
26	149
26	271
27	42
27	121
27	125
27	127
28	128
28	174
29	43
29	62
29	238
29	283
30	127
30	186
30	261
31	237
32	82
32	193
32	218
32	259
33	138
34	102
34	214
34	224
34	251
35	53
36	90
36	117
36	132
36	170
37	235
38	56
38	179
38	282
39	134
40	51
40	219
41	122
41	151
41	161
41	271
41	296
42	44
42	47
42	79
42	111
42	158
42	163
42	188
42	204
42	264
43	56
43	57
43	189
43	299
44	61
44	86
44	123
44	207
44	234
45	66
45	121
45	292
46	73
46	91
46	103
46	199
46	206
47	107
47	151
47	176
47	185
47	244
47	270
48	176
49	81
50	57
50	69
50	158
50	161
50	252
50	273
50	293
51	79
51	124
51	196
51	291
52	74
52	128
52	170
52	179
52	249
52	254
53	133
53	183
53	238
53	250
53	295
53	298
54	66
54	124
54	194
54	273
55	253
55	258
56	87
56	246
57	86
57	164
57	291
57	295
58	201
58	256
59	62
59	115
59	254
60	65
60	126
60	136
60	152
60	154
60	246
61	234
61	284
62	67
62	85
62	231
62	268
63	156
63	207
63	216
64	67
64	196
64	204
64	210
64	212
64	225
65	111
66	246
66	258
66	269
67	198
69	113
69	275
70	224
71	82
71	120
71	163
71	168
71	239
71	279
71	296
72	178
73	209
73	216
73	265
73	283
74	85
74	162
74	173
75	207
75	219
75	229
75	234
75	249
76	99
76	145
76	233
76	259
76	262
76	270
76	290
77	83
77	116
77	135
77	156
78	101
78	127
78	174
78	297
79	120
79	153
79	265
80	129
80	163
80	164
81	173
81	286
82	281
83	202
84	158
84	176
84	228
85	251
86	94
86	100
86	221
86	222
86	224
86	272
87	152
87	173
87	281
87	288
88	96
89	173
89	199
89	265
89	270
90	170
90	195
90	220
90	231
91	102
91	252
92	169
93	160
94	155
95	155
95	202
96	114
96	199
96	202
96	296
97	182
97	189
97	221
98	101
98	278
99	103
99	187
99	189
100	151
100	274
101	147
101	191
101	235
101	275
101	292
101	297
102	127
102	163
102	167
103	130
103	281
104	165
104	176
104	252
104	263
105	135
106	141
106	174
107	127
107	193
107	241
108	120
108	210
108	223
108	253
108	264
108	282
109	194
110	270
111	137
111	264
111	285
111	296
112	113
112	131
113	122
113	161
113	237
113	260
114	175
114	176
114	186
116	124
117	241
118	146
118	148
118	184
118	200
118	209
119	126
119	176
120	123
120	166
120	184
120	207
120	295
121	143
121	206
121	269
122	138
122	231
122	235
122	236
122	248
122	264
123	160
123	180
124	125
124	139
124	225
125	149
125	155
125	276
125	296
125	297
126	202
126	218
127	263
127	295
128	203
128	244
128	289
129	244
129	248
129	256
130	234
130	257
131	139
131	172
131	201
131	270
132	248
132	295
133	298
134	139
134	161
134	198
134	223
134	274
134	284
135	167
135	170
136	260
137	157
138	180
138	290
139	149
139	162
140	162
140	227
140	261
141	188
141	201
141	241
142	197
142	290
143	196
143	227
143	259
144	145
144	211
144	247
145	245
145	279
147	218
148	175
148	188
149	230
150	202
150	210
150	242
150	244
150	275
152	153
152	196
152	251
153	211
153	231
153	276
154	159
154	162
154	199
154	247
156	170
156	250
157	194
157	213
158	202
158	211
158	236
159	193
159	216
159	227
159	228
159	279
160	284
163	207
163	228
163	267
163	296
164	255
167	186
167	294
168	265
168	278
169	220
169	261
170	174
170	207
170	254
171	249
171	281
172	245
173	207
173	240
174	219
175	215
175	218
175	282
176	200
176	223
176	277
177	206
177	267
178	186
178	245
179	198
179	203
179	286
180	242
180	246
180	287
181	184
181	236
182	188
182	280
183	227
184	279
185	210
185	253
188	236
188	275
189	273
190	207
191	228
191	256
192	227
192	276
193	206
193	256
193	260
194	262
195	197
195	213
195	271
197	218
197	238
198	238
199	241
199	257
200	277
201	283
201	289
202	293
203	235
203	239
203	275
204	283
207	266
207	271
208	247
209	213
209	271
209	286
210	246
213	233
213	272
213	276
213	283
217	251
217	274
217	294
219	240
221	280
222	257
223	292
225	251
225	252
226	241
228	295
229	249
229	280
231	268
232	253
234	272
236	247
236	293
238	255
238	260
238	294
239	247
239	259
241	259
243	268
244	256
245	260
246	274
246	276
249	256
250	265
250	271
251	273
252	268
252	280
255	277
255	278
258	282
259	287
260	284
260	293
262	285
264	268
264	285
264	287
265	277
265	294
271	293
279	296
281	298
282	296
284	285