0	83
0	255
0	285
1	149
1	151
1	231
1	236
1	261
1	270
1	290
2	29
2	69
2	117
2	212
2	259
3	151
3	194
3	261
3	291
4	7
4	52
4	247
4	249
5	42
5	143
5	290
6	222
6	284
7	146
7	279
8	79
8	177
9	160
9	192
9	240
10	54
10	122
10	239
10	250
11	76
11	196
11	219
12	194
12	200
12	296
13	102
13	109
13	203
14	103
14	282
14	291
15	137
15	198
15	227
15	243
16	20
16	165
17	69
17	208
17	210
17	222
17	238
18	85
18	132
18	246
18	281
19	59
19	137
20	222
20	238
20	274
20	280
21	75
22	46
22	54
22	90
22	175
22	222
23	30
23	36
23	93
23	168
23	206
24	181
25	41
25	63
26	168
26	190
26	229
27	126
27	172
27	205
27	245
28	138
28	197
28	274
29	35
29	100
29	105
29	117
29	186
29	212
29	259
30	205
31	133
31	142
31	168
31	220
32	69
32	142
33	53
33	55
33	68
33	73
33	115
33	160
33	236
33	265
34	98
34	103
34	218
34	234
35	50
35	117
35	118
35	167
35	186
35	221
35	222
35	236
35	281
36	44
36	55
36	70
36	98
36	141
36	254
37	53
37	90
37	100
37	146
37	161
37	167
37	180
37	250
38	76
38	94
38	134
38	180
38	227
38	252
39	117
39	132
39	165
39	180
39	289
39	295
40	106
40	173
40	216
41	155
41	253
41	289
42	109
42	123
42	148
42	190
42	199
43	50
43	106
43	134
43	141
43	181
43	217
43	248
43	278
43	285
43	292
44	209
45	52
45	109
45	110
45	137
45	138
45	143
45	184
45	257
46	96
46	107
46	154
46	192
46	195
46	220
46	277
47	95
47	153
47	168
48	219
48	280
49	69
49	86
49	93
49	121
49	176
49	283
49	299
50	164
50	251
50	291
51	99
51	149
51	231
52	121
53	149
53	198
53	202
53	224
54	72
54	165
54	188
54	192
54	221
55	240
55	256
56	66
56	103
56	283
57	123
57	160
58	134
58	181
58	227
59	61
59	112
59	116
59	147
59	183
59	204
59	227
60	69
60	107
60	148
60	160
61	70
61	139
61	201
61	216
61	289
62	181
62	191
62	204
62	225
62	263
63	117
63	188
64	71
64	120
64	136
64	212
64	224
64	281
65	80
65	91
65	147
65	226
67	138
68	113
68	114
69	87
69	290
69	291
70	113
70	155
71	80
71	110
71	138
71	140
71	161
71	164
71	237
71	250
72	129
72	251
72	257
73	129
73	190
73	248
74	87
75	199
75	297
76	265
77	214
77	220
77	290
78	197
79	126
79	287
79	292
80	83
80	177
80	185
80	212
80	262
81	256
81	257
81	295
82	111
82	118
82	155
82	167
84	205
85	139
85	199
85	281
86	251
87	97
87	169
87	188
87	226
87	267
88	294
89	172
89	269
90	110
90	162
90	182
90	221
91	109
91	131
92	154
92	226
92	274
93	141
93	213
94	95
94	141
94	143
94	255
94	288
95	153
96	258
98	174
98	263
98	282
99	138
99	150
99	223
99	227
100	163
100	234
101	152
101	241
102	212
103	117
103	149
103	168
103	274
104	276
105	118
105	175
106	115
106	124
106	148
106	168
106	218
106	239
108	169
108	195
108	245
108	266
108	281
109	249
110	272
111	186
111	272
112	117
112	185
112	268
114	136
115	146
115	167
115	202
115	268
116	155
116	156
116	176
116	232
117	136
117	137
117	173
119	157
120	183
120	260
121	150
121	168
121	174
121	279
121	295
122	157
122	161
122	184
122	228
122	299
123	154
123	164
123	180
123	199
124	154
125	184
125	230
125	272
127	130
127	144
127	189
127	204
127	292
128	150
128	235
128	258
128	276
129	234
129	256
130	140
131	136
131	137
131	208
131	223
132	140
132	144
132	154
132	159
132	184
132	191
132	221
132	281
133	204
134	167
134	185
134	223
134	259
135	173
135	182
136	157
137	249
137	271
138	206
138	242
138	297
139	215
140	181
140	222
141	212
142	164
142	248
142	249
143	147
143	178
143	198
143	216
143	243
144	176
144	262
145	159
146	251
147	153
147	187
149	169
149	171
149	224
149	274
149	293
150	193
150	291
151	244
151	272
151	278
151	285
152	196
152	260
152	280
153	199
153	230
154	161
154	206
154	269
155	199
155	241
156	197
156	204
157	229
158	179
158	294
159	192
160	174
160	175
160	194
160	208
160	258
162	207
163	241
166	170
166	265
168	193
168	218
168	229
168	253
168	258
168	276
168	296
169	205
170	298
171	195
171	196
171	251
171	265
171	279
172	255
172	283
173	272
174	232
174	279
175	184
177	203
177	230
177	264
178	293
179	185
179	264
180	199
181	220
182	183
183	196
183	202
184	220
184	228
184	267
185	249
185	263
186	191
186	237
187	235
188	277
189	210
189	291
191	257
192	212
193	240
193	296
194	275
196	237
196	285
197	211
197	229
197	239
198	241
199	248
200	286
201	298
202	262
203	220
203	279
209	233
210	235
211	269
212	213
213	218
213	267
214	290
216	246
217	219
218	294
219	254
219	284
220	256
221	245
221	295
223	281
228	239
230	245
230	246
230	297
236	274
239	282
240	246
240	267
240	288
241	281
243	283
245	271
247	288
249	293
251	277
251	278
253	261
255	269
255	281
256	273
258	285
258	290
259	270
259	297
260	274
263	268
264	270
265	296
268	293
269	291
273	292
276	297
280	291
280	296
281	299
282	295
288	294