0	191
0	206
0	279
1	6
1	19
1	55
1	92
1	166
1	252
2	34
2	73
2	74
2	92
2	103
2	131
2	141
3	40
3	221
3	275
4	74
4	86
4	101
4	106
5	241
6	18
6	50
6	80
6	215
7	48
7	52
7	65
7	71
7	79
7	202
7	293
8	77
9	60
9	173
9	290
10	141
10	255
11	197
12	62
12	79
12	176
13	38
13	48
13	176
13	229
14	65
15	90
15	123
15	179
15	221
15	248
16	36
16	137
16	149
16	235
17	37
17	67
17	100
17	176
17	178
17	215
17	216
18	72
18	154
18	174
18	237
19	117
19	138
19	222
19	263
20	79
20	232
20	261
21	62
21	114
21	291
22	129
22	206
22	267
22	286
23	78
23	110
24	30
24	119
24	172
24	232
25	102
25	246
25	291
26	77
26	99
26	223
26	285
27	159
27	165
27	173
27	268
27	291
28	59
28	90
28	92
28	117
28	141
28	153
28	215
28	240
28	277
29	174
29	176
29	229
30	78
30	100
30	257
30	266
30	280
31	40
31	56
32	142
32	197
32	203
32	211
32	244
33	34
33	63
33	189
33	201
33	261
34	150
34	183
34	231
34	250
34	281
35	129
35	189
35	190
35	245
36	98
36	265
36	294
36	297
37	146
37	237
38	150
38	185
38	258
39	215
40	206
40	245
40	277
41	108
41	162
41	242
41	251
41	268
42	132
42	242
42	286
43	235
43	278
44	71
44	150
44	246
44	265
45	78
45	94
45	132
45	214
45	215
45	227
46	254
46	258
46	265
47	122
47	240
47	252
47	254
47	278
48	89
48	250
49	204
49	297
50	55
50	68
50	184
50	268
51	201
52	88
52	179
52	214
52	220
52	241
53	64
53	88
53	134
53	168
53	180
53	201
53	230
53	242
53	279
53	291
54	91
54	159
54	191
55	90
56	117
56	172
56	257
57	119
58	113
58	184
58	247
58	248
59	101
59	187
59	210
59	232
60	62
60	117
60	214
61	117
61	138
61	287
61	291
61	298
62	200
62	250
62	284
62	289
63	166
63	223
63	249
63	289
64	86
64	149
64	179
64	265
64	276
65	139
65	166
65	189
65	290
66	200
66	254
66	293
67	150
67	255
68	197
68	222
69	76
69	281
70	124
70	153
70	269
71	161
72	133
72	154
72	256
73	275
73	298
74	135
74	149
74	152
74	186
75	178
75	230
75	271
76	206
76	273
76	293
77	115
77	123
77	181
77	224
78	83
78	173
78	191
78	219
78	293
79	149
79	236
79	245
80	95
81	102
82	99
82	118
82	148
82	166
83	219
83	258
84	102
84	131
85	228
85	240
85	259
85	280
86	100
86	212
86	251
86	263
86	287
87	207
88	151
88	152
89	107
89	260
89	283
89	295
90	111
90	112
90	180
90	190
90	213
91	111
91	225
91	259
92	137
92	170
92	173
92	249
93	118
93	183
93	217
94	108
94	112
94	134
94	266
95	148
95	269
95	281
96	199
96	288
97	104
97	169
97	177
98	151
98	243
99	106
99	186
99	207
99	279
100	139
100	272
101	102
102	188
102	207
102	224
103	135
103	258
104	179
104	228
105	164
105	212
106	126
106	154
106	217
106	267
107	189
107	206
107	239
108	154
108	161
108	167
108	218
108	263
109	198
109	208
109	221
109	258
109	267
110	224
111	124
111	153
111	255
111	263
111	265
112	217
112	219
112	251
113	126
113	281
114	131
114	137
114	259
114	268
114	279
115	241
115	280
116	226
116	278
117	129
117	207
117	277
118	189
118	270
119	139
119	150
119	156
119	176
120	183
121	136
121	275
123	231
124	206
124	208
125	218
126	182
126	247
126	259
126	273
126	292
127	156
127	215
128	136
128	176
128	283
129	214
129	250
129	264
129	285
130	151
130	266
131	160
132	232
133	144
133	168
133	262
135	245
136	173
138	148
138	195
138	196
138	214
139	204
139	226
139	270
140	214
141	164
142	159
142	268
142	283
143	182
143	284
144	192
144	227
144	250
144	253
144	256
144	268
144	283
145	219
146	264
147	148
147	221
148	172
148	195
148	258
148	297
149	150
150	297
151	156
151	190
151	205
151	286
152	210
152	266
152	269
153	188
154	281
154	285
155	235
155	282
156	289
156	296
157	289
158	233
158	290
159	279
159	284
160	252
161	246
163	196
163	197
165	195
166	202
166	283
167	247
167	260
167	266
168	192
168	205
168	242
168	281
170	240
171	257
171	266
172	211
172	244
174	214
174	285
175	208
175	274
176	200
176	245
177	235
178	239
178	260
179	223
179	265
181	283
181	293
184	251
184	258
185	223
186	234
187	198
187	298
188	227
190	254
190	295
191	267
192	262
192	284
193	195
193	240
193	289
194	214
194	252
195	218
195	222
195	291
196	209
198	242
201	229
201	261
201	272
201	297
202	203
202	204
202	235
202	291
204	215
204	268
204	277
206	211
206	279
206	280
207	298
208	215
208	245
208	247
208	269
209	214
209	265
209	268
210	230
211	274
212	253
212	277
214	240
214	277
215	284
217	235
218	247
218	299
219	230
222	225
222	226
222	269
224	235
225	277
225	286
225	290
226	237
227	238
227	270
231	252
234	272
234	275
235	248
235	280
237	291
240	252
241	271
243	276
243	283
243	298
245	299
246	269
247	262
248	272
249	256
249	273
249	285
251	261
252	273
254	290
259	260
259	269
260	294
261	262
274	294
278	280
286	298