0	22
0	247
0	256
1	45
1	112
1	186
2	57
2	127
2	167
2	208
3	82
3	243
3	248
4	69
4	96
4	102
5	63
5	88
5	98
5	109
6	197
7	32
7	54
7	175
7	202
7	213
8	40
8	57
8	120
9	102
9	158
9	170
9	284
10	20
10	73
10	106
10	140
10	225
10	267
11	69
11	109
11	171
11	232
11	252
11	281
12	43
12	107
12	226
13	106
13	115
13	243
14	24
14	50
14	77
14	153
15	55
15	57
15	136
15	234
16	17
16	155
16	237
16	259
16	282
17	125
17	148
17	163
18	32
18	192
18	265
19	33
19	245
19	292
20	58
20	250
21	111
22	30
22	115
22	199
22	240
22	277
22	297
23	111
23	181
23	227
24	46
24	63
24	108
24	133
24	155
24	157
24	183
24	187
24	218
24	273
25	64
25	173
26	168
27	84
27	95
27	181
27	211
27	287
28	272
29	45
29	102
29	104
29	240
29	293
30	67
30	217
31	151
31	234
31	268
32	214
33	40
33	77
33	104
33	144
33	230
33	231
34	287
35	40
35	54
35	66
35	176
36	72
36	128
36	174
36	183
36	299
37	111
37	151
37	205
38	79
38	129
38	151
38	153
38	222
38	297
39	167
39	189
39	299
40	67
40	229
40	242
40	264
41	128
41	252
42	262
43	129
43	287
44	128
44	262
45	150
45	169
45	243
46	101
46	123
46	179
46	206
46	231
46	236
46	272
46	280
47	190
47	269
48	49
48	224
48	285
49	127
49	160
49	222
49	223
49	254
50	175
50	186
50	203
51	102
51	172
51	223
51	259
52	65
52	97
52	223
52	243
53	149
53	164
53	290
54	180
54	226
55	164
55	195
55	211
55	296
55	297
56	258
57	114
57	141
57	187
58	141
58	249
59	60
59	175
60	89
60	176
60	201
60	234
60	235
61	132
61	228
62	108
62	118
62	134
62	202
62	285
63	98
63	110
63	239
64	102
65	99
65	134
65	290
66	177
67	74
67	123
67	268
68	72
68	120
68	273
69	101
69	184
70	245
70	266
70	279
71	89
71	218
72	121
72	135
72	187
73	109
73	192
74	126
74	138
74	237
74	288
75	165
75	230
75	250
75	284
76	175
76	176
76	190
76	236
76	280
77	129
77	138
77	208
77	225
77	267
77	278
78	295
79	82
79	90
79	158
79	192
80	112
80	123
80	169
80	254
80	262
81	126
81	134
81	195
81	235
82	119
82	148
82	261
82	274
83	95
83	210
83	237
83	273
83	291
84	140
84	184
84	268
85	170
86	135
86	149
86	298
87	255
88	156
88	249
89	92
89	212
89	225
89	238
91	116
91	150
91	197
92	116
92	160
92	214
93	97
94	208
95	111
95	228
96	122
96	148
97	111
97	132
97	261
99	196
99	212
99	285
99	289
100	188
101	144
101	152
101	206
101	257
101	284
102	181
102	260
103	185
103	205
103	290
104	176
104	275
105	243
105	264
106	121
106	210
107	213
107	225
107	230
107	274
107	285
108	225
108	258
109	131
109	133
109	137
109	171
109	207
109	221
109	243
109	267
110	227
110	252
110	279
111	181
111	228
111	273
112	143
112	233
112	249
112	266
113	116
113	160
113	185
113	253
113	294
114	177
114	227
114	252
115	274
116	157
116	169
116	177
116	252
117	213
118	275
119	152
119	166
119	228
120	128
121	136
122	127
122	200
122	210
122	218
123	273
123	297
124	152
124	182
125	144
125	256
125	285
126	165
127	207
127	289
128	131
128	195
128	233
129	194
130	243
131	145
131	200
131	243
131	293
132	191
132	212
132	261
132	277
133	240
133	249
133	270
134	177
134	208
134	270
134	288
135	165
135	180
135	290
135	293
136	162
136	222
136	240
138	171
138	208
138	220
139	252
140	168
140	221
140	233
141	238
142	285
143	150
144	218
145	265
145	282
146	221
147	241
148	229
148	252
149	166
149	191
149	207
149	235
149	287
150	159
150	167
150	221
150	227
150	263
151	247
152	170
152	217
152	240
153	279
153	284
154	165
154	167
155	278
156	157
156	165
156	207
156	272
156	283
157	210
158	175
158	181
158	253
158	264
160	165
160	171
160	219
160	238
160	251
161	186
161	240
161	242
162	246
162	279
162	282
163	240
163	274
164	285
165	203
165	256
165	262
165	298
166	296
167	171
168	198
168	298
169	182
170	178
171	177
171	214
171	223
171	299
172	298
173	192
173	209
173	246
176	200
177	234
177	269
177	270
179	204
181	191
181	231
182	247
183	248
183	254
184	255
185	240
185	247
185	261
186	250
186	297
189	232
190	285
192	238
193	201
193	220
193	230
194	216
195	229
195	283
195	294
195	299
196	210
196	227
196	253
196	275
197	243
197	298
199	222
199	294
200	245
200	257
202	228
202	290
204	215
204	229
204	239
204	256
205	297
206	280
207	279
209	298
210	248
211	292
213	249
217	233
217	256
218	241
218	280
219	237
220	245
221	251
223	251
224	267
224	271
225	272
226	279
226	295
226	296
228	280
229	241
233	268
233	283
233	287
234	235
235	240
238	271
238	287
239	255
243	291
244	264
248	269
249	277
251	273
251	276
251	293
253	295
254	266
255	273
256	258
257	262
259	273
259	286
261	262
263	288
263	297
265	282
266	276
266	282
267	296
268	286
269	286
269	293
272	295
274	297
280	282
287	290