0	34
0	35
0	132
0	202
0	207
0	225
0	228
1	102
1	118
1	175
1	231
2	172
3	32
3	80
4	101
4	104
4	139
4	184
4	291
4	295
5	17
5	19
5	71
5	222
5	285
6	40
6	116
6	232
6	240
6	291
7	258
8	121
8	175
8	202
8	204
9	120
9	163
9	175
9	224
10	124
10	285
11	34
11	47
11	174
11	188
11	242
11	293
12	93
12	141
12	152
12	164
12	167
12	211
13	134
13	240
14	27
14	41
14	125
14	174
14	281
15	42
15	131
15	140
15	158
15	230
15	235
15	281
16	75
16	150
16	166
16	244
16	261
16	278
17	55
17	179
17	211
17	241
18	22
18	24
18	65
18	130
18	144
18	229
18	289
19	91
19	151
19	172
20	30
20	81
20	151
20	237
20	282
20	286
21	22
21	54
21	105
21	128
21	212
21	274
22	29
22	76
22	151
22	152
22	177
22	267
23	46
23	133
23	261
24	213
24	269
25	85
25	93
25	123
26	162
26	195
26	268
27	79
27	179
28	67
28	77
28	127
28	186
28	209
28	219
28	263
28	273
29	82
29	119
29	254
29	287
30	79
30	150
31	50
31	94
31	237
32	193
32	240
32	247
33	286
33	293
34	102
35	52
35	78
35	221
36	61
36	62
36	180
37	43
37	79
37	213
38	75
38	113
38	176
38	216
39	68
40	56
40	99
40	111
40	139
40	175
40	190
41	110
41	230
41	247
41	266
42	78
42	125
42	128
42	230
42	265
42	285
43	152
43	170
43	182
43	192
43	205
44	104
44	214
44	220
44	229
45	84
45	94
45	102
45	112
45	209
46	160
46	288
47	57
47	122
47	200
47	218
47	290
48	124
48	131
48	163
49	68
49	236
51	133
51	292
52	74
52	225
52	265
53	221
54	71
54	77
54	80
55	107
55	240
55	282
56	97
56	193
56	205
57	157
58	132
58	201
58	236
59	219
59	244
60	65
60	131
60	136
62	131
62	135
62	194
63	110
63	220
64	86
64	102
64	231
64	237
65	124
65	224
65	233
66	86
66	159
66	294
67	124
67	133
67	163
67	248
68	71
68	280
69	123
69	231
69	245
69	295
70	83
70	164
71	109
71	137
71	138
71	139
71	166
71	209
71	251
72	158
72	195
72	202
72	280
73	91
73	154
73	160
74	139
74	144
74	204
75	93
75	299
76	160
76	162
76	249
77	131
77	157
77	174
77	205
77	244
77	257
78	105
78	163
78	170
78	298
78	299
79	99
79	146
79	282
80	117
80	156
80	166
80	240
80	289
81	233
82	113
82	207
83	89
83	118
83	252
84	106
84	217
85	267
85	295
86	121
86	126
86	140
86	143
86	165
86	228
86	278
87	207
88	135
88	256
88	280
89	93
89	106
89	278
90	125
90	265
90	284
91	272
91	296
91	299
92	114
93	113
94	95
94	245
95	256
96	246
96	263
97	137
97	242
97	254
98	279
98	288
99	120
99	131
99	162
99	245
99	252
99	289
100	272
101	105
101	191
101	279
101	285
102	244
102	273
103	218
104	226
104	293
105	122
105	146
105	157
105	191
105	270
105	276
106	222
106	230
107	193
107	238
108	171
108	193
108	220
108	259
109	203
109	279
110	221
110	290
112	125
112	288
113	238
114	135
114	149
114	197
114	210
115	117
115	124
115	248
116	200
116	297
116	298
117	141
117	216
118	173
118	192
118	208
119	280
119	283
119	294
120	218
121	213
121	274
122	147
122	231
122	247
123	159
123	184
123	210
123	223
124	177
124	226
124	274
125	220
125	275
126	255
127	147
127	161
127	177
127	192
127	195
127	214
127	256
127	299
128	167
128	185
129	271
130	208
130	287
131	169
131	177
132	223
132	268
133	151
133	154
133	185
133	207
134	152
134	176
134	200
134	262
136	172
136	186
137	202
137	216
137	224
137	249
137	277
138	186
138	212
138	259
139	221
139	241
140	147
140	177
140	227
141	224
142	271
143	169
143	206
143	292
144	277
145	291
146	205
146	275
146	280
148	150
148	260
149	154
149	196
149	213
149	234
151	190
151	243
152	264
152	274
152	276
153	210
153	276
154	285
155	168
155	227
156	227
157	177
157	264
157	268
157	278
158	189
158	210
159	230
159	253
159	267
159	270
159	279
160	262
160	290
161	162
162	179
162	186
162	247
162	276
163	219
163	251
163	257
165	259
166	235
167	195
167	247
168	240
169	203
169	220
170	219
170	221
170	264
171	220
171	230
173	257
174	180
174	257
174	272
176	228
177	198
177	225
178	246
178	292
179	276
180	225
180	258
181	186
183	204
183	237
183	244
184	240
184	258
186	221
186	227
186	238
186	276
187	241
188	296
189	244
189	255
193	199
194	288
196	217
196	219
199	202
199	257
201	225
201	261
201	270
201	297
202	275
203	271
203	293
204	240
205	250
205	281
206	224
206	232
206	242
206	248
207	276
208	241
209	290
210	255
211	231
211	288
211	291
215	218
215	239
215	291
216	256
217	255
220	266
222	273
223	248
223	271
227	245
230	267
231	284
233	245
234	298
235	253
235	284
237	264
239	248
239	295
239	297
240	249
243	248
243	258
245	295
246	254
248	299
249	265
255	267
256	265
259	273
265	288
276	278
277	299
290	293
291	299
292	294
294	296