0	165
1	94
1	114
1	159
2	24
2	95
2	166
3	40
3	69
3	83
3	121
3	229
4	38
5	240
5	288
6	253
7	45
7	106
7	196
8	9
8	152
8	272
9	98
9	116
9	133
9	161
9	168
9	195
9	197
10	136
11	90
11	109
11	176
12	106
12	188
12	252
13	87
13	212
13	254
13	292
14	50
14	79
14	107
14	213
14	264
14	273
15	102
15	168
15	190
15	281
16	47
16	146
17	150
17	152
17	153
17	168
17	211
17	254
18	71
19	51
19	158
20	21
20	81
20	89
20	196
20	244
21	55
21	134
21	226
22	40
22	51
22	114
22	243
23	79
23	85
23	139
23	192
23	201
24	160
24	198
24	199
24	262
25	60
25	120
25	245
26	85
26	244
26	257
27	234
27	274
27	277
28	75
28	128
28	129
28	153
28	262
29	70
29	123
30	159
31	38
31	91
31	297
32	95
32	102
33	181
33	188
33	200
34	126
34	134
34	178
34	266
34	277
35	125
35	143
35	177
35	258
36	87
36	169
36	287
36	297
37	120
37	281
38	201
38	287
39	69
39	80
39	91
39	125
39	227
40	51
40	177
40	232
40	238
41	68
41	92
41	275
42	186
42	216
43	240
43	287
44	130
44	165
44	219
44	260
45	93
45	145
45	187
46	121
46	233
46	280
47	259
47	271
48	92
48	187
49	155
49	208
49	229
49	276
49	292
50	165
50	180
50	218
50	224
50	243
51	219
51	283
51	290
52	74
52	95
52	246
52	247
52	283
53	139
53	229
53	273
54	88
54	98
54	142
54	151
54	159
54	179
55	58
55	208
56	291
57	69
59	72
59	194
59	245
60	101
60	249
61	72
62	76
62	149
62	176
62	296
63	131
63	206
63	274
64	239
64	289
65	99
65	108
65	195
65	197
65	250
65	275
66	94
66	274
67	82
67	123
67	190
68	115
68	269
69	175
69	176
69	191
69	277
69	278
69	291
71	98
71	178
71	286
72	129
72	160
72	175
72	251
73	170
74	206
75	77
75	149
75	217
75	263
76	108
76	129
76	181
76	183
76	266
77	120
77	214
77	274
78	147
78	153
78	222
79	157
79	191
80	96
80	114
80	130
80	237
80	283
80	293
81	216
81	242
82	280
84	88
84	191
84	209
84	273
85	111
85	200
85	265
86	163
86	251
87	93
87	97
87	120
87	218
87	235
88	103
88	104
89	246
89	298
90	149
90	190
90	208
90	281
91	131
91	193
92	106
92	133
92	202
93	105
93	134
93	294
94	288
95	279
95	287
95	296
96	110
96	174
96	176
96	206
96	237
97	136
97	228
97	269
98	145
98	261
99	137
100	123
100	268
100	269
100	290
101	124
102	130
104	141
104	143
105	146
105	166
105	221
106	110
106	296
107	274
108	123
109	113
109	140
109	213
110	262
111	193
111	290
112	211
113	155
114	133
115	116
115	213
115	252
116	119
116	125
116	131
117	135
117	161
117	270
118	176
118	246
119	152
119	165
119	234
119	257
120	165
120	175
120	192
120	259
122	159
122	213
123	193
123	203
124	252
124	285
125	269
125	298
126	209
126	215
126	220
127	146
127	193
127	198
127	265
127	296
128	165
129	207
129	298
130	140
131	149
131	162
131	192
131	288
132	136
132	229
132	240
132	264
132	279
133	199
133	252
133	281
134	196
135	190
135	232
135	246
136	182
137	242
138	209
139	156
139	167
139	207
140	190
140	197
142	160
142	207
142	253
142	290
143	194
143	204
143	260
144	230
145	206
145	210
146	153
147	152
147	175
147	237
148	200
148	210
148	246
148	263
149	166
149	170
149	185
150	291
151	166
151	170
151	195
151	214
152	272
152	276
153	175
153	292
154	185
155	192
155	214
156	281
157	245
159	186
159	227
159	278
160	234
161	173
161	177
161	191
162	169
162	249
162	266
162	268
163	278
164	268
165	173
165	247
165	256
166	188
167	189
167	213
167	247
167	265
168	171
168	252
169	172
169	180
170	232
170	242
170	248
171	180
171	192
171	231
171	271
172	189
172	248
172	267
172	295
173	248
173	252
173	294
174	186
174	264
175	242
176	222
176	243
176	297
177	223
177	253
177	268
178	212
179	243
179	264
179	281
180	204
181	186
182	246
182	266
182	277
183	201
183	209
183	232
184	277
187	195
188	190
188	222
189	201
190	235
190	262
191	242
192	221
193	282
195	228
196	225
196	226
196	271
196	294
198	204
198	209
198	214
198	219
198	226
199	263
201	255
201	268
202	291
203	253
203	286
204	241
204	263
204	267
204	281
205	230
207	214
208	217
208	284
208	297
209	256
209	269
210	292
211	255
211	267
213	252
213	271
214	243
214	247
215	266
216	217
216	236
216	265
218	251
218	253
219	298
221	292
222	255
223	246
224	289
225	236
226	259
226	261
226	266
228	287
229	288
231	264
232	251
232	258
232	281
233	245
233	278
238	284
238	288
238	294
239	292
239	296
239	299
240	264
240	272
241	284
242	284
243	264
243	272
244	262
246	258
246	274
247	269
247	281
247	287
248	266
251	274
252	270
254	272
256	298
261	277
262	297
263	269
263	271
263	273
264	275
265	276
273	282
273	296
276	293
277	283
277	295
279	293
281	282
282	292
284	289
294	297