0	21
0	48
0	54
0	91
0	229
1	120
1	147
1	165
1	180
1	275
2	7
2	229
2	262
3	8
3	135
3	140
3	185
3	199
3	227
4	52
4	138
4	170
4	212
4	288
5	22
5	268
5	293
6	82
6	122
6	166
6	174
6	284
7	34
7	64
7	91
7	109
7	150
7	245
8	141
8	160
8	178
8	283
9	41
9	183
10	155
10	281
11	49
11	111
11	238
11	291
12	28
12	191
12	227
12	229
13	57
13	87
13	136
13	139
13	235
13	285
14	35
14	68
14	202
14	230
15	29
15	90
15	101
15	114
15	127
15	139
15	151
15	255
15	267
15	275
16	56
16	63
16	170
16	288
17	67
17	72
17	96
17	116
17	117
17	133
18	38
18	127
18	146
18	164
18	182
19	95
19	184
20	91
20	92
20	120
20	121
20	150
20	169
20	199
20	226
20	244
21	28
21	103
21	121
21	122
22	241
22	281
23	34
23	47
23	97
23	175
23	260
24	46
24	66
24	253
25	49
25	54
25	75
25	99
25	130
26	98
26	290
27	132
27	146
27	156
27	265
28	40
28	272
29	83
29	87
29	144
29	146
29	201
29	265
29	294
30	54
30	196
31	238
32	51
32	193
32	197
32	259
32	264
32	278
32	286
33	147
33	167
33	257
34	84
34	113
34	118
34	156
34	232
34	287
35	91
35	152
35	154
35	159
35	166
35	214
35	286
35	297
36	63
36	172
36	214
36	220
36	231
36	252
37	46
37	101
38	104
38	174
38	292
39	48
39	57
39	94
39	110
39	129
39	190
39	220
39	234
39	289
40	76
40	116
40	202
40	267
41	89
41	102
41	106
41	160
41	200
41	204
41	206
41	245
42	57
42	71
42	145
42	205
42	299
43	47
43	63
43	163
44	80
45	100
45	182
45	189
45	211
45	216
45	222
45	291
45	292
46	147
47	54
47	109
47	290
48	59
48	63
48	192
48	214
48	251
49	72
49	203
49	223
49	250
50	154
51	118
51	176
51	180
51	250
51	276
51	297
52	258
53	57
53	121
53	231
54	183
54	212
54	258
55	75
55	189
56	100
56	141
56	199
56	242
56	246
57	153
57	213
57	235
57	299
58	61
58	84
58	93
59	79
59	80
59	262
60	91
60	99
60	272
61	102
61	132
61	141
61	194
62	210
62	281
63	215
64	92
64	104
64	106
64	246
65	107
66	89
66	145
66	176
66	177
66	185
66	186
66	189
66	205
66	208
66	210
66	274
67	91
67	104
67	160
67	283
67	295
68	192
68	232
68	281
69	82
69	132
69	228
69	265
70	141
70	238
71	88
71	111
71	150
71	243
71	255
72	76
72	124
73	170
73	281
73	290
74	79
74	208
74	238
74	244
75	85
75	147
75	188
75	189
75	190
75	234
75	266
75	274
76	103
76	162
76	194
76	195
76	236
76	286
77	88
78	139
78	180
78	182
78	217
78	232
78	289
79	94
79	117
79	220
79	241
80	86
80	113
80	126
80	159
80	171
80	242
81	105
81	150
81	224
82	120
82	138
82	161
82	255
82	293
83	151
83	199
83	258
84	115
84	205
84	207
84	268
85	109
85	161
85	264
85	273
86	153
86	195
86	271
86	289
87	212
87	268
88	131
88	149
89	253
89	270
90	128
90	243
91	259
92	103
92	151
93	223
93	259
94	175
94	213
94	218
94	263
95	123
95	262
95	284
96	123
96	166
97	124
97	162
97	206
97	237
98	171
98	200
98	204
98	216
99	155
99	171
99	248
100	128
100	163
100	172
101	131
101	161
101	225
101	267
101	269
102	186
102	298
103	139
103	256
103	258
104	185
104	244
104	273
105	136
106	130
106	245
108	260
108	263
110	133
111	147
111	271
112	215
112	221
112	222
112	241
112	291
113	134
113	198
113	203
113	231
113	264
113	268
113	270
114	169
114	276
115	123
115	136
115	142
115	156
115	200
115	263
115	299
116	186
116	258
117	176
118	165
118	237
119	171
119	184
120	134
120	149
120	228
120	287
121	258
121	284
122	182
122	293
123	289
124	145
124	167
124	174
124	250
125	150
125	202
125	228
125	259
125	263
125	278
125	282
126	238
126	272
126	293
127	149
127	219
129	222
130	149
131	172
131	200
131	238
131	251
132	144
132	233
132	291
133	263
134	187
136	160
137	242
137	244
138	150
138	282
138	298
139	183
139	184
139	256
139	282
140	235
140	249
140	257
140	282
140	288
141	172
141	240
141	282
142	179
142	187
143	234
144	179
144	203
144	237
145	200
145	221
145	276
146	172
146	190
146	274
147	154
147	203
147	235
147	243
147	260
147	279
148	206
148	239
148	250
148	260
150	187
150	228
150	284
152	165
152	229
152	267
152	298
153	223
153	225
155	172
155	198
155	207
155	272
156	159
156	177
156	220
157	168
158	230
158	296
159	183
159	194
159	263
159	289
160	245
160	275
162	206
162	231
162	277
162	278
163	228
164	168
164	171
165	237
165	246
165	277
166	253
166	258
166	279
167	276
167	298
168	250
168	273
170	214
170	234
171	194
171	263
171	294
172	178
172	196
172	241
173	273
173	287
175	220
177	215
178	241
178	285
179	292
181	188
181	250
181	270
182	212
182	257
182	268
183	211
184	257
184	260
185	237
186	278
187	208
187	282
188	193
189	299
191	233
191	296
192	202
192	254
193	269
194	255
195	261
196	240
196	288
197	283
197	298
199	274
201	223
201	283
201	291
202	233
202	239
202	285
203	289
203	296
204	256
205	271
206	264
207	215
207	259
208	222
208	262
209	218
209	225
209	297
210	286
210	293
212	217
212	247
212	275
213	240
213	247
216	232
220	292
222	250
225	229
225	263
226	289
228	237
229	281
231	276
232	275
233	247
233	297
234	270
237	284
238	244
239	266
239	284
240	269
246	250
247	282
247	290
248	262
251	277
252	291
253	270
256	257
257	282
260	265
260	289
264	274
267	293
268	270
269	294
272	278
272	280
273	280
274	279
275	277
277	291
281	291
283	297
288	299