0	69
0	122
0	198
1	17
1	96
1	134
2	40
2	45
2	225
3	62
3	97
3	245
4	85
4	130
4	226
5	99
5	259
5	270
6	120
6	247
7	14
7	32
7	94
7	219
7	258
7	299
8	76
8	126
8	160
8	201
9	16
9	18
9	168
10	28
10	129
10	137
10	139
10	149
10	169
10	171
10	242
10	253
10	256
10	276
11	37
11	63
11	65
11	120
11	258
11	260
12	142
13	151
14	294
15	33
15	39
15	99
15	124
15	128
15	152
15	246
15	262
15	266
16	84
16	106
16	131
16	158
16	221
16	250
17	24
17	56
17	77
17	139
17	140
18	71
18	210
18	280
19	71
19	281
20	30
20	34
20	170
21	255
21	298
22	62
22	170
23	90
23	182
23	238
24	54
24	61
24	112
24	144
24	185
24	197
25	186
26	78
26	88
26	126
26	205
26	234
27	65
27	71
27	212
27	278
28	139
28	147
28	169
28	209
28	217
28	272
29	64
29	74
29	231
30	46
30	65
30	86
30	208
31	77
31	115
31	185
31	188
32	76
32	133
32	136
32	163
33	37
33	42
33	133
33	189
33	197
33	239
33	253
33	295
34	210
35	65
35	117
35	175
35	207
35	236
35	267
35	298
36	43
36	66
36	134
36	270
37	103
37	282
37	289
38	61
38	100
38	189
38	198
38	225
38	259
38	294
39	83
40	48
40	90
41	94
41	109
42	46
42	62
42	79
42	258
43	49
43	78
43	113
43	214
44	45
44	74
44	135
44	179
44	246
44	283
45	53
45	87
45	180
45	186
46	184
46	209
46	279
47	115
47	223
47	243
47	257
48	64
48	67
48	200
48	236
49	53
49	132
50	110
50	274
51	72
51	118
51	185
52	102
52	168
52	271
52	272
53	115
53	240
54	223
54	245
54	247
55	59
55	227
56	137
56	142
56	213
56	244
57	82
57	95
57	120
57	174
57	211
57	235
58	97
58	244
58	274
59	102
59	117
59	150
59	162
59	253
59	287
60	86
60	89
60	109
60	136
60	163
61	102
61	242
62	197
62	230
62	238
62	270
63	75
63	188
63	215
64	149
64	242
65	69
65	135
65	270
66	97
66	163
67	147
67	237
67	297
68	74
68	111
68	130
68	174
69	75
69	148
69	209
69	258
70	154
71	93
71	250
72	134
72	190
72	249
72	257
73	138
73	143
73	229
73	298
74	76
75	139
75	155
75	190
75	203
76	103
76	191
76	260
76	271
77	115
77	151
77	154
77	219
77	224
77	269
78	173
78	285
79	131
79	230
79	239
79	291
80	94
80	115
80	141
80	182
80	188
81	86
81	152
82	108
82	210
82	251
83	192
83	237
84	99
85	253
85	278
85	292
86	131
87	109
87	144
87	169
87	184
87	239
88	118
88	245
88	256
89	106
89	242
90	129
90	183
90	218
90	241
91	112
91	191
91	218
92	129
92	148
92	175
92	208
92	254
92	264
93	107
93	189
93	251
93	252
94	145
95	129
95	136
95	275
96	259
96	269
97	143
98	119
98	162
98	255
98	260
99	103
99	122
99	128
99	154
100	188
100	231
101	113
101	175
101	200
101	209
101	239
102	121
102	258
103	108
103	245
104	109
104	111
104	175
104	209
104	255
104	284
105	193
106	281
107	112
107	138
107	183
107	280
107	281
108	119
108	267
108	276
109	114
109	294
110	119
110	157
110	172
110	180
110	269
111	247
112	162
112	187
112	220
112	266
113	132
113	142
113	173
113	212
113	255
113	260
113	280
114	297
115	145
115	224
115	274
116	155
116	218
116	229
116	267
116	282
117	292
118	154
118	202
118	204
118	281
119	167
119	220
119	251
119	290
120	138
120	219
121	134
122	257
123	251
124	298
125	184
125	196
125	249
125	251
125	259
126	170
126	288
127	147
127	157
128	166
128	268
129	180
129	203
129	216
129	257
131	156
132	168
132	208
134	255
134	277
136	173
136	226
136	298
137	203
137	283
138	165
138	178
138	206
138	235
139	161
139	259
139	263
140	236
140	248
141	175
141	203
141	276
141	277
142	187
143	183
143	250
143	293
144	148
144	199
145	157
145	232
146	259
146	280
148	210
150	289
151	190
151	191
151	195
151	290
152	228
152	260
153	192
153	252
154	159
154	209
154	221
154	258
154	287
155	168
155	248
156	160
156	237
157	211
158	165
158	205
158	232
159	244
160	186
160	192
160	201
160	260
160	282
161	189
161	275
161	280
162	219
162	276
162	287
164	205
164	297
165	199
165	246
165	270
166	194
166	240
166	274
167	255
168	236
168	288
169	251
169	263
170	174
170	291
172	227
172	231
172	241
172	284
173	210
173	220
173	265
174	217
176	202
176	228
176	236
177	244
177	287
178	202
180	289
181	194
181	271
181	295
183	247
184	210
184	221
184	289
185	189
185	200
185	217
185	223
185	236
187	220
187	257
188	230
188	270
188	271
189	269
189	288
190	224
191	196
191	250
191	295
192	196
192	217
192	226
192	264
193	275
194	261
194	290
197	203
198	249
198	271
199	201
199	230
200	246
201	206
203	213
203	265
204	284
207	217
208	276
209	233
209	280
209	291
210	221
213	255
214	238
215	240
215	263
217	231
217	284
218	221
218	254
219	228
221	286
222	259
227	286
228	238
229	297
230	288
232	267
233	288
235	255
236	239
237	274
237	288
239	275
243	293
244	245
246	292
248	262
249	274
249	299
251	277
252	286
255	286
255	289
255	292
257	285
263	292
271	277
271	294
272	283
273	276
277	296