0	75
0	102
0	137
0	184
0	226
0	230
1	7
1	24
1	224
2	8
2	51
2	234
3	38
3	55
3	78
3	84
3	134
3	147
3	222
4	11
4	38
4	122
4	178
5	34
5	67
5	195
5	213
6	39
6	133
6	208
6	264
7	89
7	122
7	140
7	141
7	207
7	253
7	288
8	174
8	222
8	245
8	289
9	13
9	76
9	111
9	223
10	31
10	52
10	265
10	266
10	276
11	86
11	114
11	245
11	255
12	61
12	100
12	192
12	245
12	281
12	288
13	57
13	100
13	144
13	293
14	114
14	133
14	156
14	186
14	192
14	200
14	223
14	292
15	59
15	137
15	219
15	229
16	109
16	224
16	238
17	63
17	103
17	104
18	69
18	144
18	177
18	236
18	237
19	89
19	165
20	21
20	250
21	55
21	115
21	118
21	158
21	178
21	183
21	215
22	27
22	47
22	269
23	117
23	154
23	194
23	205
24	51
24	91
25	35
25	42
26	74
26	119
26	122
26	181
26	211
26	217
26	248
26	265
26	272
27	167
27	211
27	295
28	99
28	182
28	268
29	37
29	55
29	65
30	36
30	104
30	156
31	135
31	146
31	213
31	218
32	173
33	58
33	72
33	159
33	204
33	225
33	266
34	97
34	131
34	164
35	100
35	104
36	59
36	206
36	284
37	66
37	96
38	46
38	178
38	281
38	293
39	124
39	174
39	185
39	249
39	271
40	48
41	57
41	95
41	110
41	186
42	184
42	230
43	100
43	110
43	197
43	260
44	65
44	82
44	90
44	107
45	73
45	122
45	141
46	91
46	99
46	176
46	207
46	229
46	240
46	283
47	158
47	217
47	240
48	114
49	139
49	211
50	107
50	289
51	197
52	223
53	69
53	194
53	200
54	180
55	87
55	170
55	253
56	164
56	258
56	279
57	143
57	154
58	78
58	244
58	253
58	266
58	282
59	61
59	70
59	229
59	261
59	272
59	278
60	67
60	191
60	227
60	255
61	252
62	146
63	199
63	283
64	77
64	109
65	82
65	260
66	85
66	144
66	171
67	89
67	192
68	70
68	76
68	187
68	209
68	222
68	268
68	285
69	81
69	163
70	73
70	154
70	158
70	223
70	237
70	270
71	100
71	110
71	164
72	273
74	223
74	259
74	274
75	85
77	213
78	91
78	166
78	212
79	127
79	151
79	171
79	173
79	176
79	263
80	252
81	102
82	163
82	179
83	85
83	118
84	107
84	167
85	97
85	127
85	217
85	283
86	130
86	270
86	278
87	89
87	148
88	91
88	116
88	186
88	257
88	270
89	118
89	139
89	163
89	226
89	243
89	296
90	144
90	221
91	100
91	142
91	144
91	207
91	234
91	281
92	105
92	218
93	157
94	254
95	140
95	272
95	283
96	98
96	186
96	216
96	217
96	233
96	252
96	264
97	138
97	216
98	118
98	241
98	287
99	137
100	162
100	178
100	187
100	198
100	247
100	280
100	283
101	143
101	164
102	184
102	217
102	263
102	267
104	232
105	208
106	125
106	168
106	175
106	197
106	295
107	114
107	298
108	126
108	138
108	197
108	198
109	268
110	114
110	245
111	137
111	219
111	223
111	234
112	293
113	125
114	154
114	285
115	210
115	223
115	233
115	244
115	298
116	130
116	173
116	219
117	204
117	219
117	290
118	131
118	160
118	191
118	246
118	254
118	277
119	146
119	164
120	138
120	154
120	158
121	148
121	174
122	156
123	136
124	258
124	267
125	206
125	225
125	287
126	132
126	190
126	299
127	138
127	183
128	140
129	145
129	151
129	173
129	176
129	298
130	155
131	140
131	153
131	164
131	172
131	248
131	297
132	212
133	189
133	287
134	272
135	150
135	249
135	285
135	294
136	159
136	248
136	269
137	179
137	198
137	201
137	281
138	156
138	187
138	238
138	260
139	210
139	291
140	188
140	209
142	183
142	215
142	236
142	286
143	193
143	276
145	262
145	267
145	270
145	277
146	156
146	251
146	282
146	284
148	173
148	191
149	161
149	273
149	278
150	213
152	156
152	170
152	202
153	262
153	295
154	173
154	219
154	232
154	258
154	298
155	169
155	172
155	209
155	235
156	166
156	184
156	208
156	297
157	167
157	190
157	223
157	270
158	230
158	259
158	285
159	230
159	253
159	254
160	212
160	214
160	295
161	294
162	218
162	266
164	174
164	211
164	232
165	183
166	187
166	191
166	205
166	259
167	191
168	173
168	175
168	239
169	229
170	200
170	251
171	225
172	243
172	280
173	268
174	196
174	213
174	296
175	198
176	232
177	238
178	216
178	217
178	271
179	227
179	243
180	201
180	225
180	238
180	244
180	293
181	272
183	264
184	283
186	215
186	218
186	273
187	203
187	205
187	269
188	249
189	299
190	197
191	269
192	254
192	276
193	230
193	236
193	253
194	200
194	289
195	240
195	283
195	294
196	231
197	202
197	233
197	297
198	211
200	281
202	213
202	259
203	280
204	234
204	284
205	226
205	271
206	277
207	299
208	268
208	274
208	298
210	212
210	252
210	253
212	227
212	272
215	244
215	281
215	287
216	238
217	252
218	276
220	234
220	240
222	235
222	239
222	240
223	276
227	276
228	291
230	260
232	242
233	284
235	241
235	273
236	270
239	281
239	293
242	258
243	245
243	277
245	294
249	270
251	259
251	284
253	254
253	262
253	281
255	278
255	298
256	273
256	278
256	296
260	274
264	292
265	299
266	292
275	291
278	287
278	294
280	297
281	285
285	298
291	299