0	14
0	52
0	172
1	43
1	77
1	199
1	231
2	197
2	293
3	75
3	141
3	188
4	41
4	60
4	88
4	118
4	293
5	145
6	71
6	246
6	298
7	83
7	140
7	182
7	286
8	125
8	151
8	237
9	73
9	142
9	233
9	243
10	76
10	127
10	182
11	174
12	42
12	59
12	273
12	275
13	241
14	21
14	66
14	106
14	185
14	227
14	259
15	21
15	258
16	84
16	158
16	270
17	31
17	129
17	261
18	38
18	207
18	224
18	263
18	299
19	135
19	154
19	183
20	80
20	117
20	244
20	288
21	40
21	112
21	165
22	168
22	194
23	106
23	128
23	146
23	181
24	25
24	154
24	164
24	176
26	138
27	90
28	75
28	274
29	49
29	236
29	242
29	280
30	34
30	35
30	90
30	105
30	123
30	146
30	175
30	177
31	106
31	131
32	152
32	232
33	41
33	190
34	65
34	208
34	250
35	73
35	80
35	90
35	157
35	234
36	105
36	127
36	174
37	58
37	217
38	102
38	107
38	136
38	163
38	225
38	290
39	94
39	233
39	282
40	100
40	117
40	134
41	98
41	129
41	194
41	224
42	47
43	56
43	57
43	75
43	171
43	242
43	251
44	102
44	159
44	160
44	222
44	223
45	110
45	293
46	83
46	103
46	108
46	187
46	212
46	231
46	299
47	51
47	248
48	142
48	266
49	53
49	68
49	91
49	107
49	145
49	148
50	100
50	137
50	262
51	53
51	73
51	137
51	142
51	169
51	250
51	255
52	81
52	84
52	157
52	264
53	62
53	163
54	131
54	151
54	173
54	253
54	294
55	105
55	137
55	143
55	169
55	291
57	62
57	94
58	203
58	264
59	118
59	145
60	171
60	207
61	142
62	82
62	112
62	138
62	199
62	277
63	172
63	184
64	246
64	276
64	299
65	90
65	142
65	172
65	180
65	208
65	211
65	241
65	244
65	282
66	86
66	89
66	166
66	195
67	127
67	203
67	239
68	160
68	180
68	219
69	102
69	113
69	294
70	83
70	254
71	152
71	157
71	199
71	205
72	105
72	121
72	220
72	277
73	100
73	238
74	77
74	175
75	120
75	235
76	99
76	103
77	92
77	93
78	138
78	296
79	119
79	120
79	142
79	213
80	118
80	158
80	159
80	199
81	101
81	105
81	162
82	94
82	113
82	226
83	136
83	176
84	153
84	177
84	290
84	297
85	195
85	205
85	218
85	256
86	134
86	241
86	247
86	287
87	121
87	186
88	272
89	107
89	111
89	126
89	177
89	209
89	215
89	238
89	239
89	246
89	268
90	94
90	119
90	156
90	260
90	277
90	285
92	186
92	214
92	297
93	156
93	167
93	168
93	236
94	147
94	207
95	221
95	226
96	142
97	208
98	144
98	176
98	237
99	123
99	137
99	148
100	148
100	183
100	184
100	195
100	215
100	225
102	273
102	274
102	289
103	165
104	147
104	162
104	204
104	225
104	276
104	285
105	244
105	271
105	276
105	282
106	145
106	226
106	264
106	298
107	197
107	254
108	129
108	156
109	221
110	178
110	283
111	174
112	120
112	259
112	286
112	288
112	290
113	223
113	269
114	133
114	229
114	294
115	172
116	222
117	162
117	164
117	165
117	198
118	148
118	167
119	169
119	221
119	229
119	238
119	249
120	217
121	164
121	216
121	279
122	163
122	171
122	172
122	215
123	199
123	273
124	240
125	218
127	195
127	202
127	222
128	129
128	164
129	190
129	205
130	155
130	237
130	258
131	180
131	197
131	206
131	236
131	246
131	271
132	195
132	224
133	164
133	239
133	256
133	261
134	149
134	220
135	153
135	180
135	241
135	268
137	187
137	267
137	299
138	159
139	256
140	181
140	240
141	174
141	187
141	281
142	219
142	295
144	294
145	184
146	163
146	171
146	206
146	237
146	284
146	286
147	195
147	213
147	291
147	293
148	232
149	159
149	170
149	186
149	238
150	155
150	268
151	158
151	214
151	243
152	184
152	228
152	235
153	206
153	221
153	223
155	172
155	174
155	262
156	160
156	188
156	225
156	227
157	159
157	163
157	247
158	197
158	235
158	280
159	210
159	290
159	293
160	181
160	245
160	270
160	279
161	168
161	211
162	220
162	237
163	271
164	239
164	254
164	268
164	271
165	175
165	190
165	247
165	259
166	193
167	197
167	219
168	252
169	174
169	185
169	259
170	218
170	276
171	188
173	179
173	204
173	246
174	291
174	296
175	230
176	195
178	282
180	219
180	286
181	239
181	257
182	187
182	219
182	276
182	285
183	219
185	299
186	228
186	297
187	272
188	189
188	239
189	296
190	215
190	224
190	248
190	281
191	206
191	251
192	231
192	249
193	195
193	237
194	206
195	274
195	277
195	291
196	245
198	214
198	217
198	241
198	278
198	283
199	261
200	250
200	292
201	209
202	252
202	273
203	280
204	211
205	207
205	237
205	248
205	274
207	241
210	264
211	225
211	236
211	265
211	280
213	271
214	241
214	283
215	293
217	229
217	274
218	234
218	276
219	237
219	268
219	281
221	258
222	240
222	254
223	264
224	274
227	256
228	243
233	256
234	292
234	293
236	238
236	270
239	249
240	283
240	299
241	247
241	272
242	263
243	286
245	256
248	250
249	267
249	273
252	277
253	254
255	296
257	261
257	299
262	266
262	293
262	298
263	273
265	279
266	276
266	296
271	297
272	289
278	281
278	282
281	290