0	91
0	145
0	208
1	23
1	123
1	143
2	12
2	41
2	43
2	141
2	251
3	29
3	60
3	125
4	46
4	61
4	234
5	109
5	231
5	242
6	17
6	96
6	214
6	234
6	238
6	267
6	287
7	81
7	111
7	162
7	247
7	283
8	71
8	202
9	22
9	108
10	86
10	139
10	203
10	214
11	34
11	61
11	91
11	108
11	213
12	17
12	109
12	147
12	271
13	270
14	39
14	94
14	109
14	139
15	116
15	158
15	170
15	288
16	34
16	218
17	65
17	101
17	130
17	234
17	248
18	26
18	53
19	30
19	81
19	195
19	206
19	240
19	258
20	49
20	57
20	73
20	116
20	137
20	213
20	215
21	87
21	98
21	117
22	192
22	216
22	228
22	271
22	283
22	292
23	119
23	251
23	256
24	34
24	127
24	137
24	145
24	159
24	205
25	95
25	141
25	263
26	95
26	179
26	186
26	206
26	298
27	67
27	172
27	219
27	268
28	114
28	145
28	239
29	32
29	196
30	157
30	168
30	183
30	187
31	160
31	209
31	236
32	67
32	86
33	37
33	66
33	127
33	190
33	211
34	44
34	59
34	91
34	109
34	237
34	280
35	78
35	80
35	113
35	155
35	169
35	231
35	245
35	250
35	274
36	138
36	157
36	221
36	266
37	67
37	93
37	206
38	72
38	78
38	82
38	142
39	83
39	99
39	277
40	67
40	240
40	265
41	48
41	162
41	206
41	224
41	293
42	44
42	193
42	237
42	254
42	265
43	60
43	95
43	196
43	226
43	254
44	97
44	204
44	275
45	102
45	108
45	109
45	116
45	138
45	277
46	132
46	151
46	164
46	282
46	284
47	233
48	135
48	146
48	235
48	247
48	299
49	77
49	189
49	225
49	230
50	172
51	55
51	91
51	147
51	148
52	163
53	74
53	225
53	251
53	266
53	281
54	73
54	112
54	152
54	239
54	276
55	84
55	144
55	250
56	71
56	275
57	92
57	136
57	266
58	237
58	259
59	69
59	262
60	86
60	146
61	72
61	150
61	207
61	216
61	279
62	110
62	113
62	184
62	231
63	90
63	121
63	169
63	188
63	203
63	206
63	256
64	88
64	167
64	198
64	228
65	144
65	205
65	228
66	90
66	132
66	136
66	139
66	270
67	244
67	266
68	255
69	110
69	169
70	96
71	197
72	115
72	154
72	192
73	177
74	111
74	133
74	140
74	269
74	280
75	269
76	82
76	83
76	154
77	190
77	191
77	264
78	110
78	115
78	155
78	269
79	82
79	295
80	98
81	117
81	220
82	139
82	185
82	208
82	263
82	294
83	250
84	140
84	292
85	182
85	206
85	296
86	88
86	279
87	97
87	106
87	161
87	232
87	298
88	96
88	267
89	108
89	123
89	216
89	251
90	225
90	265
91	147
91	287
92	248
92	267
93	103
93	127
93	232
93	271
94	122
94	151
94	181
94	239
94	247
95	97
96	132
96	144
96	169
97	117
97	206
98	103
99	175
99	178
99	231
100	296
101	134
101	244
102	245
102	272
103	252
104	113
104	153
104	272
104	287
105	158
105	205
105	263
105	267
106	115
106	121
106	133
106	222
107	219
108	133
108	218
109	218
109	241
109	242
110	187
111	116
111	126
111	166
112	118
112	238
112	264
113	135
113	173
113	186
113	191
113	245
114	138
115	146
115	295
115	297
116	142
116	265
117	119
117	143
117	167
118	146
118	226
118	260
119	148
119	157
119	265
120	148
121	198
121	240
122	193
122	214
122	238
123	245
123	289
124	253
125	132
125	223
126	187
126	194
126	279
127	214
127	229
128	140
128	184
128	198
128	224
129	245
129	291
130	166
130	243
131	134
131	199
131	204
132	133
132	228
132	245
133	228
134	291
135	282
136	280
137	265
137	266
138	171
138	200
138	202
138	239
138	250
138	298
139	196
139	237
139	281
140	163
141	176
141	192
141	251
142	149
143	166
143	180
143	200
144	278
144	282
145	161
146	244
146	260
147	161
147	288
147	292
148	223
148	227
148	289
149	177
149	178
149	182
149	291
150	164
150	224
150	246
151	186
151	196
151	289
151	299
152	251
153	164
153	258
153	267
155	203
155	229
155	275
156	251
156	267
157	193
157	225
157	291
158	184
158	227
159	247
159	249
159	278
160	254
160	291
162	172
163	178
164	245
164	268
165	196
166	178
166	185
166	196
166	223
167	257
168	261
169	191
169	223
170	186
170	200
170	252
170	296
171	223
171	228
172	174
172	184
172	236
172	299
173	230
175	236
176	265
178	196
180	263
180	267
182	195
182	275
183	221
184	294
185	291
186	196
186	279
187	229
187	275
188	205
188	231
188	248
188	274
189	265
190	225
190	274
190	286
191	235
191	285
194	207
194	227
195	243
197	243
197	287
198	222
198	239
198	251
198	285
199	277
199	296
199	297
200	224
200	233
201	220
201	291
201	292
203	232
204	221
204	259
204	265
204	289
205	212
205	231
205	253
207	223
209	280
210	224
210	235
210	290
211	253
211	293
212	216
212	222
212	295
213	273
214	251
214	252
215	245
215	272
215	294
215	295
217	270
218	284
219	222
219	237
219	272
220	245
221	264
222	271
222	275
222	292
222	297
226	279
226	297
227	235
227	267
229	272
229	279
229	288
230	292
231	263
233	237
233	254
234	276
238	266
238	290
238	292
239	275
239	276
240	265
240	286
242	268
244	269
245	250
245	258
249	281
251	281
252	280
262	279
264	284
271	284
275	295
279	285
282	290
287	292
291	292