0	35
0	82
0	185
0	224
0	246
0	250
1	149
1	191
1	289
2	98
2	268
2	291
3	141
3	167
3	217
4	255
4	295
5	177
6	70
6	79
6	90
6	145
7	115
7	141
8	12
8	14
8	17
8	51
8	231
8	243
8	269
9	60
10	47
10	200
10	264
10	279
11	183
11	241
12	129
12	131
12	166
13	34
13	144
13	180
13	196
13	272
14	160
15	45
15	152
16	124
16	132
16	172
16	205
16	233
16	266
16	297
17	36
17	51
17	77
17	261
18	28
18	178
18	192
18	214
18	273
18	294
19	48
19	85
19	99
19	118
19	228
19	229
19	274
19	288
19	289
19	299
20	167
20	186
21	54
21	73
21	114
21	180
21	286
22	82
22	131
22	142
22	148
23	217
23	249
24	136
24	289
24	291
25	40
25	59
25	115
25	131
25	145
25	188
25	232
25	241
25	260
26	241
27	90
27	166
27	202
28	89
28	214
28	264
29	94
29	178
29	204
29	207
29	241
30	161
30	173
30	210
31	277
32	70
32	173
32	219
32	248
33	36
33	141
33	144
33	171
34	77
34	163
34	208
34	254
35	73
35	192
35	265
36	119
36	162
36	187
37	72
37	199
38	173
39	113
39	116
39	163
40	246
40	259
41	277
42	121
42	148
43	128
43	289
44	185
44	253
44	281
45	121
45	157
45	190
45	256
45	283
46	106
46	116
46	275
47	115
47	175
47	258
47	264
48	53
48	115
48	169
48	240
49	75
49	101
49	118
49	284
50	52
50	91
50	119
50	137
50	201
50	203
50	220
50	289
51	61
51	166
51	298
52	54
52	156
52	200
53	96
53	147
53	216
54	71
54	94
54	169
54	212
55	105
55	109
56	91
57	146
57	225
57	295
58	86
58	196
58	293
58	294
59	72
59	272
60	228
60	232
60	293
61	166
61	207
61	257
61	260
61	267
62	237
63	81
63	154
63	171
63	219
63	244
63	277
64	74
64	146
64	246
65	103
65	236
65	286
66	98
66	166
66	180
66	263
66	280
67	164
67	197
68	239
68	242
69	186
69	209
69	266
70	216
70	291
71	92
71	116
71	237
72	113
72	159
72	174
73	75
73	251
74	216
74	271
75	180
75	214
75	267
75	272
76	148
76	258
78	116
78	166
78	233
79	152
79	208
80	172
80	295
81	144
81	280
81	283
82	111
83	258
83	282
84	121
84	155
84	232
85	132
86	139
86	232
87	117
87	131
87	210
87	238
88	243
88	253
89	129
89	137
89	211
89	264
89	292
90	99
91	250
91	270
92	127
92	156
92	228
92	229
92	260
92	279
92	281
92	289
93	135
93	199
93	235
94	135
94	139
94	280
95	168
95	267
96	135
96	237
97	171
98	194
98	212
98	271
99	157
99	159
99	290
100	169
100	215
100	237
100	275
100	290
101	144
101	197
101	262
101	263
101	283
102	121
102	237
102	277
103	126
103	234
103	269
104	150
104	208
104	274
105	133
105	137
105	151
105	153
105	159
105	170
105	245
105	270
105	285
106	197
107	124
107	197
107	204
107	243
108	152
109	126
110	164
110	233
110	237
111	168
112	123
112	150
112	236
112	253
112	293
113	153
113	215
114	217
114	227
114	237
114	275
114	276
115	143
116	178
116	209
117	136
117	179
117	235
118	134
118	143
118	155
118	165
119	139
119	176
119	205
119	237
119	238
120	137
120	228
120	283
120	284
120	298
121	199
121	206
121	254
121	272
122	184
123	158
124	193
124	268
124	275
125	152
125	234
127	183
127	278
128	147
129	228
129	254
130	134
130	249
131	270
131	282
132	297
133	228
133	231
134	161
134	201
134	267
135	253
137	268
138	235
139	142
139	182
139	245
140	249
141	188
141	249
142	287
143	213
144	204
145	157
145	241
145	298
146	161
146	177
146	260
146	298
148	149
148	279
150	290
151	246
151	284
154	156
154	195
154	238
155	268
158	205
158	248
158	280
160	188
161	182
161	205
162	259
162	281
164	171
164	212
164	230
164	258
164	287
164	289
165	178
165	187
165	271
166	251
166	295
167	267
168	180
168	259
169	264
170	186
170	198
170	218
170	232
172	210
172	216
172	268
172	280
172	283
173	286
177	228
178	261
180	189
180	211
181	220
181	240
181	268
181	270
182	185
182	218
183	211
184	194
184	198
184	224
185	187
188	221
188	263
189	279
190	250
191	283
192	243
192	247
192	259
192	265
192	270
193	258
195	244
195	289
196	242
197	201
197	221
198	295
200	276
201	208
201	233
201	299
202	261
202	272
203	219
203	232
203	253
203	285
205	212
205	272
206	219
206	238
206	248
207	222
207	248
208	210
208	211
208	274
209	261
210	248
212	261
213	233
214	220
214	231
215	292
216	233
216	250
216	260
216	275
217	235
217	280
218	264
218	287
219	288
219	294
220	252
221	271
222	244
222	277
222	296
223	287
224	249
224	251
225	268
226	298
229	238
230	282
231	242
231	246
232	288
233	280
234	252
234	275
237	271
237	282
237	285
239	245
239	273
243	254
243	280
245	246
249	290
252	253
252	259
253	264
253	277
254	269
254	292
254	299
256	270
257	268
260	264
260	273
262	279
263	292
264	292
266	299
268	284
270	276
278	295
279	293
279	299