0	20
0	256
1	22
1	130
2	44
2	182
2	252
3	65
3	167
4	39
4	116
4	219
5	79
5	234
5	237
5	281
6	87
6	189
7	10
7	15
7	83
7	179
7	225
7	275
8	10
8	14
8	42
8	125
8	126
8	151
8	276
9	70
9	281
10	15
10	179
10	199
10	220
11	26
11	32
11	145
11	161
11	263
12	214
12	241
13	171
13	271
14	102
15	29
15	224
15	276
16	285
17	49
17	50
17	258
18	39
18	51
18	140
18	148
18	161
18	261
19	24
19	75
19	88
19	107
19	151
19	225
19	281
20	23
20	38
20	98
20	110
20	171
20	224
21	53
21	75
22	133
22	204
22	236
23	90
23	95
23	159
23	190
24	174
24	249
25	29
25	73
25	155
25	296
26	27
26	94
26	238
26	258
27	160
28	129
28	164
28	173
29	43
29	120
29	147
30	96
31	96
31	204
32	159
32	186
32	193
33	38
33	78
34	67
34	81
34	104
34	194
34	211
34	231
34	251
34	280
35	49
35	70
35	167
35	296
36	127
36	162
37	61
37	73
37	95
37	135
37	268
37	299
38	49
38	141
38	172
38	217
38	245
40	79
41	74
41	197
41	202
41	258
41	290
42	92
42	100
42	134
42	141
42	162
42	203
42	225
43	84
43	111
43	133
43	181
44	52
44	54
44	91
44	128
45	69
45	94
45	98
45	251
45	279
46	166
46	201
47	53
47	55
47	67
47	105
47	161
47	211
47	288
47	291
48	74
48	170
48	192
48	195
49	53
49	127
49	236
50	72
50	151
50	157
50	222
51	86
52	100
52	156
53	163
53	248
54	126
54	186
54	292
55	76
55	138
55	208
55	222
55	229
56	71
56	75
56	135
56	163
56	192
57	76
57	85
58	155
59	91
59	178
59	244
59	248
59	257
60	69
60	88
60	107
61	139
61	151
62	116
63	109
64	120
64	209
64	221
64	262
65	105
65	156
65	237
66	93
66	95
66	298
67	107
67	220
67	254
67	265
68	73
69	119
69	122
69	190
69	250
69	293
70	91
70	140
70	162
70	168
70	176
70	212
70	238
70	281
71	139
71	176
71	276
73	88
73	124
73	132
73	188
73	242
73	275
74	131
74	215
74	251
74	260
74	275
75	105
75	215
76	81
76	155
76	262
76	299
77	83
77	137
77	163
77	203
77	209
77	245
78	242
78	287
79	84
79	89
79	110
79	267
80	102
80	234
81	186
81	209
82	83
82	265
82	288
83	272
84	95
84	162
84	201
84	250
84	281
84	299
85	103
86	246
86	280
87	135
87	220
87	230
88	191
89	135
89	168
89	172
89	228
90	207
91	173
91	239
91	297
92	294
93	119
93	148
93	225
93	243
94	232
94	235
95	140
95	190
95	209
96	151
96	189
96	245
96	297
97	114
97	144
97	230
97	275
98	109
98	134
98	174
98	207
98	278
99	101
99	128
99	177
99	194
99	223
99	270
99	275
99	281
100	207
100	246
100	247
100	268
100	291
102	120
102	123
102	126
102	202
104	107
104	197
104	200
104	227
104	232
104	287
105	118
105	270
105	294
106	254
107	142
108	139
108	242
109	150
110	125
110	130
110	160
110	220
111	220
111	259
111	268
112	120
112	160
112	237
112	247
113	137
113	146
113	258
113	293
114	189
114	299
115	117
115	165
115	196
115	205
115	206
116	187
117	173
117	205
117	225
119	166
119	184
119	278
119	281
120	168
120	255
121	176
121	269
123	163
124	225
124	281
125	151
125	235
125	276
126	161
126	214
126	298
127	129
127	197
127	231
127	243
128	247
128	260
129	143
129	226
132	143
132	166
132	277
132	282
133	166
133	213
133	271
134	165
134	222
135	150
135	186
135	188
136	138
136	206
136	228
136	234
136	253
136	278
137	154
137	182
137	218
138	224
138	288
139	193
139	279
140	180
140	187
140	208
141	151
141	264
143	149
143	155
144	172
144	200
144	213
144	291
145	231
145	234
146	178
146	224
146	259
146	290
147	172
147	186
148	149
148	153
149	164
149	256
150	197
150	228
151	185
151	213
151	223
152	248
152	255
154	157
154	173
155	172
156	163
156	247
156	250
156	268
157	176
157	228
158	211
158	268
159	170
159	279
160	196
162	192
163	196
163	266
164	169
164	180
164	195
164	272
165	193
165	199
165	213
166	170
166	179
166	202
168	179
170	175
171	205
171	272
172	240
173	237
173	270
174	208
174	284
175	183
175	272
176	184
176	203
176	268
177	190
177	210
177	221
177	256
178	256
178	274
181	200
181	222
181	284
181	292
182	229
182	231
183	214
185	202
185	253
186	189
188	195
188	209
188	232
188	242
188	262
189	216
190	248
190	283
192	217
192	257
192	286
193	194
193	200
194	231
194	233
194	249
195	266
195	280
197	210
198	285
199	209
199	210
200	288
200	293
201	275
202	204
202	216
202	248
203	215
203	234
204	253
205	274
206	267
208	264
210	287
212	216
212	235
214	242
217	249
217	254
218	265
219	234
219	289
220	263
221	232
221	247
222	242
222	295
223	293
224	288
225	232
226	231
226	233
226	249
226	295
228	238
229	244
231	246
232	246
233	243
233	263
234	280
235	278
236	289
238	272
238	288
239	240
241	260
241	273
242	246
243	256
245	248
246	270
248	287
249	251
250	272
251	264
254	263
256	273
256	292
263	290
264	286
267	286
273	274
277	288
283	285