0	33
1	137
1	208
1	234
2	54
2	62
2	136
2	192
2	240
3	264
4	158
4	188
5	64
5	97
5	207
6	71
6	143
6	208
7	22
7	23
7	67
7	113
7	123
7	231
8	36
8	38
8	133
9	157
9	244
9	267
10	165
10	174
10	199
10	212
10	277
10	293
11	102
11	133
12	62
12	110
12	124
12	183
12	255
12	257
12	264
12	276
13	23
13	36
13	107
13	202
13	226
13	268
14	70
14	77
14	160
14	163
14	217
14	231
14	283
14	299
15	84
15	98
15	145
16	140
17	186
18	47
18	90
18	102
18	144
18	197
18	236
18	299
19	36
19	277
20	149
20	162
20	282
21	37
21	41
21	118
21	159
21	164
21	180
22	58
22	185
22	203
22	291
23	133
23	143
23	148
23	181
23	242
23	259
24	38
24	84
24	119
24	122
24	170
24	248
24	274
25	256
26	43
26	75
26	213
26	260
27	295
28	179
28	210
28	250
28	296
29	99
29	100
29	281
30	61
30	90
30	131
30	197
30	208
30	264
30	275
31	113
31	127
31	194
31	284
32	172
32	174
32	178
32	289
32	296
33	137
33	145
33	265
33	292
34	93
34	195
34	266
35	54
35	83
35	171
35	185
35	212
35	251
36	61
36	64
36	160
36	166
36	170
36	217
37	75
37	211
38	74
38	226
38	279
39	41
39	79
39	113
39	188
39	206
40	69
40	268
41	43
41	79
41	215
42	64
43	100
44	113
44	146
44	265
45	136
45	182
46	221
47	193
47	239
47	266
48	108
48	188
49	170
50	100
50	253
51	184
51	186
51	257
52	74
52	167
53	59
53	113
53	151
53	262
54	98
54	246
55	197
56	65
56	267
57	162
57	245
58	118
58	148
58	205
58	207
58	266
58	273
58	290
59	60
59	78
59	207
59	246
59	299
60	115
60	215
60	251
61	80
61	152
61	164
61	170
61	250
63	257
64	143
64	173
64	206
64	289
65	78
65	109
65	172
65	207
65	215
65	287
66	128
66	145
66	216
66	266
66	281
67	212
67	237
67	267
68	117
68	158
69	119
69	123
69	154
69	171
69	212
69	219
69	246
70	115
70	243
70	269
71	105
71	132
71	162
71	201
72	82
72	147
72	149
73	93
73	112
73	117
73	138
73	164
73	250
73	251
74	160
75	90
75	180
75	282
76	204
76	271
77	134
77	186
77	199
77	230
78	113
78	132
78	194
78	221
79	151
79	223
79	234
80	134
80	199
81	161
81	163
82	137
83	85
83	218
83	228
83	276
84	92
85	99
85	128
85	136
85	150
85	289
86	284
87	147
87	195
87	196
87	243
87	263
87	294
88	113
88	142
88	205
88	217
88	287
89	113
89	267
90	214
90	274
90	287
91	92
92	150
92	222
92	286
93	106
93	225
93	263
94	179
94	284
95	183
96	107
96	164
96	232
96	287
97	104
97	114
97	140
98	117
98	295
99	212
100	112
100	131
100	201
101	181
101	197
101	247
102	241
103	206
103	289
104	210
105	142
105	145
105	271
107	200
108	111
108	264
108	269
108	277
110	146
110	214
111	134
111	276
112	155
112	259
113	139
113	148
113	193
114	126
114	240
115	129
115	156
115	232
115	245
115	274
116	196
116	246
117	120
117	186
117	208
117	219
118	154
118	238
119	124
120	149
121	180
121	182
121	194
121	296
122	246
122	263
123	129
123	247
123	255
123	257
123	283
124	198
124	261
124	280
125	155
125	286
125	298
126	171
126	192
126	237
126	246
127	148
127	246
127	265
128	250
130	196
130	250
131	216
132	178
132	234
133	242
133	258
133	280
134	196
134	222
134	249
135	144
135	176
135	197
135	244
136	189
136	289
137	167
137	187
137	205
139	164
139	198
139	214
140	144
140	171
140	235
140	272
141	148
141	184
142	232
142	241
143	164
143	241
144	151
144	235
144	270
145	170
146	208
147	167
147	184
147	196
147	215
147	218
148	164
148	242
148	293
149	169
149	178
149	185
149	264
151	200
151	272
151	281
152	213
153	175
153	180
153	185
153	240
153	295
154	157
154	161
154	166
154	228
155	283
155	290
155	296
156	165
156	181
156	292
157	173
157	276
157	295
159	229
160	215
160	236
161	249
161	260
162	175
162	253
162	281
162	296
163	167
163	177
163	247
164	187
164	200
164	278
166	192
166	224
166	293
167	204
167	288
168	190
168	276
169	214
169	234
169	298
170	242
170	281
171	228
172	201
172	204
172	257
174	215
174	224
175	189
175	199
176	217
176	251
177	192
177	240
178	199
179	255
180	225
180	279
181	200
181	227
181	244
181	249
181	254
181	269
182	220
182	293
183	258
184	198
184	246
184	291
185	213
189	239
189	246
191	269
192	218
192	221
192	223
193	239
193	292
194	222
194	290
195	284
200	259
201	238
201	286
201	294
202	277
205	263
206	229
207	212
207	215
207	253
208	262
209	283
212	273
213	249
214	225
215	221
215	229
215	245
216	246
216	263
217	285
219	243
220	232
220	299
223	239
223	243
223	296
224	236
225	226
225	233
225	247
225	284
226	237
227	256
227	266
227	289
228	283
229	280
230	278
232	285
234	294
236	277
236	279
236	280
237	251
240	253
241	244
243	254
246	254
247	249
247	267
247	284
248	266
248	297
249	251
249	266
249	296
251	263
251	293
252	295
255	257
256	258
262	295
268	281
269	294
270	289
285	287
286	289