0	31
0	80
0	215
0	230
0	233
0	250
0	258
1	83
1	137
1	182
1	239
1	299
2	54
2	58
2	114
2	255
3	17
3	43
3	104
3	168
3	212
3	216
3	231
3	249
3	256
4	69
4	88
5	7
5	18
5	138
5	204
5	267
5	288
6	254
7	117
7	155
7	162
7	167
7	205
7	227
8	205
8	216
8	229
8	291
9	58
9	100
9	105
9	154
9	214
9	227
9	277
9	296
10	50
10	101
10	103
10	125
10	253
10	265
10	280
11	91
12	124
12	297
13	99
13	120
14	99
14	223
15	40
15	101
15	119
15	163
15	248
16	68
16	114
16	134
16	175
17	77
17	211
17	260
17	269
18	41
18	205
19	53
19	123
19	201
19	238
19	258
20	35
20	143
21	83
21	123
21	142
21	290
22	191
22	275
23	45
23	47
23	95
23	103
23	243
23	279
24	172
24	207
25	106
25	269
25	287
26	120
26	253
27	160
27	213
27	238
27	277
28	236
29	207
30	216
32	70
32	279
33	49
33	63
33	215
33	264
34	104
34	247
35	56
35	74
35	252
36	283
37	79
37	110
37	187
37	238
37	273
37	292
38	48
38	58
38	173
38	179
38	298
39	139
39	205
39	233
39	258
40	43
40	62
40	194
41	72
41	87
41	108
41	122
41	254
41	255
42	123
42	155
43	130
43	195
43	219
43	235
43	259
43	284
43	291
43	299
44	75
44	150
44	263
45	158
45	253
45	288
46	52
46	90
46	281
47	134
47	147
47	232
47	291
47	294
49	203
49	228
50	164
50	202
50	218
51	173
51	189
51	228
52	101
52	273
53	282
54	80
54	118
54	228
55	66
55	96
55	119
55	239
56	199
56	201
57	67
57	106
58	67
58	100
58	137
58	147
58	173
58	246
58	253
59	61
60	151
60	246
60	256
60	265
60	272
62	104
62	136
62	199
62	295
63	187
63	287
64	189
64	230
64	241
65	124
65	135
65	145
66	172
66	189
66	275
67	79
67	112
67	182
67	249
67	268
67	290
68	142
68	222
68	295
69	72
69	235
69	298
70	72
70	248
71	94
71	267
72	135
72	150
72	172
72	249
73	121
73	127
73	132
75	240
76	85
76	110
76	138
76	165
76	179
76	188
76	223
77	222
77	232
77	250
77	261
78	119
78	209
78	250
79	191
79	220
79	257
79	268
80	86
80	164
81	112
81	119
82	115
82	151
82	174
82	201
83	89
83	221
84	89
84	91
84	235
85	98
85	136
85	153
85	230
85	247
86	188
87	157
87	163
87	279
88	164
88	245
88	256
89	158
89	170
89	226
89	258
90	103
90	140
90	209
90	230
90	277
92	108
92	130
92	168
92	229
93	144
93	222
93	239
93	267
94	111
94	175
94	221
94	256
95	147
95	175
95	206
96	172
97	154
97	195
97	211
97	298
98	103
98	237
98	245
98	246
99	125
99	195
100	131
100	141
100	168
100	211
100	266
100	272
101	186
102	133
102	222
103	106
103	155
103	187
103	191
104	174
105	297
106	120
106	263
107	220
108	198
108	225
109	162
109	258
110	190
110	210
110	251
110	286
111	275
112	138
112	174
113	162
113	178
113	208
114	152
114	183
115	118
115	171
116	293
116	298
117	141
117	232
118	218
119	140
119	226
120	169
120	284
121	184
121	219
121	266
123	235
123	285
124	129
124	211
124	223
124	267
125	140
125	180
125	182
125	191
125	273
126	159
126	256
126	277
127	172
127	221
127	283
127	299
128	208
128	243
129	170
129	217
130	228
130	254
131	186
131	293
132	205
132	226
132	278
133	198
133	206
133	252
133	284
134	175
134	201
134	206
135	247
136	233
136	245
136	298
139	240
139	285
139	288
140	234
141	159
141	168
141	177
141	180
141	199
141	230
141	288
142	173
142	273
143	205
143	247
143	298
144	194
144	203
144	226
146	216
146	250
147	163
147	181
148	199
148	216
148	222
149	177
149	229
149	289
150	189
151	194
152	166
152	248
152	289
154	163
154	199
154	207
154	252
154	263
155	205
155	296
156	189
157	233
157	249
158	196
160	164
161	299
163	209
163	247
163	268
163	289
164	186
166	259
167	186
168	227
168	259
169	251
170	198
170	240
170	277
171	236
172	180
172	205
172	219
172	241
173	246
173	286
173	299
174	185
176	179
177	208
178	184
178	257
179	191
179	213
179	218
179	272
179	295
180	291
181	228
181	299
183	295
183	296
184	187
184	209
184	246
185	225
185	226
185	229
186	250
186	291
187	223
187	288
188	237
188	298
189	190
189	261
191	192
191	227
191	273
192	221
192	248
192	253
193	255
193	292
194	252
195	209
195	245
196	239
197	279
198	212
198	222
198	292
200	248
202	246
203	237
203	285
204	246
205	219
205	265
206	289
207	244
207	261
207	299
208	216
208	286
208	299
209	251
209	271
210	216
213	219
213	274
215	268
215	294
216	255
217	243
219	241
221	270
222	236
222	238
222	240
222	243
224	267
225	296
226	250
226	278
229	265
232	270
232	284
233	259
235	272
235	294
237	266
237	291
238	291
239	262
240	258
242	245
242	255
242	273
242	298
244	271
245	287
246	248
246	253
248	271
251	265
251	279
253	288
254	261
254	263
254	288
259	289
270	299
275	296
276	279
276	291
278	298
279	298
281	289