0	77
0	242
0	247
0	262
1	16
1	123
1	234
1	290
2	155
2	166
2	198
2	234
2	285
3	50
3	250
4	62
4	133
4	176
4	179
4	202
4	290
5	196
5	228
6	47
6	175
6	197
6	254
6	291
7	85
8	72
8	235
8	285
9	126
9	216
9	252
10	110
10	166
10	209
10	264
11	32
11	52
11	74
11	109
11	120
11	190
11	231
12	36
12	104
12	107
12	132
12	191
12	192
12	264
13	96
13	113
13	166
13	274
13	296
14	17
14	18
14	54
14	218
15	66
15	118
15	159
15	223
16	44
16	47
16	111
16	147
16	152
17	259
18	130
19	235
19	242
20	56
20	88
20	157
20	204
21	75
21	119
22	71
22	100
22	290
22	299
23	47
23	180
24	45
24	63
24	83
24	120
24	147
24	168
24	175
24	181
24	182
24	214
24	223
24	227
24	265
24	288
25	144
25	159
25	266
26	49
26	85
26	226
26	267
26	296
27	108
27	230
27	261
27	268
27	280
28	81
28	144
28	183
28	240
29	156
29	225
30	128
30	220
30	292
30	296
31	72
31	229
31	279
32	34
32	129
32	220
33	108
33	234
33	253
34	106
34	208
34	234
34	247
34	289
35	88
35	123
35	153
35	249
35	263
36	194
36	204
36	294
37	238
37	265
37	272
38	123
38	213
38	242
38	290
39	81
39	97
39	218
40	46
40	120
40	171
40	289
41	63
41	127
41	267
42	75
43	227
44	49
44	59
44	72
44	123
44	153
44	192
44	204
44	274
45	57
45	144
45	158
45	162
46	47
46	51
46	196
46	210
46	299
47	96
47	188
47	263
48	68
48	72
48	160
48	235
49	169
49	247
49	278
50	126
50	226
51	92
51	98
51	107
51	117
51	258
52	215
52	277
53	119
53	139
53	146
53	263
53	277
54	164
54	294
55	90
55	117
55	161
55	167
55	212
55	258
55	280
56	90
56	108
56	237
56	275
57	76
57	237
57	283
58	275
59	66
59	138
59	153
59	169
59	257
60	72
60	105
60	141
60	152
60	263
60	281
61	155
61	210
61	258
62	116
62	123
62	246
63	75
63	79
63	127
63	219
64	76
64	90
64	112
64	181
64	232
65	141
65	144
65	148
65	256
66	79
66	238
66	266
67	253
68	192
68	262
68	296
69	149
70	139
70	171
70	261
71	215
72	78
72	96
72	118
72	279
72	281
73	108
73	244
73	251
73	283
74	143
74	153
74	203
74	252
75	181
76	110
77	118
77	131
77	243
77	248
78	95
78	117
78	229
78	283
79	199
79	243
80	163
80	241
80	276
81	158
81	218
81	226
82	116
82	158
82	176
82	188
82	201
83	89
83	172
83	174
83	233
83	260
83	264
83	284
84	118
84	211
84	237
84	266
85	147
85	163
85	286
86	150
86	251
87	250
87	252
87	283
88	180
90	184
90	194
91	169
91	176
91	292
92	102
92	233
93	104
93	105
93	117
93	129
93	144
93	167
93	234
94	116
94	135
94	298
95	167
95	177
96	163
96	210
97	215
97	274
98	124
98	231
99	287
100	138
100	280
100	287
100	294
101	147
101	198
101	214
101	273
101	282
101	286
102	157
102	170
103	154
103	203
104	138
104	174
104	245
104	283
104	293
105	135
105	151
106	143
106	216
106	237
107	138
107	226
107	257
108	115
108	196
108	226
108	258
108	287
109	189
109	251
111	155
111	229
112	193
112	210
113	123
113	174
113	189
113	218
114	170
114	221
114	251
114	270
115	133
115	134
115	160
115	248
116	141
116	149
116	158
116	232
117	192
117	287
117	290
118	162
118	199
118	211
118	236
118	260
120	205
120	254
120	264
121	149
121	180
121	276
122	154
122	242
123	153
123	192
123	248
124	149
124	156
124	217
125	144
125	158
125	199
125	221
125	284
126	146
126	257
127	128
127	244
127	293
128	155
128	285
129	198
129	280
130	293
132	148
132	289
133	187
133	247
134	162
134	229
134	238
135	180
135	233
136	200
136	220
137	191
137	213
138	153
138	232
138	252
138	266
139	147
139	178
139	213
140	193
140	293
140	298
141	278
142	203
142	285
143	204
143	289
145	188
145	238
145	271
146	248
146	262
147	216
147	223
148	189
148	206
148	296
149	188
149	203
149	213
149	279
149	293
149	294
150	155
150	186
150	211
152	202
152	221
152	248
152	254
153	215
154	251
155	189
155	198
155	227
156	159
156	171
157	272
157	287
158	224
158	267
159	282
160	254
161	163
162	209
162	237
162	282
163	170
163	189
163	243
164	274
165	205
165	278
165	287
166	170
166	179
166	270
168	209
168	269
168	276
169	180
169	197
169	214
169	251
170	174
170	227
170	230
172	220
172	295
173	177
173	244
173	256
174	182
174	234
174	246
174	286
174	297
174	299
177	228
178	187
178	218
178	265
179	201
180	227
180	261
182	199
182	224
183	190
184	185
184	204
185	213
185	227
185	274
186	209
187	191
188	237
188	283
190	210
190	235
192	200
192	273
192	290
193	217
193	226
194	242
195	248
195	251
196	249
196	280
197	208
197	214
197	280
197	290
198	222
198	278
198	290
201	203
201	223
201	295
203	207
204	216
205	233
206	254
207	220
209	237
210	290
211	239
212	269
213	299
214	276
216	232
217	249
221	253
225	261
226	281
227	293
228	241
229	287
230	280
233	285
234	255
235	289
237	253
237	256
237	288
238	258
241	258
241	266
244	268
245	261
245	275
249	252
249	278
252	295
253	269
253	278
256	290
259	277
263	296
265	267
265	281
265	288
266	290
270	298
276	296
277	299
279	280
281	287
281	293
290	296