0	278
0	284
1	61
1	154
1	192
1	241
1	297
2	134
2	178
2	198
3	80
3	102
3	107
3	186
4	149
4	267
5	105
5	196
6	10
6	76
6	116
6	153
6	286
7	29
7	77
7	116
8	35
8	144
8	165
8	292
9	105
9	171
9	282
10	16
10	20
10	199
10	217
11	16
11	45
11	72
11	126
11	149
11	198
11	237
12	48
12	64
12	228
13	37
13	155
13	180
13	257
13	264
14	65
14	213
14	236
15	75
15	150
15	232
15	244
15	254
16	42
16	65
16	102
16	136
16	145
16	171
16	266
17	30
17	31
17	70
17	105
17	134
18	54
18	145
19	48
19	122
20	75
20	159
20	172
20	238
20	257
20	296
21	32
21	106
21	151
21	223
22	42
22	118
22	179
22	249
22	296
23	128
23	229
23	270
24	53
24	131
24	196
24	275
25	41
25	55
25	70
25	88
25	173
25	178
25	198
25	221
25	259
26	118
26	154
26	248
26	256
27	111
27	156
27	161
27	206
27	218
27	263
27	268
28	80
28	107
29	245
30	112
30	232
32	58
32	68
32	76
32	207
32	227
32	261
33	298
34	62
34	131
34	152
34	187
34	190
34	215
34	217
34	229
34	265
35	97
35	171
35	295
36	77
36	273
36	276
36	283
37	179
38	117
39	178
39	268
40	106
40	229
40	273
41	87
42	102
42	294
43	44
43	62
43	65
43	70
43	142
43	155
44	113
44	267
44	276
45	120
45	167
45	268
46	180
46	293
47	64
47	70
47	86
47	97
47	147
47	256
47	287
47	297
48	158
48	220
48	287
49	173
49	191
49	209
50	148
50	163
50	183
50	284
51	79
51	84
52	96
53	62
53	145
54	56
54	144
54	176
55	83
55	122
56	68
56	123
56	201
57	140
57	164
57	258
58	147
59	277
59	292
60	110
60	190
60	243
61	201
61	208
61	239
61	259
61	260
62	147
63	97
63	155
63	158
63	248
64	82
64	93
64	194
64	211
64	224
64	230
64	262
65	115
65	189
65	197
65	295
66	78
66	271
67	79
67	95
67	295
68	96
68	139
69	199
69	206
69	228
70	161
70	163
70	167
70	192
70	198
70	213
70	222
70	240
70	265
71	87
71	166
71	258
72	77
72	115
72	269
73	109
73	155
73	173
73	182
74	95
74	155
74	202
74	219
76	114
76	164
76	235
76	291
77	108
78	150
78	215
79	81
79	109
79	135
79	138
80	213
80	215
80	226
80	261
81	154
81	263
82	155
82	201
83	108
83	185
83	254
84	91
84	143
84	254
85	97
85	228
86	104
86	200
87	161
88	119
88	164
88	172
88	206
88	268
89	206
89	209
89	296
90	167
90	170
90	229
90	253
91	99
91	155
91	160
91	164
92	180
92	236
92	295
93	275
94	198
94	264
94	286
94	294
95	188
97	172
97	197
98	108
98	161
98	194
99	133
99	155
99	173
99	175
99	217
99	248
99	290
100	128
100	186
101	161
101	184
101	263
102	195
102	256
103	230
103	289
104	136
104	205
104	226
104	261
105	157
105	254
105	263
105	267
106	138
106	165
107	148
107	153
107	203
107	246
107	296
109	169
111	217
111	252
111	262
112	134
112	202
113	212
113	230
114	182
114	212
115	127
115	261
115	262
116	291
117	188
117	209
117	214
117	273
118	245
119	186
119	290
120	177
120	262
120	294
121	137
121	139
121	188
121	238
122	131
122	186
122	278
123	141
123	142
123	214
124	134
124	156
124	158
124	265
125	173
125	296
127	139
127	237
127	239
128	131
128	192
128	257
128	277
129	140
129	218
129	236
129	241
129	258
130	278
131	237
131	273
132	154
133	195
133	229
133	239
134	135
134	216
134	235
135	151
135	160
136	139
136	154
136	182
137	250
138	147
138	163
138	244
139	163
139	257
140	213
140	235
141	288
142	157
142	174
142	195
143	170
144	194
144	228
144	240
146	147
147	216
147	283
148	273
149	150
149	241
150	170
151	257
151	284
152	247
152	256
152	285
153	158
153	212
153	258
154	257
154	277
155	210
155	235
156	205
156	242
160	186
162	176
162	185
162	246
162	293
163	249
164	269
166	242
166	281
167	229
167	248
168	231
168	240
168	290
169	226
171	196
171	238
172	282
173	203
173	258
174	253
175	284
178	183
179	193
179	282
180	227
180	273
181	198
181	211
182	208
182	283
183	243
184	220
188	200
188	254
190	227
191	271
192	200
193	243
194	260
197	292
198	215
199	242
201	233
201	296
203	207
203	279
204	258
205	274
205	278
206	224
208	230
208	243
209	217
209	224
209	246
209	278
210	287
212	221
212	242
213	257
214	232
214	248
215	269
215	296
218	225
218	249
219	269
222	248
222	267
223	257
223	258
223	296
226	236
226	248
227	290
229	282
231	272
231	299
232	258
233	268
233	280
234	266
235	294
236	288
237	272
237	288
240	259
241	245
241	260
243	265
243	287
244	262
244	288
245	292
247	281
248	272
249	297
250	261
250	289
251	254
253	288
254	258
255	265
255	267
255	286
257	264
258	293
258	295
259	299
260	266
264	268
266	295
273	274
274	291
278	282
280	285
280	295
284	286
284	296
284	299
285	292
287	295
288	297