0	33
0	106
0	241
0	250
1	14
1	167
1	200
1	244
2	41
2	200
2	284
3	12
3	215
4	19
4	41
4	70
4	173
4	242
5	78
5	83
5	223
6	75
6	111
6	181
7	146
7	245
7	294
7	299
8	80
8	95
8	134
8	188
9	94
10	21
10	158
10	186
10	255
10	290
11	12
11	209
12	88
12	105
12	146
12	194
12	211
12	233
13	128
13	173
13	282
14	207
15	29
15	54
15	107
15	173
15	280
16	269
17	21
17	134
17	227
17	257
18	44
18	92
18	140
18	170
18	201
18	206
18	227
18	293
19	23
19	44
19	139
19	163
19	196
19	208
19	219
20	79
21	41
21	44
21	159
21	173
22	229
22	276
23	116
23	137
23	208
23	251
24	125
25	240
26	28
26	59
26	84
26	150
26	159
26	179
26	229
27	57
27	131
27	141
27	255
28	74
28	90
28	258
29	52
29	111
29	189
29	206
29	264
30	67
30	113
31	106
31	125
32	122
32	219
32	251
32	261
33	67
33	100
33	171
33	220
34	37
34	48
34	106
34	174
34	177
35	64
35	217
36	162
36	180
36	220
37	126
37	147
38	127
38	161
39	53
39	61
39	70
40	50
40	52
40	83
40	215
41	142
41	154
41	200
42	173
42	198
42	256
42	262
42	277
43	177
43	190
44	57
44	149
44	297
45	152
45	171
45	204
45	208
46	89
46	190
46	209
47	197
47	254
47	268
47	292
48	62
48	67
48	114
48	119
49	51
49	68
49	243
49	297
50	95
50	208
51	125
51	168
51	188
52	126
52	188
53	259
53	270
54	106
54	154
54	249
54	286
54	296
55	135
56	112
56	185
56	242
56	245
56	268
57	175
57	182
57	219
58	299
59	145
59	295
60	116
60	197
60	214
60	265
61	71
61	91
61	112
61	121
61	148
61	231
62	99
62	204
62	220
62	222
62	237
62	263
63	67
64	115
65	181
65	190
65	207
66	81
67	215
68	86
68	290
69	162
69	236
69	239
69	286
70	97
70	122
71	206
71	254
71	268
72	140
72	154
73	108
73	110
73	134
73	166
73	226
74	117
74	187
74	193
74	235
75	253
75	254
75	274
76	99
76	154
76	203
76	208
77	113
77	226
77	296
79	164
79	220
79	273
80	113
80	205
80	243
81	101
81	220
81	265
81	269
82	254
83	138
83	181
83	233
84	104
84	107
84	193
84	222
85	166
86	193
86	277
87	202
87	243
87	269
88	236
89	244
89	272
90	96
90	274
91	197
91	271
91	272
91	279
92	128
92	218
92	252
92	294
93	113
93	165
93	240
93	244
94	103
94	299
95	105
95	129
95	199
95	243
96	176
97	162
98	139
98	140
98	184
99	138
102	262
103	229
104	153
104	289
105	133
105	154
105	180
106	193
106	265
106	269
106	283
107	127
107	152
107	180
107	193
107	231
107	272
107	294
108	126
109	126
109	160
109	168
109	173
109	179
109	198
110	124
110	196
110	237
110	283
110	295
110	298
111	154
112	269
113	236
113	278
114	214
114	294
115	137
116	189
116	274
116	282
116	299
117	120
117	165
117	255
117	261
118	176
118	194
118	221
119	146
119	173
119	180
119	211
119	279
120	287
121	236
122	189
122	244
123	138
123	173
123	186
124	195
124	258
124	280
126	217
127	297
128	169
128	213
128	292
130	200
130	293
131	154
131	249
132	164
134	142
134	145
135	152
135	218
135	225
136	225
136	242
136	285
137	161
137	276
140	207
141	192
141	261
143	211
143	212
143	256
143	272
143	280
143	287
144	149
144	163
144	206
144	243
144	299
145	172
146	205
146	295
147	295
148	254
149	249
150	230
150	237
150	273
151	189
151	190
151	245
152	221
152	240
153	231
153	232
153	265
154	218
155	217
155	246
155	296
156	190
156	217
157	260
158	279
159	292
160	276
161	163
161	256
162	197
162	249
164	181
164	256
164	283
165	191
165	218
165	243
165	257
165	289
167	215
169	194
169	243
169	282
170	202
170	215
171	201
171	276
171	281
173	204
173	264
174	276
174	287
176	191
177	182
177	201
177	231
177	243
178	275
180	196
180	218
180	222
180	282
181	244
181	297
182	288
183	194
183	208
183	220
184	288
185	266
185	269
186	270
186	285
187	188
188	265
189	213
189	223
190	201
190	210
190	231
190	296
192	202
192	213
192	243
192	288
194	197
194	291
195	233
195	236
196	232
196	249
197	237
198	221
198	223
198	264
199	212
200	259
201	278
202	246
202	256
203	238
204	281
206	216
206	280
206	294
207	251
210	228
211	250
212	219
212	224
212	250
212	297
215	269
216	265
216	288
217	254
217	299
218	219
219	253
221	256
221	273
222	272
223	234
224	230
224	259
224	264
227	232
227	298
229	234
229	282
230	267
231	275
232	260
233	257
234	275
238	264
238	271
238	298
241	293
242	283
243	271
244	285
246	258
246	285
247	296
247	299
248	275
254	286
254	292
255	288
260	274
261	277
261	299
264	265
264	285
268	297
286	295