0	43
0	94
0	144
0	259
0	266
1	41
1	81
1	86
1	97
2	56
2	76
2	108
2	128
3	60
3	105
3	159
3	250
3	265
3	299
4	11
4	102
4	132
5	13
5	32
5	102
5	196
5	250
5	290
6	26
6	28
6	94
6	163
6	188
7	28
7	64
7	78
7	139
7	173
7	201
8	14
8	41
8	157
8	200
9	38
9	132
9	226
10	81
10	194
10	202
11	135
11	297
12	137
12	235
13	143
14	52
14	61
14	125
15	22
15	85
15	177
15	215
15	251
16	56
16	69
16	78
16	87
16	260
17	30
17	260
18	268
19	126
19	279
20	131
20	219
21	27
21	39
21	49
21	66
21	232
22	90
23	135
23	142
23	277
24	57
24	93
24	113
24	118
25	217
25	261
25	263
25	275
25	282
26	112
26	203
26	230
26	273
28	93
28	148
28	172
28	180
29	93
29	110
29	120
29	169
29	197
29	212
30	38
30	89
30	96
30	158
31	168
31	235
31	290
32	33
32	96
32	114
32	129
32	253
32	280
33	171
33	188
33	276
33	297
34	40
34	85
34	94
34	115
34	273
35	67
36	132
36	164
36	167
36	180
36	183
36	221
36	234
36	242
36	278
37	46
38	107
38	206
38	297
39	69
39	233
39	286
40	53
40	102
40	138
41	64
41	103
41	246
42	146
42	178
42	246
42	287
43	241
43	286
44	217
45	88
45	95
45	109
45	131
45	181
45	186
46	117
46	164
46	174
46	202
46	218
47	82
47	259
48	268
48	287
48	291
49	88
50	158
50	167
51	59
51	90
51	121
51	123
51	289
51	295
52	256
52	289
53	133
54	102
54	271
55	213
55	249
56	69
56	242
56	245
56	254
57	135
57	279
58	181
58	204
59	95
59	235
59	298
60	114
60	167
60	173
60	179
61	270
61	293
62	100
63	151
64	168
64	200
64	274
64	290
64	295
65	169
65	182
65	190
66	151
66	168
66	175
67	129
67	225
68	151
68	189
68	245
69	249
70	107
70	123
70	186
70	200
71	259
72	110
72	290
73	117
73	141
73	143
73	211
73	249
74	230
74	235
74	254
74	259
75	101
75	147
75	233
75	282
76	82
76	188
76	194
76	244
77	95
77	107
77	114
77	134
77	142
77	147
77	152
77	162
77	171
77	238
77	239
78	147
78	168
78	228
78	246
79	105
79	248
80	87
80	181
80	203
80	280
80	286
81	189
81	192
82	111
82	177
82	199
82	213
82	261
83	151
83	213
83	277
84	157
84	183
84	197
84	199
85	174
85	226
86	104
86	116
86	129
86	148
86	153
86	205
87	256
88	173
88	219
88	246
88	265
89	116
89	197
89	210
90	94
90	112
90	123
90	199
90	275
91	147
92	209
93	110
93	216
94	181
94	293
95	107
95	130
95	170
96	162
96	214
96	238
97	141
97	181
97	294
98	202
98	221
98	223
99	129
99	222
99	231
99	261
100	124
100	173
102	137
102	226
102	231
103	113
103	137
103	157
103	244
103	271
104	168
104	206
104	230
104	277
105	193
106	148
106	172
106	279
106	286
106	295
107	268
108	173
108	214
109	151
109	193
110	202
110	278
110	290
111	145
112	244
112	274
112	288
112	297
113	116
113	188
113	196
113	223
113	231
113	252
114	147
114	200
114	208
114	226
114	287
114	299
115	167
115	207
115	227
115	228
115	237
115	258
116	177
116	179
116	256
117	226
117	262
117	271
118	139
118	214
119	130
119	224
120	271
121	186
122	270
122	291
123	146
123	154
123	163
123	202
125	253
126	148
126	276
127	148
127	150
127	189
127	201
127	211
128	170
128	244
128	257
128	258
128	267
129	263
130	148
130	176
131	137
132	150
132	170
132	299
133	233
133	251
134	144
134	157
134	162
135	141
135	290
136	235
137	209
138	195
138	249
138	264
139	142
139	185
139	267
139	292
140	143
140	290
141	202
141	220
142	145
143	173
143	177
144	219
144	248
145	185
145	192
145	251
146	211
146	258
147	227
147	241
147	282
148	190
149	245
150	196
151	240
151	294
152	223
152	253
153	211
154	218
154	219
155	260
156	192
156	287
157	160
157	278
158	201
159	165
159	196
161	279
162	226
162	280
164	231
165	211
165	283
165	293
166	171
166	244
167	204
167	217
168	197
168	268
169	191
170	269
171	200
171	272
172	272
173	293
174	193
174	264
175	196
176	254
176	294
177	198
177	221
177	286
179	235
179	254
181	235
181	240
182	209
182	232
182	296
183	226
183	232
184	266
185	217
185	226
185	242
187	248
188	229
189	249
189	276
190	265
191	253
191	271
191	293
193	225
194	296
195	223
196	260
197	235
199	224
201	292
202	205
203	220
203	265
203	275
203	294
204	253
206	282
206	296
208	213
209	275
209	286
210	244
210	247
211	231
211	254
211	261
212	268
213	265
213	295
215	220
215	232
215	238
219	226
220	258
221	248
221	269
222	281
223	241
223	252
223	289
225	241
225	244
225	259
225	264
227	228
229	231
229	291
230	265
230	294
230	295
233	289
234	276
235	254
236	255
239	245
239	299
240	243
240	262
241	253
243	274
247	285
251	253
259	288
261	278
262	266
263	289
267	269
267	292
269	271
269	284
273	280
282	290
282	298
283	289
291	295