0	122
0	227
1	50
1	278
2	39
2	68
2	125
2	248
2	289
2	299
3	8
3	167
4	145
5	91
5	96
5	191
5	193
5	264
6	39
6	41
6	42
6	132
6	141
6	166
6	234
6	293
7	21
7	55
7	111
7	116
7	189
8	43
8	44
8	179
9	212
10	104
11	21
11	248
12	26
12	78
12	89
12	126
13	49
13	56
13	120
13	128
13	141
13	247
13	294
14	70
14	195
15	132
15	160
16	50
16	71
16	81
16	140
16	196
16	266
17	23
17	28
17	140
17	227
18	23
18	96
18	142
19	21
19	123
19	156
19	213
19	216
20	167
20	173
21	93
21	212
21	252
22	27
22	149
22	161
22	226
23	143
23	156
23	255
24	84
24	127
24	241
24	250
25	182
26	32
26	287
27	190
27	228
27	296
28	108
29	75
29	98
29	204
29	253
29	256
30	114
30	149
30	163
30	260
31	62
31	182
32	91
32	187
32	191
32	262
33	118
33	166
34	73
34	89
34	120
35	67
35	79
35	201
36	272
37	188
37	284
38	102
38	132
39	192
40	47
40	136
40	159
40	175
40	290
41	166
42	69
42	72
42	193
42	231
42	272
43	107
43	118
44	162
44	244
44	283
45	83
45	85
45	144
45	154
45	211
46	154
46	156
46	168
46	179
46	291
47	57
47	127
47	148
47	188
47	201
47	273
48	84
48	111
48	128
48	187
48	203
48	244
49	131
49	203
49	248
50	119
50	286
51	113
51	270
52	219
53	193
53	204
53	292
54	101
54	132
54	206
55	70
55	159
55	189
55	217
56	218
56	227
57	278
58	81
58	109
58	249
59	248
59	284
60	87
60	238
60	255
60	263
61	169
61	239
62	194
63	70
63	125
64	86
64	144
65	125
65	159
65	190
66	288
67	160
67	188
68	213
68	250
68	263
68	265
68	285
69	165
70	154
71	93
71	109
71	115
71	292
72	82
72	99
72	151
72	187
73	124
73	196
74	96
75	76
75	145
75	251
75	281
76	108
76	172
77	95
77	192
78	91
78	201
78	212
79	101
79	190
79	201
79	219
79	239
80	240
80	260
81	91
82	129
82	132
82	142
82	218
82	252
83	109
83	171
83	190
84	121
84	126
84	169
84	256
84	269
85	189
86	142
86	235
87	162
87	189
88	143
88	206
88	233
89	160
89	187
89	218
89	236
90	287
91	118
91	157
91	182
91	212
91	240
91	241
92	116
92	219
93	198
93	211
93	215
94	189
94	261
95	117
95	143
95	145
95	162
95	179
95	205
96	198
96	230
97	129
97	159
97	253
97	260
97	270
98	119
99	169
99	247
99	268
100	123
100	178
100	182
100	223
100	299
101	161
101	269
102	150
102	203
103	189
103	224
104	182
104	230
104	273
104	289
105	155
105	171
105	265
105	270
105	272
105	295
106	207
106	267
107	126
107	193
107	196
107	225
108	221
108	239
108	240
109	124
109	141
109	207
110	129
110	274
111	290
112	210
112	249
112	254
114	122
114	237
114	264
114	282
115	144
115	193
115	213
116	241
116	254
116	259
117	121
117	200
118	122
118	165
118	276
118	277
119	167
119	214
120	135
120	144
120	163
120	178
120	242
121	163
121	296
122	135
123	130
123	167
123	172
123	247
124	287
124	292
125	127
125	182
126	203
126	204
127	208
127	281
128	138
128	192
128	288
129	137
129	149
129	233
129	245
130	213
130	248
130	260
130	261
131	190
131	295
132	147
132	202
132	208
133	265
133	285
134	197
134	246
134	253
136	194
137	154
137	238
137	259
139	164
139	271
140	277
140	299
141	213
142	201
142	238
142	277
142	290
143	171
144	149
144	253
145	159
145	225
146	261
147	150
147	176
147	265
147	268
148	156
148	203
148	245
149	156
149	164
150	233
150	262
150	282
151	204
151	211
151	298
152	194
152	229
152	230
152	241
153	232
153	289
153	293
156	174
156	192
156	198
156	286
158	248
160	192
160	224
161	179
161	280
161	286
162	165
162	216
163	237
164	200
164	233
165	245
165	265
166	185
167	179
167	193
167	259
167	296
168	266
170	181
170	207
170	227
171	235
171	293
172	285
173	195
173	211
174	290
176	292
177	221
177	279
179	299
180	277
181	243
181	261
181	280
182	187
182	191
182	247
182	248
182	265
182	269
183	260
184	230
184	289
184	296
185	238
186	278
187	269
188	222
188	272
189	245
191	220
191	234
192	264
193	202
193	230
193	252
193	267
194	242
195	202
195	209
195	237
196	273
197	218
197	260
198	248
199	216
199	255
201	202
201	252
202	293
204	245
205	235
205	265
206	229
206	258
207	217
207	263
210	233
210	248
210	296
211	270
214	217
215	243
216	278
217	291
218	220
218	231
218	247
219	242
219	257
220	247
221	222
221	279
221	294
222	287
222	296
223	235
225	256
225	271
225	281
226	239
229	267
230	266
232	234
235	270
237	246
238	281
245	254
245	264
245	275
245	278
249	278
250	287
252	297
254	296
258	282
260	286
261	271
261	277
262	292
262	296
265	287
270	288
272	294
273	287
275	290
277	289
279	290
280	291
284	288
286	287
290	296
293	299