0	2
1	8
1	24
1	44
1	59
1	122
1	206
2	4
2	40
2	171
3	22
3	188
3	225
3	275
3	276
3	289
5	136
5	181
6	150
7	102
7	183
8	208
8	253
9	174
10	89
10	238
10	247
10	268
10	289
11	33
11	115
11	135
11	234
12	87
12	136
13	155
13	187
13	244
14	164
14	170
14	298
15	47
15	58
15	85
15	298
16	50
16	161
16	201
16	209
17	64
17	198
17	215
18	26
18	97
18	212
19	61
19	138
19	185
19	210
20	63
20	76
20	270
21	123
21	155
21	201
21	236
22	63
22	95
22	123
22	161
22	190
22	224
22	271
22	283
23	40
23	82
23	102
23	189
23	209
24	41
24	94
24	126
24	210
25	37
25	154
26	73
26	108
26	113
26	210
26	277
27	28
27	110
27	183
27	197
27	279
28	214
29	127
30	83
30	161
30	197
30	249
31	34
31	41
31	45
31	100
31	180
31	218
31	229
31	285
32	62
32	87
32	118
32	178
32	189
33	42
33	129
34	42
34	78
34	157
34	278
35	76
35	145
35	162
35	211
35	259
35	283
36	82
36	90
36	138
36	155
36	174
37	105
37	132
37	170
37	176
37	298
38	61
38	191
38	197
38	207
39	41
39	49
39	89
39	256
40	171
40	219
40	224
41	70
41	132
41	170
41	241
41	255
41	296
42	129
42	182
42	288
43	81
43	105
43	181
43	230
43	244
43	251
44	123
44	154
44	172
44	208
44	232
44	257
46	241
46	270
46	288
47	55
47	66
47	90
47	146
48	246
49	57
49	181
49	201
49	273
49	278
50	72
51	195
51	224
51	294
52	60
52	131
52	234
53	135
53	137
53	289
54	160
55	244
55	256
56	90
56	100
56	106
56	210
56	251
56	277
57	172
57	291
58	91
58	136
58	156
58	197
58	228
59	189
59	227
60	84
60	156
60	248
60	293
61	173
61	227
61	230
61	243
62	109
62	113
62	156
62	217
62	259
63	76
63	187
63	265
64	152
64	156
65	71
65	139
65	219
65	297
66	97
66	108
67	139
67	181
67	189
68	218
68	240
68	261
69	139
69	175
69	179
69	211
69	212
70	80
70	214
70	255
71	144
71	274
72	80
72	152
73	115
73	167
73	207
73	261
73	263
74	291
75	86
75	105
75	135
76	80
76	114
76	120
76	136
76	182
76	183
76	186
76	229
76	246
77	79
77	216
77	222
77	257
78	91
78	105
78	110
78	136
78	237
78	260
79	190
79	276
79	299
80	101
80	258
81	188
82	152
82	178
83	142
84	101
84	240
84	297
86	127
86	159
86	269
86	286
87	225
88	175
89	143
89	191
89	272
90	159
90	181
90	194
90	266
90	288
91	180
91	236
92	136
92	145
92	189
92	198
92	220
92	251
93	168
93	173
93	211
94	115
94	165
94	233
95	155
95	158
95	286
96	203
97	119
97	149
97	170
97	270
98	187
99	259
100	125
100	142
100	152
100	274
101	109
101	172
101	185
102	155
102	179
103	182
103	208
103	257
104	270
104	276
105	188
105	201
105	251
105	261
105	290
106	119
106	137
106	160
107	110
107	170
107	205
107	208
108	202
108	207
108	268
109	198
109	269
110	125
110	225
110	293
111	189
112	138
112	196
112	211
112	297
113	153
113	191
113	280
114	116
114	190
114	226
115	123
115	128
115	197
115	254
116	131
116	153
116	212
117	120
117	130
117	160
117	246
119	196
119	223
120	132
120	287
121	163
121	229
122	221
123	206
124	154
124	201
124	205
124	228
125	264
127	180
127	247
128	149
129	178
130	223
130	232
130	263
130	291
131	169
132	299
133	149
133	226
134	286
135	248
135	270
136	157
136	182
136	231
136	253
136	256
136	295
137	169
138	169
138	176
138	183
138	285
139	145
139	153
139	220
139	292
140	141
140	224
140	256
140	277
141	156
141	176
141	183
142	164
142	174
142	183
143	248
143	272
144	176
144	197
144	243
144	299
145	248
146	214
146	222
146	250
147	185
147	207
147	212
147	213
147	236
147	257
148	202
148	247
150	208
150	258
151	202
151	210
151	254
151	277
152	204
152	235
152	273
153	185
153	219
153	259
153	285
154	191
154	248
155	171
155	233
157	256
157	291
158	176
158	177
159	211
159	214
159	235
160	231
160	245
162	266
164	196
164	237
164	244
164	265
165	188
165	220
165	296
166	216
166	228
167	197
167	294
168	271
168	276
169	226
169	275
170	272
172	178
172	192
173	281
174	291
175	185
178	215
179	205
179	242
179	284
181	272
183	297
184	223
185	272
185	299
187	270
188	263
189	276
190	193
192	225
192	270
193	208
193	228
193	274
194	202
194	254
195	240
195	261
195	284
196	269
197	269
197	277
198	211
198	221
199	271
200	213
200	243
200	244
201	216
201	285
202	290
203	244
205	254
206	238
206	282
207	256
208	234
209	215
209	277
210	268
211	255
212	216
212	236
213	264
214	217
214	268
214	287
215	248
216	256
216	279
217	218
218	251
219	236
219	251
220	272
221	294
222	232
222	297
222	298
223	230
223	252
224	274
225	231
226	249
226	286
227	233
229	237
229	273
229	276
230	232
230	292
233	250
233	251
236	278
239	251
243	282
246	250
246	268
247	294
248	269
249	277
250	296
254	263
256	275
257	280
258	266
259	299
260	269
261	290
262	272
266	267
266	272
274	277
278	288
287	290
288	292
290	297