0	5
0	103
0	175
0	180
0	263
1	17
1	33
1	163
2	25
2	34
2	204
2	285
3	33
3	100
3	282
4	85
4	130
4	180
4	215
4	222
4	238
4	297
5	29
5	77
5	78
5	83
5	134
5	152
5	177
5	294
6	38
6	42
6	187
6	226
6	235
6	247
7	23
7	95
7	138
7	187
7	226
7	267
7	280
7	287
8	37
8	109
8	243
9	46
9	75
9	142
9	166
10	86
10	207
10	213
11	46
11	47
11	77
11	120
11	141
11	189
11	243
12	50
12	130
12	170
12	243
13	65
13	125
13	131
13	156
13	169
13	205
13	271
14	72
14	203
14	224
15	137
15	161
15	192
15	286
16	54
16	124
16	284
17	57
17	112
17	118
17	256
17	269
17	297
18	74
18	115
18	174
18	203
18	241
19	71
19	83
19	99
20	73
20	114
20	212
20	218
21	192
21	225
22	176
23	82
23	92
24	111
24	286
24	291
25	54
25	57
25	116
25	169
25	244
26	43
26	154
26	264
26	283
27	176
27	201
27	276
28	99
28	217
28	246
29	63
29	98
29	233
30	115
30	247
31	120
32	104
32	223
32	253
32	266
33	44
33	65
33	104
33	151
33	248
33	285
34	62
34	151
35	132
35	162
36	189
36	296
37	157
37	229
37	230
37	256
38	119
38	298
39	57
39	95
39	174
39	182
39	236
40	170
40	206
41	63
41	105
41	166
41	204
41	222
41	224
42	54
42	91
42	122
42	137
42	169
43	165
43	190
43	205
43	226
44	82
44	162
44	292
45	53
45	57
45	274
45	292
46	65
46	79
46	140
46	203
47	157
47	218
47	229
48	70
48	88
48	90
48	286
49	132
49	174
49	212
50	52
50	103
50	157
50	255
51	72
51	138
52	76
52	89
52	142
52	240
53	243
53	259
54	187
54	233
54	286
54	291
55	158
56	147
56	285
57	130
57	180
58	142
58	148
59	123
59	281
60	154
60	182
61	98
62	77
62	115
62	191
62	223
62	238
63	120
63	186
63	243
64	158
64	228
64	280
65	212
65	234
65	269
66	98
66	240
67	120
67	125
67	206
67	267
68	200
69	106
69	114
69	140
69	182
69	194
69	242
69	293
70	90
70	92
70	134
70	233
71	81
71	111
71	151
71	223
71	273
72	78
72	169
72	181
72	221
72	264
72	296
73	80
74	132
74	203
74	225
75	99
75	154
76	136
76	168
76	205
76	266
77	175
77	254
78	90
78	182
78	256
79	115
79	131
79	150
80	109
80	120
80	154
80	239
80	240
80	295
81	164
81	172
82	131
82	149
82	193
82	211
82	215
83	163
83	200
83	297
84	176
84	227
85	153
85	175
85	185
86	142
86	170
86	177
86	181
86	190
87	99
87	170
87	192
87	204
88	275
89	195
89	281
90	160
90	165
90	185
90	217
90	284
91	171
92	128
93	153
94	220
95	208
95	257
95	262
96	146
96	175
96	227
97	126
97	166
97	169
97	223
98	108
98	225
99	149
100	203
100	273
101	129
101	236
101	278
102	264
102	270
102	287
103	136
103	163
103	220
104	120
104	125
104	247
104	267
104	292
105	115
105	252
106	166
107	131
107	164
107	269
108	217
108	283
109	179
109	214
109	250
109	254
110	143
110	156
110	200
110	226
110	240
110	286
111	247
112	154
112	164
112	194
112	206
113	139
113	177
113	202
114	168
114	169
114	271
115	117
115	186
116	139
116	201
116	233
117	189
118	154
118	192
118	223
118	235
118	242
118	267
119	190
119	276
120	170
120	173
120	239
120	282
120	284
121	189
122	158
122	226
123	144
123	146
123	283
124	132
124	212
124	226
124	259
124	267
125	132
125	227
125	243
126	184
126	198
127	152
127	195
127	243
127	256
127	280
128	168
128	210
129	234
129	238
130	189
130	249
131	253
132	286
133	222
134	189
135	161
136	237
137	162
137	262
137	274
139	208
140	231
140	249
141	166
141	167
141	206
141	239
142	217
142	239
142	255
143	155
143	181
143	260
144	211
144	299
145	190
146	243
146	271
146	282
146	288
147	155
147	184
147	206
147	223
148	183
148	298
149	187
149	231
149	251
150	152
150	159
150	215
151	203
151	233
151	247
151	267
152	258
153	276
154	278
155	185
155	203
155	264
156	237
156	246
157	167
157	176
157	206
157	209
158	212
160	193
160	234
161	295
161	299
162	178
163	211
163	274
163	295
164	232
165	273
165	274
165	293
167	290
168	196
169	181
169	229
169	236
169	253
169	268
169	294
169	295
170	257
171	279
173	190
173	200
174	257
174	264
176	189
176	270
177	180
177	188
177	192
178	179
178	236
178	271
178	298
180	202
181	289
181	295
182	188
182	235
182	258
183	197
184	239
185	279
185	299
186	195
187	199
187	234
188	229
189	214
189	262
190	237
191	265
191	279
192	193
192	220
192	238
192	261
193	244
193	269
194	289
196	215
196	272
197	198
197	240
199	223
199	255
199	269
199	277
200	207
200	219
201	279
202	255
202	295
203	262
204	232
205	209
205	233
207	228
208	280
209	212
209	223
210	275
211	276
212	213
212	264
213	263
213	299
214	244
214	282
214	295
216	247
216	265
216	267
216	275
217	243
220	244
222	235
222	248
222	279
222	285
222	293
223	227
223	242
224	255
224	277
226	286
226	291
228	279
229	252
230	298
231	293
231	299
233	270
236	262
236	276
237	243
238	282
240	271
245	266
247	259
248	283
249	281
250	263
250	266
250	271
251	290
253	265
254	291
255	284
256	264
257	287
261	263
264	272
264	275
266	275
270	295
272	275
274	277
279	284
281	298
283	289
288	297