0	61
0	143
0	239
1	131
1	247
1	276
2	42
2	100
2	144
2	167
2	271
3	61
4	57
4	160
5	31
5	71
5	95
5	189
6	45
6	68
6	153
6	199
6	293
7	201
7	223
7	271
7	294
8	120
8	132
8	142
8	188
8	200
8	284
9	61
9	169
9	238
9	261
10	14
10	50
10	93
10	147
10	170
11	63
11	223
12	101
12	215
12	223
13	59
13	131
13	224
13	229
13	286
14	95
14	99
14	119
14	135
14	189
14	191
15	38
15	43
15	79
15	180
15	181
16	53
16	105
16	154
16	156
17	100
17	170
18	214
18	274
19	77
19	194
19	208
19	287
20	164
20	200
20	207
20	210
20	296
21	94
21	155
21	208
22	217
22	229
23	197
24	45
24	110
25	104
25	141
25	149
25	248
25	267
26	113
26	163
26	177
26	287
27	72
27	116
27	273
28	105
28	251
28	291
29	121
29	160
30	138
30	184
30	215
31	143
31	153
31	177
31	274
32	77
32	101
32	233
32	245
33	87
33	88
33	172
33	230
34	104
34	175
34	253
34	268
34	280
35	42
35	55
35	225
36	53
36	234
36	249
37	72
37	154
37	190
38	81
38	211
38	216
38	249
38	284
39	81
39	256
39	259
39	292
40	44
40	50
40	76
40	117
40	150
40	210
40	238
40	240
40	269
41	78
41	231
42	255
43	61
43	160
43	196
43	265
43	269
46	95
46	116
46	257
47	162
48	86
48	122
48	138
48	141
48	192
48	202
48	221
48	282
49	53
49	101
49	110
49	158
49	189
50	91
50	239
50	292
51	146
51	256
52	108
52	198
52	208
52	272
53	157
54	130
54	157
54	184
55	74
55	93
55	125
55	223
55	250
56	63
56	69
56	72
56	82
56	165
56	196
56	214
56	292
57	133
57	161
58	130
58	160
58	163
58	177
58	229
58	232
58	279
60	215
62	197
63	89
64	91
64	118
64	188
65	207
65	267
66	122
67	147
68	159
68	266
69	190
69	295
70	164
70	248
70	250
71	232
71	284
71	290
73	213
74	109
74	131
74	203
74	206
75	76
75	91
75	108
75	118
75	128
75	261
75	291
76	96
76	209
76	265
77	99
77	213
78	105
78	159
78	195
78	197
78	208
79	98
79	117
79	124
79	199
79	259
79	298
80	171
82	189
83	97
83	189
83	204
83	208
83	229
83	257
83	269
84	135
84	204
85	241
86	88
86	117
86	212
86	251
87	132
87	159
87	179
87	232
89	119
89	183
89	255
89	283
90	199
91	111
91	203
91	234
91	241
91	260
91	283
92	102
92	187
92	240
92	243
92	257
93	97
93	191
93	245
93	289
93	294
94	120
94	132
94	147
94	239
95	149
95	157
96	139
96	161
96	208
96	278
96	287
97	144
97	266
97	293
98	117
98	247
98	263
98	267
99	117
99	208
100	162
100	266
101	249
102	293
103	200
104	200
105	181
105	270
105	276
106	176
106	229
107	299
108	165
108	187
108	278
109	113
109	182
109	287
110	113
110	135
110	205
110	267
111	132
111	150
111	179
111	238
112	133
112	215
113	116
113	128
113	140
113	188
113	253
113	293
114	116
114	254
115	150
115	212
115	275
115	287
116	170
116	250
118	193
118	232
118	289
119	200
119	285
120	181
121	165
121	261
121	282
123	199
124	220
124	249
124	273
125	149
125	156
125	167
125	243
125	289
126	199
126	236
126	285
126	294
127	202
127	207
127	293
128	187
128	242
128	251
129	205
129	224
131	133
131	159
131	167
131	222
131	233
133	136
133	179
133	258
133	277
134	140
134	228
134	251
134	272
135	246
135	282
136	211
136	299
137	212
137	230
137	246
138	155
138	174
138	268
139	146
139	147
139	152
139	166
139	168
139	190
139	205
139	269
140	141
140	181
140	182
140	193
141	172
141	204
141	231
141	252
142	293
143	149
144	226
144	234
145	178
145	230
145	290
145	295
146	185
146	223
147	149
147	160
147	185
148	178
148	232
149	186
149	191
149	214
149	241
149	262
149	289
150	171
150	232
151	211
152	191
152	263
153	175
153	256
154	252
155	250
155	260
156	299
157	213
157	223
157	263
159	200
159	215
159	262
159	295
161	181
161	212
161	225
161	231
161	299
162	260
163	181
163	225
163	240
163	283
164	244
164	288
164	296
166	283
167	221
168	177
168	234
172	219
172	226
172	244
172	294
173	230
173	232
173	267
175	197
176	198
178	183
178	199
179	192
179	229
179	249
179	286
180	238
180	288
181	247
181	249
181	259
181	283
182	266
183	281
184	204
185	227
185	281
186	255
186	279
187	198
187	211
188	235
189	233
189	276
191	245
192	267
193	242
194	268
194	271
194	278
194	299
195	297
196	202
196	271
197	264
197	269
198	219
198	223
198	290
199	282
200	201
200	236
200	298
201	205
201	290
202	249
202	289
203	267
204	220
205	231
205	237
206	214
206	254
206	264
207	257
207	295
208	288
209	228
209	230
209	234
209	261
209	280
209	293
210	282
212	235
213	224
214	219
214	256
216	228
218	280
220	271
221	238
222	252
222	272
224	267
225	255
226	250
227	239
227	293
228	260
228	261
228	282
228	285
229	263
229	265
229	289
230	279
231	237
231	295
232	233
232	238
232	250
235	254
235	282
238	295
240	246
241	281
244	294
245	255
247	262
247	291
248	250
248	271
257	272
260	262
264	297
265	299
267	270
269	278
270	279
285	293
285	296