0	1
0	132
0	163
0	182
0	230
1	60
1	118
1	203
2	8
2	114
2	215
2	222
2	234
2	261
3	117
3	121
3	147
3	180
3	197
4	297
5	177
5	291
6	80
6	123
6	201
6	216
6	226
6	238
7	249
7	253
7	299
8	26
8	43
8	290
9	48
9	68
9	292
10	41
10	142
10	275
11	64
11	89
11	242
12	115
12	281
13	36
13	48
13	71
13	88
13	180
13	219
13	299
14	49
14	254
15	150
16	68
16	232
17	135
17	177
17	256
17	264
17	297
18	38
18	103
18	153
18	154
18	212
19	34
19	150
19	209
19	252
19	262
19	291
19	295
20	148
20	197
20	207
20	267
21	128
21	245
21	268
22	32
22	52
22	192
22	261
22	269
23	51
23	65
23	99
23	263
24	38
24	109
24	196
24	212
24	247
24	276
25	64
25	73
25	90
25	92
25	119
25	154
25	166
25	294
26	79
27	40
27	252
28	207
28	234
29	33
29	113
29	143
29	275
30	180
30	260
31	86
31	276
31	286
32	128
32	156
32	281
33	35
33	93
33	194
33	215
33	226
33	229
33	233
33	288
33	293
34	37
34	217
34	266
35	63
35	70
35	115
35	149
35	244
35	258
36	80
36	97
37	67
37	101
37	106
37	118
37	187
37	208
37	227
37	249
37	252
38	42
38	61
38	127
38	180
39	66
39	148
39	209
39	265
40	130
40	230
40	275
41	93
41	208
41	289
42	158
44	169
44	195
44	197
44	204
45	75
45	137
45	236
46	48
46	86
46	103
46	166
46	270
47	124
47	126
47	181
47	198
47	204
47	222
47	240
48	52
48	80
48	101
48	179
48	269
48	277
49	83
49	156
50	156
50	299
51	53
51	171
51	195
51	196
51	294
52	68
52	71
52	173
52	205
52	232
52	239
54	159
54	162
54	277
55	220
56	149
56	205
56	225
56	226
56	242
56	286
57	63
57	133
57	182
57	206
58	119
58	137
59	272
60	103
60	110
60	150
60	208
61	202
62	89
63	276
64	74
64	80
64	196
64	279
65	109
65	115
65	163
65	178
65	188
66	108
66	280
66	292
67	150
67	231
68	80
68	100
68	123
68	181
68	199
69	101
70	98
70	172
70	199
70	217
70	280
71	109
71	219
71	223
72	85
72	204
73	111
73	257
73	291
74	128
74	242
74	291
74	298
75	286
76	115
76	126
76	281
77	134
77	208
78	169
78	289
79	81
79	114
79	153
79	243
79	270
80	160
80	190
81	219
81	231
82	191
82	239
83	138
84	227
85	87
85	97
85	125
85	130
85	169
85	180
85	205
85	247
86	162
86	168
86	174
86	257
86	291
87	265
88	292
89	118
89	135
89	163
89	212
89	251
90	117
90	268
91	123
91	183
92	124
92	131
93	289
94	209
94	222
94	241
95	146
96	287
97	201
99	157
99	240
100	208
101	135
101	217
101	295
102	267
102	272
103	120
103	135
103	184
103	256
103	264
104	272
105	106
105	119
105	236
105	273
106	128
106	286
106	298
107	234
108	188
108	238
108	239
109	208
109	243
109	256
109	273
110	166
110	284
111	137
111	164
111	193
112	139
112	288
113	285
113	288
114	179
114	288
115	120
115	154
115	233
115	241
115	266
115	292
116	123
116	209
116	280
117	195
117	270
118	144
118	196
118	268
119	154
119	175
119	273
120	274
121	158
122	207
122	228
122	238
122	247
122	255
123	222
124	276
125	147
125	149
125	174
125	186
125	243
125	246
126	168
126	234
126	282
127	186
127	223
127	224
128	211
128	234
129	133
131	245
131	268
131	292
132	173
132	268
132	270
133	271
135	265
136	292
137	167
138	216
139	168
139	184
139	211
139	257
140	187
141	183
141	199
141	203
141	257
141	276
142	153
142	254
142	281
143	280
144	165
144	186
145	147
145	148
145	249
145	276
145	296
146	243
147	163
147	296
148	160
149	167
149	178
149	246
150	258
150	297
151	168
151	197
151	257
152	271
152	282
153	233
154	160
154	192
154	240
155	175
156	206
157	159
157	231
157	296
159	195
160	227
160	258
161	259
161	262
161	285
161	292
162	218
162	247
162	286
163	290
164	175
164	176
164	183
164	228
164	233
165	263
166	204
166	212
166	252
167	195
168	182
168	201
169	185
170	184
170	203
170	298
171	257
172	187
172	282
172	286
173	231
174	203
174	214
174	263
174	294
176	210
176	230
177	192
177	217
177	277
178	254
178	264
178	281
179	264
181	290
182	203
183	188
185	205
187	197
187	229
187	233
189	231
190	199
190	230
192	252
192	274
192	278
192	280
192	281
195	233
195	282
196	276
197	266
198	221
198	233
199	293
200	216
201	268
201	276
203	253
204	227
204	247
204	278
204	296
205	248
207	219
210	284
212	248
212	253
212	282
213	233
214	222
214	283
215	278
217	242
217	243
218	289
220	268
222	269
223	253
224	259
225	249
225	266
225	270
226	241
226	265
229	290
230	286
231	234
233	247
234	252
234	263
234	275
235	238
237	273
238	275
238	281
239	258
239	271
240	261
240	265
240	278
242	287
243	246
243	271
243	275
243	295
244	251
245	250
246	292
247	271
250	269
251	265
252	256
254	267
254	297
254	298
255	294
257	268
257	299
258	290
260	285
265	293
267	279
268	288
269	272
277	279
278	284
278	294
288	297
289	297
291	295