0	6
0	53
0	222
0	291
1	223
1	227
1	253
1	279
1	295
2	199
3	57
3	161
3	181
3	194
3	213
3	223
3	230
4	27
4	68
4	233
4	271
5	53
5	86
5	201
5	259
6	154
7	57
7	63
7	114
7	198
7	216
7	260
8	42
8	55
8	74
8	149
9	142
9	169
9	176
9	188
9	214
9	247
10	31
10	150
10	151
10	159
10	247
11	30
11	187
11	211
12	78
12	99
12	200
12	214
12	232
12	292
13	242
13	299
14	15
14	95
14	114
14	143
14	187
14	209
15	90
15	135
15	192
15	198
15	239
15	278
16	27
16	77
16	144
16	179
17	21
18	210
19	99
20	196
20	203
21	164
22	150
22	171
22	211
23	139
23	158
23	169
23	186
23	262
23	267
23	270
24	77
24	78
24	80
24	104
24	127
24	228
25	103
25	175
25	204
25	270
26	145
26	155
26	199
26	216
26	220
26	283
27	49
27	83
27	96
27	120
27	242
28	31
28	97
28	176
29	88
29	236
30	96
30	153
30	268
30	276
31	104
31	112
31	266
31	298
32	120
32	260
33	91
34	218
35	107
35	108
35	144
35	221
35	222
35	286
35	290
36	84
36	115
36	144
36	200
36	270
37	50
37	204
37	281
37	297
38	75
38	110
38	144
38	217
39	163
39	210
39	211
40	87
40	199
41	167
41	212
41	299
42	266
43	126
44	82
44	92
44	109
44	114
44	232
44	271
44	274
44	285
45	196
46	63
47	125
47	191
47	263
48	85
48	183
49	196
49	257
50	132
50	151
50	159
51	138
51	215
51	222
52	72
52	249
52	269
52	289
52	291
53	284
54	123
54	139
54	249
55	147
55	209
55	241
56	59
56	191
56	193
56	196
56	232
58	110
59	63
60	189
61	105
61	146
61	227
61	276
62	123
62	134
62	197
62	216
62	230
62	257
62	265
62	280
63	136
63	237
63	243
63	258
63	260
64	65
64	290
65	276
66	79
66	125
66	139
66	226
66	261
66	273
66	283
67	253
68	83
68	133
69	101
69	185
69	188
69	222
69	239
69	294
70	208
70	220
70	261
71	203
71	239
72	121
72	233
73	228
73	246
74	107
74	136
74	146
74	245
75	92
75	148
75	220
75	250
75	253
75	297
76	251
77	88
78	82
78	118
78	190
78	203
78	206
79	87
79	113
79	155
79	197
80	105
80	132
80	227
80	277
80	298
81	98
81	160
81	201
81	297
82	84
82	138
82	200
82	208
82	210
82	226
82	278
82	285
83	221
83	233
84	111
84	166
84	235
84	286
85	89
85	175
85	198
85	288
86	201
86	250
86	267
86	292
87	134
87	248
88	133
88	278
89	114
89	203
89	217
89	275
90	114
90	184
90	214
90	215
90	254
91	204
91	259
91	296
91	299
92	99
92	115
92	205
92	272
93	98
93	118
93	120
93	125
93	127
93	221
94	115
94	143
94	233
95	137
95	212
95	274
95	275
96	123
96	148
96	174
97	144
97	147
99	111
99	225
99	264
100	182
100	245
100	298
101	109
101	242
101	249
101	253
101	271
101	295
102	133
102	186
102	242
102	261
103	225
103	287
104	247
104	290
104	299
105	269
106	157
106	162
106	169
106	210
106	289
107	183
108	135
108	181
108	248
108	267
109	178
109	195
110	191
110	203
110	204
110	247
111	117
111	182
112	155
112	231
113	143
113	145
113	273
114	178
114	294
115	172
116	148
116	182
116	184
117	229
117	231
117	236
118	179
119	126
119	173
119	198
120	141
120	186
120	250
120	296
121	145
121	154
121	187
121	296
122	219
123	145
123	246
123	254
123	285
124	161
124	180
125	216
125	248
126	200
126	278
127	166
127	182
128	243
128	270
129	276
130	268
131	205
131	206
132	211
132	274
133	249
133	253
134	286
135	149
135	192
135	235
135	247
135	290
136	152
136	206
137	194
137	298
138	184
139	174
139	184
139	207
139	218
140	156
140	192
140	217
141	186
142	281
142	287
143	166
143	194
144	201
144	225
144	238
144	267
147	201
147	250
148	155
148	174
148	211
148	246
149	271
149	285
150	213
150	263
150	266
151	216
151	217
151	221
153	255
153	296
154	156
154	194
154	215
154	285
155	200
155	217
155	231
155	261
156	232
156	245
158	168
158	263
159	281
160	226
160	237
160	250
162	242
162	275
164	194
164	268
164	287
165	190
165	239
166	220
166	293
167	237
168	181
168	267
168	292
168	294
169	187
169	251
169	266
169	268
170	250
171	187
171	233
172	176
172	298
174	199
174	273
176	273
177	295
180	237
180	238
180	255
180	261
182	183
182	228
182	229
183	201
183	248
183	291
184	196
184	204
184	217
184	282
185	253
187	192
187	201
187	218
187	279
187	291
188	251
190	194
190	206
191	228
191	238
193	211
193	283
193	293
193	299
194	295
195	255
195	294
195	295
198	241
198	243
198	272
199	247
202	219
202	270
202	293
203	235
203	240
204	234
204	297
205	227
207	252
207	255
208	261
209	251
209	258
210	241
210	264
210	267
211	276
211	288
211	294
212	250
212	283
212	295
213	217
217	239
219	289
220	271
221	293
222	290
224	281
225	286
227	235
228	292
230	233
231	247
231	282
233	237
233	238
234	253
234	265
234	274
235	277
238	266
239	250
239	256
243	272
244	266
244	282
248	290
250	287
250	299
251	295
252	260
252	274
252	299
253	269
253	287
254	269
254	281
257	282
258	281
260	284
267	269
273	289
275	283
280	283
292	293