0	64
0	167
0	177
0	213
1	56
1	173
2	63
2	83
2	105
2	136
2	208
2	235
2	256
3	22
3	50
3	90
3	111
3	142
3	149
3	264
3	278
3	297
4	17
4	67
4	159
4	185
4	196
5	15
5	46
5	90
5	158
5	195
6	26
6	56
6	181
6	214
6	247
6	267
7	18
7	46
8	75
8	134
8	152
9	15
9	81
9	90
9	106
10	12
10	59
10	268
11	60
11	171
12	50
12	200
12	235
13	67
13	131
13	159
13	197
13	215
13	235
13	273
14	18
15	103
15	213
15	270
16	143
16	288
17	242
18	95
18	219
18	222
19	155
20	266
20	285
21	246
21	279
22	58
22	108
22	217
22	218
22	296
23	54
23	60
23	272
23	279
23	297
24	89
24	98
24	121
24	181
24	194
24	222
24	256
24	259
25	42
25	129
25	208
25	283
27	115
27	173
27	207
27	255
27	291
28	35
28	77
28	89
28	161
28	177
28	272
29	38
29	99
29	103
29	130
30	69
30	144
30	147
30	192
30	212
31	212
31	220
31	272
32	71
32	174
33	147
34	76
34	272
34	287
35	104
35	238
35	243
35	259
35	270
36	45
36	158
36	165
36	292
37	125
37	210
37	227
38	88
38	116
39	103
39	105
39	183
39	274
39	293
39	297
40	60
40	76
40	164
40	232
40	278
41	286
42	66
42	80
42	144
42	241
43	96
43	98
43	254
43	258
44	186
44	195
44	223
45	74
45	79
45	81
45	92
45	104
45	137
45	217
46	132
46	209
46	276
46	283
47	89
47	95
47	168
47	189
48	86
48	94
48	145
48	177
48	240
49	87
49	147
49	165
49	243
50	232
51	155
51	298
52	229
53	55
53	231
54	140
54	168
54	259
55	90
55	118
55	164
55	210
55	226
56	75
56	96
57	157
57	231
58	155
59	80
59	94
59	146
59	176
59	181
59	211
59	250
60	62
60	99
60	166
61	108
61	247
62	121
63	104
63	143
63	209
63	222
64	123
64	155
64	179
64	216
64	293
64	295
65	108
65	136
65	224
65	262
65	263
66	75
66	81
66	82
66	137
66	152
66	165
66	230
67	94
68	188
68	248
68	264
68	268
68	282
69	101
69	126
69	160
69	185
69	222
69	257
69	282
70	89
70	177
70	203
71	228
72	252
73	139
73	216
73	251
75	112
75	115
75	126
75	159
75	281
76	106
76	166
76	247
76	276
77	150
77	247
77	296
78	91
78	106
78	169
78	175
78	269
79	132
79	191
79	265
79	275
79	278
79	299
80	176
80	180
80	183
80	214
80	247
81	96
81	128
81	222
81	285
81	292
81	299
82	99
82	127
82	222
83	159
83	244
84	106
84	107
84	155
84	175
84	206
84	225
84	286
85	151
86	158
87	106
87	132
87	146
87	175
87	238
87	240
87	272
88	105
88	139
88	162
88	232
89	151
89	186
90	159
90	211
90	251
90	299
91	279
91	283
92	147
92	153
93	277
93	280
94	124
94	154
94	196
95	98
95	99
95	210
95	268
96	237
96	253
97	134
97	199
97	292
98	115
98	121
99	123
99	124
99	148
99	182
99	186
99	253
100	173
101	249
101	259
102	110
102	144
102	177
102	252
103	188
104	193
105	187
105	230
105	246
106	124
106	159
106	198
106	295
107	131
107	208
108	157
108	281
109	114
109	138
109	142
109	163
109	195
109	222
109	244
109	265
110	116
110	151
110	190
110	225
111	135
111	241
112	182
112	251
113	179
113	231
113	250
114	115
114	138
114	190
114	205
117	201
117	204
117	240
117	249
117	280
117	290
118	223
119	129
119	226
119	238
119	278
119	286
120	189
120	273
120	287
121	168
122	167
122	223
122	231
122	265
122	277
122	285
123	152
123	161
123	199
124	218
125	132
126	185
126	208
126	252
127	213
128	180
128	219
128	291
129	200
129	262
129	287
130	238
130	250
130	282
130	298
131	290
132	220
132	279
133	145
134	199
134	215
135	222
136	167
136	251
136	255
136	284
138	148
138	151
138	153
138	205
138	237
138	269
139	172
140	209
140	287
141	161
142	155
143	177
143	215
143	276
143	281
145	155
145	209
145	251
145	264
145	273
146	162
146	279
146	290
147	229
147	242
147	274
148	182
148	185
150	197
152	172
152	232
152	246
153	192
153	260
153	264
154	160
154	171
155	160
155	216
155	271
156	252
156	254
157	244
157	274
158	293
159	174
160	197
160	212
160	228
161	279
162	172
163	212
163	299
164	220
165	280
165	289
166	183
167	182
167	215
168	178
169	226
169	281
169	283
170	175
170	245
171	240
172	279
173	254
173	259
173	285
174	246
175	201
175	294
176	235
176	259
177	267
178	189
178	200
179	194
179	219
180	292
181	244
182	223
182	288
183	257
184	219
184	256
185	199
186	204
186	247
186	268
187	248
188	292
190	271
190	283
192	276
193	280
194	274
194	291
195	220
196	209
197	227
197	296
198	207
199	257
200	220
200	224
201	225
201	243
202	220
202	256
202	266
202	272
202	293
203	261
204	271
205	206
206	265
207	256
207	265
208	255
209	212
209	235
211	238
212	255
212	266
213	233
213	234
213	238
213	284
213	299
215	227
215	233
216	275
216	280
217	233
217	283
218	237
220	299
221	271
221	280
222	278
222	288
223	282
224	227
224	297
227	297
229	290
229	297
230	243
230	271
232	291
233	252
233	286
236	248
236	269
238	260
239	246
241	258
242	246
244	258
246	287
250	269
251	281
251	286
252	275
255	273
256	274
257	295
259	281
260	281
261	274
267	290
268	271
268	297
273	292
281	283
289	294
297	298