0	46
0	172
0	204
0	243
0	277
1	12
1	107
1	144
1	155
1	193
1	196
1	267
1	283
1	284
2	83
2	120
3	99
3	258
4	19
4	90
4	98
4	114
4	166
5	51
5	119
5	214
5	224
6	13
7	153
7	155
7	182
7	211
8	78
8	179
8	188
8	198
8	219
8	252
8	266
9	39
9	128
9	198
9	230
9	299
10	117
10	174
10	176
10	251
11	237
11	268
12	156
13	289
14	28
14	29
14	43
14	90
14	145
14	258
14	270
15	132
16	243
16	262
17	35
17	36
17	70
17	227
17	273
18	30
18	79
18	101
18	188
18	199
18	294
19	103
19	258
20	63
21	55
21	115
21	214
21	240
22	43
23	44
23	111
23	163
23	170
23	175
23	228
24	72
24	279
25	37
25	122
25	280
26	202
26	206
26	225
26	236
26	280
27	298
28	97
28	180
28	269
29	60
29	93
29	162
29	184
29	185
29	250
30	176
30	202
30	264
31	44
31	92
31	158
31	195
31	243
32	73
32	108
32	137
32	183
32	235
33	96
33	107
33	195
33	225
33	252
34	86
34	184
34	211
34	250
34	254
34	287
34	292
35	40
35	51
35	70
35	154
36	118
36	125
36	197
36	220
36	239
36	289
37	48
37	73
37	119
37	147
37	250
37	265
37	286
37	288
37	293
38	97
39	132
39	197
39	212
39	217
40	50
40	276
41	114
41	131
41	133
41	239
42	56
42	78
42	162
42	233
43	91
43	95
43	137
43	185
43	218
44	100
44	138
44	213
44	268
45	62
45	278
45	291
46	59
46	163
46	168
46	293
47	81
47	125
48	154
48	180
48	191
48	192
48	213
49	244
49	285
50	53
50	142
50	180
50	206
51	121
51	153
51	163
52	56
52	104
52	271
53	97
53	114
53	124
53	274
54	78
54	112
55	271
56	146
56	185
56	225
57	140
57	263
58	168
58	255
59	112
59	121
59	217
59	266
60	134
61	104
61	126
61	138
61	254
61	267
62	162
62	245
63	89
63	246
64	122
64	136
64	191
64	220
64	237
64	270
64	287
65	168
65	231
65	293
66	154
66	197
66	207
66	231
66	244
66	259
67	151
67	157
67	168
67	232
67	264
68	184
69	101
69	137
69	201
70	213
70	298
71	72
71	139
71	201
71	221
71	262
72	154
72	155
72	242
73	78
73	255
74	85
74	276
75	184
75	206
75	254
76	197
76	240
76	298
77	102
77	106
77	271
78	279
79	139
79	179
79	182
79	291
80	247
80	262
81	179
81	184
81	238
81	262
81	265
81	274
82	268
83	165
83	184
83	207
83	237
83	250
83	266
83	274
83	277
84	115
84	123
84	162
84	164
84	258
84	292
85	144
85	186
85	261
86	147
86	176
86	213
86	236
86	299
87	192
87	299
88	198
88	266
89	255
90	97
91	96
91	178
91	270
92	242
92	259
92	263
92	273
92	285
92	296
93	257
94	152
94	165
94	249
95	151
95	211
96	116
96	178
96	224
96	229
96	240
96	257
97	139
97	298
98	186
98	290
99	103
99	240
100	190
101	280
102	103
102	160
102	188
102	211
102	298
103	224
104	284
104	292
105	137
105	194
105	195
105	251
105	260
105	278
107	125
107	133
107	145
107	211
107	286
108	234
108	237
109	137
109	146
109	180
109	196
109	252
110	204
110	291
111	166
111	180
111	260
111	270
112	227
112	263
112	273
113	130
113	189
113	213
113	220
113	226
114	182
114	244
114	295
115	154
115	158
115	162
115	175
115	213
115	260
116	163
116	203
116	205
116	234
117	131
117	144
117	219
117	256
117	296
117	299
118	200
118	241
118	255
119	151
119	177
119	184
119	210
119	229
119	230
120	126
120	132
120	261
121	155
121	191
121	202
122	175
122	232
123	127
123	145
123	174
124	151
126	128
126	171
127	149
127	234
128	151
128	200
129	281
130	147
130	204
132	166
132	220
132	234
132	256
133	171
133	282
134	204
134	254
135	197
135	213
136	149
136	172
136	174
136	225
136	287
138	255
138	289
141	162
141	174
141	236
141	247
141	248
142	263
143	231
143	251
144	182
144	194
145	188
145	215
145	218
145	224
146	218
146	229
146	255
147	168
147	174
147	181
147	218
147	245
147	270
148	250
148	277
149	171
149	235
149	252
149	278
149	280
150	167
150	192
150	197
150	209
151	268
151	297
152	162
152	166
152	231
153	220
153	235
154	159
154	295
155	192
155	225
156	192
156	223
157	194
157	243
157	258
159	179
160	210
161	277
162	193
162	206
163	190
164	219
164	260
165	224
166	183
167	262
168	279
169	230
171	275
173	248
173	256
174	266
175	176
175	229
175	288
176	259
177	224
177	243
178	181
179	293
179	299
180	207
180	252
180	270
181	202
181	266
182	187
182	238
182	276
183	272
185	192
185	298
185	299
186	245
189	230
189	240
189	280
190	207
190	271
191	264
192	232
193	225
194	273
195	217
195	269
197	267
198	225
198	242
198	249
199	225
200	289
200	293
202	237
202	284
204	268
205	274
207	281
207	296
208	251
211	221
211	224
211	256
211	273
212	235
213	218
216	293
217	272
221	255
221	272
222	291
223	255
224	264
224	273
224	284
226	247
228	232
228	253
229	238
230	249
230	288
232	249
232	274
232	276
232	277
233	298
234	241
235	282
236	292
237	260
239	284
240	269
241	258
241	268
241	279
243	256
244	296
247	269
248	288
250	270
250	272
250	275
251	272
252	276
253	290
257	263
259	281
261	299
262	275
262	287
263	284
269	290
275	277
282	296
285	298