0	9
0	432
0	465
1	180
1	266
1	371
1	549
1	658
1	696
2	201
2	299
2	309
2	535
3	211
3	340
3	525
3	588
3	669
4	87
4	256
4	423
4	509
4	540
4	565
5	69
5	298
5	434
5	474
6	180
6	253
6	489
7	324
8	82
8	286
8	355
8	453
8	471
9	44
9	407
9	543
9	567
9	579
10	480
11	231
11	267
11	355
11	463
12	143
12	229
13	91
13	395
13	627
14	37
14	81
14	311
15	308
16	139
16	145
16	515
16	541
17	176
17	187
17	193
17	285
17	496
18	62
18	67
18	112
18	566
18	651
19	53
19	439
19	466
19	483
19	525
20	113
20	288
20	319
20	457
21	305
21	414
21	684
22	74
22	409
22	635
22	651
23	47
23	73
23	325
23	526
23	554
23	693
24	481
24	553
25	35
25	151
25	153
25	191
25	339
25	357
25	415
25	539
25	577
25	586
26	59
26	403
26	545
26	662
27	83
28	41
28	91
28	117
28	461
28	655
29	262
29	482
29	696
30	197
30	469
30	688
30	699
31	141
31	161
31	217
31	270
32	113
32	133
32	193
32	260
32	646
33	614
34	52
35	578
36	140
36	369
36	618
36	641
37	135
37	222
37	252
37	289
37	320
37	489
37	663
38	189
38	236
38	362
38	495
38	502
38	631
38	633
39	51
39	233
39	365
39	487
39	582
40	584
41	134
41	264
41	301
41	310
41	409
42	144
43	114
43	131
43	286
43	456
44	163
44	580
45	278
46	57
46	120
46	313
46	558
46	618
47	382
47	450
47	654
47	658
48	603
49	60
49	72
49	243
49	668
50	211
50	341
50	353
50	470
50	476
51	97
51	203
51	318
51	412
51	652
52	107
52	125
52	144
52	261
52	397
52	472
53	56
53	144
53	248
53	659
53	698
54	197
54	292
54	689
55	696
56	129
56	239
56	484
56	588
57	318
57	467
58	376
58	390
58	403
60	130
60	504
60	627
61	120
62	64
62	381
62	394
62	465
63	171
63	527
64	88
64	175
64	685
65	443
65	697
66	73
66	109
66	195
66	305
66	339
66	423
66	577
67	84
67	247
67	403
67	574
68	305
68	357
69	334
70	363
70	382
70	536
71	235
71	294
71	518
72	155
72	463
72	528
72	564
73	131
73	222
73	255
73	308
73	363
73	442
73	585
74	125
74	325
74	377
74	418
75	200
75	269
75	333
75	612
76	276
76	300
76	540
77	299
77	407
77	550
78	385
78	611
79	207
79	548
79	567
79	645
80	115
80	213
80	220
80	292
80	369
80	594
81	519
81	607
81	654
82	184
82	290
82	489
82	608
83	460
83	590
83	650
83	694
84	242
84	635
85	169
85	425
86	271
87	216
87	280
87	314
87	336
87	668
88	384
89	135
89	563
89	618
89	671
90	132
90	134
90	142
90	250
90	367
91	116
91	186
91	621
92	503
92	609
93	545
94	611
95	100
95	121
95	147
95	206
95	237
95	361
96	156
96	361
96	468
97	248
97	447
97	575
97	589
97	600
98	294
98	544
99	181
99	484
99	695
100	118
100	124
100	240
100	420
100	626
100	671
101	452
101	488
102	270
102	367
102	453
103	159
103	444
103	543
104	282
104	555
104	656
105	549
105	587
105	685
106	147
106	329
106	354
106	394
106	601
106	671
107	427
107	431
107	563
107	647
108	163
108	358
109	654
109	667
110	136
110	351
110	381
110	386
110	392
110	483
110	634
111	178
111	430
111	442
111	614
112	250
112	461
112	569
112	575
113	377
113	417
113	445
113	448
113	497
113	636
113	667
113	673
114	515
115	241
115	255
115	416
115	580
115	591
116	136
117	127
117	383
117	486
117	537
117	546
117	580
117	696
118	380
119	444
119	566
119	587
120	161
120	199
120	236
120	364
120	397
121	373
122	195
122	220
122	582
123	349
124	440
124	481
125	402
125	471
125	610
126	158
126	257
126	405
126	509
126	589
126	593
127	189
127	346
128	142
128	408
128	472
128	505
129	307
129	322
129	505
130	272
130	298
130	447
130	525
131	515
133	198
133	301
133	349
133	364
133	680
134	504
134	549
135	147
135	182
135	469
135	498
135	568
136	378
136	402
137	526
137	583
138	492
139	306
139	630
140	213
140	506
140	619
140	664
141	246
141	413
142	165
142	395
142	403
142	406
142	522
143	175
143	176
143	243
143	572
144	277
144	493
144	596
145	187
145	337
145	400
145	628
145	634
146	340
146	376
146	643
147	268
147	361
147	488
148	276
149	236
149	276
149	520
149	604
150	526
150	613
150	618
151	283
151	310
151	315
151	356
151	387
151	456
152	374
152	484
152	492
152	540
152	615
153	192
153	209
153	437
154	196
154	211
154	298
154	366
154	525
154	580
154	617
155	280
155	356
155	537
155	659
156	226
156	280
156	305
157	277
158	425
158	474
159	208
159	284
159	340
159	406
160	215
161	239
161	284
161	322
161	421
161	437
161	480
161	689
162	164
162	380
162	496
163	195
163	213
163	361
163	422
163	465
163	676
164	373
165	224
165	276
165	639
166	229
166	390
166	515
166	565
166	662
166	676
167	379
167	461
168	195
168	279
168	408
168	683
169	517
169	541
169	548
170	341
170	355
170	380
170	436
171	224
171	345
171	358
171	520
171	604
171	633
172	272
172	307
172	330
172	383
172	420
172	487
172	566
172	581
173	201
173	535
174	284
174	341
175	454
175	674
176	393
176	423
176	545
176	564
177	271
177	421
177	570
178	488
178	645
179	649
179	685
180	429
180	569
180	611
180	664
181	294
181	369
181	408
181	502
181	552
182	601
182	686
183	244
183	275
183	432
183	527
184	197
184	492
184	574
184	589
185	211
185	317
185	345
185	404
185	642
186	317
186	528
187	313
187	463
187	686
187	687
188	552
189	357
189	392
189	658
190	245
190	296
190	421
190	443
190	509
190	632
191	311
191	315
191	453
191	521
191	553
192	198
192	576
192	649
193	559
194	524
195	352
195	405
195	459
195	568
195	632
196	272
196	300
196	418
196	642
196	643
196	646
197	351
197	601
198	558
198	580
199	259
200	286
200	632
201	489
201	566
201	676
202	274
202	292
202	293
202	401
202	423
203	429
203	463
204	347
205	211
205	242
205	367
205	412
206	314
206	574
207	362
207	523
207	623
209	334
209	354
209	638
210	267
210	343
210	608
210	617
211	223
211	262
211	480
211	536
212	280
212	430
212	609
212	619
213	232
213	392
213	573
214	609
215	439
215	603
216	246
216	472
216	541
216	621
216	623
216	672
217	319
217	661
218	591
218	594
218	635
218	678
219	257
219	371
219	657
220	232
220	239
220	478
221	260
221	686
222	617
222	618
223	235
223	303
223	504
223	533
223	551
223	631
224	412
224	552
224	632
225	381
225	500
225	693
226	494
226	608
227	498
227	690
228	275
228	616
228	682
229	359
229	623
230	313
230	360
230	527
231	346
231	372
231	535
232	599
233	549
234	241
234	300
234	391
235	320
235	359
235	550
235	682
236	512
236	621
237	302
237	319
237	398
238	421
238	507
238	629
238	693
239	430
240	288
240	338
240	349
240	497
241	483
242	248
242	315
242	321
242	625
242	644
242	678
243	265
243	695
245	501
245	668
246	438
247	350
248	421
248	562
249	578
250	345
250	585
250	609
251	307
251	466
251	543
251	613
251	664
252	263
252	574
253	264
253	555
254	268
254	542
254	570
254	584
255	336
255	410
255	425
255	590
256	553
256	554
256	564
256	691
257	288
257	350
257	352
257	556
258	479
258	623
259	282
259	508
260	367
260	419
260	666
261	495
261	554
262	301
262	327
262	403
262	699
263	324
263	450
263	509
263	609
264	471
264	618
265	390
265	610
265	645
265	672
266	475
266	687
266	692
267	337
267	612
267	667
268	277
268	357
268	426
269	350
269	677
270	538
270	570
270	697
271	623
272	335
272	404
273	350
274	325
274	651
275	403
275	633
276	415
276	457
276	552
277	540
277	571
278	386
278	425
279	669
280	456
280	583
281	342
281	592
281	635
283	366
283	399
284	291
284	680
285	305
285	489
285	495
285	517
286	325
286	451
287	534
287	664
288	383
288	437
288	480
289	586
290	351
290	501
291	338
291	360
292	353
292	496
292	608
292	646
293	427
293	450
295	502
295	651
296	512
296	551
297	321
297	327
298	444
299	313
299	372
299	657
300	307
300	381
301	472
301	510
302	454
302	455
302	531
302	649
303	317
303	633
304	310
304	360
304	539
304	573
305	436
305	641
306	398
306	661
306	690
306	696
307	589
307	662
308	429
308	444
308	521
308	634
309	320
309	509
312	620
313	350
313	532
313	622
316	483
317	346
317	465
317	677
318	380
318	495
318	588
319	350
319	499
320	322
320	479
321	446
322	425
322	589
323	338
323	411
324	484
324	550
324	695
325	367
325	447
325	556
325	596
326	632
326	683
327	452
327	465
327	548
327	621
328	525
329	371
329	643
330	360
330	437
330	638
331	483
331	495
331	540
331	582
332	443
332	515
332	551
332	583
332	601
335	365
335	419
335	421
335	559
335	654
336	547
336	628
336	659
338	603
338	662
339	398
339	426
339	491
340	434
341	643
342	400
342	561
343	548
343	691
344	352
344	360
344	504
345	406
345	501
348	455
348	561
349	634
350	448
351	433
351	675
352	397
353	354
353	466
353	557
354	616
354	641
355	632
355	685
356	360
356	386
356	449
356	639
357	480
357	590
358	543
359	364
359	394
359	589
360	607
360	620
361	540
362	369
362	512
363	378
363	546
363	564
364	653
365	433
366	467
367	642
367	674
368	405
368	512
368	522
368	524
370	469
371	489
371	546
371	581
372	393
373	412
373	501
373	618
374	604
375	558
375	562
378	410
378	429
379	618
379	651
379	662
380	640
380	698
382	464
382	529
382	552
382	553
383	436
383	540
384	409
384	682
386	465
386	520
386	602
388	418
389	412
389	489
389	606
390	403
390	449
390	565
390	580
391	623
392	442
392	510
392	562
392	643
393	580
393	628
394	414
394	665
395	505
395	506
396	487
396	531
397	427
397	512
398	483
399	586
399	634
399	643
400	420
400	624
400	676
401	420
401	575
403	506
404	556
404	596
404	637
405	696
406	636
406	643
407	581
408	434
410	453
410	559
410	571
410	600
411	665
412	659
413	498
413	599
414	529
414	532
414	604
415	519
417	468
417	613
418	649
419	463
419	673
420	510
420	596
421	586
421	597
421	614
421	682
422	494
422	613
423	548
424	476
424	547
424	598
425	475
425	544
426	465
426	677
427	466
427	499
428	446
430	643
430	664
432	693
433	697
434	569
435	464
436	449
436	489
436	581
436	636
437	476
437	543
437	580
438	520
438	690
439	571
441	542
441	550
441	559
442	609
443	517
443	646
445	482
445	562
445	695
446	486
448	547
449	473
449	502
449	570
449	662
450	464
450	481
450	615
450	697
450	699
453	511
454	515
454	517
454	678
455	622
456	694
457	687
458	537
458	574
459	557
462	616
463	573
464	530
464	661
465	497
465	633
466	607
466	629
467	558
467	659
468	615
469	525
469	600
472	683
473	536
474	660
476	590
477	686
478	523
478	528
478	662
479	488
479	537
480	588
481	533
481	658
482	624
482	686
483	681
484	621
485	540
485	550
485	659
486	524
486	636
488	518
490	680
491	642
492	496
492	558
494	560
494	633
494	690
495	500
495	532
495	619
497	594
501	512
501	578
501	605
501	667
502	506
503	595
504	599
505	614
506	602
507	566
507	593
507	594
507	652
508	539
508	607
511	611
512	605
513	597
514	661
515	546
516	698
517	679
518	607
519	526
519	584
520	536
521	558
522	651
525	677
526	553
527	623
527	658
528	634
529	552
529	574
530	534
532	631
534	607
535	548
535	563
535	680
537	570
537	699
539	556
539	562
539	569
540	617
540	640
541	565
542	669
544	578
545	670
546	648
547	558
547	643
549	550
549	551
549	600
550	555
552	597
555	578
555	673
556	667
557	561
557	609
564	576
565	566
565	579
566	635
570	642
572	642
573	608
574	687
575	642
575	657
578	618
580	614
582	682
583	617
583	669
583	670
584	631
585	613
586	598
586	668
588	627
588	633
588	691
589	631
589	680
590	646
591	662
594	638
595	666
595	690
596	679
596	686
597	695
598	610
599	600
602	620
603	689
607	666
613	614
613	645
613	681
614	690
618	619
621	632
623	699
628	641
632	648
632	696
634	651
639	649
639	654
640	641
642	665
653	685
658	694
660	683
664	694
666	671
666	694
672	689
677	699
683	694
691	694