0	75
0	550
1	199
1	347
1	434
1	438
2	61
3	108
3	428
3	482
4	217
4	286
4	431
4	553
4	695
5	27
5	209
5	292
5	427
5	466
5	579
6	182
6	245
6	366
6	569
6	594
6	601
7	130
7	404
7	460
7	505
7	526
8	264
8	432
9	258
9	463
9	530
10	209
10	212
11	144
11	653
12	111
12	256
12	352
12	442
12	486
13	136
13	255
13	263
13	376
13	395
14	315
14	430
15	519
15	634
16	58
16	482
17	245
17	326
17	335
17	442
17	502
18	47
18	168
18	188
18	205
18	473
18	565
19	269
19	327
19	377
19	449
19	456
19	594
19	642
20	148
20	232
21	563
22	59
22	692
23	86
23	564
23	629
23	667
24	202
24	210
24	257
24	506
25	117
25	398
25	557
25	631
26	129
26	380
26	426
26	523
27	53
27	184
28	53
28	135
28	167
29	312
29	316
29	370
29	446
29	583
29	638
29	680
30	81
30	223
30	373
30	498
30	597
31	300
31	518
31	610
31	632
31	672
32	209
32	235
32	271
32	535
33	324
33	350
33	424
33	442
33	602
34	108
34	167
34	464
34	471
34	663
35	114
35	282
35	295
35	509
35	605
35	658
36	117
36	387
36	468
36	570
36	623
37	180
37	409
38	78
38	155
38	381
38	643
39	301
39	526
39	639
39	671
39	699
40	582
41	65
41	360
41	532
41	563
41	605
41	606
41	663
42	175
43	180
43	461
43	477
43	559
44	76
45	48
45	73
45	152
45	226
45	247
45	526
46	129
46	323
46	503
47	192
47	340
47	662
48	50
48	56
48	209
48	402
48	593
48	631
49	77
49	208
49	365
49	366
49	566
50	273
50	517
50	617
50	648
51	77
51	85
51	134
51	254
51	368
51	411
51	436
51	502
51	612
52	189
52	297
52	322
52	367
52	445
52	446
52	463
52	680
53	59
53	82
53	502
53	552
53	579
54	80
54	136
54	152
54	196
54	273
54	392
54	477
54	659
55	132
55	133
55	585
56	306
56	376
56	458
57	73
57	162
57	289
57	524
57	527
57	547
57	568
57	693
59	94
59	307
59	311
59	325
59	654
59	673
60	89
61	301
61	511
61	600
62	119
62	480
62	609
63	107
63	185
63	384
63	468
64	118
64	165
64	399
65	666
66	309
66	352
66	502
66	683
67	107
67	350
67	433
68	375
68	559
69	90
69	193
69	396
69	594
70	251
70	499
71	129
71	621
72	178
72	192
72	581
73	188
73	221
73	443
73	562
73	654
74	96
74	378
74	442
75	216
75	338
75	388
76	213
76	284
76	415
76	522
76	544
76	664
77	159
77	314
77	335
77	538
78	242
78	572
79	205
79	360
79	401
79	424
79	515
79	575
80	129
80	572
81	187
81	210
81	266
81	377
81	458
82	295
82	298
82	369
82	444
82	445
82	495
82	499
82	657
82	678
83	131
84	220
84	437
84	649
85	221
85	459
85	465
85	492
86	296
86	695
87	156
87	422
87	453
87	591
87	654
88	111
88	300
89	512
90	262
90	278
90	295
90	594
91	531
92	483
92	564
92	668
93	210
93	298
93	567
93	658
94	266
94	608
94	639
95	456
95	518
96	204
96	456
96	544
96	635
97	259
97	293
97	424
97	436
97	658
98	351
98	518
98	604
99	206
99	438
100	381
100	516
101	265
101	355
101	455
102	355
102	400
102	560
102	616
103	426
103	432
103	587
104	174
104	532
104	581
105	272
105	359
105	503
105	592
106	132
106	156
106	592
106	615
107	134
107	171
107	344
107	527
107	533
107	574
107	639
108	159
108	160
108	389
108	641
108	682
109	204
109	253
109	481
110	131
110	358
111	150
111	248
111	552
111	657
112	185
112	236
112	498
113	243
113	392
113	508
114	142
114	693
115	120
115	375
115	500
115	515
115	569
116	280
116	506
116	594
116	606
117	305
117	658
118	472
119	131
119	166
120	347
120	556
121	136
121	302
121	615
121	616
122	544
122	577
123	207
123	476
123	657
123	669
124	208
124	370
125	197
125	420
125	623
126	337
126	597
127	251
127	414
127	417
128	166
128	304
128	604
128	684
129	394
130	162
130	203
130	261
130	421
130	672
131	155
131	530
131	567
131	685
132	138
132	140
132	145
132	318
132	492
132	680
133	231
133	296
133	526
134	484
134	491
134	537
135	166
135	310
135	318
135	358
135	401
136	272
136	339
136	508
136	578
137	268
137	346
137	354
137	593
137	645
138	211
138	294
138	306
138	368
138	519
138	533
139	280
139	512
139	650
139	688
140	161
140	167
140	367
140	418
140	455
140	637
140	673
141	249
141	459
141	503
142	181
142	204
142	296
142	324
142	514
142	520
142	615
143	265
143	514
143	532
143	694
144	147
144	220
144	237
144	490
144	646
144	651
145	177
145	254
145	633
146	156
146	224
146	308
146	311
146	324
146	668
147	177
147	582
148	153
148	601
148	667
149	333
149	529
149	535
150	335
150	372
151	246
151	460
151	565
152	531
152	621
153	220
153	227
153	231
153	653
154	599
154	618
155	493
155	651
156	162
156	201
156	245
156	270
156	369
156	661
157	354
157	370
157	387
157	680
158	231
158	305
158	350
158	358
158	410
159	356
159	479
160	186
160	256
160	348
160	602
160	619
161	241
161	291
161	470
161	502
162	497
162	618
163	256
163	462
163	619
163	691
164	209
164	365
164	530
164	601
164	629
165	213
165	215
165	312
165	336
165	553
165	655
166	328
166	466
166	524
166	604
167	177
167	397
167	508
168	342
168	442
169	480
169	586
170	376
171	302
171	315
171	520
172	282
172	331
172	578
172	659
173	296
173	383
173	446
173	509
173	516
174	453
175	220
175	251
175	528
175	561
175	691
176	309
176	428
177	210
178	353
178	386
178	426
178	439
179	237
179	263
179	453
179	693
180	471
180	539
180	667
180	691
181	269
181	596
182	550
183	438
183	468
183	590
184	241
184	262
184	684
185	189
185	321
186	291
186	342
186	391
186	445
187	399
187	435
187	498
188	444
188	618
189	469
189	554
189	588
189	686
190	331
190	367
190	521
190	591
190	651
190	671
191	539
191	686
192	202
192	448
192	539
192	587
193	660
194	397
195	625
196	211
196	291
196	363
196	461
196	521
196	546
196	576
196	604
196	618
196	672
196	690
197	248
197	285
198	313
198	491
198	530
198	531
199	273
200	340
200	376
200	509
200	596
200	606
200	633
201	420
202	331
202	633
203	665
204	236
204	504
204	537
206	243
206	249
206	413
207	547
207	614
208	316
208	641
209	254
209	395
210	409
210	429
211	242
211	323
211	611
211	645
212	224
212	238
212	347
213	261
213	677
214	582
215	587
217	281
217	361
217	433
217	488
217	648
217	671
218	451
218	475
218	677
218	680
219	405
219	467
220	233
220	511
220	569
221	416
221	538
221	549
222	303
222	471
222	483
223	227
223	628
224	422
224	443
225	237
225	430
225	524
225	525
226	397
226	445
226	550
227	253
227	315
227	480
227	507
227	541
227	634
228	526
228	581
229	301
229	462
229	522
229	643
230	380
230	398
232	447
232	697
233	253
233	372
233	387
233	422
233	548
234	338
234	411
234	541
234	650
235	253
235	633
236	394
236	420
236	575
237	335
237	366
237	368
237	571
237	685
237	694
239	600
239	667
240	399
240	482
240	596
241	281
241	604
243	560
244	680
245	300
245	337
245	441
245	515
245	557
245	649
246	520
247	657
248	361
248	366
248	482
248	506
248	543
248	615
248	674
250	327
250	340
250	478
251	346
251	355
251	428
251	440
251	528
252	328
252	363
252	386
252	501
252	569
253	336
253	403
254	305
254	505
255	257
255	423
256	334
256	585
256	673
257	286
257	440
258	420
258	503
258	537
258	697
259	605
259	671
260	355
261	647
262	470
262	594
262	667
263	373
263	593
264	428
264	606
264	621
265	301
265	584
266	355
266	491
266	520
266	642
266	667
267	281
267	544
267	627
268	399
269	645
270	351
270	408
270	488
270	495
270	561
271	569
271	575
272	365
272	591
273	274
273	459
273	630
274	277
274	317
275	541
275	545
275	656
276	400
276	446
276	531
276	579
276	690
277	629
278	411
278	416
278	555
278	681
278	689
279	432
279	446
279	536
279	552
280	399
280	643
281	487
282	327
282	547
282	615
282	696
283	364
283	410
283	441
283	582
284	487
285	469
285	487
285	612
285	617
285	641
285	694
286	328
286	575
286	699
287	378
287	401
287	462
287	514
288	520
289	509
290	582
290	694
291	693
292	347
292	541
293	558
293	561
293	650
293	690
294	467
295	313
295	325
295	424
296	434
296	606
298	455
298	629
298	678
299	424
300	523
301	500
302	373
303	400
303	432
303	451
304	366
304	441
304	449
304	683
305	319
305	346
305	358
305	403
306	310
306	521
306	634
307	409
307	496
307	562
307	563
308	543
308	588
309	412
309	469
310	412
310	563
312	626
313	318
313	393
313	614
313	659
314	328
314	372
314	556
314	596
314	611
314	633
314	646
314	694
316	566
316	588
316	599
316	678
317	651
318	342
318	433
318	512
319	336
319	342
319	546
320	363
321	541
321	577
321	671
322	326
322	462
322	545
323	480
323	586
323	636
323	679
324	522
324	577
324	578
326	473
326	534
326	659
326	668
327	612
327	686
328	374
329	432
329	633
330	432
330	513
330	550
330	589
331	420
331	525
331	528
332	466
332	666
333	354
334	381
334	404
334	622
335	386
335	395
336	372
336	666
336	678
338	448
338	541
339	389
339	687
340	364
341	699
342	647
343	491
343	497
343	615
344	425
344	476
345	526
345	543
346	353
346	421
347	423
347	520
347	619
347	641
347	671
348	386
348	477
348	569
348	655
349	677
350	525
351	474
351	636
355	390
355	507
356	382
356	518
356	583
357	369
357	520
358	660
359	470
361	645
362	462
362	474
362	533
364	404
364	606
365	608
366	432
366	459
366	471
366	483
366	655
367	504
367	596
367	694
368	371
369	516
369	617
369	687
370	480
372	692
373	427
374	392
374	510
374	545
374	675
375	394
375	435
375	528
375	605
376	538
376	659
377	467
378	389
378	463
378	525
378	600
379	468
379	492
379	626
379	655
379	663
380	575
380	621
380	631
381	587
382	607
382	642
383	470
383	527
383	543
383	695
384	480
385	551
386	446
387	477
387	544
388	667
389	568
389	610
390	419
391	396
391	587
391	593
391	603
391	635
392	569
392	624
393	550
393	662
394	448
394	504
395	567
396	438
396	446
396	459
396	632
396	656
397	625
398	524
399	554
400	635
400	663
401	631
403	590
403	599
403	657
403	689
405	507
405	512
405	624
405	658
406	445
406	610
406	666
407	613
407	658
408	464
408	488
408	521
409	463
409	580
409	655
411	431
411	456
411	540
412	428
412	587
414	428
414	643
415	481
416	659
416	696
417	468
417	582
419	458
420	599
422	483
423	432
423	553
423	655
424	670
426	562
427	641
428	676
429	432
429	505
429	559
430	637
431	597
432	542
432	635
433	554
435	688
436	447
436	460
436	473
436	544
437	638
441	488
441	578
441	670
442	483
443	447
443	646
444	509
445	502
445	565
445	591
445	631
445	645
446	460
446	668
448	508
450	453
450	588
452	484
452	596
452	678
452	680
454	523
454	549
454	584
454	617
454	680
455	596
455	628
456	560
457	471
457	505
457	661
458	496
458	509
458	523
458	572
458	645
458	651
459	510
459	621
459	632
460	551
460	559
460	642
460	671
461	519
461	531
461	655
462	536
463	489
463	540
463	574
463	622
467	644
470	612
470	663
472	476
472	597
473	502
473	504
473	528
474	630
475	577
475	662
476	481
476	597
476	621
477	482
477	694
480	601
481	523
482	535
482	601
485	594
485	648
488	630
489	626
489	682
489	683
491	510
491	618
494	524
494	684
495	561
495	657
496	516
497	561
498	651
499	667
500	693
504	554
504	590
506	691
507	563
508	596
508	628
509	538
509	699
510	668
511	522
512	580
512	619
514	695
515	652
516	531
516	650
516	669
518	579
519	531
519	676
522	635
524	537
524	635
524	656
525	608
526	622
526	657
527	541
527	566
530	573
530	628
530	652
531	587
531	629
532	567
537	584
539	670
541	676
542	584
542	588
542	614
542	681
544	559
545	598
545	684
546	611
547	558
547	561
548	661
553	635
553	643
554	618
554	672
554	692
555	557
555	616
555	619
556	640
560	566
563	641
563	682
566	639
566	645
568	663
570	604
570	662
571	580
571	637
573	619
574	584
574	663
576	608
576	635
576	653
580	607
581	612
583	656
585	592
586	659
589	698
590	693
591	604
592	615
593	632
594	610
594	688
595	600
596	630
597	622
598	649
599	651
600	637
601	614
601	620
603	641
604	613
605	622
607	610
607	638
607	697
612	680
615	665
616	677
622	650
624	695
629	668
632	653
635	681
639	691
642	672
644	683
651	682
653	659
655	682
657	665
658	675
670	679
673	692
691	693