0	47
0	247
0	414
0	547
1	235
1	326
1	517
1	636
2	380
2	664
2	671
3	272
3	342
3	532
3	545
3	629
3	636
3	638
4	70
4	394
4	425
4	592
5	20
5	134
5	342
5	396
5	469
5	551
6	284
6	367
6	406
7	303
7	321
7	371
8	381
9	318
9	326
9	387
10	104
10	130
10	279
11	148
11	312
12	130
12	294
12	457
12	472
12	539
13	214
13	220
13	433
13	625
13	636
14	182
15	486
15	590
15	600
16	52
16	187
16	254
16	419
17	221
17	262
17	467
17	474
17	511
17	595
18	19
18	53
18	121
18	358
18	622
19	133
19	235
19	594
20	218
20	326
20	364
20	580
20	581
21	74
21	231
21	254
21	516
22	97
22	217
23	56
23	673
24	93
24	392
24	685
25	180
25	273
25	343
25	371
25	469
25	620
25	686
26	478
27	35
27	247
27	454
27	484
28	359
28	657
29	57
29	382
29	486
29	576
30	104
30	142
30	336
30	365
30	391
31	475
31	493
32	37
32	181
32	214
32	318
32	361
32	607
32	657
33	148
34	175
34	224
34	259
34	401
34	450
34	545
35	443
36	237
36	472
36	594
37	307
37	374
37	455
37	537
37	545
38	55
38	134
38	324
38	395
38	570
38	618
39	363
40	257
40	392
40	445
40	642
41	435
41	540
41	600
42	92
42	460
42	518
43	92
43	168
43	212
43	590
44	625
44	685
45	80
45	244
46	104
46	154
46	290
46	661
47	225
47	396
48	144
48	266
49	262
49	430
49	646
50	108
51	111
51	193
51	316
51	383
51	389
51	469
51	618
52	157
52	350
52	486
52	521
52	642
53	248
53	477
53	545
54	303
54	346
54	397
54	442
54	627
54	674
55	87
55	214
55	258
55	291
55	337
55	366
55	410
56	331
57	340
58	162
58	372
58	574
58	596
58	644
59	459
59	560
59	654
60	155
61	110
61	117
61	151
61	418
62	137
62	252
62	309
62	380
63	81
63	202
63	471
64	81
65	249
65	295
65	359
65	603
66	281
67	181
67	219
67	678
68	140
68	234
68	290
68	530
69	114
69	128
69	250
69	261
70	228
70	487
70	545
71	125
71	144
71	510
71	598
71	624
72	448
72	667
73	242
73	436
73	481
74	222
74	274
74	348
74	454
74	478
74	566
75	247
75	563
76	168
76	317
76	406
76	476
76	590
76	599
76	620
77	350
78	225
78	241
78	343
78	525
78	551
79	530
80	118
80	196
80	335
80	579
81	227
81	246
81	689
82	492
82	664
83	238
83	672
84	326
84	414
84	452
85	369
85	453
85	526
86	327
86	395
86	403
86	519
87	558
87	639
88	408
88	438
89	183
89	372
89	505
90	309
90	453
91	445
91	575
92	145
92	170
92	194
92	206
92	635
94	184
94	443
94	549
95	320
95	447
95	558
95	610
96	211
96	273
96	379
96	431
96	458
96	496
96	646
96	684
97	461
97	660
98	227
98	250
98	416
99	322
99	399
99	415
99	646
100	104
100	329
100	558
100	597
101	166
101	403
101	466
101	519
101	527
102	118
102	155
102	175
102	556
103	232
103	233
103	481
103	565
103	694
104	266
104	424
105	229
105	334
105	476
105	606
106	425
106	657
107	122
107	278
107	444
108	238
108	387
108	607
109	173
109	316
109	420
109	497
109	681
110	126
110	236
110	446
111	233
111	304
111	391
111	507
112	368
113	121
113	287
113	459
114	380
115	173
115	266
115	414
115	666
116	205
116	358
116	514
116	596
116	671
117	182
117	627
117	632
117	645
118	121
118	127
118	186
118	360
118	581
118	616
119	398
119	411
119	459
119	499
120	170
121	306
121	496
122	282
122	522
123	215
123	283
123	338
123	502
123	511
123	518
124	507
124	652
125	195
125	197
125	395
126	205
126	351
126	632
127	253
127	476
127	548
128	241
128	398
128	628
128	697
129	272
129	440
130	538
131	600
132	669
133	194
133	245
133	414
133	494
134	150
134	276
134	310
134	539
135	174
135	271
135	554
135	635
136	155
136	214
136	344
136	417
136	426
136	629
136	667
137	298
137	323
138	244
138	281
138	452
138	595
138	651
138	657
139	207
139	324
139	470
139	482
139	487
139	489
139	499
140	319
140	361
141	687
142	207
142	273
142	405
143	499
143	592
143	656
143	662
143	667
144	197
145	208
145	222
145	263
145	283
145	350
145	469
145	506
145	513
146	209
146	234
146	328
146	556
147	550
147	676
148	183
148	227
148	252
148	349
148	431
148	490
149	377
149	497
150	283
150	491
150	636
150	672
151	283
151	600
152	685
153	264
153	517
153	618
154	243
154	407
154	593
154	606
154	680
155	410
155	422
156	435
156	452
156	469
157	342
157	368
157	369
157	476
158	232
158	286
159	167
159	213
159	375
159	501
159	662
159	694
160	178
160	597
160	671
161	233
161	358
161	403
161	551
162	466
162	482
162	608
162	613
163	258
163	308
163	325
163	537
164	392
164	474
164	556
165	172
165	199
166	410
166	493
166	583
167	247
167	331
167	339
167	690
168	530
169	236
171	323
171	347
171	378
171	382
172	208
172	232
172	325
172	338
172	460
173	335
173	386
173	388
174	211
174	214
174	388
174	417
175	510
176	308
176	363
176	463
176	699
177	195
177	397
178	571
179	215
179	287
179	305
179	408
180	192
180	254
180	340
180	568
181	293
181	312
181	321
181	323
181	508
181	632
181	666
182	284
182	579
183	381
183	401
184	588
184	696
185	605
185	637
185	676
186	382
186	518
187	280
187	321
187	382
187	448
187	537
187	556
187	602
188	197
188	480
188	572
189	213
189	274
189	293
189	414
189	449
189	564
189	581
190	228
190	254
190	268
190	279
190	642
191	522
193	521
194	329
194	488
194	552
194	587
194	674
195	270
195	421
195	491
196	273
196	429
196	515
196	654
196	687
197	577
198	568
198	572
198	603
199	201
199	275
199	418
200	225
201	455
202	218
202	495
203	368
203	614
203	637
204	354
205	356
205	491
205	696
206	577
207	303
207	367
207	534
207	669
208	251
208	426
209	426
209	480
209	687
210	289
210	472
211	218
212	377
212	411
213	322
213	372
213	393
213	662
214	429
214	653
215	327
215	631
216	255
217	325
217	417
217	419
217	690
218	423
218	599
218	643
219	387
219	590
219	644
219	690
220	546
221	327
221	396
221	648
223	569
223	639
223	642
223	667
224	612
224	670
225	328
225	458
225	690
226	416
227	239
227	467
227	482
227	561
227	610
228	565
228	665
229	291
229	307
229	338
229	456
229	560
230	255
230	332
230	427
230	577
230	580
230	660
231	334
231	479
231	530
231	690
232	389
232	518
233	406
233	640
234	661
236	260
236	270
236	380
236	602
237	336
237	395
237	455
237	511
237	535
237	555
237	669
238	290
238	618
239	257
239	270
239	280
239	333
239	510
239	545
239	619
239	645
240	528
240	546
240	605
240	691
241	293
241	322
241	672
242	335
242	349
243	492
243	496
244	280
244	312
244	410
244	448
244	532
245	450
245	494
246	282
246	310
246	577
247	328
248	362
248	440
249	326
249	524
249	645
249	699
250	433
252	335
252	468
252	544
252	566
253	398
254	530
255	327
255	424
255	480
255	581
255	584
256	336
256	396
256	547
256	564
257	280
258	511
258	697
259	465
259	632
260	690
261	270
261	431
262	370
262	418
262	496
262	515
262	572
263	338
263	641
264	413
264	424
264	645
265	596
265	645
266	472
266	614
267	566
267	655
268	374
268	469
268	484
268	627
269	310
269	396
269	426
269	573
269	690
270	455
271	408
272	333
272	610
273	416
273	540
273	580
274	359
274	374
274	543
275	408
275	558
276	351
276	530
277	390
277	475
277	557
277	634
278	344
278	511
278	678
278	699
279	527
279	571
279	589
279	660
280	436
280	657
281	595
281	616
282	374
283	324
283	608
283	698
284	633
285	309
285	317
285	429
285	436
285	560
285	613
286	688
287	393
287	525
287	679
288	384
288	395
288	626
289	339
289	625
290	569
291	511
291	583
291	589
292	317
293	485
293	620
293	660
294	296
294	607
295	378
295	442
295	538
295	673
296	420
296	633
297	419
297	529
297	539
297	698
298	462
298	547
298	687
299	313
299	549
300	332
300	336
300	425
300	444
300	681
301	401
301	538
301	559
302	304
302	408
302	638
302	640
304	501
304	503
304	605
305	484
305	652
306	512
307	356
308	330
308	542
309	386
309	473
309	557
310	324
310	367
310	407
310	425
311	482
311	525
311	556
311	573
312	548
312	630
312	655
313	589
314	387
315	405
315	462
316	423
316	465
316	525
318	353
318	475
318	617
319	484
319	565
319	586
319	656
319	663
320	387
320	581
321	347
322	356
322	511
322	519
323	421
323	464
323	621
324	362
324	367
324	424
324	619
325	339
325	405
325	567
326	451
326	507
327	474
329	361
329	421
329	466
329	481
329	555
330	451
331	633
331	646
333	343
333	359
333	453
334	340
334	341
334	386
334	479
335	364
335	545
338	370
338	383
338	425
338	604
338	650
339	359
339	364
339	379
340	630
340	669
340	673
341	384
341	409
341	429
341	623
341	647
342	411
342	548
343	370
343	512
343	578
343	680
344	429
345	560
346	446
346	693
347	361
348	396
348	575
349	352
349	459
349	532
350	370
350	438
350	504
350	636
350	660
351	642
352	365
352	532
352	670
353	367
353	560
353	643
354	437
354	495
354	557
355	496
357	509
357	617
358	479
358	629
358	699
359	449
359	517
359	582
359	647
359	698
360	548
361	401
361	426
361	528
361	623
362	690
363	511
363	527
363	652
364	488
364	683
365	439
365	561
367	543
367	585
368	472
368	506
368	513
368	526
368	655
370	614
371	689
372	556
373	407
374	425
374	438
374	511
374	553
376	479
377	544
377	576
377	590
378	452
379	470
379	636
379	652
380	453
381	691
383	463
383	653
384	449
385	438
385	555
385	580
386	669
387	416
387	491
388	482
388	619
388	645
388	666
388	682
389	476
389	541
391	415
391	588
392	497
393	562
393	677
395	436
395	667
396	412
396	429
396	515
397	456
397	558
397	654
398	472
399	475
400	476
401	435
401	585
402	524
402	676
403	498
404	494
404	541
404	627
404	685
405	605
405	644
407	420
407	441
407	526
407	579
407	602
409	554
410	435
412	457
412	561
413	499
413	683
414	450
414	455
415	547
415	607
416	668
416	680
417	480
417	538
418	465
418	670
420	570
420	576
421	498
421	589
421	610
421	682
422	576
423	436
423	465
423	552
423	655
424	481
424	526
424	644
425	512
426	543
426	604
426	615
426	656
427	575
428	602
429	502
429	584
430	482
430	543
430	548
430	676
431	498
432	549
433	434
433	591
433	661
434	522
434	575
435	694
436	467
436	667
436	689
436	698
437	444
437	446
437	511
437	521
437	636
437	677
438	440
438	560
439	602
441	680
442	686
443	518
444	601
446	569
447	568
448	668
448	680
449	489
449	524
449	551
449	562
450	659
451	524
451	612
451	630
451	635
453	492
453	542
453	565
454	497
455	687
456	595
458	641
458	673
459	496
459	625
460	531
461	514
461	612
462	474
463	573
464	488
464	654
465	502
465	607
465	678
467	468
469	527
470	658
471	549
476	615
476	660
477	486
477	589
480	600
480	652
480	695
482	593
482	623
482	640
483	575
484	494
485	515
485	530
485	560
486	570
487	490
487	651
487	681
489	538
489	560
492	624
493	662
495	582
496	638
497	540
498	684
499	594
500	592
505	659
505	682
507	634
508	549
509	662
510	670
510	688
514	575
514	635
515	532
515	549
516	603
516	686
517	632
520	599
522	533
522	569
523	637
523	674
523	688
523	694
525	662
526	644
527	628
528	603
529	615
530	609
531	565
532	605
532	634
534	544
535	598
536	659
537	562
538	632
541	542
541	576
542	578
543	632
543	695
544	560
546	656
548	685
549	638
550	566
550	595
551	666
552	561
552	656
553	689
556	577
559	588
559	632
561	609
561	626
562	674
563	606
566	675
570	611
570	614
570	657
571	632
574	587
577	690
577	696
579	678
580	611
583	647
585	687
585	697
586	666
587	600
588	656
591	667
592	597
593	693
594	657
594	659
594	662
597	673
602	633
604	693
607	635
608	683
608	686
611	698
616	639
622	645
622	662
623	647
623	671
626	669
629	656
629	674
634	662
636	672
637	649
640	645
642	699
645	684
646	659
652	690
655	692
659	689
664	685
665	695
674	694
683	690