0	64
0	94
0	140
0	161
0	190
0	426
0	458
0	552
0	577
0	584
1	172
2	72
2	274
2	557
2	564
3	160
3	294
3	430
3	436
3	462
3	545
3	664
3	691
4	43
4	92
4	316
4	620
4	663
5	222
5	356
6	9
6	148
6	490
6	629
7	348
7	447
8	178
8	350
8	533
8	612
8	694
9	140
9	157
9	267
9	276
9	387
9	425
9	469
9	683
10	336
10	452
10	662
11	411
11	609
12	130
12	500
12	590
12	681
13	121
13	280
13	423
13	571
14	69
14	211
14	251
14	378
14	392
14	404
14	463
14	630
15	262
15	669
16	37
16	125
16	417
16	695
17	263
17	287
17	549
17	643
18	62
18	118
19	229
19	506
20	333
21	74
21	344
21	346
22	80
22	173
22	456
22	644
22	665
23	351
23	356
23	549
23	608
23	662
24	104
24	111
24	298
25	329
25	495
25	629
26	60
26	65
26	69
26	91
26	326
26	663
27	30
27	375
27	499
27	612
27	693
28	62
28	218
28	333
29	51
29	336
29	484
29	662
30	111
30	338
30	667
31	164
31	375
31	560
31	601
32	373
33	278
33	357
33	569
33	609
34	114
34	375
34	389
34	584
34	685
35	45
35	111
35	202
35	297
35	645
36	404
36	427
36	467
36	484
36	666
37	220
37	364
37	419
37	652
38	548
39	42
39	50
39	126
39	425
39	543
39	584
40	72
40	156
40	493
40	528
41	176
42	199
42	223
42	346
42	419
42	503
43	176
43	235
43	240
43	399
44	382
44	432
44	473
45	73
45	216
45	536
46	62
46	476
46	514
46	627
46	631
47	121
47	255
48	335
48	544
48	584
48	651
49	107
49	133
49	273
49	357
49	442
49	523
50	126
50	164
50	288
50	381
50	503
50	612
50	639
50	671
51	79
51	309
51	364
51	398
51	503
52	240
52	433
52	600
53	57
54	129
54	209
54	344
54	611
55	72
55	236
55	577
56	76
56	90
56	121
56	157
57	603
58	183
58	200
58	266
58	298
58	442
59	431
59	437
59	650
59	655
60	61
60	243
60	392
60	460
60	509
61	65
61	84
61	381
61	469
61	695
62	217
62	260
62	516
63	323
63	537
64	393
64	557
65	444
65	585
66	123
66	174
66	428
66	446
66	572
66	610
67	90
67	148
67	580
68	128
68	258
68	366
68	377
68	386
68	469
68	474
68	632
69	382
70	89
70	285
70	294
70	430
70	545
70	641
71	401
71	435
71	446
71	621
71	681
72	196
72	211
72	654
72	659
73	278
74	261
74	440
74	513
74	539
75	112
75	517
75	548
76	106
76	176
76	228
76	442
77	342
78	245
78	312
78	354
78	381
78	578
79	149
79	362
79	470
79	589
80	93
80	138
80	198
80	211
80	653
80	691
81	134
81	182
81	535
82	331
82	432
83	186
83	394
83	473
84	295
84	624
85	306
85	374
85	406
85	549
85	668
85	678
86	126
86	142
86	237
86	242
86	454
86	481
87	228
87	261
88	188
88	372
88	501
89	168
89	210
89	397
89	513
89	595
90	127
90	565
91	120
91	531
91	540
92	229
92	248
92	357
93	174
93	249
93	263
93	640
95	203
96	191
96	553
96	563
97	238
97	341
98	295
98	442
98	529
99	196
99	227
99	239
99	699
100	214
100	271
100	378
101	288
101	604
102	194
102	267
102	279
102	280
102	348
102	638
102	674
103	154
103	411
103	413
103	555
103	594
103	603
104	191
104	272
104	507
104	589
104	605
105	162
105	323
105	324
105	457
105	491
106	367
106	584
107	200
107	232
107	293
107	309
107	499
107	505
108	188
108	609
109	305
109	346
109	461
109	649
110	446
110	593
111	241
111	305
111	450
111	499
111	608
112	142
112	240
112	383
112	570
112	627
113	169
113	342
114	303
114	311
114	412
114	472
114	584
115	355
115	408
115	528
115	598
116	158
116	404
117	217
117	466
117	603
117	669
118	222
118	351
118	397
118	411
118	414
118	534
118	573
118	628
119	146
119	240
119	649
119	669
120	270
120	303
120	535
120	594
120	608
121	350
121	368
121	435
121	459
121	645
122	558
123	241
123	323
123	457
123	544
123	585
123	656
124	197
124	376
124	507
125	150
125	255
125	606
126	227
126	232
126	247
126	371
126	515
126	523
126	551
127	394
127	640
128	163
128	356
129	222
129	358
129	400
129	465
130	206
130	223
130	247
130	512
131	157
131	275
131	388
131	554
132	171
132	392
132	650
132	678
133	271
133	329
133	345
133	441
133	561
133	688
134	359
134	507
134	511
135	140
135	257
135	491
135	626
135	665
136	242
136	440
136	523
137	510
138	287
138	325
138	327
138	336
138	441
138	572
138	598
138	630
139	172
139	262
139	435
139	563
140	350
140	473
140	486
140	590
141	143
141	200
141	243
141	434
141	612
141	685
142	273
142	699
143	212
143	249
143	279
143	621
143	623
144	167
144	302
144	521
144	534
144	591
145	187
145	282
146	283
147	167
147	173
147	402
147	522
147	616
148	257
148	270
148	656
149	320
149	468
149	542
150	265
150	510
150	640
150	696
151	232
151	544
151	619
151	677
152	188
152	227
153	178
153	588
154	250
154	450
154	577
154	588
154	599
155	625
155	637
156	232
156	348
156	542
156	603
157	217
157	257
159	226
159	333
159	445
159	606
160	608
160	653
161	168
161	233
161	259
162	184
162	675
163	246
163	398
163	477
163	519
163	631
163	670
164	220
164	223
164	399
165	285
165	330
165	515
166	276
166	314
166	350
166	506
166	548
166	564
166	567
166	688
167	216
167	420
167	425
167	690
168	232
169	177
169	383
169	446
170	633
171	260
171	380
171	441
171	487
172	209
172	228
172	234
172	238
172	333
172	488
173	208
173	664
174	352
174	389
174	429
175	202
175	297
176	236
176	381
176	427
177	273
178	396
178	616
178	619
178	688
179	399
180	307
180	360
180	496
180	546
180	581
180	644
181	275
181	568
181	690
182	199
182	411
182	683
183	200
183	257
183	318
183	446
183	448
183	477
183	648
184	281
184	319
184	679
185	679
186	219
186	287
186	316
186	501
186	524
186	663
187	339
187	385
187	570
188	277
188	455
188	488
189	242
189	345
189	379
189	399
190	252
190	597
191	217
191	242
192	251
192	431
192	438
193	221
193	309
193	350
193	358
193	462
193	484
193	615
194	476
194	582
195	396
195	405
195	562
196	243
196	318
197	272
197	411
197	494
197	680
198	219
198	448
198	510
198	515
198	646
199	249
199	278
199	386
200	438
200	615
201	357
201	365
202	263
202	306
202	381
202	523
202	635
203	540
203	570
203	623
204	279
204	460
205	478
205	697
206	524
206	692
207	242
207	321
207	538
207	628
208	218
208	643
208	663
209	441
209	531
210	365
211	567
211	698
212	391
212	467
212	476
212	567
213	297
213	410
214	351
214	447
214	553
214	671
215	275
215	482
215	655
216	221
216	603
217	257
217	382
217	443
217	652
218	309
218	646
219	360
219	470
219	614
219	651
219	689
220	265
220	407
220	447
220	662
221	275
221	312
221	479
221	607
221	683
222	251
222	283
222	379
223	511
223	669
224	297
225	368
225	391
225	558
225	587
226	248
226	371
226	416
226	613
227	527
227	543
228	653
229	234
229	243
230	245
231	334
231	340
231	479
231	641
232	520
232	697
233	327
233	343
233	374
233	378
233	419
234	518
234	642
235	238
235	289
235	299
236	251
237	452
237	511
238	603
239	247
239	574
239	576
240	286
240	297
240	318
240	577
240	637
240	691
241	359
241	431
242	579
243	454
243	549
243	660
244	373
244	635
245	672
246	314
246	353
246	501
246	530
246	576
247	260
248	392
249	434
249	452
250	285
250	485
251	433
252	341
252	380
252	504
252	635
253	301
253	442
254	261
254	274
254	331
254	586
255	465
255	657
255	659
256	262
256	379
256	527
256	578
256	683
258	359
259	385
260	390
260	428
261	630
261	666
262	313
262	410
263	348
263	363
263	460
264	673
266	377
266	606
266	609
266	614
266	678
267	337
267	409
268	510
268	610
269	465
269	601
270	277
270	519
270	560
271	318
273	558
274	275
274	611
274	669
275	291
275	564
276	500
278	393
278	410
278	505
279	303
279	401
279	515
279	682
280	396
280	397
280	398
281	683
282	491
282	556
283	301
283	476
283	535
283	626
284	515
284	624
285	521
287	639
288	316
288	414
288	444
288	471
289	351
289	547
289	638
290	462
291	307
291	385
291	401
291	503
291	692
292	433
293	401
293	525
293	655
294	492
294	645
294	666
295	316
295	477
295	584
295	673
296	323
296	365
296	396
296	535
297	336
297	391
297	424
297	530
298	404
298	492
298	661
299	399
299	441
299	480
299	595
299	602
299	653
300	341
300	444
300	613
302	510
302	545
303	340
303	530
304	345
305	362
305	366
306	335
306	342
306	666
307	560
308	449
308	608
309	488
310	312
310	468
310	554
310	573
310	637
310	661
311	333
311	336
311	402
311	600
312	574
313	344
313	470
313	580
314	657
315	666
316	373
316	471
316	620
317	430
317	556
317	597
317	661
318	687
319	331
319	355
320	376
320	394
320	572
320	584
320	629
320	687
321	527
321	548
322	342
322	440
322	473
322	479
323	348
324	325
324	572
326	361
326	433
326	568
326	691
327	378
327	402
328	501
328	536
329	456
329	681
330	359
330	597
332	368
332	421
332	477
333	477
334	470
334	506
334	510
335	650
335	676
335	687
337	666
339	404
339	433
339	546
340	487
340	558
340	621
341	347
341	430
343	419
344	377
345	434
346	543
347	411
347	535
347	652
348	517
348	560
348	576
348	601
349	367
351	462
351	639
353	416
353	496
354	644
355	469
355	507
355	541
357	454
358	459
359	490
359	501
359	624
359	634
359	662
360	554
362	402
362	592
362	603
362	628
363	512
363	546
364	555
364	676
365	435
366	374
367	514
367	535
367	557
369	438
369	590
369	604
370	401
370	411
370	415
371	672
373	395
374	465
374	529
375	461
375	551
376	390
376	637
376	638
377	599
378	416
378	473
378	525
378	693
379	427
379	455
381	395
381	661
381	673
382	583
382	639
383	465
383	639
383	653
384	442
384	529
385	539
385	582
386	479
386	504
386	575
387	405
387	650
387	679
388	559
388	643
389	516
389	585
390	429
390	561
390	689
391	453
391	481
391	572
392	576
393	684
394	641
395	539
396	612
397	402
397	456
397	470
398	462
398	624
399	622
402	504
402	524
402	525
402	561
403	492
403	619
404	448
405	574
405	577
405	589
408	467
408	482
408	626
409	438
409	465
410	502
410	508
410	633
410	697
411	575
411	576
411	687
412	436
413	445
414	509
415	421
416	559
418	547
418	688
419	432
421	474
421	505
421	658
421	695
422	537
423	500
424	450
424	451
428	555
429	574
429	678
430	638
431	662
433	570
433	585
433	643
435	490
436	620
437	543
437	679
437	686
437	687
437	696
438	458
438	595
439	526
439	576
440	528
441	580
443	490
443	495
444	545
445	487
446	557
447	579
448	494
448	576
448	629
451	483
451	580
453	469
455	589
455	590
455	633
456	567
456	573
456	649
457	503
457	565
457	672
457	677
458	520
458	555
460	551
461	527
462	659
463	493
463	604
464	545
464	677
465	489
465	557
466	671
467	490
468	631
468	643
469	619
473	635
473	665
474	631
475	531
476	587
476	682
477	524
478	488
478	521
478	522
478	648
479	502
479	594
481	485
482	508
483	533
484	623
487	495
489	518
489	576
490	603
490	690
492	589
494	576
495	570
495	629
496	625
497	662
497	690
498	654
498	684
499	549
499	688
500	517
500	536
500	566
501	636
504	575
506	584
507	538
507	576
508	509
508	601
508	666
509	639
513	558
516	649
518	537
518	569
518	603
518	697
519	538
520	556
520	625
521	620
522	610
522	650
522	672
523	676
524	574
524	659
525	667
527	692
530	669
531	626
532	540
533	545
533	646
535	643
536	628
537	633
540	547
540	555
542	613
543	578
543	625
543	649
544	631
545	618
547	633
547	682
549	661
550	571
554	633
557	591
559	677
561	670
563	567
564	677
565	596
566	591
568	612
568	639
569	653
570	638
570	648
573	604
573	642
574	663
574	669
577	640
578	611
579	671
581	699
582	635
583	596
585	604
585	684
586	690
587	647
588	637
589	591
589	617
590	653
591	628
592	603
593	594
596	630
596	643
597	690
600	614
601	604
603	662
605	682
607	612
610	673
616	693
623	686
624	657
626	648
626	664
626	671
634	663
639	692
645	695
646	662
686	692