0	157
0	371
0	401
0	492
0	637
1	499
1	502
2	4
2	89
2	144
2	311
2	329
2	645
3	49
3	595
4	89
4	108
4	559
4	689
5	11
5	25
5	187
5	324
5	387
5	546
5	626
6	297
6	496
7	45
7	309
7	432
7	645
8	117
8	190
8	462
9	19
9	251
9	351
9	353
9	500
9	589
10	367
10	471
10	691
11	535
11	564
11	602
11	691
12	142
12	212
12	371
12	400
12	420
13	85
13	193
13	425
13	479
13	520
14	253
14	271
14	476
15	130
15	436
15	667
16	75
16	196
16	263
16	289
16	368
17	324
18	230
18	464
18	562
18	633
19	26
19	162
19	499
20	209
20	267
20	478
21	98
21	232
21	270
21	415
21	535
22	120
22	131
22	272
22	318
22	380
22	463
22	650
23	40
23	64
23	101
23	352
24	89
24	91
24	195
24	248
24	311
24	476
24	613
24	616
24	641
25	204
25	320
25	377
25	558
25	672
25	679
26	358
26	530
26	668
27	270
27	316
27	414
28	220
28	268
28	318
28	458
28	462
28	494
29	54
29	224
29	377
30	77
30	459
31	60
31	102
31	109
31	366
31	535
31	551
32	372
32	502
32	611
33	163
33	503
33	699
34	88
34	207
34	228
34	300
34	338
34	345
34	425
34	508
34	603
35	342
35	470
35	563
35	689
36	418
36	598
36	680
37	411
37	526
37	640
37	659
38	203
38	268
38	547
39	524
39	623
40	68
40	191
40	299
40	390
40	563
40	654
41	231
41	246
41	572
42	567
43	66
44	219
44	620
45	233
46	210
46	420
46	569
46	583
46	635
47	213
47	319
47	328
47	408
47	536
47	604
47	634
48	247
48	293
48	614
49	371
49	470
49	652
49	690
50	106
50	209
50	245
50	315
50	510
50	539
50	688
51	250
52	234
52	342
52	423
52	620
53	641
54	406
54	632
55	116
55	117
55	133
55	156
55	313
55	333
56	122
56	461
56	531
56	603
56	675
57	205
57	434
57	484
57	528
57	592
57	656
58	325
58	460
58	523
58	543
58	634
59	61
59	600
59	631
60	342
60	510
61	137
61	349
61	543
62	143
62	403
62	555
62	648
63	398
63	404
63	541
63	683
64	75
64	197
64	214
64	288
64	368
64	455
64	461
64	463
64	640
64	646
64	670
65	92
65	347
65	390
65	547
65	603
66	114
66	174
66	613
67	467
67	470
68	97
68	420
68	433
68	499
68	600
69	102
69	166
69	231
69	270
69	271
69	659
69	674
70	112
70	247
70	270
71	195
71	231
71	365
71	460
71	693
72	164
72	234
72	384
72	641
73	521
74	97
74	247
74	528
74	573
75	82
75	256
76	117
76	550
76	614
77	226
77	565
78	84
78	361
78	395
78	623
79	378
80	576
81	269
81	414
82	171
82	300
82	446
83	505
83	636
83	654
84	587
84	598
84	654
85	409
85	636
86	102
86	357
86	402
86	507
86	568
87	214
87	289
87	387
88	247
88	455
89	193
89	254
89	277
89	296
89	474
89	653
90	150
90	213
90	220
90	272
90	408
90	553
90	592
90	680
91	163
91	185
91	231
91	306
91	407
91	502
91	617
91	635
92	107
92	148
92	187
92	530
92	550
92	645
93	333
93	336
93	386
93	447
93	545
93	566
94	101
94	174
94	246
94	544
94	624
94	672
95	471
96	105
96	153
96	215
96	480
96	645
97	220
97	226
97	301
97	600
97	696
99	193
99	211
99	301
99	520
99	560
99	584
100	166
100	302
100	385
100	496
102	182
102	444
102	683
103	161
103	223
103	404
103	482
104	107
104	157
104	173
104	217
104	387
104	413
106	304
106	371
106	373
106	685
107	147
107	295
107	308
107	563
108	343
108	354
108	418
108	449
108	638
109	366
109	381
110	489
110	497
111	133
111	374
111	664
112	137
112	155
112	157
112	163
112	271
112	285
112	561
112	667
112	699
113	224
113	407
113	450
113	509
113	515
113	570
114	158
114	382
114	519
114	531
114	552
114	563
115	130
115	277
115	458
115	548
116	148
116	305
116	434
117	153
117	174
117	339
117	462
117	579
117	582
117	670
118	225
118	440
118	499
118	529
118	679
119	139
119	220
119	563
119	581
119	689
120	463
120	540
120	559
121	273
121	347
121	643
122	152
122	252
122	531
123	125
123	256
123	345
123	509
123	598
123	631
123	646
124	158
124	405
125	145
125	232
125	301
126	229
126	476
126	485
126	593
126	699
127	152
127	190
127	191
127	268
127	305
127	362
127	433
127	459
127	596
127	621
128	197
128	316
128	586
129	179
129	490
130	291
130	502
130	519
130	680
131	181
131	243
131	388
131	393
131	455
132	275
132	277
132	293
132	689
133	181
133	352
133	638
134	612
134	675
135	335
135	578
135	597
136	211
136	376
136	522
138	571
138	601
138	660
139	313
139	375
139	565
140	175
140	181
140	540
140	579
140	602
141	142
141	203
141	293
141	631
142	204
142	420
143	351
143	487
143	508
143	640
143	673
144	482
144	619
144	621
144	675
145	236
145	460
145	473
145	640
146	347
146	469
147	316
147	562
147	624
147	681
148	226
148	310
148	689
149	208
149	270
149	361
149	632
149	677
150	450
150	672
151	154
151	207
151	545
152	230
152	287
152	420
152	520
152	687
153	267
153	324
153	535
153	698
154	183
154	459
154	518
154	558
154	603
154	671
155	346
156	600
157	695
158	186
158	201
158	321
158	375
158	417
158	520
158	647
159	395
159	576
159	618
159	620
159	633
160	386
161	173
161	286
161	490
161	619
161	669
162	185
162	250
162	312
162	542
162	562
162	595
162	607
163	640
164	193
164	227
164	592
164	637
165	263
165	273
165	304
165	474
165	641
166	365
166	552
167	172
167	196
167	368
167	418
168	227
169	176
169	434
169	495
170	224
170	254
170	378
170	525
170	638
170	659
171	226
171	259
171	279
171	667
172	410
172	412
172	537
172	587
172	636
173	493
173	535
173	638
174	243
174	274
174	298
175	268
176	296
176	396
176	421
176	546
176	668
177	268
177	518
178	596
178	635
178	642
179	194
179	325
179	410
179	420
179	458
179	612
180	442
180	542
180	547
180	575
180	669
181	456
181	514
181	624
182	189
182	580
183	490
183	500
183	662
183	684
184	265
184	508
185	277
185	463
185	606
185	663
186	224
186	546
186	670
186	693
187	359
187	378
188	225
189	489
190	262
190	469
190	524
190	616
191	328
191	391
192	634
193	225
194	314
195	324
195	596
196	278
196	500
196	555
196	615
196	638
197	435
197	529
198	430
198	479
198	605
198	650
199	320
199	347
199	491
199	640
200	591
201	294
201	473
201	579
201	683
202	555
203	301
203	317
203	345
203	598
204	265
204	336
205	306
205	401
205	417
205	523
205	524
206	283
206	461
207	268
207	305
207	337
207	510
207	611
208	312
208	445
208	584
208	677
209	505
209	629
210	294
210	315
210	612
210	623
210	626
211	548
212	401
212	669
213	253
214	227
214	239
214	611
215	327
215	390
215	443
215	548
215	566
215	694
216	279
216	367
216	494
216	512
217	249
217	254
217	318
217	414
217	434
218	310
218	316
218	606
219	434
219	477
219	520
220	236
220	280
220	354
220	511
221	270
222	327
222	426
223	295
223	344
223	558
224	476
224	623
224	685
225	299
225	456
225	538
225	607
226	582
226	662
227	294
227	340
227	370
227	436
227	520
229	344
229	428
230	347
231	248
231	381
231	597
233	387
233	409
235	354
235	523
235	603
236	308
236	383
236	429
236	514
236	579
237	354
238	528
238	548
238	550
239	435
239	476
240	249
240	391
240	564
241	320
241	405
241	453
241	469
241	479
242	515
242	601
242	674
243	384
243	582
243	583
244	310
244	350
245	646
246	312
246	340
246	497
246	565
247	532
248	485
249	297
249	318
249	339
249	558
249	602
249	657
249	691
250	300
250	439
250	463
250	544
251	320
251	349
251	400
252	459
253	403
253	664
254	687
255	322
255	426
255	449
256	413
256	457
257	587
258	591
259	274
259	413
259	679
260	627
260	632
261	445
262	440
263	278
263	415
263	572
263	652
263	669
264	460
264	632
265	322
265	342
265	607
266	399
266	490
266	580
266	603
266	610
267	479
267	585
267	640
268	545
269	380
269	669
270	271
270	314
270	482
270	494
270	625
271	585
274	496
274	562
275	447
275	537
275	550
275	583
275	635
276	289
277	499
277	543
278	434
279	437
281	447
281	514
281	637
282	528
282	536
283	345
283	581
283	681
284	312
284	463
284	556
286	490
286	501
286	656
287	410
287	565
287	605
288	462
288	574
289	301
289	494
290	321
290	459
290	471
290	529
291	321
292	586
294	509
294	543
295	526
295	559
295	664
297	535
298	380
298	504
299	359
299	568
299	608
299	616
301	369
301	638
302	477
302	567
303	343
303	529
304	499
304	678
305	621
305	675
306	347
306	636
307	614
308	651
309	357
309	533
309	654
311	589
312	389
312	593
313	415
313	460
313	618
313	675
314	333
314	570
314	685
315	401
315	413
315	504
315	590
316	342
316	532
316	547
316	582
316	593
317	440
317	470
317	523
318	322
319	561
319	672
320	488
320	538
320	661
321	455
322	503
322	639
323	552
324	481
324	600
324	636
325	382
325	400
325	472
325	536
326	661
327	368
327	405
328	556
328	686
329	448
329	583
330	638
331	364
331	596
332	340
332	534
332	548
332	586
333	380
334	458
334	514
334	529
334	607
335	355
335	547
335	553
337	489
338	377
338	489
338	603
339	433
339	504
339	509
339	656
341	514
341	543
341	687
342	395
342	424
342	472
342	505
343	494
343	578
343	666
344	394
344	415
344	681
345	441
345	672
346	394
347	366
347	439
347	446
347	561
348	532
349	425
349	440
349	591
350	408
351	531
351	630
352	507
352	675
353	502
354	368
354	608
354	630
355	384
355	541
355	550
355	622
356	499
356	520
357	517
357	552
358	452
358	625
359	404
360	589
361	441
361	449
361	503
361	692
362	464
362	499
362	520
363	599
364	505
364	608
364	609
365	464
365	478
366	443
367	422
367	541
367	583
368	406
368	610
369	687
369	691
370	600
371	684
372	436
372	556
372	608
372	687
373	431
373	453
373	685
374	431
374	464
374	522
375	409
375	528
376	416
376	520
377	439
377	505
377	667
378	391
378	502
378	601
378	616
379	384
379	566
380	452
380	461
381	443
381	561
381	615
383	430
384	606
385	633
385	693
386	488
386	593
386	678
388	556
388	681
390	497
391	530
391	586
392	638
393	547
394	424
394	458
394	509
394	583
395	404
395	633
396	589
396	631
397	488
398	416
398	554
398	573
398	583
398	687
399	424
399	674
400	451
400	509
401	492
401	687
403	468
403	565
404	669
405	454
405	466
407	538
407	618
408	540
409	533
409	617
411	560
412	567
412	592
413	484
414	617
415	483
416	498
418	610
418	616
419	462
419	476
420	426
420	607
422	424
422	449
422	501
424	563
424	602
426	623
427	540
428	481
428	568
428	573
430	643
431	506
431	589
432	514
432	542
433	597
434	468
435	444
435	603
435	677
436	448
436	450
436	588
436	630
438	606
439	556
440	676
441	549
442	619
444	665
446	680
446	696
448	487
449	588
452	595
452	648
452	680
454	465
454	580
455	667
456	547
456	553
458	539
458	641
458	649
459	484
460	654
461	514
461	650
462	631
463	646
464	619
465	589
466	616
466	680
468	525
468	618
470	568
471	489
471	569
471	585
472	510
473	628
473	637
474	619
475	480
475	503
475	619
475	645
476	535
476	582
478	495
480	547
480	588
480	595
483	690
486	590
487	553
488	518
488	571
488	670
489	640
490	544
490	620
490	641
491	532
492	614
494	524
494	620
495	508
496	696
497	609
497	647
498	530
499	536
499	645
500	639
501	648
504	649
507	525
509	531
511	562
511	593
511	624
513	690
514	581
514	584
514	635
515	519
516	559
517	635
518	682
519	690
521	541
522	539
523	568
524	622
524	643
525	674
527	690
528	631
530	592
531	577
531	659
532	641
535	563
538	625
539	696
540	541
540	594
540	644
540	673
543	547
545	551
546	579
546	593
547	575
547	653
549	648
550	563
550	634
552	613
553	682
555	660
557	693
557	697
558	696
559	643
562	584
563	655
564	648
564	658
565	678
566	675
567	688
571	668
572	635
572	698
573	594
573	640
573	675
573	681
574	593
575	664
578	622
579	588
580	631
583	621
584	668
585	686
586	645
586	688
588	593
588	679
590	666
592	619
593	686
594	671
599	624
603	629
603	671
604	688
605	695
606	693
609	625
609	649
609	670
610	624
612	698
621	657
624	654
624	660
625	677
626	662
640	649
646	662
646	697
648	694
652	692
653	674
668	688
670	688
672	698
674	698
680	686
690	698