0	376
0	453
0	479
0	646
1	150
1	162
1	170
1	290
1	389
1	493
1	545
2	115
2	207
2	249
2	585
2	669
3	26
3	64
3	165
3	337
3	538
4	167
4	268
4	456
4	498
4	692
5	84
5	159
5	212
5	257
5	657
6	131
6	333
6	428
6	468
6	537
6	541
7	124
7	227
8	157
8	285
8	412
8	593
9	62
9	183
9	294
9	304
9	330
9	375
9	567
9	619
10	314
10	402
10	472
11	74
11	120
11	170
11	549
12	73
12	237
12	463
13	289
13	345
13	427
13	547
14	372
14	647
15	94
15	591
15	697
16	107
16	366
16	440
16	513
16	638
16	666
16	684
16	691
17	118
17	204
17	316
17	356
17	395
18	118
18	282
18	290
18	504
19	167
19	199
19	310
19	402
20	66
20	541
20	691
21	124
21	420
21	424
21	478
22	133
22	344
22	609
23	185
23	255
23	262
23	587
24	156
24	167
24	506
24	696
25	179
25	503
25	565
25	690
26	282
26	358
26	531
26	641
27	49
27	67
27	177
27	475
27	689
28	226
28	308
28	409
28	410
28	442
28	520
29	46
29	203
29	338
29	388
29	520
29	535
30	607
31	285
31	297
31	496
31	608
32	82
33	450
33	520
33	575
33	598
34	123
34	309
34	564
34	565
34	580
35	101
35	282
35	339
35	475
36	247
36	286
36	571
36	600
37	354
37	544
38	209
39	343
39	393
40	54
40	134
40	365
40	405
40	495
41	59
41	234
41	292
41	303
41	314
42	231
42	239
42	577
43	211
43	385
43	420
44	505
44	517
45	200
46	307
46	486
47	288
47	289
47	302
47	349
47	386
48	101
48	172
48	445
49	81
49	605
50	141
50	401
50	555
50	622
50	670
51	99
51	313
51	387
51	594
51	629
51	659
52	107
52	259
52	348
52	494
52	586
53	131
53	182
53	336
53	552
54	266
54	495
55	382
56	93
56	147
56	160
56	180
56	354
56	574
57	484
57	496
57	611
58	248
58	362
58	385
58	387
59	249
59	397
59	540
60	275
60	334
60	383
61	150
61	615
62	128
62	135
62	234
62	366
62	553
63	539
64	520
64	598
65	256
65	272
65	308
66	309
66	476
67	166
67	488
67	493
67	547
67	687
68	265
68	376
68	403
68	550
69	334
70	276
70	603
71	144
71	459
71	543
71	559
71	562
71	608
72	483
72	521
73	309
73	319
73	339
74	270
74	368
74	438
74	443
75	206
75	257
75	270
75	275
75	583
75	665
75	691
76	156
76	343
76	510
77	157
77	659
78	294
79	653
80	376
81	117
81	245
81	305
81	495
81	614
83	158
83	225
83	240
83	261
83	542
83	677
84	335
84	456
85	210
85	284
85	483
85	488
85	589
85	684
85	686
86	92
86	135
86	358
86	597
86	620
87	165
87	200
87	618
87	681
88	129
88	132
88	144
88	328
89	516
89	599
89	682
90	144
90	345
91	625
91	647
92	340
92	359
92	381
92	460
92	641
93	331
93	408
94	328
94	437
94	605
94	670
94	690
95	159
95	191
95	218
95	417
95	467
95	485
96	305
96	432
96	691
96	692
97	386
97	444
97	479
97	629
98	148
99	214
99	342
99	663
100	358
101	162
101	263
101	264
101	484
101	640
102	250
102	274
102	277
102	399
102	576
102	591
103	659
103	698
104	126
104	166
104	267
104	314
104	406
104	475
104	583
104	698
105	369
105	483
105	631
106	415
107	343
107	483
107	533
108	229
108	314
109	153
109	222
109	235
109	314
109	358
109	388
109	539
109	656
110	299
110	362
110	532
110	612
111	239
111	298
111	508
111	644
111	673
112	567
112	590
113	232
113	329
113	462
113	577
114	160
114	166
114	295
114	362
114	481
114	490
114	493
114	518
114	637
115	162
115	260
115	334
115	338
115	535
115	601
115	613
115	616
116	137
116	351
116	435
116	547
117	236
117	297
117	345
117	483
118	234
118	634
119	321
119	400
119	449
119	627
120	308
120	378
120	392
120	465
120	511
121	211
121	243
121	391
121	678
121	694
122	256
123	366
123	370
123	406
123	410
123	577
124	562
124	613
124	628
125	144
125	411
125	433
125	695
126	193
126	333
126	452
127	176
127	259
127	347
127	560
127	591
127	608
128	419
129	239
129	390
130	554
131	425
131	514
132	232
132	349
132	511
133	677
134	194
134	245
134	548
135	248
135	393
135	518
135	532
136	235
137	413
137	529
138	454
138	499
138	503
139	222
139	543
140	181
140	464
140	513
140	675
141	142
141	298
141	412
141	468
141	549
141	664
142	238
142	517
142	648
143	210
143	590
143	653
144	166
144	455
144	520
144	526
144	607
145	190
145	488
146	454
146	525
146	551
146	644
147	557
148	370
149	186
149	418
149	482
150	212
150	611
150	624
151	217
151	357
151	680
152	258
152	450
153	232
153	347
153	388
153	637
154	182
154	275
154	345
154	408
154	653
155	245
155	458
155	593
156	173
156	335
156	450
156	636
156	691
157	187
157	324
157	570
158	346
158	374
159	597
159	649
160	328
160	481
160	497
160	538
160	688
161	198
161	309
161	472
161	578
161	649
162	195
162	200
162	349
162	377
162	593
162	693
163	164
163	471
164	166
164	201
164	278
164	592
165	324
165	363
167	287
167	357
167	557
167	558
167	585
168	265
168	389
168	540
168	590
168	669
169	234
170	546
170	556
171	259
171	365
171	491
171	612
172	478
172	537
172	549
172	556
172	697
173	618
173	654
174	176
174	480
174	694
175	336
175	532
176	178
176	311
176	482
176	489
176	525
176	659
177	292
177	374
177	392
177	550
177	587
178	492
179	324
179	604
180	337
180	438
180	469
181	448
181	526
182	475
182	685
183	207
183	208
183	491
184	260
184	339
184	505
184	579
184	690
185	385
186	198
186	547
186	575
186	628
186	682
187	551
187	693
188	202
188	328
188	433
188	439
189	354
189	438
189	510
189	567
190	198
190	362
190	541
190	574
191	209
191	223
191	427
191	567
191	574
192	659
193	253
193	563
194	587
195	206
195	219
196	229
196	323
196	466
196	575
196	633
197	402
197	438
197	494
198	217
199	382
199	525
199	646
200	365
201	406
201	682
202	217
202	251
202	269
202	395
202	452
202	658
202	683
203	349
203	506
203	593
203	634
204	212
204	239
204	294
204	394
204	574
204	636
205	226
205	405
205	502
205	543
205	677
207	345
208	398
209	247
209	384
209	504
210	273
210	562
211	230
211	240
211	651
212	215
213	304
213	465
213	472
214	378
214	450
214	496
215	248
215	598
215	695
216	286
216	298
216	385
218	250
218	273
218	629
218	649
219	228
219	404
219	474
219	622
220	378
220	494
221	496
221	531
221	613
221	652
222	332
222	359
222	432
222	523
222	627
223	352
223	550
223	555
223	584
223	668
223	675
224	284
224	318
224	414
224	477
224	574
225	258
225	476
226	351
226	549
228	257
228	267
228	493
228	655
229	247
229	280
229	348
229	542
229	668
230	372
230	490
231	486
231	601
231	647
231	661
232	288
232	306
232	375
233	668
233	692
234	291
234	344
234	358
234	376
234	476
234	525
235	251
235	488
236	355
236	457
236	506
236	637
237	272
237	285
237	474
237	487
237	567
238	290
238	475
238	534
238	669
239	287
239	339
239	457
239	546
240	344
240	519
241	327
242	418
242	575
243	284
243	445
243	559
243	576
244	371
244	406
244	453
244	547
244	588
244	624
244	667
245	420
245	521
245	533
245	631
246	437
246	539
246	562
246	652
247	562
247	676
248	416
248	442
248	527
249	396
249	655
250	414
250	635
251	429
251	459
252	471
252	479
253	287
253	416
253	421
253	653
253	696
254	300
255	446
255	544
255	577
255	603
256	346
256	452
256	501
257	481
257	655
257	669
258	284
258	289
258	398
258	532
259	303
259	409
260	540
261	554
261	620
262	597
262	622
262	669
263	324
263	346
263	423
263	539
263	677
265	383
265	397
265	485
265	507
265	527
265	552
265	642
265	668
266	340
266	552
267	335
267	336
267	486
267	523
267	554
267	611
267	672
268	346
269	408
269	446
269	572
269	650
271	432
271	535
272	298
272	491
272	657
273	623
274	396
275	405
275	610
278	318
278	411
278	475
278	670
279	495
280	281
280	685
281	472
281	571
281	618
282	345
282	370
282	372
282	572
282	588
283	338
283	424
284	348
284	552
285	413
285	461
285	616
286	683
287	291
287	299
288	662
289	371
289	385
289	548
289	627
290	324
290	345
290	479
290	647
290	687
291	600
291	625
292	465
293	373
293	616
294	298
295	515
295	646
296	433
296	458
297	583
298	437
298	570
299	318
299	333
299	415
300	329
300	566
300	666
300	678
301	354
301	538
301	637
301	670
302	317
302	341
302	486
302	518
303	330
303	666
303	686
304	431
304	687
305	487
305	528
305	574
305	586
306	459
306	491
306	534
306	550
306	577
308	448
308	479
308	486
308	684
309	366
309	572
310	456
310	568
310	648
310	683
311	503
311	592
312	329
312	341
313	655
314	376
314	515
314	605
315	557
316	469
316	539
317	486
317	644
318	436
318	453
318	504
318	535
318	570
318	667
319	320
319	473
320	379
320	521
321	611
322	394
322	699
323	474
323	619
323	692
324	425
324	458
324	564
324	585
324	677
325	632
326	550
328	405
328	494
328	560
329	354
329	438
329	686
330	483
331	492
332	462
333	438
333	470
333	616
334	387
334	629
335	382
335	562
335	618
335	648
336	435
336	492
336	668
337	675
338	347
338	375
338	472
338	648
339	446
339	571
340	460
342	380
342	574
342	680
343	619
343	661
344	370
345	468
345	506
346	578
347	359
347	379
347	645
348	592
348	696
349	696
350	676
351	417
351	661
352	460
352	582
352	687
353	629
354	456
354	557
354	677
355	400
355	581
356	436
356	617
357	445
357	548
357	662
358	549
358	601
358	674
359	406
359	582
359	635
360	575
361	545
361	677
362	575
362	664
362	688
363	545
364	546
365	434
366	552
366	620
367	369
368	394
368	452
369	610
370	417
370	495
371	377
371	485
371	530
371	670
372	651
373	499
374	539
374	570
374	682
375	565
375	680
376	430
376	558
377	625
378	592
380	674
381	571
381	600
382	389
382	666
384	389
385	418
385	481
386	520
387	456
387	469
387	500
387	509
387	568
387	698
388	618
389	522
389	622
389	639
389	644
389	693
390	559
390	608
391	647
391	661
391	686
392	484
392	557
392	585
392	596
393	577
393	660
394	470
394	507
394	665
395	484
396	499
396	553
397	537
397	664
398	428
399	477
399	504
399	658
400	455
400	590
401	420
401	507
401	554
401	655
402	508
402	556
403	447
404	437
404	505
404	523
404	687
405	488
405	587
405	662
405	668
406	553
406	654
407	536
408	474
408	503
408	527
409	653
409	680
409	683
410	417
410	611
410	692
411	483
411	533
412	555
412	564
412	660
413	476
414	552
414	683
415	457
415	586
415	649
415	676
416	640
417	450
417	452
417	525
417	594
418	505
418	654
419	504
420	447
420	651
422	635
424	620
425	500
425	507
425	518
425	665
425	695
426	446
426	471
426	616
430	696
431	477
433	507
433	607
433	675
434	502
434	511
434	577
436	446
436	451
437	513
438	643
441	535
441	637
442	532
443	624
444	532
444	565
445	447
445	475
445	660
446	511
447	521
447	525
450	470
452	460
452	544
452	655
453	544
454	460
455	470
455	530
455	571
456	580
456	621
456	688
457	573
459	512
459	569
460	584
462	515
464	546
464	598
465	516
465	682
466	591
466	664
466	686
468	490
468	619
468	652
468	688
469	588
470	610
471	664
472	495
472	503
472	600
472	610
472	679
473	644
474	543
476	517
476	550
477	675
477	698
479	517
479	595
480	503
480	586
480	665
481	602
481	694
484	677
486	635
487	625
489	511
489	694
490	662
491	620
492	565
492	612
493	564
494	495
494	512
495	525
495	690
496	651
497	665
498	555
498	628
499	638
500	548
501	552
501	553
501	556
502	543
503	565
503	618
503	671
505	545
505	660
505	681
506	528
507	638
508	675
509	698
510	558
510	629
513	571
514	544
517	545
517	554
517	605
518	602
519	566
520	571
521	673
524	567
525	530
525	533
525	677
529	654
531	598
532	559
534	602
535	576
535	693
536	637
537	605
539	606
540	562
540	675
546	623
546	639
546	699
547	561
547	594
547	646
548	591
549	626
550	689
552	679
553	697
554	669
554	676
555	583
555	595
555	607
557	670
563	636
563	661
566	641
568	593
571	699
572	577
572	650
572	667
574	591
574	649
575	680
576	593
576	675
577	625
578	608
579	631
580	620
580	657
580	671
580	691
580	694
581	582
583	676
584	628
585	614
585	671
589	592
589	628
593	631
597	602
597	670
599	650
600	632
602	610
602	633
602	644
602	689
605	646
606	615
607	631
610	660
615	628
615	689
616	666
618	659
619	653
621	651
621	683
625	626
626	672
628	695
629	688
629	689
630	679
643	656
648	695
650	658
651	676
652	678
656	699
663	669
664	668
666	681
672	693
681	694