0	74
0	315
0	436
0	563
0	608
1	613
1	680
2	342
2	432
2	527
2	580
2	653
3	228
4	187
4	273
5	155
5	198
5	698
6	159
6	349
6	399
6	466
6	501
6	526
6	608
7	224
7	420
7	656
8	283
9	237
9	383
10	33
10	579
10	601
11	39
11	473
11	573
11	652
12	31
12	79
12	103
12	286
12	508
12	600
13	44
13	160
13	172
13	390
13	547
14	282
14	335
14	626
15	173
15	227
15	358
15	591
16	326
16	447
17	34
17	219
17	250
17	378
17	410
18	220
18	401
18	643
18	686
19	285
20	343
20	468
20	558
21	60
21	190
21	480
22	87
22	120
22	198
22	582
23	203
23	296
23	321
23	399
23	521
23	699
24	101
25	194
25	633
26	43
27	72
27	348
27	488
28	538
29	550
30	209
30	328
30	690
31	72
31	504
32	37
32	102
32	128
32	200
32	371
32	600
32	613
32	647
33	302
33	303
33	408
33	474
33	513
34	87
34	153
34	351
35	57
35	90
35	117
35	120
35	227
35	338
35	364
35	454
35	682
36	183
36	201
36	291
36	301
37	97
37	245
37	461
37	591
38	229
38	556
38	647
39	95
39	134
39	397
39	522
39	696
40	390
41	278
42	186
42	209
42	580
43	233
43	565
43	619
44	61
44	403
45	344
45	355
45	467
45	559
46	212
46	277
46	336
46	481
46	539
47	188
47	256
47	280
47	425
47	427
48	99
48	454
48	486
48	683
49	420
49	622
49	693
50	280
50	313
50	351
51	85
52	78
52	124
52	491
52	592
52	649
53	110
53	300
53	397
53	562
54	65
54	68
54	209
54	368
54	491
55	201
55	349
55	527
55	643
56	326
56	504
56	694
57	459
57	496
58	468
58	572
58	603
59	106
59	331
59	369
59	402
60	129
60	510
61	359
61	414
61	461
62	68
62	134
62	522
62	526
62	562
63	176
63	280
63	568
64	189
64	204
64	682
65	73
65	395
65	404
65	420
66	88
67	480
67	563
67	606
68	216
68	261
68	469
68	646
69	116
69	120
69	190
69	438
69	484
70	259
70	450
70	544
70	626
71	86
71	360
71	526
72	189
72	371
72	514
72	580
72	595
73	206
73	360
73	542
73	596
73	633
74	89
75	356
75	463
75	592
76	251
76	657
76	659
77	189
77	382
77	399
78	124
78	399
78	543
79	169
79	315
79	517
80	83
80	119
80	210
80	276
80	633
81	356
81	373
82	85
82	191
82	293
82	325
82	390
82	424
82	537
82	595
83	312
83	368
83	442
84	143
84	246
84	479
84	519
85	401
85	580
85	642
86	112
86	171
86	442
87	122
87	230
87	231
87	286
87	409
87	528
87	578
87	630
88	438
88	609
88	612
89	225
89	679
90	158
90	557
90	580
90	584
90	619
90	641
90	678
91	99
92	231
93	453
94	111
94	693
95	414
95	502
96	338
96	457
96	680
97	259
97	397
97	505
97	572
97	605
98	157
98	191
99	176
99	362
99	393
99	572
100	547
101	426
101	534
101	647
102	395
103	104
103	105
103	540
104	131
104	173
104	176
104	189
104	195
104	282
104	498
104	689
105	569
105	605
105	621
106	257
106	415
106	494
107	141
107	412
108	428
108	472
108	566
108	568
108	631
108	684
109	197
109	348
110	418
110	589
111	126
111	153
111	232
112	129
112	149
112	251
112	578
113	386
113	416
114	155
114	340
114	462
114	483
114	627
114	647
115	231
115	243
115	267
115	490
116	263
116	354
117	127
117	198
117	246
117	280
117	452
117	528
118	429
118	472
118	594
119	666
119	667
120	377
120	508
120	593
120	610
121	168
121	212
121	400
121	402
121	615
121	673
122	140
122	590
122	596
123	447
123	639
124	192
124	287
124	420
125	287
125	400
125	573
126	234
126	415
126	441
126	500
126	663
127	234
127	588
128	293
128	311
128	370
128	420
128	443
128	664
129	515
130	165
130	292
130	459
130	464
130	519
130	535
130	577
130	621
131	297
131	349
131	368
132	408
132	430
132	646
133	317
133	384
133	446
133	499
133	611
134	476
134	522
134	581
134	611
134	634
135	352
136	164
136	396
136	520
136	523
136	635
137	387
138	175
138	244
138	291
138	365
138	420
139	418
140	534
140	602
141	216
141	597
141	672
142	159
142	223
142	240
142	304
142	500
142	666
143	353
144	259
144	415
144	659
145	252
145	467
145	517
146	155
146	482
146	524
147	325
147	569
148	435
149	271
149	329
149	342
149	531
149	568
150	457
150	467
150	517
150	541
151	331
151	362
151	454
151	503
152	219
152	350
152	514
152	633
153	188
153	360
153	544
153	589
154	229
154	310
154	451
154	579
155	316
155	320
156	290
156	498
156	691
157	224
158	182
159	618
160	217
160	292
160	506
161	526
162	331
162	416
162	550
162	583
163	330
164	165
164	306
164	357
164	502
164	611
165	242
165	443
165	566
165	583
166	269
166	588
166	597
167	323
167	344
167	575
168	199
168	431
168	687
169	244
169	468
169	631
170	276
170	447
170	534
170	632
171	453
171	517
171	570
171	654
172	254
172	320
172	485
173	181
174	527
175	304
175	345
175	536
176	315
177	361
177	487
177	507
178	568
178	627
179	188
179	316
179	653
180	284
181	375
181	470
181	474
181	514
182	450
182	634
182	697
183	278
183	446
183	586
184	669
185	285
185	670
186	339
186	697
187	407
187	431
187	533
187	678
188	258
188	511
188	675
189	248
189	645
190	199
190	452
191	333
191	491
191	684
193	546
193	574
193	620
193	661
194	652
195	256
195	589
196	231
196	335
196	398
197	574
197	693
198	206
198	242
199	353
200	299
200	353
200	523
201	260
201	415
201	458
202	368
202	553
202	627
203	573
203	586
204	436
204	572
205	355
205	367
205	380
205	482
205	513
205	630
206	312
206	325
206	429
206	587
206	603
207	256
207	430
207	435
208	692
210	269
210	298
210	337
210	461
210	527
210	620
211	218
211	305
211	469
211	521
211	558
211	590
211	650
212	220
212	323
212	581
213	218
213	440
213	475
213	513
213	516
214	268
214	625
215	454
215	486
215	558
215	687
216	239
216	312
216	624
216	680
217	273
217	275
217	550
217	682
218	305
218	465
218	515
218	554
219	241
219	282
219	433
219	567
220	358
220	448
220	585
221	304
221	552
221	599
221	671
222	273
222	380
222	659
223	363
223	415
224	398
225	282
225	360
225	392
225	494
226	280
226	360
226	558
226	559
226	564
226	567
228	235
228	340
228	359
229	374
230	299
230	559
233	251
233	350
233	400
233	472
233	651
234	238
234	584
235	432
236	351
236	550
236	582
236	624
236	636
238	667
238	675
239	392
239	397
239	519
239	535
239	616
240	495
240	553
241	425
241	489
241	574
241	600
241	630
242	269
242	296
242	381
242	389
243	584
244	477
245	293
245	387
245	421
245	685
246	278
247	268
247	329
247	398
248	377
248	523
248	641
249	321
249	337
249	413
249	554
249	555
250	537
250	565
250	641
251	356
251	430
252	289
252	324
252	569
252	627
253	506
254	637
255	303
255	336
255	411
255	587
256	526
256	658
257	317
257	413
257	682
258	576
259	332
259	629
260	409
260	466
260	696
261	431
261	539
262	267
262	428
262	474
262	541
263	344
263	419
263	454
263	526
263	599
264	387
264	457
264	586
265	286
265	488
265	607
265	679
265	684
266	395
266	428
266	510
266	516
266	537
267	268
267	652
268	549
268	606
269	275
269	291
269	365
269	543
269	608
269	648
270	289
270	341
270	530
271	412
272	547
273	315
273	506
273	694
274	484
274	557
275	416
275	485
276	317
276	379
276	622
276	657
276	673
277	326
277	611
278	304
278	517
278	637
279	525
279	615
280	338
280	458
280	563
281	460
281	692
282	446
283	396
283	698
285	307
285	382
285	411
285	587
285	601
286	427
286	627
288	506
289	345
289	410
289	489
289	626
289	663
290	315
290	336
290	360
290	456
290	514
290	518
291	365
291	432
291	619
291	632
291	634
292	336
292	429
293	589
294	397
294	540
295	461
295	510
295	572
295	665
295	699
296	333
296	381
297	548
297	553
298	337
299	474
299	493
300	331
300	503
300	668
301	571
301	625
301	659
303	383
303	451
303	663
303	680
304	441
304	481
304	528
305	351
305	485
305	593
306	688
307	323
307	370
307	532
308	445
308	533
309	523
309	602
309	604
310	399
310	573
310	627
310	668
311	368
312	336
312	582
313	435
314	390
314	407
314	496
315	399
315	439
316	386
316	408
316	520
316	543
316	613
316	691
317	382
317	467
317	469
317	673
318	599
318	662
319	648
320	366
320	372
320	529
320	569
321	372
321	415
322	641
323	603
324	402
324	429
324	517
324	670
325	569
325	695
326	400
326	431
326	534
327	394
327	449
328	404
328	579
329	336
329	362
329	433
329	646
330	612
330	654
331	409
331	658
331	682
332	646
332	697
333	521
333	530
334	576
335	418
335	592
336	358
336	385
336	451
336	469
336	489
337	393
337	470
337	590
337	632
338	363
338	659
339	401
339	519
339	609
340	504
340	541
340	640
341	346
342	511
342	657
343	408
343	554
344	528
345	387
345	620
346	452
346	549
346	574
346	652
347	603
347	644
348	489
348	517
348	602
348	648
348	652
348	678
349	435
349	538
349	567
349	627
349	678
350	367
350	541
351	387
351	506
351	521
351	570
352	473
352	619
353	545
353	565
353	666
354	507
356	442
356	556
357	405
357	411
357	505
359	428
359	437
359	571
360	509
360	583
360	602
361	504
361	538
361	617
362	473
362	580
362	606
363	390
364	506
364	590
365	641
366	470
366	572
366	682
367	372
367	469
367	639
368	484
368	575
368	662
369	544
369	569
369	571
369	580
369	585
370	425
370	586
370	587
370	695
373	447
373	546
374	452
374	621
375	654
375	687
376	399
376	422
377	607
377	618
377	649
377	658
378	388
379	388
379	459
379	506
380	578
380	695
382	472
382	586
384	658
385	396
386	621
387	489
387	555
387	615
387	616
388	610
388	656
390	586
390	662
391	614
393	675
394	403
394	506
394	652
395	513
395	557
396	419
396	489
396	607
397	592
397	632
398	405
400	603
400	649
401	478
404	526
406	563
406	653
407	564
407	613
407	634
407	652
409	547
409	641
410	440
410	466
410	628
413	494
414	450
414	485
414	617
414	658
415	632
415	637
417	464
417	494
417	502
418	501
418	565
419	676
420	424
421	424
421	442
421	451
421	592
421	666
422	619
423	453
424	468
424	660
424	663
425	520
425	688
426	485
428	531
429	540
429	603
429	616
429	681
430	614
430	670
431	458
431	529
431	590
431	644
432	585
432	668
432	669
433	504
433	674
434	665
435	483
435	551
436	468
436	516
436	573
436	609
436	688
438	447
440	493
441	525
442	647
443	556
444	480
444	600
444	641
445	546
446	519
446	635
447	636
448	560
448	597
448	667
449	606
449	635
449	645
450	462
450	520
450	679
451	553
451	567
451	644
452	541
452	607
453	538
453	615
454	623
454	669
455	656
458	634
458	648
458	671
460	462
460	565
461	524
461	553
462	578
463	524
464	495
464	647
466	540
466	598
466	606
467	596
467	618
468	574
468	634
469	566
471	622
472	656
474	631
474	672
477	570
477	642
477	684
479	502
479	645
480	592
480	698
481	505
482	674
486	540
488	492
489	557
490	666
491	557
493	548
493	575
493	691
494	568
494	655
496	638
497	675
498	679
499	589
499	671
502	504
502	598
503	670
504	533
504	547
506	645
506	651
507	557
507	580
507	592
508	569
511	657
512	646
512	677
513	556
513	669
515	554
515	657
516	607
516	681
517	584
517	672
519	699
520	622
520	659
520	697
521	546
521	619
521	681
522	587
522	629
523	584
524	568
526	543
526	656
528	672
528	697
529	622
529	637
529	681
530	606
530	686
533	623
533	643
534	550
534	577
534	696
535	582
535	663
535	698
536	609
536	638
536	657
537	632
538	584
539	629
540	595
542	698
543	591
543	651
543	665
547	584
547	645
548	568
548	587
548	592
548	602
553	569
554	556
554	593
555	631
557	671
558	653
558	681
561	674
562	694
563	698
564	573
566	587
566	641
570	656
571	573
572	615
573	650
575	604
575	685
576	581
576	583
576	610
577	629
578	626
580	599
585	613
585	641
585	645
586	641
588	629
591	613
594	660
594	677
595	675
597	691
599	602
599	693
600	694
601	680
602	608
603	638
605	623
607	650
611	677
619	640
619	681
625	685
627	640
630	696
632	671
633	686
634	647
635	684
635	691
637	683
642	650
649	696
655	658
655	659
658	667
670	695
673	679