0	118
0	232
0	544
0	551
0	590
1	487
2	293
3	106
3	166
3	557
4	50
4	92
4	145
4	333
4	493
5	282
5	309
5	334
5	534
5	686
6	37
6	295
6	442
6	608
7	14
7	83
7	108
7	117
7	151
7	175
7	252
7	369
7	519
8	80
8	120
8	224
8	261
8	371
9	22
9	89
9	311
9	617
9	690
9	698
10	504
10	638
11	314
11	321
11	673
11	685
11	690
12	125
12	201
12	229
12	292
13	295
13	478
14	383
14	584
14	640
14	694
15	118
15	190
15	293
15	410
16	78
16	121
16	191
16	382
16	435
17	108
17	170
18	267
18	362
18	552
18	648
19	20
19	406
19	431
19	649
20	63
20	226
20	294
20	645
21	285
21	390
22	25
22	399
22	501
22	696
23	133
23	196
23	356
23	546
23	621
24	408
25	222
25	332
25	364
25	415
25	616
26	444
26	475
27	89
27	294
27	392
27	484
28	37
28	103
28	133
28	254
28	301
28	430
28	545
28	547
28	628
29	505
30	149
30	156
30	211
30	316
30	502
31	651
32	265
32	375
32	454
33	404
33	646
34	302
34	433
34	492
34	635
34	649
35	174
35	199
36	178
36	184
36	653
37	466
38	514
38	620
39	124
39	137
39	154
39	207
39	220
39	559
40	120
41	162
41	315
41	544
42	159
42	186
42	231
42	359
42	492
42	589
42	596
43	62
43	201
43	462
44	164
44	402
44	407
44	512
45	144
45	205
45	390
45	516
45	699
46	365
47	99
47	238
48	201
48	299
48	446
49	93
49	235
49	437
49	537
49	562
50	332
50	427
50	663
51	88
51	121
51	402
51	407
51	584
52	478
52	640
53	103
53	169
53	404
53	457
53	489
54	74
54	577
55	143
55	192
55	501
55	540
56	171
56	353
56	354
56	363
57	123
57	183
57	229
57	247
57	481
57	610
57	619
57	636
58	242
58	652
59	542
59	570
59	639
60	242
60	273
60	278
60	695
61	69
62	161
62	229
62	237
62	308
62	316
62	355
62	374
63	263
63	308
63	328
63	428
63	544
64	66
64	629
65	329
65	430
65	684
66	78
66	341
66	370
66	428
66	469
67	164
67	312
67	684
68	459
68	489
68	630
68	660
69	247
69	278
70	92
70	133
70	241
70	393
70	421
71	82
71	158
71	389
71	439
71	513
72	398
72	696
73	190
73	467
73	616
74	117
74	147
74	332
74	624
75	300
75	318
75	349
75	515
76	183
76	324
76	341
77	509
78	133
78	211
78	239
78	412
78	433
78	681
79	189
79	242
79	552
79	559
79	690
80	281
80	351
80	580
81	115
81	155
81	642
82	151
82	211
82	374
82	477
82	651
83	212
83	247
83	595
84	161
84	589
85	170
85	235
85	328
86	129
86	146
86	241
86	389
86	415
86	544
86	658
87	100
87	253
87	451
87	642
88	330
88	409
88	488
88	521
88	553
88	572
88	630
89	185
89	376
89	657
90	225
90	280
90	289
90	317
90	462
90	671
91	245
91	510
91	571
91	659
92	346
92	361
93	235
93	681
94	167
94	169
94	220
94	238
94	634
95	431
95	478
95	677
96	153
96	307
96	464
96	515
96	607
96	663
97	443
97	508
97	686
98	144
98	256
98	319
98	431
98	507
98	693
99	507
99	535
99	616
100	126
100	454
100	513
100	583
101	156
101	489
101	515
101	527
102	495
103	480
104	156
104	163
104	373
105	203
105	381
105	636
106	288
107	212
107	517
107	522
108	461
108	662
109	279
109	344
110	392
110	579
110	642
111	247
111	276
111	411
111	665
112	284
112	449
113	245
113	356
113	360
113	594
114	284
114	358
114	520
115	186
115	197
115	247
115	291
116	222
116	664
117	154
117	277
117	295
117	334
117	347
117	471
117	575
118	272
118	411
118	506
119	347
119	517
120	157
120	166
120	389
120	522
120	623
120	653
121	419
121	491
121	499
121	514
121	699
122	196
122	344
122	463
122	468
122	476
122	489
123	191
123	279
123	472
123	501
124	153
124	228
124	279
124	289
124	406
125	364
125	527
125	533
126	536
127	215
127	228
127	318
127	425
127	581
128	264
128	273
128	281
128	296
128	367
129	339
129	490
129	684
130	268
130	667
131	288
132	208
132	276
133	422
133	500
134	260
134	373
134	505
134	573
134	579
134	589
135	381
135	405
135	572
135	605
135	647
136	174
136	287
136	391
136	577
137	319
137	339
137	345
138	189
138	602
139	179
139	211
139	368
140	155
140	659
141	310
141	445
141	489
142	146
142	226
143	277
143	314
143	395
143	514
144	410
144	655
145	263
145	437
145	446
145	497
145	576
146	185
146	191
146	549
147	209
147	217
147	384
147	679
148	182
148	212
148	408
148	471
150	430
150	455
151	197
151	539
151	589
151	657
152	244
152	257
152	611
153	215
153	479
153	487
153	550
154	290
154	443
154	495
155	436
155	522
155	613
155	673
156	338
156	547
156	591
157	522
157	610
158	305
158	530
158	635
159	244
160	274
161	244
161	473
162	475
163	224
163	300
163	392
164	271
164	360
165	340
165	360
165	445
166	618
167	312
167	633
168	221
168	370
169	340
170	231
170	244
170	326
170	350
170	468
171	630
172	639
173	282
173	290
173	493
173	674
174	210
174	365
174	656
175	353
175	394
175	516
176	195
176	385
176	403
176	590
177	468
177	623
178	263
178	398
178	479
178	525
178	660
179	261
180	229
180	645
181	287
181	467
181	699
182	197
182	435
182	492
183	263
183	402
183	435
183	693
183	694
184	338
184	564
185	240
185	305
185	660
186	197
186	272
186	475
186	515
187	407
188	218
188	359
188	473
188	494
188	502
188	632
188	644
189	194
189	228
189	389
189	681
190	206
190	284
190	509
190	528
190	621
190	646
190	649
191	266
192	278
192	316
192	453
192	619
193	606
193	655
194	360
195	222
195	270
195	482
196	237
196	326
196	396
196	618
196	654
196	678
197	233
197	323
197	340
197	674
198	513
199	363
199	400
199	402
199	648
199	689
200	256
201	302
201	317
201	432
201	549
201	570
201	664
202	384
202	467
204	342
204	388
204	561
205	234
205	350
205	356
205	588
206	241
206	476
207	480
207	632
207	665
208	590
209	348
209	398
209	552
209	695
210	334
210	658
211	240
211	313
211	661
212	414
213	240
213	538
213	642
214	215
214	657
215	323
215	425
215	575
216	266
216	326
216	347
216	428
217	394
217	492
217	514
218	316
218	479
219	302
219	319
221	468
221	508
221	533
221	648
221	656
222	296
222	323
222	424
222	576
222	656
223	254
223	318
224	301
224	479
224	600
224	656
225	323
226	233
226	347
226	479
226	662
226	665
226	678
227	349
227	691
228	427
228	448
228	608
229	599
230	289
230	585
231	316
231	357
231	453
232	333
232	364
232	492
232	494
232	634
233	366
233	386
233	423
234	694
235	257
235	289
235	329
235	543
235	562
235	618
235	662
235	667
236	297
236	441
236	647
237	534
238	309
238	330
238	613
238	621
239	296
239	413
239	544
239	553
240	563
240	651
240	678
241	259
241	432
241	573
241	657
242	472
242	483
242	535
242	580
243	478
243	682
244	346
244	677
244	689
245	502
245	610
245	629
246	631
247	397
247	476
247	542
247	693
248	440
248	616
248	646
249	415
250	326
250	452
250	598
250	601
251	315
251	436
251	459
252	512
253	367
253	452
253	546
253	551
253	587
253	605
253	619
255	323
255	337
255	566
256	289
256	339
256	440
256	523
256	608
257	263
257	287
257	310
257	500
257	515
258	411
259	299
259	368
259	523
260	653
261	319
261	529
262	423
262	513
263	278
263	282
263	306
263	445
263	494
264	581
264	633
265	366
265	373
265	618
265	662
266	376
267	289
267	477
267	507
268	476
269	659
270	402
270	499
270	651
271	316
271	407
271	493
272	398
272	569
273	379
273	630
273	668
274	687
275	359
277	548
278	451
279	451
279	591
279	691
280	434
280	478
280	544
280	612
280	631
280	668
282	467
282	500
282	602
283	464
283	522
283	647
284	355
284	359
284	412
284	451
284	569
285	447
285	475
285	647
286	618
286	626
286	677
287	333
287	401
288	307
288	354
288	376
288	436
288	543
288	556
288	616
288	685
289	347
289	484
289	564
289	618
290	329
290	497
291	310
291	331
291	436
292	344
292	386
292	397
292	475
293	300
293	507
293	677
295	305
295	437
295	458
295	631
296	378
296	449
296	632
296	637
296	640
297	351
297	554
298	461
298	587
298	634
298	683
299	630
299	676
300	626
300	658
301	317
302	455
302	486
302	556
303	384
303	443
304	516
305	312
305	579
306	383
306	390
306	634
306	672
307	387
307	580
308	341
308	393
309	463
309	470
309	577
310	551
311	394
311	571
311	613
312	579
313	347
313	683
314	461
314	665
314	669
314	697
315	321
315	424
315	456
315	489
315	637
315	680
316	331
316	446
316	669
317	406
317	683
318	578
318	658
319	334
319	625
320	429
320	534
321	410
321	502
321	669
322	498
322	586
323	340
324	408
324	458
324	467
325	501
325	537
326	440
326	492
326	506
326	573
326	594
326	658
327	442
328	345
328	635
328	670
329	565
329	576
329	672
331	592
331	624
332	688
334	379
334	448
334	554
334	633
335	363
335	523
336	418
336	479
337	363
337	394
338	541
338	581
338	586
339	619
339	622
340	576
341	420
342	372
342	376
342	623
343	387
343	686
344	386
344	447
344	477
345	391
345	513
345	664
346	504
346	566
347	350
347	351
347	469
348	360
348	376
349	433
349	654
350	416
350	463
350	476
351	657
352	438
352	474
353	541
353	602
353	688
353	691
355	507
355	622
356	372
356	433
356	456
356	641
356	643
356	695
357	478
357	571
357	604
358	487
358	639
359	481
359	650
361	524
362	377
362	455
362	458
364	439
364	587
364	651
365	417
366	491
366	632
366	652
367	545
367	563
368	477
368	536
369	406
369	484
369	660
370	484
371	406
373	534
373	667
375	458
375	460
376	527
376	548
376	650
377	387
377	580
377	609
378	436
379	532
379	642
380	642
380	659
380	679
381	479
381	628
381	651
382	486
383	530
384	550
384	552
384	605
385	524
385	534
385	556
387	492
389	515
389	677
391	419
391	642
392	484
394	588
394	635
395	504
395	676
396	650
397	626
398	438
398	614
399	451
399	610
400	491
402	410
402	614
402	688
403	434
403	585
403	589
403	659
405	482
405	656
406	420
406	519
408	536
410	478
410	603
410	651
411	452
411	498
412	435
412	698
413	540
415	501
415	535
415	610
416	426
417	533
417	628
418	468
418	499
418	564
418	623
418	698
419	455
419	481
419	507
420	635
420	643
420	644
423	564
423	685
424	500
424	507
424	550
424	553
424	698
426	668
426	696
427	659
428	447
428	476
428	683
429	450
429	458
429	656
430	659
430	666
431	502
432	497
433	459
433	579
433	609
433	698
434	461
434	566
434	638
434	672
435	635
436	688
438	462
438	495
438	580
438	587
439	537
443	681
444	522
444	528
445	514
445	621
445	661
446	563
446	656
446	659
447	473
448	592
449	620
451	513
451	689
452	466
452	660
453	527
453	682
454	674
454	684
456	578
456	622
457	649
457	690
458	542
458	599
458	641
459	492
459	547
459	680
462	483
462	513
462	579
464	685
465	554
466	545
466	694
467	482
467	503
467	516
468	512
468	522
468	682
469	605
470	568
471	567
472	584
472	657
473	504
473	673
473	693
475	613
477	514
477	671
478	506
479	488
479	508
479	509
479	520
479	606
479	667
480	520
480	608
480	616
480	657
482	566
482	663
483	673
484	670
485	581
486	631
486	687
489	548
492	686
493	650
494	514
494	645
494	652
496	541
496	698
497	547
497	677
498	507
499	505
499	582
499	583
499	597
499	610
499	615
500	574
502	554
502	578
502	695
504	507
504	659
505	677
506	591
506	635
509	558
509	592
511	599
511	657
512	579
512	683
514	560
514	627
516	670
516	693
518	642
519	621
520	599
521	655
523	527
526	584
528	601
529	666
531	677
533	570
534	561
534	571
534	638
535	652
536	618
542	568
543	632
543	690
544	556
544	568
545	625
547	621
549	602
551	562
553	615
554	649
555	596
555	642
555	644
556	560
556	640
557	594
560	584
561	688
562	628
562	655
563	596
564	665
565	683
566	571
566	618
566	665
569	656
570	627
570	698
572	651
572	674
577	685
579	616
582	599
585	685
586	591
593	608
593	619
598	642
598	646
599	698
600	687
606	693
611	666
613	654
614	636
615	651
618	626
620	662
621	622
621	641
622	638
627	644
632	661
640	685
643	696
644	692
645	669
645	678
648	670
651	668
654	672
655	688
662	675
665	693
668	676
668	683
673	678
673	691
677	696
678	679
687	698
688	689
690	694