0	198
0	293
1	19
1	173
1	235
1	566
1	651
2	204
2	472
2	670
3	9
3	227
3	265
3	291
3	405
3	667
4	252
4	258
4	303
4	422
4	621
5	98
5	281
5	430
5	490
5	626
5	682
5	690
6	95
6	609
6	686
7	136
7	146
7	278
7	297
7	513
7	612
7	635
8	148
8	261
8	362
8	472
8	680
9	43
9	47
9	176
9	247
9	260
10	114
10	171
10	195
10	243
10	363
10	416
10	506
11	48
11	226
11	592
12	224
12	529
13	212
13	250
13	278
13	448
13	562
13	602
14	53
14	322
14	546
14	572
15	224
15	353
15	548
15	594
15	634
15	641
16	163
16	414
16	539
16	561
17	45
17	152
17	372
17	489
17	621
18	66
18	182
18	206
18	438
18	460
18	612
19	458
19	512
19	588
19	632
20	169
20	308
20	313
20	338
20	559
20	643
20	647
20	679
21	126
21	205
21	520
21	531
21	537
22	61
22	218
22	306
22	462
22	629
23	210
23	318
23	631
24	313
24	385
24	448
25	374
25	478
25	559
25	657
26	182
26	699
27	389
27	522
27	662
27	685
28	144
28	168
28	372
28	380
28	586
28	697
29	57
29	143
29	251
30	481
30	699
31	411
32	214
32	613
33	88
33	266
33	671
34	695
35	78
35	86
35	316
35	372
35	682
36	166
36	384
36	426
36	466
36	487
37	81
38	407
38	433
38	665
39	394
39	662
40	59
40	159
40	298
40	566
40	590
41	174
41	341
41	632
42	217
42	280
42	378
43	362
43	521
44	99
44	115
44	131
45	496
45	532
45	549
46	220
46	277
46	289
46	611
47	404
47	648
48	78
48	140
48	150
48	446
48	585
48	612
49	376
50	86
50	105
50	152
50	164
50	314
50	414
50	477
50	478
50	490
50	510
51	256
51	375
52	58
52	97
52	237
52	261
52	279
52	411
52	652
53	213
53	282
53	636
53	642
54	60
54	415
54	590
54	615
55	348
55	431
56	219
56	434
56	509
56	539
56	650
57	62
57	304
57	668
58	343
58	367
58	642
58	696
59	119
59	139
59	566
59	652
59	699
60	98
60	221
60	346
60	653
61	267
61	427
61	483
61	521
61	563
61	581
62	79
62	83
62	208
62	259
62	433
62	470
62	526
63	175
63	195
63	264
63	281
64	108
64	162
64	231
64	266
64	272
64	463
65	99
66	290
66	450
66	621
67	104
67	483
67	622
68	274
68	363
68	375
68	611
69	231
69	261
69	317
69	362
69	655
70	196
70	246
70	261
70	430
70	447
70	501
70	513
70	570
70	687
70	690
71	114
71	131
71	486
71	634
72	227
72	302
72	546
72	552
72	612
72	691
73	100
73	547
73	570
73	660
73	677
74	124
74	364
74	497
74	667
75	167
75	240
76	133
76	204
76	455
77	231
77	663
79	125
79	223
79	248
79	424
79	457
79	648
80	100
80	148
80	230
80	291
80	640
81	229
81	400
81	501
81	557
82	249
83	168
83	228
83	284
83	572
83	692
84	118
84	287
84	343
84	396
84	402
84	488
84	637
85	144
85	532
86	137
86	379
86	403
86	597
87	235
87	241
87	242
87	262
87	356
87	410
87	588
87	602
87	662
88	371
88	548
88	630
89	161
89	275
89	363
89	410
89	427
89	457
89	466
89	531
90	485
90	565
91	158
92	146
92	302
92	322
92	457
93	110
93	265
93	438
93	469
94	129
94	149
94	196
94	214
94	521
94	533
94	623
95	285
95	321
95	431
95	674
96	168
96	387
96	413
96	530
96	619
97	330
98	241
98	305
98	320
98	630
99	273
99	278
99	354
99	583
100	226
100	236
100	326
100	359
101	289
101	381
102	191
102	222
102	509
103	184
103	387
103	591
103	640
104	579
104	676
105	383
105	450
106	221
106	292
106	374
106	568
106	608
107	638
108	146
108	275
108	336
108	509
108	657
109	261
109	272
109	340
109	429
109	634
109	696
110	588
111	129
111	512
111	606
111	699
112	208
112	419
112	560
113	293
113	365
113	432
113	465
113	537
114	192
114	202
114	221
114	626
115	401
115	487
116	319
116	334
116	417
117	160
117	166
117	231
117	329
117	502
117	524
117	585
117	608
117	693
118	179
118	457
119	323
119	486
120	397
120	576
120	605
120	639
120	673
121	139
121	141
121	473
122	189
122	421
122	554
123	430
123	499
124	189
124	243
124	275
124	340
124	419
124	553
124	578
124	609
125	373
125	519
126	170
126	255
126	450
127	271
127	497
127	614
127	648
128	349
129	143
129	350
129	490
130	277
130	522
131	141
131	150
131	234
131	282
131	668
132	548
132	557
132	561
132	630
133	582
133	592
134	338
134	356
134	358
134	502
135	229
135	343
135	352
135	556
135	577
136	207
136	595
136	646
137	158
137	172
137	406
137	442
137	446
137	684
138	516
138	677
139	402
139	699
140	276
140	298
140	631
141	306
141	637
142	402
142	444
143	243
143	349
143	437
143	668
144	252
144	330
145	421
146	179
147	226
147	692
148	344
148	581
148	607
148	649
149	169
149	178
149	305
149	491
149	626
150	200
150	301
150	438
151	184
151	347
151	433
151	525
151	649
152	408
152	590
153	358
153	433
153	534
154	162
154	293
154	330
154	445
154	487
155	454
155	498
155	536
155	647
156	555
156	636
157	255
157	512
157	696
158	183
158	418
158	440
158	573
159	175
159	616
160	225
160	464
160	520
160	676
161	376
162	296
162	376
162	565
163	398
163	416
163	558
165	195
165	663
166	401
166	537
166	684
167	252
167	435
167	448
167	552
168	228
168	320
168	487
168	562
168	603
169	279
169	513
169	612
170	292
170	448
171	436
171	439
172	220
172	231
172	268
173	278
173	594
174	453
174	619
175	308
175	558
175	560
176	549
177	313
177	578
178	201
178	324
178	440
178	618
179	226
179	364
179	367
179	575
179	586
180	257
180	409
180	454
181	190
181	447
181	457
181	521
182	281
182	393
183	208
183	284
183	461
183	556
184	198
184	201
184	405
184	642
185	260
185	409
185	502
185	587
186	218
186	370
187	249
187	524
187	596
187	685
188	375
189	313
189	349
189	370
189	554
190	362
190	388
190	538
191	304
191	474
192	322
192	493
193	435
193	552
194	385
194	403
194	461
194	487
194	548
194	664
195	558
195	598
195	643
196	227
196	386
196	535
196	566
197	340
197	500
197	524
197	530
197	620
198	255
198	292
198	374
198	376
198	387
198	476
198	483
199	534
199	559
199	565
199	597
199	699
200	266
200	476
200	478
200	697
202	366
202	380
202	494
203	357
203	545
204	235
204	524
205	385
205	396
205	410
205	608
206	462
206	500
206	632
206	669
207	220
207	480
207	550
207	689
208	429
208	434
208	455
208	669
209	286
209	425
209	456
209	531
210	634
211	344
211	435
212	331
212	404
212	464
212	477
212	512
212	569
212	595
213	367
213	502
213	693
214	535
214	563
214	605
215	562
215	645
216	532
216	578
217	363
217	586
217	620
218	319
218	450
219	233
219	399
219	563
219	617
220	390
220	393
220	477
220	635
221	572
222	503
223	278
223	464
223	578
223	592
225	369
226	442
226	605
226	628
227	437
228	320
228	480
228	684
228	690
229	443
229	613
229	658
230	320
230	404
230	564
231	333
231	515
232	338
232	425
232	521
232	641
233	361
233	524
233	571
234	567
234	646
234	661
235	367
236	419
236	464
236	567
237	268
237	381
237	698
238	299
238	381
239	425
240	355
240	409
241	247
241	605
242	298
242	496
243	390
243	695
244	619
245	285
245	293
245	335
245	410
246	260
246	541
247	291
247	353
250	360
251	312
251	555
251	663
251	698
252	545
252	648
252	696
253	485
254	336
254	661
255	306
255	428
255	696
256	266
256	399
256	487
257	311
257	378
257	418
257	454
258	362
258	695
259	262
259	292
259	400
259	581
260	670
261	315
261	343
261	610
262	356
263	609
264	343
265	288
265	438
265	449
266	333
266	674
266	680
267	286
267	558
268	683
269	476
269	626
270	395
272	401
272	572
273	367
273	378
273	393
273	502
274	435
274	483
274	510
274	546
274	600
274	613
276	394
276	470
277	350
277	566
277	600
277	685
278	311
278	321
278	436
278	445
278	573
278	595
279	443
279	559
279	578
279	631
279	664
280	448
280	605
281	371
281	388
281	509
281	598
281	648
282	378
282	678
283	361
283	583
284	366
285	356
285	454
286	316
286	320
286	598
287	419
287	493
287	564
288	357
288	373
288	478
288	482
289	460
289	526
289	662
290	340
290	551
290	695
291	376
291	460
291	528
292	368
294	424
295	580
295	588
296	365
296	433
296	473
296	482
297	348
297	548
298	344
298	349
298	527
298	603
299	440
299	492
299	524
300	471
301	389
301	469
301	545
301	574
302	381
302	410
302	637
302	695
302	697
303	551
305	432
305	699
306	415
306	494
306	557
307	332
307	488
307	625
307	697
308	540
309	407
309	420
309	689
310	419
310	518
310	683
311	332
311	354
311	493
312	469
312	588
313	525
314	374
314	426
315	663
315	677
316	345
316	365
316	449
316	460
316	478
316	592
317	472
317	521
317	584
317	639
317	687
318	411
318	503
318	618
319	431
319	469
319	599
319	658
320	645
321	518
321	610
321	624
321	632
322	391
322	641
323	338
323	467
323	547
324	488
324	585
324	651
324	672
325	531
326	378
326	484
326	608
327	363
327	544
328	361
328	443
328	504
328	601
329	443
329	523
330	677
331	352
331	436
331	635
332	516
332	522
333	343
333	449
333	517
335	591
335	628
337	393
337	549
338	396
339	487
341	479
341	507
341	525
342	543
343	399
345	356
345	454
346	391
346	549
346	682
348	462
349	412
349	460
349	663
350	560
351	560
351	648
353	356
353	413
353	437
353	502
353	534
353	648
354	427
355	466
357	460
357	494
357	672
358	509
358	592
359	389
359	499
359	578
360	449
360	516
360	540
360	549
360	565
360	573
360	619
360	623
360	681
361	449
361	647
362	568
362	697
364	404
364	411
364	514
364	572
364	612
364	658
365	658
366	380
366	533
366	632
366	693
367	405
367	428
367	556
367	643
368	571
368	641
369	446
370	518
372	441
372	484
373	445
373	644
374	609
375	419
375	582
376	442
376	460
376	614
376	630
377	421
377	486
377	600
378	445
378	682
379	513
379	655
379	674
380	407
380	557
380	654
380	677
382	548
382	631
383	563
383	676
384	458
384	464
384	486
384	512
386	476
386	567
387	440
387	525
387	635
388	408
388	442
388	487
388	528
388	536
389	699
390	640
391	427
391	668
392	483
392	574
393	502
394	537
395	467
395	488
395	493
395	584
396	637
397	444
397	551
397	554
397	619
397	673
398	417
399	438
399	492
399	648
400	567
401	656
402	640
403	481
403	508
403	541
403	553
404	428
405	456
405	697
406	558
407	427
407	605
407	614
407	656
407	678
408	433
409	509
409	616
410	424
410	450
411	428
411	513
411	554
411	605
411	693
412	436
412	525
413	548
415	441
415	455
415	508
415	569
417	518
417	557
418	601
419	551
419	571
421	505
421	535
422	674
423	576
423	607
424	466
424	497
425	691
426	614
426	624
428	502
428	653
431	527
432	668
433	464
433	516
434	603
434	637
434	695
435	451
435	502
436	579
436	636
436	647
437	510
438	554
439	474
440	654
442	639
442	661
443	646
443	689
444	447
444	490
444	695
445	515
446	668
447	693
448	451
448	459
448	677
449	461
450	546
450	619
450	651
451	572
451	640
452	458
456	663
458	526
458	639
459	478
459	696
460	491
460	511
460	614
461	547
461	626
462	464
462	623
463	695
464	656
465	473
467	533
467	545
468	604
469	493
469	659
471	659
472	548
472	631
472	656
473	647
474	540
475	521
475	585
475	589
475	640
479	615
479	626
480	528
480	637
481	592
481	689
482	497
482	699
484	612
485	644
485	670
486	495
486	669
487	580
488	607
488	662
489	561
490	522
492	500
492	547
493	585
493	616
493	657
497	502
497	658
497	690
499	665
501	630
501	658
507	607
510	569
510	692
511	698
512	519
512	559
516	571
520	545
520	618
521	560
523	624
523	646
524	529
525	547
526	537
526	694
527	652
530	616
530	635
532	554
533	599
533	666
534	687
535	617
535	638
535	682
536	578
536	649
541	688
542	657
543	662
545	642
545	674
546	548
546	603
546	625
546	682
547	548
547	695
548	597
549	577
552	553
555	627
555	640
556	690
558	581
559	598
559	662
561	586
565	682
568	574
568	601
569	591
570	575
571	657
573	608
574	633
574	687
576	601
576	696
577	591
579	631
582	652
582	685
587	687
588	606
588	662
591	639
591	694
593	675
596	667
599	655
601	617
602	676
602	699
606	689
608	663
611	661
612	629
612	670
613	650
617	621
620	678
621	638
630	647
637	652
638	650
638	664
638	678
643	655
646	699
651	697
655	672
656	691
669	693
682	685
682	698
691	697
695	697
698	699