0	19
0	45
0	153
0	223
0	243
0	248
0	510
1	348
1	481
1	672
2	50
2	123
2	476
2	530
2	572
3	107
3	606
4	36
4	100
4	288
4	693
5	258
5	261
5	266
5	284
5	294
5	450
5	539
6	283
6	380
7	73
7	262
7	279
7	300
7	484
8	438
8	455
9	407
9	425
10	546
10	549
10	679
11	55
11	353
11	623
12	374
13	85
13	329
13	459
14	256
14	311
15	442
15	691
16	110
16	329
16	585
17	27
17	61
17	161
17	210
17	598
18	457
18	461
18	551
18	613
19	129
19	395
20	415
20	598
21	244
21	371
21	498
22	107
22	233
22	244
22	320
22	552
22	567
22	591
23	261
23	314
23	547
24	84
24	193
24	483
25	306
25	372
25	502
25	512
26	369
26	439
26	497
27	116
27	290
27	401
27	495
27	521
27	558
28	266
28	404
28	439
28	463
28	623
29	52
29	317
29	386
29	498
29	532
30	122
30	246
30	403
31	39
31	322
32	128
32	220
32	498
32	622
33	264
34	192
34	224
34	284
34	322
34	553
35	148
35	267
35	407
35	493
35	533
35	622
36	41
36	184
36	195
36	440
36	465
36	486
36	533
37	55
37	91
37	306
37	379
37	489
37	606
38	136
38	172
38	283
38	550
39	53
39	211
39	240
39	306
39	358
39	404
39	537
39	566
40	125
40	266
40	295
40	444
41	691
42	113
42	150
42	227
42	478
42	505
42	685
43	319
43	420
44	351
44	467
44	478
44	683
45	110
46	222
46	368
46	375
46	424
46	451
46	502
46	555
47	283
47	332
47	414
47	466
47	555
47	556
48	123
48	613
49	123
49	223
50	153
50	241
50	511
50	527
51	103
51	605
52	79
52	286
52	405
52	544
53	354
54	73
54	158
54	215
54	238
54	282
54	374
54	492
55	198
55	299
55	324
55	340
55	583
55	657
55	681
56	248
56	268
56	314
57	126
57	211
57	255
57	502
58	209
58	251
58	426
58	602
58	677
59	327
59	512
60	673
61	468
61	498
62	103
62	254
62	261
62	577
62	583
62	656
62	680
63	180
63	386
63	388
63	434
64	170
64	324
64	411
64	458
64	699
65	355
65	418
65	536
65	567
66	331
66	471
66	510
66	521
66	535
67	195
67	391
67	413
67	651
67	671
68	190
68	195
68	198
68	367
68	375
68	566
68	664
69	422
70	102
70	119
70	553
71	76
71	198
71	246
71	351
72	276
73	312
73	330
73	357
73	401
73	404
74	606
74	660
75	137
75	326
75	333
75	367
75	540
75	585
75	616
76	256
77	161
77	290
77	406
78	373
78	566
79	588
79	645
80	113
80	193
81	106
81	160
81	345
81	385
81	594
82	217
82	412
82	511
82	544
83	165
83	275
83	306
83	448
84	202
84	267
84	349
84	441
84	544
85	188
85	278
85	466
85	611
85	690
86	464
86	610
86	632
86	695
87	93
87	187
87	433
87	628
88	177
89	362
89	383
89	404
89	450
89	482
90	160
90	519
90	651
91	275
91	517
91	593
92	223
92	233
92	264
92	443
94	102
94	270
94	357
94	545
95	102
95	299
95	604
96	247
96	281
97	191
98	142
98	587
99	137
100	367
100	655
101	207
101	276
102	180
102	186
103	109
103	131
104	121
104	216
104	439
104	472
104	636
105	127
105	162
105	187
105	298
105	572
106	110
106	128
106	234
106	600
106	646
107	612
108	164
108	305
108	350
108	410
108	448
109	173
109	373
109	612
110	116
110	547
110	624
111	152
111	455
111	605
112	307
112	384
112	446
112	642
113	244
113	308
113	381
113	406
113	420
114	275
114	518
115	659
116	257
116	330
116	610
117	328
118	149
118	187
118	316
118	386
118	439
118	684
119	250
119	457
119	543
119	601
120	543
120	544
121	213
121	339
121	440
121	496
122	230
122	477
123	418
124	439
125	222
126	243
126	314
127	284
127	293
127	601
128	140
128	226
128	231
128	246
129	269
129	337
129	627
130	149
130	291
130	506
130	563
130	612
131	501
132	284
132	371
132	514
132	526
133	140
133	185
133	487
134	173
134	319
134	558
134	666
135	166
135	544
135	688
136	245
136	488
137	309
137	347
137	574
137	580
137	676
138	150
138	343
138	410
139	221
139	496
139	674
140	340
140	351
141	171
142	461
143	224
143	247
143	501
143	655
144	376
144	573
145	315
145	391
145	401
145	569
146	461
147	277
147	290
147	435
148	153
148	290
148	666
148	670
149	156
149	533
149	613
150	316
150	388
150	690
151	698
152	574
152	628
152	647
153	269
154	201
154	509
154	671
155	485
155	502
155	579
156	311
156	325
156	377
157	158
157	531
157	608
157	644
158	187
158	476
159	317
159	450
159	553
160	236
160	250
160	385
160	390
161	684
161	686
162	198
162	428
162	490
162	633
162	657
163	401
163	431
163	541
164	212
164	557
164	642
165	604
166	183
166	190
167	299
167	332
167	513
167	547
168	184
168	446
168	537
169	507
170	236
170	308
170	316
170	335
170	614
170	655
171	582
172	363
172	394
172	447
172	577
172	584
174	187
174	284
174	295
174	309
174	478
174	555
175	330
175	493
175	523
175	633
176	296
176	444
176	468
176	488
177	451
177	664
178	663
178	680
179	239
179	277
179	311
179	608
179	646
180	185
180	558
181	369
181	675
182	354
182	449
182	494
182	530
182	637
182	652
183	346
183	676
184	228
184	235
184	464
184	601
185	221
185	317
185	364
185	419
186	344
186	353
186	354
186	399
187	467
187	578
188	231
188	303
188	598
189	389
190	289
190	485
190	546
190	672
191	257
191	325
191	438
192	277
192	321
192	556
192	665
193	374
193	475
193	496
193	580
194	256
194	530
195	584
195	687
195	689
196	262
196	286
196	350
197	267
197	388
197	616
199	216
199	342
199	458
199	508
200	311
200	364
200	512
200	582
201	431
201	497
202	364
202	469
202	555
203	232
203	274
203	497
204	206
204	516
204	525
204	612
205	319
205	381
205	475
206	358
206	513
206	537
206	672
206	687
206	690
207	270
207	337
207	360
207	532
207	685
208	584
209	231
209	255
209	343
209	442
209	497
209	541
210	391
210	447
210	581
210	611
210	621
211	269
212	255
212	346
212	510
213	273
213	335
213	349
213	581
214	287
215	257
215	623
217	398
218	287
218	311
218	318
218	474
218	509
218	522
218	681
219	480
219	491
219	687
220	454
220	542
220	560
220	685
221	503
221	504
221	630
221	664
222	411
222	456
222	609
223	227
223	237
223	432
223	591
224	242
224	585
225	280
225	542
225	636
225	663
226	568
227	400
227	460
227	594
227	631
228	247
228	313
228	366
228	588
229	359
231	236
231	501
231	513
232	292
232	453
232	491
232	694
233	291
233	391
233	402
233	563
233	660
233	690
234	665
235	313
235	387
235	627
236	312
236	459
236	611
237	452
237	543
237	653
238	314
239	333
239	695
240	461
240	511
240	619
240	697
241	427
241	478
241	550
241	684
242	264
242	515
243	251
243	463
243	477
244	246
244	556
244	609
244	630
245	265
245	362
245	366
245	472
245	552
246	567
247	287
247	504
247	601
247	678
247	693
249	318
249	325
249	395
249	533
249	642
250	259
250	262
250	277
250	464
250	678
251	488
251	540
252	575
252	645
253	275
253	354
253	378
253	508
253	526
253	567
254	515
255	267
256	272
256	471
256	589
257	505
258	664
259	310
259	333
259	391
259	456
259	499
259	535
259	560
259	581
260	532
261	482
261	497
262	369
262	691
263	279
263	308
263	392
263	414
263	593
264	274
264	319
264	492
264	697
265	405
265	452
266	338
266	430
266	610
266	638
267	415
267	535
267	683
268	417
269	374
269	658
271	288
271	448
271	693
272	484
272	663
273	636
275	299
275	580
276	605
277	299
277	694
278	488
278	696
279	283
279	367
279	396
279	548
280	282
280	581
280	602
281	529
281	694
282	339
282	466
282	585
283	686
284	451
284	633
284	681
285	374
285	379
285	468
285	485
285	637
286	649
286	668
287	549
287	559
287	662
288	304
288	562
288	579
288	595
289	386
289	414
289	478
289	554
289	668
290	521
291	509
292	321
292	697
293	375
293	575
293	635
294	439
294	521
294	624
295	342
295	441
295	483
295	484
295	558
295	625
296	480
297	364
297	652
297	698
298	428
298	457
298	530
298	596
299	468
299	521
300	382
300	683
301	413
301	425
301	508
301	684
302	463
302	524
302	586
303	637
304	445
304	615
304	663
306	346
306	392
306	513
306	670
307	420
307	432
310	419
310	518
311	357
311	454
311	583
312	349
312	480
312	632
313	621
313	685
314	478
314	661
315	377
315	632
316	405
316	559
316	608
316	669
317	425
317	564
317	643
317	663
318	432
318	587
319	330
319	370
319	388
319	504
319	576
320	362
320	498
322	614
323	448
323	633
323	650
323	662
324	420
325	436
325	437
325	555
326	345
326	548
328	365
328	408
328	429
328	507
328	511
328	689
329	577
330	352
331	385
331	537
331	538
331	653
332	367
334	598
335	492
335	637
335	699
336	561
338	411
338	488
338	489
338	508
338	691
339	439
340	648
341	413
341	425
341	664
341	669
342	391
342	647
343	482
344	373
344	645
344	696
345	508
345	575
346	352
346	374
346	463
346	669
347	426
348	380
348	634
348	667
350	479
350	511
350	693
351	572
352	536
352	544
352	578
353	394
353	686
354	417
354	601
354	668
355	399
355	488
356	431
357	443
357	447
357	514
357	574
358	574
359	362
359	602
359	641
360	431
361	396
362	417
362	449
362	455
362	465
362	466
362	486
362	547
364	619
366	491
366	515
366	573
366	623
366	626
368	554
368	584
369	696
370	431
370	644
371	690
372	588
373	453
374	400
374	462
375	457
375	659
376	563
376	576
376	580
377	563
377	576
378	434
378	507
378	658
380	409
380	458
380	470
380	604
381	627
382	571
384	416
384	654
385	588
385	598
385	699
387	507
387	615
387	679
388	390
388	583
389	554
390	574
391	565
392	541
392	566
393	524
393	584
394	664
396	651
397	405
397	411
397	657
398	583
399	478
400	550
400	645
401	447
402	514
403	405
404	471
406	522
407	631
407	673
408	457
408	479
408	548
408	681
409	433
411	498
411	504
411	643
413	598
413	661
414	496
414	690
415	562
415	583
417	423
417	606
417	615
418	554
419	562
421	592
424	431
424	434
426	587
428	501
429	582
429	662
430	453
430	544
431	483
431	586
431	665
435	552
435	595
436	647
438	547
438	600
439	665
440	527
440	621
441	449
442	528
442	542
444	559
446	571
447	625
447	641
448	582
448	688
449	578
451	509
451	543
452	468
452	571
454	667
455	660
456	461
457	604
458	616
460	506
460	548
460	598
462	549
462	696
464	488
464	577
464	602
464	646
465	491
465	562
466	483
466	548
466	674
467	503
468	503
468	557
469	516
469	541
470	546
470	656
471	600
472	518
472	579
473	543
473	611
473	618
475	579
475	626
475	631
476	487
476	691
478	551
478	606
478	614
478	636
478	658
478	667
478	683
479	506
479	577
479	598
480	609
481	608
482	654
483	503
483	539
484	584
484	627
484	674
485	521
485	610
486	655
486	662
487	592
488	630
488	687
489	659
491	643
493	670
495	527
497	512
497	555
497	566
497	630
498	578
498	601
498	676
499	563
500	584
506	527
506	636
506	656
507	623
507	661
509	629
510	555
512	625
513	560
515	679
518	686
519	658
520	588
520	595
521	669
524	595
525	616
528	566
528	695
531	695
532	599
534	691
535	640
535	670
536	592
537	624
539	552
539	620
539	639
539	658
540	669
540	671
540	686
541	621
542	554
542	656
542	682
546	559
547	684
548	644
548	666
549	603
549	698
550	613
551	670
552	592
553	569
554	668
555	605
556	585
556	687
556	692
557	639
559	665
559	676
560	620
560	674
561	684
561	691
564	583
565	607
567	663
568	588
570	618
573	598
573	672
574	601
574	620
575	607
579	688
580	632
580	644
583	615
583	627
585	677
587	614
587	626
588	689
589	599
590	640
590	645
591	598
592	632
594	697
595	651
595	674
596	671
597	620
602	662
602	665
604	639
608	612
611	616
611	632
612	627
617	674
618	655
619	641
619	645
622	694
625	629
627	636
637	673
638	650
641	650
642	674
649	669
651	672
657	670
661	676
663	665
663	686
670	697
674	689
674	696