0	25
0	329
0	503
1	58
1	537
1	673
2	59
2	414
3	237
3	296
3	298
3	303
3	392
4	179
4	195
4	424
5	410
5	596
5	603
5	623
6	108
7	55
7	89
7	126
7	137
7	173
7	292
8	437
8	462
9	26
9	98
9	227
9	644
10	278
10	348
10	522
10	663
11	181
11	347
11	352
11	436
12	48
13	150
13	380
13	381
13	508
14	242
14	281
14	388
14	670
15	95
15	145
15	434
15	488
15	619
16	266
16	359
17	104
17	170
17	185
17	360
18	340
18	438
18	452
18	689
19	364
19	428
19	551
19	566
20	262
20	307
20	400
21	251
21	283
21	366
22	298
22	408
22	445
22	572
22	685
23	134
23	376
23	628
24	127
24	212
25	147
25	150
25	184
25	262
25	277
25	483
25	530
25	583
25	683
26	256
26	263
26	407
26	427
27	65
27	158
27	215
27	317
27	482
28	221
28	284
28	459
28	510
28	587
29	189
29	211
29	294
29	561
29	597
29	679
30	68
30	84
30	292
30	353
30	501
30	563
30	595
31	265
31	306
31	388
31	470
31	605
32	212
32	235
32	622
33	116
33	120
33	441
33	545
33	691
34	243
34	245
34	321
34	388
34	391
34	504
34	517
34	553
34	554
35	95
35	107
35	110
35	200
35	522
35	590
36	73
36	135
36	144
36	169
36	194
36	328
36	353
36	385
36	491
36	549
37	122
37	297
37	306
37	415
38	192
38	272
38	290
39	111
39	535
39	563
40	250
40	418
40	501
41	61
41	134
41	342
41	566
41	664
42	192
42	314
42	564
43	144
43	278
43	633
44	224
44	303
44	677
45	302
45	503
45	573
45	583
46	128
46	172
46	197
46	410
46	529
47	408
48	317
48	599
49	86
49	146
50	63
50	200
50	374
50	571
50	594
50	659
50	685
51	59
51	201
51	341
51	354
52	66
52	512
53	677
54	158
54	267
54	475
54	649
54	652
55	536
55	653
56	68
56	83
56	102
56	547
57	157
57	297
57	690
58	179
58	231
59	385
59	400
59	461
59	551
59	625
60	93
60	291
61	68
61	71
61	294
61	427
61	490
61	589
61	680
62	194
62	278
62	285
62	609
63	198
63	262
63	439
64	189
64	253
64	349
64	380
64	479
65	239
65	368
65	597
66	81
66	512
66	533
66	688
67	522
67	523
67	565
68	116
68	220
68	253
68	400
68	540
69	186
70	86
70	358
70	403
70	429
71	105
71	438
72	440
73	303
73	679
74	237
75	93
75	367
75	550
75	588
75	612
75	676
76	222
76	348
76	461
76	566
77	176
77	281
77	611
78	208
78	295
78	395
79	318
79	324
79	395
80	576
81	378
82	237
82	502
82	583
82	628
83	105
83	396
83	453
83	615
83	618
84	99
84	276
84	321
84	510
85	196
85	320
85	337
85	372
85	480
86	416
86	680
87	345
87	369
87	511
87	582
87	631
88	129
89	210
89	297
89	373
89	553
89	666
90	280
90	323
90	362
90	436
90	496
91	108
91	142
91	306
91	471
91	693
92	130
92	431
92	572
92	595
93	121
93	134
93	170
93	284
93	530
93	556
93	605
94	126
94	161
94	302
94	465
94	490
94	510
94	659
94	683
95	172
95	252
95	264
95	373
95	381
96	99
96	167
96	552
97	101
97	236
97	308
97	371
97	441
97	548
98	228
98	313
98	646
98	699
99	154
99	229
99	440
100	232
100	699
101	231
101	233
101	279
101	345
101	369
101	699
102	651
103	281
103	308
103	315
103	582
103	611
103	669
104	274
104	479
104	516
104	585
104	611
104	690
105	301
105	577
106	247
106	360
106	444
107	204
107	224
107	321
108	229
109	247
109	558
110	200
110	416
110	458
110	587
110	682
111	331
111	443
111	502
111	656
112	643
113	241
113	524
113	542
114	182
114	216
114	495
114	647
115	272
115	356
115	541
116	163
116	335
116	338
116	392
116	468
117	138
117	301
118	138
118	162
118	221
118	694
119	148
119	419
119	423
119	427
119	497
119	680
120	298
120	299
120	639
121	156
121	248
121	378
121	532
122	331
122	356
122	460
122	511
122	621
123	393
123	546
124	135
124	353
124	407
124	491
124	519
124	594
125	251
125	381
125	498
126	128
126	260
126	672
127	410
127	463
127	483
127	549
128	222
128	466
129	155
129	385
129	590
129	592
130	156
130	423
130	585
131	338
131	643
132	164
133	247
133	679
134	156
134	161
134	411
134	557
135	279
135	399
135	639
135	673
135	677
136	640
137	181
137	187
137	509
137	540
137	677
138	231
138	285
138	528
138	597
138	623
139	209
139	369
139	459
140	210
141	374
141	623
142	216
142	399
142	527
143	384
143	503
143	609
143	612
144	216
144	321
145	306
145	340
145	526
145	614
145	616
146	626
146	650
146	682
147	260
147	490
148	336
148	384
148	438
148	512
149	507
149	569
150	176
150	215
150	255
150	355
150	369
150	587
151	266
151	304
151	450
152	334
152	447
152	579
152	624
153	181
153	189
153	315
153	403
153	620
154	253
154	478
154	536
154	661
155	592
156	209
156	288
156	384
156	549
157	261
157	476
157	642
158	221
158	377
158	591
159	398
159	524
159	537
160	385
161	610
161	687
162	203
162	281
162	393
162	467
162	611
163	195
163	441
164	174
164	216
164	322
164	559
164	581
165	415
166	437
166	456
167	181
167	248
167	465
168	573
169	240
169	454
170	226
171	501
171	549
171	603
171	681
172	397
172	502
173	197
173	260
173	282
174	294
174	493
175	283
175	656
176	386
176	576
177	523
178	213
178	232
178	433
178	525
179	299
179	395
180	269
180	391
180	458
180	549
181	236
181	327
181	352
181	418
181	441
181	516
182	261
182	333
182	353
182	465
183	333
183	372
183	453
183	511
184	275
184	325
184	342
184	502
184	559
185	486
185	521
185	561
185	572
186	230
186	366
186	438
186	651
186	681
187	510
187	617
188	203
188	219
188	251
188	398
188	491
188	675
189	229
189	235
189	453
189	473
189	674
190	257
190	617
191	361
192	212
192	293
192	509
192	698
193	233
193	315
193	322
193	386
194	198
194	326
194	556
195	236
195	692
196	325
196	465
197	638
197	667
198	229
198	300
198	356
198	493
198	661
198	687
199	317
199	318
199	402
199	464
200	326
200	432
200	495
200	524
200	657
201	336
201	449
202	269
202	448
202	456
202	678
203	262
203	294
203	383
203	406
203	408
203	553
203	602
203	612
204	217
204	324
205	306
205	430
206	561
207	295
207	317
207	374
207	603
208	349
208	367
208	437
208	618
209	220
209	260
209	347
209	446
209	491
209	671
209	685
210	249
210	352
210	677
210	699
211	283
211	367
211	479
211	497
211	588
211	604
211	661
211	678
212	544
212	620
213	353
213	474
213	656
214	360
214	536
214	577
215	432
215	456
216	304
216	649
216	656
216	664
216	693
217	536
218	450
218	468
218	613
218	694
219	428
220	312
220	326
220	559
220	591
220	659
221	273
221	575
222	314
222	423
223	297
224	471
224	571
225	286
225	570
225	625
225	651
225	677
226	362
226	410
226	492
226	515
226	561
226	585
227	316
227	400
227	559
227	669
228	445
228	512
229	240
229	300
229	309
229	330
229	604
230	391
230	489
231	259
231	348
231	495
231	542
231	552
232	365
232	423
232	493
234	490
234	697
235	355
235	497
238	299
239	268
239	345
239	577
240	338
240	383
240	549
240	603
241	476
241	508
242	386
242	394
243	397
243	557
244	572
244	575
244	611
246	575
247	400
247	403
247	574
248	272
248	452
248	511
248	633
249	413
249	599
250	485
251	318
251	521
251	671
252	284
252	565
252	683
253	254
253	640
254	290
254	483
254	592
254	673
255	592
255	596
256	478
256	483
256	638
257	320
257	340
258	456
259	418
260	297
260	351
260	523
260	540
260	649
261	275
262	390
262	573
262	637
263	393
263	655
264	536
264	629
265	294
265	406
266	450
267	404
267	410
267	444
268	572
269	562
270	414
270	477
271	428
271	670
272	479
273	418
274	329
274	493
274	601
275	613
276	637
277	412
277	574
278	322
278	438
278	467
278	494
278	594
279	579
280	299
280	488
280	590
280	633
281	309
281	451
282	383
282	544
283	411
284	331
284	392
284	638
284	682
285	666
287	289
288	497
290	303
291	334
291	364
291	552
291	590
292	364
292	573
294	523
294	631
294	677
295	459
295	541
295	568
296	528
297	581
298	373
298	541
298	652
299	313
299	492
299	612
302	409
302	502
302	549
303	334
303	392
303	650
304	336
304	379
304	538
304	660
305	421
305	444
305	615
305	691
306	359
306	411
307	386
307	604
307	698
308	407
308	509
310	624
311	445
311	470
311	690
312	338
312	691
314	341
314	474
314	554
315	485
315	529
315	646
315	692
315	695
316	421
316	673
318	453
318	605
319	497
319	660
319	669
319	673
320	425
320	458
320	461
320	584
320	653
321	417
321	489
322	534
322	565
323	401
323	428
323	477
324	420
324	436
325	366
325	463
325	480
326	413
326	608
326	672
327	347
327	416
327	469
327	516
327	610
328	580
329	370
329	616
330	506
330	659
331	381
332	597
333	373
334	505
335	420
335	494
335	508
335	527
335	691
336	363
336	463
337	344
337	421
337	445
338	372
339	489
340	612
341	419
341	460
343	525
343	665
344	384
344	582
345	458
345	602
345	640
346	668
348	379
348	519
349	470
349	489
350	418
350	613
350	697
351	371
351	386
351	557
351	580
351	618
351	673
352	505
352	513
353	442
353	506
354	355
354	575
354	579
354	651
355	357
355	436
355	665
357	399
357	671
358	386
358	524
358	655
358	690
359	615
360	423
360	477
361	461
361	551
362	647
363	402
363	406
363	680
364	441
365	371
366	414
366	484
366	604
366	664
366	695
367	528
367	643
368	399
368	426
368	505
369	472
369	671
370	565
371	654
373	558
373	586
374	512
374	529
375	385
375	436
375	508
375	667
376	506
377	403
377	411
377	465
377	529
377	573
378	617
379	479
379	661
380	669
380	683
381	516
381	524
381	592
382	387
383	389
383	441
383	568
384	418
386	542
386	661
387	570
387	688
388	573
388	689
389	464
389	546
389	587
389	694
390	419
390	636
391	404
391	507
391	518
392	584
393	543
393	610
395	694
396	438
396	459
397	432
397	548
398	578
399	426
399	430
399	502
400	476
402	412
402	529
402	643
403	436
403	483
403	521
403	528
403	653
404	591
404	676
405	499
405	692
406	435
407	546
407	578
407	618
408	428
408	543
408	545
410	461
411	480
411	546
411	630
412	611
413	424
413	565
414	436
415	500
416	430
416	620
417	696
420	551
421	602
421	622
422	583
423	694
424	614
424	635
425	548
426	446
426	629
427	525
428	435
428	668
428	684
429	639
429	660
430	534
430	605
430	621
431	461
432	510
433	503
434	689
435	529
435	535
435	579
436	476
436	553
436	622
436	691
438	468
439	602
439	624
439	651
439	653
440	555
440	640
441	511
442	474
442	629
443	542
443	623
445	551
447	569
449	502
449	560
449	607
451	517
451	605
451	651
452	482
452	553
452	612
453	622
455	563
455	641
456	459
456	627
456	668
457	534
457	613
458	483
458	674
459	643
462	470
462	520
462	647
462	665
463	564
464	612
464	616
465	516
466	637
467	511
467	553
467	564
468	670
468	697
469	572
469	669
470	498
470	501
470	578
471	678
472	612
472	617
472	661
473	636
475	496
475	514
475	524
476	479
476	690
480	481
480	652
482	641
483	556
483	648
485	526
485	617
485	650
485	681
486	487
486	498
487	602
487	618
489	582
489	595
489	617
490	543
490	640
490	685
491	549
491	619
492	619
492	667
493	620
494	659
496	514
496	599
496	604
496	662
498	660
500	572
500	692
502	521
502	615
503	644
504	521
504	644
504	668
504	692
506	512
506	601
507	516
507	530
510	580
512	624
512	639
519	618
520	577
521	551
522	523
523	642
526	697
527	692
528	660
530	583
530	656
531	543
531	545
533	550
534	536
535	569
536	606
537	635
539	568
539	598
540	546
541	691
542	642
544	555
544	587
545	573
545	583
545	613
545	656
546	672
548	639
549	566
550	614
550	619
550	631
551	564
557	577
557	624
559	567
559	604
561	596
562	572
562	573
562	585
562	667
567	624
568	686
569	619
570	583
570	632
571	651
571	667
572	671
573	601
574	651
577	601
581	696
582	669
583	684
584	587
585	643
592	693
593	699
594	645
597	609
598	603
599	654
600	614
600	652
601	618
602	626
610	666
615	658
620	683
625	678
626	644
633	651
634	684
639	649
640	689
645	684
649	690
653	681
654	683
658	684
662	663