0	61
0	253
0	459
0	488
1	5
1	207
1	342
1	639
1	665
2	437
2	502
2	523
3	194
3	200
3	208
3	240
3	686
4	41
4	124
4	479
4	632
5	8
5	24
5	232
5	367
5	392
5	474
5	592
6	62
6	63
6	250
6	598
7	637
8	134
9	243
9	265
9	559
9	569
10	284
10	494
11	294
11	624
11	684
12	338
12	469
12	487
13	160
13	368
13	671
14	297
14	586
14	590
15	33
15	63
15	186
15	258
15	305
15	392
15	671
15	688
16	158
16	326
16	587
17	57
17	71
17	102
17	289
17	338
17	349
17	379
17	523
18	442
18	653
19	256
19	540
19	564
19	667
20	293
20	316
20	691
21	52
21	366
21	431
21	454
21	475
22	491
23	45
23	71
23	160
23	356
23	382
23	520
23	573
24	90
24	266
25	27
25	197
25	297
25	359
26	461
26	641
26	670
26	694
27	181
27	326
27	358
27	532
27	677
28	130
28	659
29	389
29	497
29	616
30	161
30	310
30	338
30	417
30	584
30	589
31	47
31	231
31	261
31	496
31	533
31	624
32	211
32	404
32	546
32	681
33	41
33	325
33	385
33	459
33	524
34	275
35	564
36	356
36	427
37	336
37	557
37	645
38	156
38	184
38	523
39	353
39	509
39	625
40	124
40	590
41	270
42	172
42	430
43	221
43	360
44	194
44	297
44	433
44	479
44	562
44	626
45	533
45	549
46	138
46	380
46	474
46	635
47	59
47	340
47	398
47	466
47	693
48	246
48	255
48	363
48	378
48	434
48	675
49	69
50	72
50	181
50	345
50	388
50	506
50	510
50	577
51	104
51	385
51	399
51	577
51	647
52	222
52	330
52	350
52	364
52	419
52	517
53	330
53	365
53	506
53	569
53	646
54	373
54	559
55	520
55	592
55	620
55	625
56	196
56	220
56	234
56	295
56	341
56	455
56	584
57	272
57	444
57	471
57	619
58	231
58	413
58	436
58	503
58	660
58	696
59	132
59	264
59	633
59	666
60	554
60	641
61	264
61	387
61	416
61	423
61	643
62	138
62	220
62	247
62	389
62	413
62	457
63	155
63	178
63	252
63	277
63	654
64	128
64	329
64	373
64	450
64	475
65	195
65	376
65	422
65	497
66	395
66	421
67	242
67	435
67	451
67	556
67	586
67	625
68	157
68	450
68	508
69	191
69	562
70	107
70	109
71	157
71	189
71	306
72	110
73	265
73	505
74	176
74	224
74	519
74	556
75	467
75	658
76	304
76	494
77	148
77	152
77	224
77	391
77	564
78	368
78	532
78	620
79	312
80	126
80	163
80	174
80	397
80	439
80	592
81	128
81	229
81	382
81	622
82	174
82	210
82	288
82	456
82	509
83	147
84	449
84	530
84	601
85	350
86	122
86	392
86	434
87	111
87	120
87	536
87	584
87	606
88	200
88	569
88	678
89	427
90	152
90	162
90	222
90	440
90	451
90	530
90	682
91	198
91	240
91	293
91	482
92	511
92	533
92	553
92	632
92	671
93	499
93	516
94	196
94	321
94	423
94	458
95	113
95	205
95	349
95	509
95	520
95	578
96	184
96	193
96	338
96	479
96	487
96	672
97	315
98	160
98	189
98	314
98	381
98	546
99	533
99	589
100	169
100	387
100	414
100	469
100	518
101	109
101	200
101	348
102	210
103	122
103	150
103	331
103	472
104	119
104	217
104	286
104	380
104	492
104	575
104	630
105	192
105	312
105	384
105	574
105	643
106	146
106	408
106	415
106	545
106	610
106	662
107	400
107	506
107	581
107	585
108	228
108	441
108	478
108	565
108	668
109	477
110	201
110	271
110	354
110	605
111	499
112	462
113	248
113	463
113	512
113	586
114	495
114	545
114	622
115	146
115	688
116	144
116	237
116	370
116	412
116	545
117	215
117	431
118	487
118	519
118	659
119	203
119	223
119	294
119	590
120	222
120	397
120	432
120	481
120	696
121	281
121	499
121	502
122	399
122	510
122	557
122	636
123	350
123	366
123	526
123	575
124	313
125	262
125	454
125	685
126	605
126	665
127	240
127	317
127	402
128	161
128	318
128	389
128	603
129	185
131	503
131	567
131	684
132	575
132	604
133	485
133	496
134	136
134	251
134	386
134	442
135	159
135	170
135	195
135	256
136	647
137	226
137	307
137	520
137	626
138	230
138	278
138	642
139	195
139	304
139	349
139	367
139	375
140	143
140	312
140	371
140	620
141	330
141	602
142	160
143	688
144	232
144	307
144	651
145	550
146	248
146	477
148	267
148	384
148	674
148	696
149	342
150	296
150	412
150	654
151	324
151	421
151	443
151	676
152	395
152	471
152	478
152	619
152	651
153	180
153	197
153	251
153	362
153	606
153	607
153	629
154	451
154	457
154	547
155	403
155	659
156	321
156	352
156	379
157	270
157	584
157	612
158	647
158	681
159	312
159	530
159	576
159	593
159	611
161	382
161	560
161	624
162	378
162	460
163	176
163	289
163	603
164	262
164	477
164	592
165	244
165	281
165	321
165	479
165	657
166	347
167	332
167	335
167	382
167	515
167	580
168	227
168	250
168	429
169	300
169	320
169	377
169	699
170	193
170	260
170	317
170	494
170	579
171	266
171	562
172	201
172	305
172	535
173	258
173	418
174	269
174	443
174	497
174	640
175	289
175	326
176	340
176	579
176	698
177	245
177	334
177	359
177	549
178	252
178	346
178	424
178	595
179	369
179	426
179	486
180	362
180	540
180	648
181	217
181	330
181	534
182	183
182	198
182	424
182	617
182	637
183	594
184	382
184	530
184	638
185	397
185	593
186	287
186	288
187	234
187	289
187	352
187	377
187	515
187	615
187	697
188	238
188	253
188	267
188	362
188	463
189	198
189	276
189	516
189	539
189	566
190	452
190	577
190	592
191	283
191	431
191	586
191	687
192	383
192	506
193	527
193	665
194	285
194	372
195	366
195	456
196	635
196	658
197	372
198	341
198	364
198	389
198	575
199	280
199	310
199	352
199	394
199	531
200	220
200	315
200	537
200	672
201	331
202	349
202	611
203	391
203	447
203	490
203	639
204	351
204	431
204	497
205	424
205	536
205	665
206	261
206	410
207	654
208	209
208	388
208	662
209	389
210	247
210	405
210	512
210	529
210	538
211	512
212	410
212	554
212	572
213	511
213	541
213	602
213	644
213	690
214	302
214	342
214	487
215	324
215	350
215	352
215	523
215	613
216	237
217	280
217	465
217	651
218	279
218	500
218	522
218	575
218	582
218	633
218	675
218	681
219	291
219	362
219	518
219	579
220	225
220	260
220	504
220	545
220	583
221	293
221	479
222	379
222	537
222	605
222	691
223	372
223	620
224	234
224	446
224	680
225	237
225	325
225	395
225	479
226	321
226	330
226	348
227	298
227	689
228	239
228	317
228	545
229	274
229	352
229	571
230	260
230	288
230	480
230	510
230	611
231	313
231	665
232	430
232	459
232	675
232	683
233	638
234	374
234	515
234	655
235	246
235	465
235	514
235	553
236	238
236	418
237	574
237	639
238	594
238	606
239	579
239	596
240	327
240	387
240	536
240	590
241	308
241	542
241	585
241	688
242	316
242	694
243	650
244	317
244	362
244	470
244	647
245	260
245	380
245	469
245	624
245	648
246	365
246	402
246	420
246	464
246	473
246	678
247	544
248	352
249	279
249	283
249	623
250	414
250	462
250	475
251	328
251	581
251	591
252	349
252	474
252	675
253	470
254	646
255	324
255	432
255	440
255	537
256	361
256	499
256	624
257	579
258	361
258	443
258	587
259	369
259	387
259	564
259	579
259	587
260	351
261	356
261	699
263	475
263	523
264	470
264	608
265	283
265	336
265	614
266	548
267	290
267	528
268	283
268	372
268	468
268	631
269	549
269	652
270	583
271	613
272	274
272	305
273	380
273	515
275	319
275	463
275	509
276	525
277	299
277	473
277	549
277	554
277	655
277	674
277	696
278	342
278	386
278	412
278	555
278	570
278	602
279	432
279	461
279	496
279	505
279	602
280	306
280	391
280	398
280	424
280	458
280	609
281	625
281	648
282	455
283	567
283	664
283	686
284	356
284	375
284	546
284	565
284	695
285	444
285	507
285	565
285	593
285	617
285	679
286	549
287	378
287	602
287	640
288	392
288	693
289	430
289	569
291	659
292	307
292	452
292	457
293	381
293	405
293	444
293	643
297	523
297	627
297	661
298	486
298	550
299	554
299	676
299	686
300	657
300	679
301	307
301	318
301	389
301	467
301	523
301	551
301	591
302	330
302	612
303	355
303	464
303	614
304	464
304	564
304	615
304	621
305	485
305	524
306	316
306	465
306	521
306	586
307	441
307	588
307	628
308	347
308	366
308	378
308	592
309	346
309	386
309	416
309	576
309	644
311	318
312	366
312	541
313	400
313	431
313	472
314	436
315	319
316	373
316	526
317	409
317	653
319	553
319	621
320	381
320	433
321	333
321	674
322	325
322	355
322	368
322	451
322	457
323	453
323	660
324	349
324	392
324	510
324	645
325	514
325	520
327	421
327	603
328	478
329	346
329	474
329	674
330	353
331	692
332	457
332	585
333	393
333	512
333	546
333	626
334	416
335	415
336	411
336	508
336	580
336	692
337	473
337	543
337	643
338	417
338	564
338	675
339	493
339	664
340	503
341	545
341	668
341	680
343	697
344	576
345	553
345	573
345	674
346	549
348	394
348	395
348	495
349	610
351	476
353	595
355	367
355	500
355	516
356	358
356	442
356	483
357	549
357	693
358	493
358	522
358	524
359	421
359	523
360	501
360	621
362	367
362	383
363	430
363	666
365	374
365	680
366	655
366	657
367	496
368	578
368	614
368	636
368	681
369	492
370	375
370	478
371	390
371	426
371	451
372	622
372	665
372	673
372	694
374	432
374	463
374	690
375	552
375	557
377	409
377	459
377	489
377	559
378	589
380	563
381	467
381	690
382	414
382	560
382	579
382	630
383	418
383	476
384	481
384	493
384	606
385	405
385	463
385	576
389	452
389	592
390	539
390	676
391	603
392	616
393	529
393	533
393	643
394	653
395	517
396	483
396	633
397	525
398	554
399	434
399	506
400	462
401	475
401	566
401	583
401	625
401	658
403	604
403	634
403	664
404	515
405	454
405	495
406	480
407	450
407	467
408	555
411	558
412	523
412	629
413	628
413	697
414	565
414	651
414	679
415	434
415	684
416	439
416	458
416	599
417	458
417	497
417	586
417	659
417	660
418	640
420	437
420	686
420	688
422	436
422	484
422	512
422	575
422	593
422	666
422	671
423	452
423	471
423	671
424	448
424	458
425	433
426	468
426	501
427	521
428	435
429	498
430	530
431	456
431	467
431	656
432	684
433	565
433	620
433	646
434	482
434	547
435	459
435	462
436	462
436	601
438	447
438	573
438	634
439	658
439	677
440	658
441	548
444	483
445	450
445	471
445	513
445	652
447	514
447	518
448	654
449	459
449	516
449	622
452	466
453	693
454	586
454	668
454	669
454	676
455	519
456	634
457	678
458	481
459	605
459	620
461	583
464	501
464	560
464	575
465	549
465	610
466	667
467	596
467	627
467	679
468	596
469	612
470	523
471	538
472	518
472	649
473	681
474	670
475	540
476	499
476	669
477	641
478	520
478	585
480	632
482	496
482	555
483	671
486	494
486	635
486	662
489	632
490	511
490	678
491	598
492	578
493	601
493	690
494	640
496	620
498	510
498	523
498	640
499	555
499	584
499	605
500	560
501	642
501	697
502	592
502	606
503	579
504	520
505	511
505	665
506	589
507	616
507	689
509	534
509	679
510	669
511	520
512	571
512	582
512	658
512	684
515	608
515	628
517	583
518	580
519	527
520	638
523	575
523	635
524	644
525	641
525	665
525	679
526	660
528	547
529	534
530	696
531	687
532	639
532	675
533	583
533	600
533	605
533	632
533	646
536	559
536	616
536	634
538	637
539	697
542	650
542	662
543	575
543	684
546	692
547	678
548	657
549	587
550	674
551	629
552	623
552	628
554	566
556	696
558	683
561	630
562	589
562	591
566	687
568	693
572	658
575	663
576	606
578	602
580	621
580	675
581	598
583	621
583	685
584	653
587	603
589	677
590	631
591	626
592	594
594	645
595	616
595	697
596	616
596	649
597	667
598	671
599	653
602	651
603	653
605	691
607	613
608	658
608	676
608	686
614	679
618	620
619	686
627	672
629	669
643	686
648	657
651	669
651	690
653	686
658	680
661	679
665	695
666	687
668	670