0	19
0	113
0	161
0	492
0	588
1	102
2	484
2	667
3	451
3	548
3	569
4	83
4	107
4	116
4	390
4	513
5	318
5	319
5	620
6	109
6	321
6	553
6	566
7	19
7	400
7	665
8	282
8	351
8	415
8	463
8	554
9	565
10	129
10	277
10	417
10	554
10	678
11	593
11	661
11	666
12	189
12	255
12	285
12	347
13	251
13	263
13	338
13	441
13	565
14	600
14	603
14	645
15	461
16	97
16	280
16	288
16	460
16	667
17	185
17	311
17	629
18	26
18	544
19	54
19	304
19	379
19	532
20	305
20	411
20	492
20	664
21	437
21	491
21	509
21	568
21	576
21	658
22	318
22	436
22	488
22	542
23	501
23	518
23	558
23	596
23	647
24	239
24	416
24	487
25	28
25	316
25	455
25	604
25	680
26	114
26	118
26	178
26	372
27	205
27	224
27	641
28	41
28	160
28	170
28	431
28	571
29	345
29	577
29	665
30	162
30	266
31	151
31	335
31	444
32	174
32	278
32	334
32	374
32	469
33	117
33	154
33	386
33	499
33	540
34	364
34	442
34	635
34	654
35	412
35	521
35	600
36	255
36	375
36	552
36	699
37	213
37	591
38	530
38	541
38	691
39	92
39	228
39	292
39	404
39	473
39	612
40	90
40	274
40	510
40	688
41	87
41	303
41	431
42	45
42	62
42	110
42	369
42	398
42	426
42	604
42	699
43	75
43	191
43	291
43	308
43	311
43	407
43	626
43	664
44	161
44	168
44	234
44	266
44	355
44	588
44	664
44	676
45	268
45	281
45	603
46	408
46	678
47	187
47	424
47	531
47	590
48	264
48	361
48	367
48	422
48	481
48	654
48	656
49	84
49	171
49	200
50	361
51	200
51	289
51	435
51	630
52	115
52	255
52	327
52	354
52	366
52	471
52	600
53	116
53	468
53	622
54	115
54	228
54	341
54	419
54	616
55	158
55	172
55	271
55	347
56	202
56	261
56	275
56	307
56	348
56	662
56	670
57	430
58	108
58	263
58	478
58	489
59	84
59	171
59	275
59	283
59	394
59	412
59	431
59	524
59	562
60	104
60	246
60	451
60	626
61	106
61	153
61	376
62	115
62	422
63	215
63	494
64	128
64	216
65	590
66	437
67	184
67	242
67	567
67	581
67	699
68	153
68	160
68	320
68	449
68	644
68	680
69	154
69	158
69	238
69	275
69	344
69	583
70	125
70	344
70	364
70	443
70	450
70	576
71	105
71	252
71	278
71	314
71	483
71	517
72	353
72	668
73	102
73	341
73	600
74	99
74	643
75	183
75	270
76	243
76	414
77	179
77	238
77	259
77	330
77	648
78	254
78	259
78	347
78	477
78	506
79	206
79	600
80	349
80	565
80	574
80	625
81	222
81	348
81	496
81	596
82	290
82	413
83	143
83	348
83	389
83	527
84	237
84	337
84	490
84	562
84	617
84	679
85	199
85	283
86	125
86	140
86	237
86	335
86	665
87	114
87	296
87	431
87	562
87	617
88	269
88	414
89	673
90	481
91	393
91	654
92	165
92	533
93	399
94	119
94	130
94	290
94	310
94	394
94	480
95	332
95	483
95	484
95	531
95	684
96	126
96	129
97	119
97	348
97	413
98	517
98	588
99	111
99	314
99	383
99	442
99	689
100	497
101	102
101	248
101	310
102	379
102	396
102	478
103	505
105	196
105	383
105	572
105	577
105	645
106	293
106	300
106	590
106	597
107	570
107	614
108	188
108	328
108	335
108	530
109	114
109	143
109	162
109	184
109	318
109	400
109	599
110	119
110	525
110	554
111	123
111	226
111	320
111	348
111	382
111	482
111	512
111	544
111	607
112	308
112	526
113	163
113	442
114	123
114	351
114	524
114	590
115	362
115	570
116	374
117	235
117	684
118	302
118	382
118	533
118	688
119	163
119	294
119	458
119	483
119	536
119	673
120	199
120	497
121	187
121	195
121	415
121	467
121	602
122	418
122	518
123	138
123	153
123	428
123	590
124	206
124	598
124	617
124	663
125	180
125	432
125	602
125	689
126	304
126	462
126	622
127	327
127	656
128	438
128	441
128	508
129	218
130	251
130	585
131	323
131	587
131	628
132	207
132	235
132	474
132	608
133	252
133	308
134	586
135	253
135	415
135	527
135	685
136	198
136	479
136	614
137	147
137	243
138	155
138	342
138	403
139	403
139	590
140	294
140	369
140	480
141	170
141	389
141	456
141	496
141	509
141	670
142	225
142	510
142	531
142	621
143	170
143	522
143	621
143	685
144	235
145	226
145	416
146	236
146	312
146	348
146	477
147	184
147	204
147	555
147	675
148	287
148	415
148	498
149	353
150	215
151	205
151	254
151	352
151	403
151	459
151	621
152	449
153	349
153	542
154	347
154	654
155	192
155	410
155	633
155	667
156	446
156	689
157	291
157	489
157	646
158	268
158	678
159	459
159	554
159	579
160	344
160	479
160	586
161	238
162	240
162	340
162	437
163	195
163	373
163	390
163	562
163	683
164	199
164	276
164	290
164	331
164	359
164	361
164	572
164	576
165	455
165	486
165	513
165	538
165	658
166	221
167	215
168	358
168	588
168	654
169	397
170	485
170	537
171	488
172	471
172	540
172	659
173	207
173	589
173	590
174	234
174	246
174	253
174	387
175	264
175	286
175	480
176	232
176	372
176	603
177	240
177	332
177	477
177	685
177	698
178	294
178	340
178	606
178	615
179	545
179	637
179	693
180	262
180	451
180	597
181	345
181	356
181	370
181	387
181	608
181	639
182	271
182	273
182	290
182	694
184	325
184	335
184	399
185	284
185	393
185	469
185	597
185	661
186	226
186	269
186	524
186	618
186	692
187	257
188	284
188	340
188	512
188	593
188	695
189	279
189	517
189	527
189	582
190	199
190	348
190	608
191	318
191	336
192	302
192	368
192	580
193	219
193	317
193	540
194	335
194	525
194	537
194	631
195	275
195	346
195	599
196	220
196	348
196	383
196	542
197	257
197	459
197	461
197	567
198	380
199	426
200	236
200	391
200	691
201	298
201	561
201	613
201	617
202	244
202	446
202	621
203	387
203	520
203	537
203	660
204	220
204	407
204	509
205	648
205	694
206	237
206	518
206	588
206	617
206	619
207	269
208	401
208	676
208	689
209	538
210	388
210	526
210	621
211	264
211	648
212	514
212	535
212	563
212	650
213	387
214	237
214	250
214	318
214	579
215	633
216	449
217	226
217	241
217	334
217	638
218	222
218	409
218	632
219	261
219	682
220	474
221	446
221	630
221	647
222	561
222	629
223	267
224	285
224	288
224	410
224	678
225	304
225	327
225	332
225	337
225	506
225	697
226	333
226	440
226	554
227	228
227	610
227	614
228	680
229	384
229	555
230	306
230	354
230	509
231	236
231	336
231	572
231	672
232	243
232	324
232	410
232	538
232	603
233	307
233	404
233	543
234	453
234	565
234	650
235	439
235	538
235	598
237	360
237	377
237	622
237	628
238	365
238	418
238	659
238	699
239	314
239	360
240	258
240	389
240	425
240	456
240	676
241	244
241	298
242	271
242	302
242	492
242	603
242	673
243	273
243	296
243	305
243	462
243	506
243	600
244	261
244	398
244	485
244	577
245	478
245	552
245	587
246	278
246	664
247	534
247	609
248	450
249	298
249	418
249	442
249	466
250	655
251	259
251	656
252	260
253	300
253	307
253	415
253	430
253	500
253	651
254	256
254	456
254	524
254	598
255	261
255	340
255	384
255	489
256	276
256	306
256	344
256	612
256	621
256	645
257	423
257	454
259	429
259	459
259	524
260	573
260	664
260	674
261	309
262	273
262	444
262	623
263	269
263	300
263	321
264	296
264	309
264	574
264	687
265	490
265	538
266	321
266	595
267	298
267	350
267	357
267	400
267	429
268	368
268	427
268	436
268	518
268	619
268	673
269	357
269	665
270	359
270	403
270	442
270	608
271	404
271	430
271	577
271	657
272	349
272	429
272	493
273	642
274	519
275	422
275	434
275	506
275	655
276	621
276	630
276	645
277	621
278	518
279	620
280	410
280	420
280	439
281	387
281	541
282	545
284	449
284	556
285	476
285	676
286	555
286	617
287	297
288	379
288	458
288	593
289	464
289	482
289	608
289	666
290	409
290	446
290	487
292	402
292	505
292	534
293	472
294	314
294	569
294	615
295	557
296	476
296	562
296	599
297	340
297	631
297	633
298	381
298	403
298	457
298	591
299	591
299	685
300	302
300	347
300	384
300	411
300	612
301	429
302	665
302	677
303	442
303	694
305	477
305	641
306	407
306	545
306	591
306	696
307	345
307	431
307	451
307	642
308	487
308	622
308	664
309	318
309	454
309	501
310	337
310	457
310	575
312	368
312	499
312	559
312	647
313	658
315	438
316	414
316	540
316	678
316	687
317	333
317	389
317	517
317	646
318	607
319	404
319	436
319	586
319	596
320	372
320	494
320	557
320	577
321	548
322	512
322	528
322	531
323	388
323	540
324	399
325	437
326	411
326	508
326	693
327	393
328	434
328	451
329	330
329	377
329	461
329	614
330	665
330	673
331	364
332	385
332	408
332	528
333	350
333	568
333	633
334	422
334	454
334	468
334	471
334	499
334	598
334	625
336	452
337	478
338	443
338	454
339	554
339	607
340	481
340	493
340	523
341	422
342	379
342	572
343	369
343	453
343	524
343	600
343	633
344	372
344	621
344	624
345	443
346	391
346	507
346	514
346	681
347	483
348	448
348	469
348	479
348	661
349	365
349	675
350	397
350	548
351	548
352	402
352	539
352	584
352	597
354	663
355	414
355	649
356	464
356	603
357	383
357	456
357	469
357	627
359	459
359	578
360	420
360	575
360	588
362	428
363	530
364	671
365	452
365	562
365	579
365	618
367	440
368	414
368	461
368	544
368	547
368	586
369	502
369	505
370	392
370	641
371	388
371	568
372	464
372	582
373	395
373	522
374	652
375	495
375	517
375	559
375	647
376	482
376	599
376	601
377	430
377	499
378	534
378	657
379	494
379	519
379	581
380	581
380	594
381	430
382	588
384	478
384	488
384	636
384	678
385	669
386	491
386	619
386	632
386	649
387	502
387	564
389	446
389	687
390	401
391	412
391	530
391	641
392	508
392	567
392	645
393	423
393	431
393	517
393	526
393	570
394	696
395	480
395	486
395	618
396	692
397	402
397	499
397	551
398	506
398	630
399	444
399	529
400	457
400	503
400	587
401	600
401	611
402	687
403	535
403	549
404	477
404	661
405	461
405	516
405	602
405	649
406	511
406	564
406	638
406	688
408	454
408	458
409	500
409	510
411	450
411	619
411	682
413	649
414	474
414	532
415	425
416	495
418	534
419	547
420	564
421	600
421	694
422	470
423	687
424	646
425	447
425	694
428	627
429	460
429	626
429	675
430	554
431	643
433	438
433	504
433	614
433	640
434	592
435	547
435	593
435	642
436	521
436	587
438	502
438	568
439	471
439	549
440	689
441	543
442	498
442	502
442	616
443	564
445	620
445	647
445	679
446	535
447	574
448	476
448	482
448	635
448	688
449	509
451	456
451	591
451	610
451	685
452	653
454	495
454	559
454	698
455	572
455	675
457	555
458	699
459	514
459	594
459	610
459	694
460	560
462	663
463	539
464	499
464	596
465	511
465	586
466	472
468	607
468	630
470	653
471	676
472	635
474	506
474	597
474	636
475	600
476	665
477	598
477	651
478	519
478	679
479	534
481	498
481	695
482	494
482	655
483	556
484	527
486	506
486	547
489	663
490	587
491	622
494	579
495	585
495	631
496	520
497	588
498	668
498	675
500	591
501	559
502	549
502	616
504	668
506	562
506	684
506	688
509	569
509	657
509	694
512	618
512	646
514	567
515	657
517	528
517	681
518	525
520	604
521	570
523	597
523	653
525	528
527	534
527	618
530	582
531	606
534	593
536	617
537	646
541	543
543	552
543	628
544	623
545	589
546	686
547	567
548	604
548	692
549	559
550	628
551	628
552	589
553	586
554	618
554	655
555	588
556	634
557	618
557	644
557	672
560	613
560	639
561	643
562	584
562	632
563	581
564	644
564	645
566	595
568	626
569	574
571	577
574	692
575	690
577	684
579	624
580	630
586	678
588	605
589	693
590	600
591	632
591	678
591	685
593	695
594	632
596	659
596	694
600	601
603	642
605	625
605	641
605	654
605	690
606	638
606	642
608	693
609	641
610	653
610	677
615	695
616	666
618	644
620	669
624	664
628	699
629	646
629	670
629	683
630	661
633	647
637	670
641	688
648	661
656	663
670	696
685	697
687	690