0	247
0	427
0	522
1	6
1	18
1	168
1	236
1	284
1	348
2	290
2	395
2	516
3	35
3	55
3	259
3	313
3	496
4	240
4	286
4	465
4	522
4	545
5	206
5	239
5	259
5	423
6	7
6	54
6	142
6	386
6	445
6	548
7	334
7	522
7	548
8	57
8	75
8	81
8	88
8	145
8	512
8	554
9	209
9	262
9	403
9	518
10	405
10	480
11	90
11	225
11	378
11	691
12	78
12	196
12	204
12	358
12	384
12	454
12	571
12	659
13	107
13	119
13	285
13	350
13	541
13	696
14	510
14	581
14	694
15	95
15	279
15	372
15	443
15	572
15	689
16	97
16	231
16	394
17	265
17	514
17	560
17	570
17	602
17	610
18	34
18	113
18	298
18	375
18	466
19	82
19	225
19	263
19	390
19	556
20	105
20	295
20	296
20	310
20	335
20	382
20	424
21	35
21	209
21	511
22	59
22	262
22	652
23	95
23	127
23	310
23	423
23	665
24	407
24	532
25	174
25	206
25	313
26	502
27	179
28	142
28	601
29	37
29	89
29	187
29	248
30	36
31	114
31	119
31	409
31	661
31	685
32	52
32	83
32	203
32	645
33	107
33	417
33	529
34	191
34	281
34	567
34	613
34	683
35	128
35	225
35	407
35	467
35	501
35	672
35	681
36	106
36	571
36	620
36	658
37	102
37	359
37	378
37	548
37	644
38	257
38	261
38	524
38	658
39	367
39	573
39	598
39	626
40	175
40	216
40	423
40	479
41	157
41	239
41	320
41	466
41	496
42	61
42	88
42	101
42	371
43	273
43	352
43	370
44	61
44	203
44	257
44	398
45	57
45	67
45	216
45	613
45	654
45	662
46	80
46	134
46	338
46	340
46	498
46	653
46	666
47	692
48	406
48	513
48	644
49	160
49	196
49	519
49	551
49	594
49	657
49	680
49	694
50	329
50	456
50	497
50	509
50	631
51	373
51	410
51	602
52	102
52	315
52	343
52	396
52	428
52	463
52	499
53	383
53	428
53	477
53	638
54	137
54	186
54	295
54	400
54	455
55	96
55	542
56	82
56	285
56	565
57	76
57	138
57	462
57	470
58	247
58	451
58	574
58	670
58	679
59	87
59	231
59	324
59	500
59	615
60	94
60	252
61	245
61	433
62	190
62	268
62	367
62	480
62	601
62	658
62	691
63	77
63	168
63	190
63	201
63	249
63	315
63	646
64	154
64	348
64	403
64	538
65	69
65	97
65	221
65	390
65	684
66	116
66	373
66	424
66	528
67	140
67	175
67	262
67	298
67	367
67	485
67	556
68	93
68	221
68	261
69	165
69	252
69	557
69	574
69	576
69	588
69	689
70	616
71	401
71	464
71	513
72	116
72	228
72	458
72	515
72	543
72	596
73	152
73	165
73	197
73	261
73	358
73	478
73	483
73	502
73	559
74	223
74	531
75	91
75	235
75	481
76	207
76	307
76	383
76	599
77	101
77	446
78	231
79	307
79	391
80	120
80	354
80	423
80	500
81	90
81	294
83	113
83	195
83	676
84	234
84	602
84	663
85	138
85	230
85	234
85	381
85	428
85	508
86	269
87	139
88	316
88	379
88	419
88	425
88	630
89	247
89	339
89	441
90	341
90	442
90	503
90	639
91	113
91	342
91	549
91	588
91	607
91	618
92	159
92	432
92	592
93	142
93	225
93	262
94	123
94	373
94	406
94	464
94	566
95	155
95	210
95	498
95	677
96	320
96	518
96	541
97	422
97	538
97	603
97	612
97	693
98	468
98	563
99	280
99	351
99	359
99	380
99	487
99	635
100	114
101	105
101	160
101	538
102	139
102	355
102	488
102	529
103	383
103	605
103	629
104	669
104	683
105	285
105	444
106	110
106	122
106	205
107	443
107	445
107	496
107	581
107	602
108	675
108	685
109	300
109	564
109	623
109	683
110	361
110	372
110	410
110	572
111	160
111	441
111	572
112	114
112	119
112	178
113	210
113	327
113	366
113	548
113	694
114	252
114	558
114	598
114	684
114	687
115	190
116	262
116	340
116	476
116	591
117	384
118	235
118	454
118	504
118	668
119	196
119	360
119	425
119	440
119	528
120	307
120	659
121	420
122	238
122	275
122	471
122	511
123	206
123	608
124	244
124	332
124	423
124	555
125	190
125	559
126	277
126	442
126	684
127	165
127	320
127	537
127	677
128	211
128	668
129	472
129	568
129	674
130	334
130	338
130	673
131	421
131	491
131	524
132	495
132	591
133	400
133	514
134	165
134	215
134	441
135	291
135	393
135	413
135	612
136	236
136	244
136	656
137	562
137	606
139	150
139	228
139	241
139	554
139	575
140	260
140	267
140	690
141	211
141	262
141	531
141	555
141	571
142	206
142	213
142	483
142	537
142	606
142	627
143	176
143	206
144	312
144	522
144	668
145	294
145	470
145	556
145	682
146	647
147	246
147	355
147	480
147	616
147	678
148	160
148	210
148	263
148	285
148	507
148	656
149	420
149	588
149	688
150	269
150	275
150	497
151	208
151	227
151	509
151	605
151	614
151	691
152	651
153	261
154	668
155	163
155	349
155	411
155	569
155	695
156	207
156	355
156	620
157	281
157	627
158	363
158	372
159	410
159	456
160	242
160	623
161	461
161	605
161	611
162	381
163	268
163	682
164	687
165	302
165	433
165	637
166	528
167	205
167	463
167	654
168	601
169	186
169	608
169	644
170	294
170	304
170	374
171	207
171	603
172	652
173	260
173	317
173	321
173	484
173	499
173	654
174	207
174	210
174	293
174	576
174	577
175	385
176	489
176	552
177	419
177	531
177	618
177	628
178	603
178	642
178	698
179	355
179	358
179	571
179	628
180	296
180	468
180	494
180	563
181	197
181	234
181	408
181	556
181	600
182	392
182	550
182	568
182	655
183	243
184	266
184	357
184	467
185	582
185	585
186	292
186	297
186	503
186	531
186	585
186	634
186	685
188	540
188	654
189	627
190	317
190	656
191	231
191	278
191	603
191	627
191	638
192	234
192	294
192	369
192	464
192	680
193	229
193	364
194	263
194	647
195	340
195	442
195	550
195	668
196	255
196	388
197	596
197	687
198	457
198	642
198	676
199	377
200	321
200	363
200	522
200	557
200	623
200	635
201	569
202	260
202	291
202	441
202	509
203	513
204	214
204	506
205	392
205	444
205	473
205	487
205	626
206	431
206	557
206	676
207	627
208	251
208	556
208	559
208	618
208	635
209	352
209	353
209	548
209	595
209	647
209	658
209	697
210	257
210	404
210	433
210	527
210	699
211	307
211	440
212	254
212	449
213	253
213	360
214	217
214	278
214	350
214	423
214	492
214	673
215	586
215	587
216	251
216	447
216	643
217	413
217	480
217	554
218	245
218	473
218	504
218	603
219	397
219	676
220	365
220	617
222	257
222	380
222	499
222	635
223	516
223	546
223	567
223	650
224	351
224	405
224	661
225	278
226	478
226	671
227	415
227	659
228	613
228	630
229	672
230	384
230	551
231	317
231	465
231	694
232	259
232	541
233	237
233	443
233	674
234	268
234	308
234	464
234	520
235	372
235	376
235	516
235	575
236	270
236	398
236	417
237	556
237	621
239	305
239	356
239	513
239	655
240	499
240	637
241	424
241	471
242	421
244	295
244	532
245	254
245	326
245	346
245	384
245	580
246	272
246	447
246	577
246	604
247	416
248	249
248	545
249	368
249	572
249	589
249	680
250	353
250	387
250	429
250	532
250	585
252	269
252	311
252	466
253	649
254	479
254	523
255	377
255	496
256	333
256	505
257	265
257	600
257	618
258	315
258	367
258	436
258	477
258	528
258	531
258	644
259	431
260	363
260	423
260	577
260	592
261	406
261	491
261	516
261	520
261	574
261	588
262	339
262	342
262	465
262	468
264	281
264	409
264	432
264	493
265	593
267	637
268	428
268	523
269	330
271	561
271	611
272	329
273	429
274	319
274	376
276	354
277	279
277	469
277	520
278	518
279	352
280	465
280	482
281	613
281	641
282	391
282	649
283	385
284	338
284	456
285	417
285	554
285	576
287	297
287	435
287	567
288	512
289	394
289	395
289	513
289	635
289	690
291	328
291	659
292	524
292	629
292	637
294	335
294	434
294	636
295	348
295	651
296	468
296	480
297	489
298	365
298	603
298	693
299	455
300	466
300	579
300	599
301	393
301	406
302	338
302	500
303	323
304	423
304	639
305	350
306	421
306	452
306	463
306	493
306	505
306	527
307	540
307	551
307	633
307	662
308	418
308	681
309	441
310	346
310	494
310	506
311	375
311	423
311	609
312	459
312	602
313	413
313	492
313	613
314	480
314	481
314	591
314	688
315	331
315	461
315	685
316	530
316	605
317	370
317	412
317	678
318	444
318	668
320	500
320	553
320	590
321	425
321	648
322	618
323	428
323	458
323	488
325	395
325	495
326	382
326	559
327	653
327	693
328	367
328	382
330	359
331	625
332	535
332	640
334	657
334	670
335	546
336	513
336	600
337	670
339	491
339	611
339	673
340	407
340	435
340	598
341	381
341	435
341	479
341	520
341	607
341	657
342	480
342	506
342	524
342	693
344	350
344	668
345	438
347	650
348	623
348	661
349	419
349	472
349	542
349	570
350	650
351	423
351	561
352	371
352	694
354	490
355	404
355	644
355	653
356	379
356	575
357	412
357	610
358	534
358	541
358	606
359	533
361	392
362	447
362	537
363	459
364	370
364	508
364	606
365	380
365	549
365	551
366	532
366	653
366	672
368	567
369	395
369	414
370	595
373	677
374	445
375	412
376	439
376	520
376	532
376	596
376	639
376	642
377	424
377	670
380	393
380	510
380	653
380	682
381	531
382	512
383	514
383	659
384	519
384	595
385	473
386	478
386	583
386	673
386	682
387	423
387	483
388	449
388	456
388	471
388	485
389	550
389	640
390	511
390	545
390	562
391	436
391	496
391	564
392	522
392	611
393	548
394	562
394	611
394	693
395	490
396	558
396	629
397	434
397	675
397	683
398	486
399	696
400	551
401	595
402	598
403	640
403	698
404	464
406	422
406	503
406	549
407	411
408	625
408	664
409	455
410	453
411	492
412	453
414	585
414	642
414	656
414	674
415	654
416	510
416	629
416	650
417	497
417	500
419	460
419	654
419	681
420	468
420	502
420	575
421	520
421	607
421	646
421	651
422	487
424	461
425	567
426	630
428	540
428	668
429	519
429	538
429	699
430	478
431	519
432	531
432	676
434	562
435	607
436	603
436	626
437	456
437	681
438	450
438	587
439	476
440	579
441	625
441	676
442	605
443	468
443	517
444	451
445	554
445	561
446	450
446	481
446	650
448	669
450	639
451	606
452	467
452	504
452	588
454	546
454	600
454	623
455	639
456	610
456	628
457	496
457	663
458	540
458	631
459	497
459	691
461	496
461	512
461	535
463	496
464	467
465	512
465	542
465	624
467	647
468	505
468	577
469	546
469	638
471	531
472	553
473	526
473	602
474	479
474	632
475	515
475	641
476	477
477	495
477	577
477	619
478	568
479	551
481	560
483	599
483	678
484	620
485	637
485	662
485	673
489	506
489	653
490	643
491	530
491	556
491	630
494	504
495	652
497	639
499	555
499	614
500	566
501	627
502	592
502	604
502	670
503	663
503	692
504	624
505	536
505	572
505	675
507	539
507	626
507	680
509	573
509	626
509	674
510	524
510	619
510	651
510	696
512	655
513	521
513	551
513	554
515	535
515	560
516	674
517	540
519	555
519	627
519	667
520	550
521	547
525	540
525	654
525	658
530	622
531	539
531	646
534	543
535	544
535	694
536	601
537	594
539	669
541	595
542	554
542	675
543	674
546	583
548	615
549	577
550	595
550	675
555	589
555	607
555	620
555	696
556	573
559	605
559	687
560	599
564	672
567	593
571	603
571	673
575	640
578	593
578	628
580	693
581	686
582	678
584	623
587	691
594	616
594	622
595	606
597	610
598	673
601	685
604	643
604	694
605	660
606	612
606	621
606	693
607	676
609	637
612	664
613	686
615	624
615	645
616	627
622	647
622	687
624	635
626	680
632	676
634	637
636	681
638	668
646	684
649	691
651	678
653	671
658	693
661	690
677	687
686	694