0	22
0	210
0	242
0	512
0	566
0	615
1	403
1	408
1	485
2	73
2	310
3	120
3	205
3	432
3	465
4	42
4	65
4	94
4	101
4	142
4	230
4	232
4	340
4	464
4	546
5	49
5	98
5	191
5	244
5	337
6	135
6	226
6	356
6	504
6	551
6	607
6	657
6	668
7	107
7	421
7	646
8	116
8	328
8	517
8	569
9	89
9	231
9	634
9	658
10	19
10	207
10	379
10	408
10	436
10	490
10	541
10	621
11	12
11	146
11	418
11	590
11	604
11	692
12	22
12	74
12	271
12	519
13	389
14	181
14	289
14	453
14	541
14	599
15	60
15	184
15	290
15	333
15	410
15	540
16	37
16	346
16	420
16	608
17	519
17	615
18	316
18	333
18	353
18	367
18	493
20	95
20	358
20	389
20	408
20	563
20	608
20	638
20	655
21	276
21	357
21	680
22	193
22	293
22	331
22	575
22	617
22	678
23	301
23	329
23	529
23	589
23	669
24	47
24	59
24	269
25	128
25	246
25	335
25	474
25	509
25	604
25	619
26	102
26	237
27	269
27	454
27	525
28	82
28	111
28	130
28	203
28	479
29	58
29	242
29	568
30	219
30	249
30	287
30	384
30	464
30	597
30	636
30	675
31	37
31	192
31	380
31	408
31	416
31	468
32	54
32	101
32	112
32	264
32	583
33	161
33	354
33	518
33	653
33	654
34	36
34	209
34	328
34	339
34	535
35	227
35	230
35	334
35	479
36	390
36	567
36	579
36	584
36	638
37	64
37	89
37	182
37	331
37	338
37	346
37	452
38	325
38	339
38	590
39	157
39	319
39	402
39	554
39	638
39	664
39	671
39	674
40	423
40	662
41	151
41	165
41	254
41	510
41	663
42	366
43	245
43	518
44	276
44	304
44	598
44	653
45	80
45	105
45	231
45	443
46	403
46	529
46	619
46	665
47	488
47	670
48	106
48	140
48	248
48	392
48	406
48	603
49	93
49	105
49	244
49	421
49	543
49	567
50	382
50	625
51	100
51	202
51	243
51	256
51	336
51	361
51	492
51	571
52	352
52	575
52	613
52	685
53	520
53	646
53	678
54	231
54	250
54	292
54	435
54	478
54	641
55	167
55	193
55	293
55	303
55	457
55	598
55	608
56	65
56	235
56	253
56	258
56	436
56	439
56	499
56	551
56	616
56	661
57	267
58	356
58	533
58	554
58	602
59	92
59	213
59	285
59	408
59	693
60	209
60	363
61	103
61	120
61	248
61	406
61	541
61	561
62	337
62	344
62	347
62	451
63	223
63	230
63	246
63	264
63	412
63	565
63	651
64	275
64	472
65	99
65	117
65	235
65	405
65	409
66	153
66	219
66	338
66	444
66	644
66	654
66	689
66	699
67	213
67	643
68	94
68	218
69	178
70	233
70	554
71	207
71	223
71	340
71	449
71	529
71	530
72	303
72	417
73	116
73	173
73	533
73	689
74	449
74	507
74	548
74	623
74	661
75	126
75	167
75	451
75	465
76	121
76	136
76	247
76	666
77	279
77	483
77	666
78	107
78	206
78	214
78	426
78	451
78	558
78	631
78	669
79	303
79	363
79	417
79	473
79	539
79	599
80	202
80	457
81	443
82	172
83	477
83	482
83	642
84	420
84	452
84	584
85	199
85	440
85	452
85	475
85	529
85	640
85	644
85	648
85	652
86	546
87	322
87	386
87	445
87	504
87	567
88	207
88	409
88	480
88	513
89	119
89	128
89	559
90	189
90	333
90	361
90	533
90	590
90	600
91	166
91	462
92	249
92	278
92	456
94	396
94	437
94	643
95	107
95	139
95	148
95	307
95	438
96	251
96	317
96	368
97	396
97	695
98	153
98	212
98	306
98	313
98	482
98	538
99	170
99	207
99	334
99	518
100	157
100	163
100	201
100	460
101	130
101	344
101	391
101	544
101	599
102	159
102	279
102	490
103	138
103	185
103	255
103	293
103	364
103	416
103	425
103	543
104	166
104	327
104	510
104	523
104	563
104	591
104	608
105	185
106	337
106	452
107	122
107	245
107	553
107	662
108	264
108	357
109	111
109	222
109	450
109	456
109	635
110	297
110	327
110	566
110	632
111	141
111	266
111	324
111	600
112	314
112	368
112	405
112	515
112	584
113	412
113	508
113	642
113	694
114	173
114	206
114	395
115	332
115	357
115	428
116	404
116	460
116	540
116	615
117	161
117	523
118	174
118	219
119	172
119	275
119	501
119	536
120	513
120	581
121	272
121	456
121	470
121	606
122	374
122	632
123	251
123	447
123	519
123	562
123	573
123	591
123	606
124	183
124	195
124	526
124	560
124	615
125	211
125	357
125	377
125	385
126	135
126	256
126	364
126	421
126	542
126	697
127	134
128	333
128	398
128	515
128	617
129	256
129	258
129	323
129	415
129	674
130	231
130	656
131	325
131	612
131	613
131	617
132	460
133	492
133	517
134	534
135	214
135	329
135	413
136	185
136	197
136	328
136	549
137	230
137	573
138	144
138	265
138	291
139	210
139	253
139	366
139	373
139	503
140	528
141	288
141	460
141	588
142	291
142	474
143	352
143	415
143	471
143	571
143	636
143	687
144	299
144	371
144	430
144	635
144	679
145	294
145	470
145	527
145	665
145	670
146	263
146	487
146	491
147	158
147	351
147	484
147	606
147	616
148	171
148	351
148	354
148	495
148	524
148	563
148	671
148	686
149	242
149	267
149	308
149	586
149	587
150	508
150	555
151	306
151	319
151	402
151	407
151	532
151	638
152	639
153	308
153	336
153	392
154	219
154	506
155	164
155	330
155	645
155	665
156	313
156	361
157	541
157	596
158	241
158	600
159	508
160	178
160	179
160	350
160	368
160	412
160	605
160	646
160	648
160	690
162	381
162	437
162	484
163	440
163	594
164	229
164	316
165	277
165	388
165	522
165	545
166	250
166	574
167	299
167	426
167	553
167	601
168	314
168	468
168	470
168	504
168	602
168	625
169	272
169	323
169	621
170	473
170	606
170	671
171	221
171	539
172	187
172	525
173	447
173	463
174	249
174	323
175	178
175	479
175	675
176	205
176	219
176	691
177	335
177	336
177	352
177	356
177	515
178	343
178	546
179	382
179	397
179	450
179	533
179	568
180	383
180	386
180	491
181	356
181	539
182	418
183	265
183	412
184	388
184	402
184	564
185	328
185	466
186	317
186	453
186	467
186	621
187	549
188	347
189	234
190	243
190	257
190	488
190	557
190	577
191	245
191	373
191	402
191	506
191	555
191	634
192	260
192	589
192	668
193	241
193	294
193	337
194	258
194	685
196	360
196	417
197	278
197	320
197	387
197	433
197	438
197	627
197	645
198	310
198	340
198	438
198	554
198	697
199	237
199	400
200	534
200	560
201	403
201	549
201	627
203	255
203	623
204	230
204	267
204	289
204	360
204	394
204	587
205	215
205	231
205	349
205	398
205	519
206	216
206	511
206	517
207	232
207	645
208	296
209	473
209	508
210	547
211	281
211	699
212	501
213	222
214	573
215	638
215	649
216	239
216	589
216	651
217	422
217	546
218	305
218	478
218	500
218	625
219	403
220	389
220	405
220	419
220	450
220	461
220	616
221	617
222	282
222	377
222	574
222	665
224	254
224	361
224	519
225	459
226	299
226	327
226	449
226	508
227	230
227	365
227	457
228	544
229	261
229	363
230	306
230	363
230	617
230	619
231	644
231	646
232	454
232	565
232	644
232	655
232	657
233	396
233	570
233	595
234	298
234	369
234	627
235	334
235	492
235	687
236	302
236	328
236	554
236	591
236	594
236	675
237	401
237	420
237	648
237	664
238	370
238	461
238	471
238	537
238	575
239	279
239	368
239	497
239	649
240	347
240	531
240	623
241	305
241	321
241	675
241	679
243	295
243	307
243	551
243	585
243	586
243	676
244	635
244	656
245	369
245	489
246	310
247	268
247	649
249	411
249	555
249	679
250	293
250	557
250	616
251	549
252	339
252	399
252	630
253	363
253	583
253	611
254	310
254	492
254	535
255	521
255	660
256	392
256	545
256	576
258	667
258	697
259	482
260	299
260	659
261	423
262	317
262	474
262	646
263	452
264	440
264	572
264	632
265	420
265	544
265	585
265	614
265	618
266	427
266	531
266	582
266	626
267	559
268	671
269	344
269	385
269	482
270	335
270	460
272	320
272	477
272	508
273	355
273	444
273	588
274	301
274	583
274	614
275	298
275	403
275	581
275	620
276	534
276	672
277	291
277	346
278	434
278	546
279	377
279	467
280	536
280	545
282	450
282	458
282	467
282	533
283	294
283	433
283	455
284	421
284	513
284	540
284	633
285	501
285	679
286	290
287	699
289	326
289	468
289	566
290	354
290	418
291	531
291	681
292	348
292	409
293	316
293	636
293	656
294	445
295	453
295	698
296	334
296	488
297	594
297	633
297	674
298	461
299	388
299	499
300	403
301	386
301	445
301	515
301	678
302	492
302	581
302	618
302	661
303	613
303	666
304	448
304	508
304	624
305	335
305	410
305	640
306	322
306	384
306	544
306	595
307	548
308	343
308	433
308	506
308	512
308	514
308	553
308	684
309	420
311	506
312	487
313	483
313	534
313	554
313	616
314	456
315	474
315	481
315	595
315	682
316	333
316	616
316	651
317	357
317	390
317	642
318	432
318	459
318	633
319	439
319	558
319	650
320	442
320	665
321	330
323	370
323	561
323	681
324	617
324	675
325	403
325	614
326	544
327	540
327	556
328	466
330	421
330	503
330	632
331	339
331	380
331	530
333	402
333	495
333	573
333	664
334	587
335	471
335	513
335	547
336	448
336	504
337	384
337	446
337	631
338	500
338	515
339	467
339	494
340	421
340	599
341	424
341	480
342	467
342	500
342	514
342	581
342	646
343	388
343	556
343	687
345	450
345	555
345	609
345	699
346	415
347	607
348	457
348	660
349	473
349	504
349	515
350	563
351	402
351	504
352	511
352	554
352	564
352	649
355	453
355	616
355	671
356	555
356	563
358	555
358	608
359	379
359	680
360	555
360	640
361	366
361	554
361	670
362	370
362	537
363	474
363	534
363	602
364	370
366	378
366	458
366	515
366	637
366	651
367	699
368	417
368	588
369	392
369	488
371	676
372	484
372	491
372	674
373	458
374	568
374	667
375	628
375	682
376	516
377	449
379	541
379	615
381	391
381	435
381	682
382	413
382	481
382	556
382	559
383	446
383	598
384	699
385	457
385	653
386	567
387	451
387	524
387	530
387	587
387	598
388	525
388	565
389	502
389	528
389	534
391	434
391	521
391	555
391	643
392	425
392	589
392	609
393	604
393	619
395	409
395	431
396	583
396	678
396	695
398	423
398	438
398	658
400	484
402	479
402	545
402	567
404	428
405	699
406	444
406	482
407	457
407	484
408	637
409	626
410	602
410	652
411	518
411	536
411	551
411	647
412	634
412	679
413	569
413	633
413	698
414	422
414	444
414	505
414	511
416	645
417	532
418	620
419	438
419	543
419	635
420	514
421	659
422	541
422	578
423	608
423	610
424	603
424	613
425	640
426	562
426	644
427	472
427	610
427	626
427	690
428	524
429	460
429	597
430	522
431	461
431	485
431	599
433	665
434	469
434	488
434	554
434	568
435	461
435	584
437	498
440	568
441	454
441	562
441	615
442	511
443	620
443	670
444	623
444	635
445	550
445	690
448	579
448	589
448	606
448	669
449	453
449	556
449	585
449	631
451	492
451	587
453	469
453	657
454	542
454	662
455	473
455	599
455	653
455	674
455	689
455	697
456	476
457	464
457	481
457	596
458	620
460	468
460	667
461	553
462	613
463	470
463	581
463	696
465	626
466	659
467	557
468	535
468	552
469	597
469	644
470	650
470	695
471	537
473	539
474	508
476	533
477	496
477	586
477	592
481	626
481	689
482	673
483	661
483	675
485	540
486	498
486	514
487	508
487	691
489	625
492	564
492	610
492	613
494	504
494	570
495	651
496	613
496	664
497	537
497	563
499	551
499	641
503	516
503	659
503	673
504	543
504	611
504	682
505	640
508	567
509	598
510	543
510	672
511	568
512	621
512	636
512	649
516	533
516	556
516	699
517	537
517	654
519	610
521	639
521	688
523	634
529	606
529	611
529	664
529	666
530	580
531	640
531	695
535	577
539	542
540	624
542	601
543	561
543	571
545	556
545	588
546	593
546	622
547	684
549	685
551	563
553	571
553	697
554	674
554	683
555	612
555	637
557	619
557	691
561	638
563	638
563	658
563	679
566	648
566	649
569	683
569	691
570	677
571	572
573	647
573	690
575	603
577	634
579	661
581	661
581	678
582	690
583	635
583	669
585	640
588	629
590	624
590	645
590	657
591	620
591	662
593	604
595	683
596	599
596	609
597	610
597	688
599	603
600	626
601	688
604	646
604	654
605	634
609	616
615	675
628	637
629	684
632	688
635	637
636	687
637	641
637	672
638	698
640	671
641	686
641	692
645	656
647	661
648	692
658	669
669	678
670	698
678	687