0	168
0	589
0	670
1	176
1	479
1	600
2	229
2	300
3	448
3	463
3	571
3	597
4	358
4	418
4	665
5	375
5	467
6	117
6	133
6	205
6	453
7	159
7	380
7	417
7	504
8	44
8	88
8	379
8	391
8	492
8	574
9	195
9	410
9	483
10	31
11	397
11	479
11	497
12	100
12	209
12	265
12	298
12	438
13	37
13	63
13	187
13	363
13	419
13	499
13	511
14	125
14	158
14	187
14	211
14	295
14	358
14	427
14	591
15	150
15	384
15	436
15	452
15	565
16	228
16	476
16	506
16	522
17	114
17	137
17	157
17	212
17	242
17	400
17	521
18	74
18	219
18	417
18	516
18	525
18	606
19	413
19	508
20	171
20	278
20	316
20	318
20	331
20	373
20	512
20	602
20	634
21	53
21	210
21	329
21	346
21	437
22	61
22	429
23	47
23	228
23	652
24	184
24	271
24	486
24	632
25	148
25	293
26	44
26	183
26	186
26	201
26	429
27	149
27	179
27	364
27	365
27	372
27	439
27	487
27	500
28	181
28	233
28	503
28	657
28	681
29	100
29	245
29	310
29	390
29	612
30	56
30	287
31	114
31	227
31	333
32	125
32	318
33	222
33	460
34	144
34	201
34	258
34	346
34	504
34	567
34	652
35	152
35	309
35	339
35	625
35	669
36	62
36	132
36	548
36	642
37	62
37	80
37	382
37	669
37	694
38	101
38	115
38	146
38	294
38	316
38	358
38	536
38	547
38	675
39	628
40	99
41	264
41	494
41	566
42	181
42	610
42	665
42	691
43	107
43	121
43	499
43	546
44	403
44	498
45	68
45	200
45	409
45	453
45	581
46	63
46	225
46	364
46	691
47	148
47	320
47	601
48	221
48	631
49	107
49	112
49	176
49	191
49	236
49	284
50	320
50	585
51	122
51	165
51	287
51	509
52	211
52	258
52	368
53	209
53	340
53	413
54	108
54	226
54	233
54	373
54	401
54	538
54	620
55	248
55	299
55	358
55	405
55	409
56	107
56	199
56	526
56	633
57	175
57	302
58	127
58	154
58	156
58	547
59	134
60	342
60	370
61	71
61	242
61	339
61	405
61	669
62	643
63	325
63	457
63	587
63	680
64	210
64	263
64	371
64	414
64	545
65	115
65	432
65	509
66	67
66	145
66	436
66	572
66	621
67	127
67	246
67	312
67	316
67	533
67	606
68	95
68	161
68	529
69	262
69	310
69	569
69	584
70	106
70	107
70	221
71	86
71	98
71	544
71	558
71	603
71	680
72	510
72	548
73	591
74	321
75	90
75	133
75	350
75	447
75	523
76	269
77	280
77	585
78	110
78	120
78	210
78	314
78	376
79	113
79	139
79	236
79	237
79	334
79	555
79	633
79	674
80	140
80	301
80	368
80	389
80	551
80	558
80	617
80	693
81	152
81	190
81	419
81	457
81	639
82	232
82	371
82	482
82	587
83	163
83	557
84	280
84	369
84	537
85	154
85	385
85	623
85	675
86	610
87	651
88	186
88	253
88	255
88	351
88	539
89	268
90	404
90	458
90	495
90	639
91	101
91	234
91	263
91	420
91	566
91	579
91	610
92	144
93	151
93	205
94	246
94	403
94	450
94	570
94	577
94	617
94	650
95	344
95	388
95	607
95	654
95	690
96	315
96	321
96	393
97	115
97	206
97	401
97	474
97	549
97	589
97	695
98	202
98	384
98	418
98	485
98	534
98	563
98	650
99	140
99	192
100	141
100	359
100	428
100	664
101	314
101	338
101	351
101	464
101	466
101	568
102	122
102	362
102	406
102	533
102	575
103	283
103	507
103	569
104	209
104	308
104	422
104	520
104	676
105	129
105	524
106	202
106	309
106	318
106	461
107	155
107	366
107	510
108	433
108	641
108	657
108	682
109	255
109	480
110	151
110	436
111	511
112	475
112	548
112	615
113	145
113	338
115	190
115	287
115	410
115	637
116	152
116	594
116	640
116	647
116	682
117	190
118	346
118	417
118	530
118	551
118	676
119	125
119	242
119	594
120	158
120	176
120	183
120	229
120	254
120	428
121	334
121	544
122	245
122	247
122	262
122	525
122	557
123	414
123	443
123	650
123	669
124	369
125	384
125	402
125	570
126	386
126	422
126	594
127	132
127	203
127	337
128	143
128	213
128	427
128	465
128	470
128	497
128	503
129	191
129	311
129	324
129	417
130	202
130	396
130	651
130	694
131	227
132	166
132	271
132	428
132	538
133	278
133	500
133	650
134	285
134	291
134	318
134	438
134	554
134	568
135	182
135	192
135	270
135	361
135	422
135	670
136	174
136	366
136	614
138	357
138	439
138	598
138	626
138	697
139	344
139	508
139	518
139	605
139	671
140	244
140	291
140	422
140	584
140	636
140	674
141	201
141	227
141	279
141	298
141	373
141	392
141	554
141	561
141	683
142	160
142	266
142	269
142	275
142	513
143	147
143	454
143	577
143	583
143	615
143	625
143	660
143	688
144	406
144	435
144	620
145	206
146	297
146	365
146	496
146	516
146	644
146	698
147	265
147	344
147	373
147	374
147	467
147	691
148	302
148	624
148	658
148	682
149	420
149	565
150	189
150	317
150	349
150	373
150	447
150	491
151	244
151	458
151	533
152	411
152	495
153	397
154	204
154	313
154	359
154	361
154	390
154	471
154	664
155	353
155	413
155	533
155	674
156	162
156	362
156	401
156	456
156	600
157	180
157	432
158	217
158	382
158	438
158	512
158	637
159	237
159	240
159	241
159	378
159	453
159	458
159	566
160	298
161	434
161	536
161	559
162	352
162	468
162	508
162	599
162	688
163	451
163	478
163	608
164	173
164	194
164	211
164	237
164	241
164	251
164	270
165	299
165	384
165	537
166	217
166	376
166	471
167	366
167	422
167	424
167	552
168	581
169	212
169	335
169	495
170	230
170	518
171	388
172	332
172	444
172	627
172	653
174	233
174	275
174	414
174	468
174	475
174	500
174	620
175	186
175	299
175	302
175	398
175	430
175	551
175	585
177	204
177	249
177	600
177	661
178	270
179	252
180	220
180	341
180	479
180	498
180	699
181	344
181	431
181	604
182	201
182	225
182	249
182	488
182	493
182	650
183	384
183	403
184	352
184	391
184	636
185	213
185	255
185	338
185	548
185	571
185	646
185	680
186	669
187	193
187	364
188	668
189	249
189	280
189	564
190	265
190	503
190	645
191	320
191	340
191	347
191	473
192	694
193	582
194	240
194	247
194	477
194	488
194	510
194	520
195	563
195	694
196	210
196	424
196	630
197	687
198	369
198	622
198	646
199	351
201	221
201	645
202	323
202	568
202	590
203	418
203	527
204	603
204	673
205	441
205	609
206	267
206	637
206	647
207	379
207	536
207	542
208	396
208	611
208	629
209	529
210	410
210	499
210	532
210	590
211	217
212	385
212	505
212	584
213	560
214	275
214	409
215	427
215	437
215	443
216	397
217	399
217	437
217	477
217	515
217	592
217	628
218	255
218	281
218	612
218	613
219	227
219	274
219	292
219	548
219	597
219	633
219	657
220	404
220	538
220	677
221	323
221	344
222	268
222	596
222	637
223	365
224	236
224	343
224	349
224	380
224	412
224	482
225	299
225	418
225	576
225	655
226	405
226	587
228	257
228	481
228	618
228	668
229	251
229	319
229	324
230	295
230	542
230	554
231	283
231	308
231	383
231	468
232	513
233	294
233	427
234	265
234	577
234	607
234	646
235	443
235	500
235	545
236	445
237	436
237	593
238	272
238	446
238	600
239	620
240	264
240	325
240	391
240	434
240	590
241	325
241	370
241	423
242	252
242	261
242	602
243	257
243	346
243	423
243	539
244	250
244	299
244	577
244	665
245	664
245	666
246	674
247	282
247	340
247	448
247	467
247	470
247	472
247	476
248	270
248	297
248	512
249	456
249	502
250	336
250	424
250	563
251	290
251	301
251	471
252	641
252	651
252	695
253	474
254	307
254	361
254	517
254	616
254	680
255	432
255	528
256	319
256	384
256	401
256	459
257	258
258	329
258	364
258	386
259	265
259	430
260	292
260	301
260	395
260	444
260	542
261	406
261	417
261	426
262	389
262	503
262	599
262	660
263	434
263	654
264	325
265	534
265	540
266	287
266	349
267	560
267	597
268	335
268	392
269	340
269	384
269	556
269	583
270	464
270	544
271	301
271	497
271	519
271	608
271	669
271	692
272	275
272	554
273	343
274	395
274	476
275	347
276	312
276	482
276	552
276	647
277	353
277	435
277	575
278	384
278	394
278	506
279	575
280	479
281	334
281	687
282	454
282	470
284	295
284	426
284	455
284	527
286	324
286	563
287	334
287	434
287	623
287	673
288	459
288	605
288	606
289	476
290	318
290	328
290	537
291	498
292	494
292	518
292	685
293	513
294	676
295	315
295	394
295	504
295	524
296	346
296	429
296	431
297	301
297	371
297	451
297	626
298	414
298	466
302	470
302	664
303	323
303	489
303	622
303	682
304	498
304	533
304	550
304	593
304	677
304	680
305	441
305	650
305	653
306	404
306	409
307	528
308	553
309	622
311	395
311	471
311	535
312	330
312	525
312	592
312	619
313	403
313	447
313	477
314	323
314	508
315	429
315	512
315	555
315	615
315	616
317	594
317	653
318	329
318	342
318	398
318	447
318	495
318	699
320	507
320	620
321	391
321	494
322	397
323	532
325	405
326	564
326	624
327	439
328	580
329	371
329	383
329	399
329	586
329	636
330	647
331	486
333	501
334	393
334	478
334	482
334	532
337	661
338	608
338	640
339	554
341	445
341	559
341	626
341	675
343	379
343	465
343	536
343	582
343	641
344	460
344	500
344	529
344	620
344	621
344	656
345	467
345	516
345	563
345	651
346	583
346	669
347	370
347	470
348	506
349	419
349	516
350	634
351	630
352	506
354	531
355	466
355	471
355	582
356	371
356	400
356	618
356	682
356	689
358	372
358	507
358	662
360	391
360	514
361	426
361	664
361	684
361	698
362	471
362	580
362	607
362	648
363	407
364	503
364	527
364	575
365	454
365	562
365	593
366	391
366	640
366	650
367	699
368	454
368	478
368	544
368	678
369	385
371	589
371	641
372	376
372	438
372	539
372	685
373	407
373	544
373	635
374	523
374	680
375	578
376	512
376	597
377	677
377	698
378	604
378	644
379	524
380	480
380	526
381	459
381	544
383	599
383	604
383	640
384	556
384	658
386	454
387	447
387	498
387	531
387	545
388	433
388	692
389	527
389	543
391	538
391	562
392	639
392	687
393	508
393	678
393	684
394	625
395	534
395	674
396	403
396	672
398	573
398	600
398	640
399	686
401	525
401	587
403	558
403	582
403	641
403	697
404	548
404	639
406	421
406	603
406	612
407	604
407	632
408	512
408	577
409	631
410	426
410	484
411	504
411	698
412	426
412	519
412	590
412	649
413	482
413	513
413	562
415	497
416	528
416	554
417	608
417	623
418	438
418	634
420	546
420	691
421	510
421	666
422	456
422	501
422	696
423	683
424	496
425	474
425	484
425	578
425	632
426	652
426	655
427	483
427	521
427	596
427	679
428	500
429	508
430	438
431	517
431	545
433	611
434	490
434	680
435	549
436	538
436	552
438	446
439	486
439	610
439	624
440	455
442	670
443	535
445	655
446	547
446	631
447	574
447	601
447	650
447	685
448	451
449	450
449	456
449	540
450	615
450	627
450	699
451	574
452	544
452	585
454	493
455	638
456	618
457	542
458	500
458	598
459	584
460	623
461	612
462	620
463	484
463	567
463	585
464	658
465	653
465	679
466	470
466	656
468	656
469	635
470	484
471	601
471	671
475	540
475	638
475	643
476	530
476	669
477	517
477	594
478	625
479	522
479	558
482	582
483	501
483	511
484	487
484	571
484	686
485	512
487	648
488	605
489	518
489	530
490	685
491	629
491	649
493	503
494	527
494	552
494	655
494	675
496	652
496	669
499	639
504	600
504	667
506	671
507	699
508	604
508	614
508	619
510	670
512	548
512	668
512	671
513	631
513	671
514	586
515	683
516	663
518	656
522	619
523	530
523	541
523	637
526	602
526	641
527	533
528	612
529	689
530	573
532	592
532	698
534	691
535	627
535	661
536	561
536	603
537	577
538	652
540	672
541	654
541	698
542	564
543	691
545	691
546	650
548	607
548	686
549	638
551	683
551	685
553	669
554	581
555	583
557	580
559	579
560	651
561	666
561	669
565	583
568	672
571	641
571	665
571	682
572	590
575	577
576	577
582	641
582	685
583	661
583	667
585	699
588	620
591	683
592	654
592	668
595	683
597	650
597	678
597	698
599	634
601	645
601	651
602	629
606	653
609	611
609	616
609	632
609	693
610	638
611	631
611	677
612	684
613	616
616	686
624	687
625	652
625	653
629	656
629	668
630	639
632	635
632	697
635	682
637	686
642	659
643	677
644	691
645	695
645	696
647	697
650	681
654	695
655	665
665	667
665	696
678	689
685	690