0	40
0	129
0	390
1	451
2	530
3	56
3	629
3	685
4	316
4	573
5	183
5	301
6	148
6	231
6	371
6	385
6	552
7	82
7	175
7	536
7	581
8	247
8	325
8	340
8	371
8	604
9	64
9	200
9	640
10	294
10	360
10	365
10	433
10	626
10	639
11	187
11	202
11	208
11	421
11	537
11	571
11	691
12	41
12	133
12	142
12	519
12	645
12	688
13	191
13	331
13	555
13	640
13	656
13	677
14	301
14	333
14	471
14	554
14	667
15	136
15	270
15	351
15	463
15	619
15	624
15	633
15	691
16	358
16	411
16	414
16	468
16	515
16	582
16	658
17	30
17	272
17	530
17	641
18	421
18	524
19	25
19	245
19	293
19	363
19	467
19	571
20	30
20	593
20	682
21	26
21	229
21	250
21	317
21	486
22	29
22	555
23	61
23	254
23	347
23	401
23	503
23	558
24	158
24	306
24	428
24	534
25	101
25	392
26	75
26	87
26	277
26	413
26	457
26	490
26	641
27	97
27	182
27	301
27	328
27	609
28	101
28	289
28	471
28	540
28	674
29	185
29	282
29	541
29	631
29	645
30	91
30	294
30	601
30	616
30	673
31	247
31	467
32	133
32	193
32	298
32	407
32	503
33	195
33	353
33	449
33	550
33	576
34	114
34	388
34	660
34	695
35	261
35	660
36	438
37	67
37	282
37	663
38	49
38	201
38	326
38	385
38	479
39	237
39	430
39	474
39	604
40	186
40	237
40	484
40	501
41	146
41	409
42	73
42	381
42	405
42	618
43	311
43	371
43	541
43	598
44	155
44	229
44	400
44	643
44	689
45	82
45	516
46	214
46	495
46	554
46	591
47	131
47	565
48	528
49	128
49	630
50	91
50	304
50	339
50	386
50	616
50	632
51	340
51	366
52	112
52	205
52	356
52	367
52	521
52	667
53	217
53	231
53	257
53	290
53	349
53	446
53	534
53	641
54	129
54	291
54	326
54	432
54	484
54	593
54	630
55	292
55	349
56	406
56	639
57	136
58	471
59	69
59	174
59	340
59	491
59	504
59	537
59	617
60	289
60	383
60	597
60	606
61	356
61	527
62	112
62	300
62	355
62	505
62	558
62	570
62	575
62	586
62	645
63	119
63	266
63	442
63	553
63	661
64	290
65	73
65	520
65	545
65	631
66	404
66	406
67	77
67	274
67	360
67	669
68	122
68	360
68	363
68	379
68	609
69	117
69	144
69	408
69	598
70	455
70	466
70	503
70	516
71	106
71	542
71	643
71	681
72	183
72	222
72	322
72	474
72	513
73	143
73	162
73	272
74	110
74	204
74	346
74	615
75	293
75	669
76	100
76	471
76	638
77	458
77	471
77	661
78	166
78	275
78	387
78	547
78	668
78	689
79	230
79	503
79	658
80	194
80	688
81	566
82	405
82	514
82	623
82	672
82	695
83	236
83	237
83	613
83	621
84	170
84	224
84	275
84	541
84	592
85	274
85	588
85	677
86	529
87	178
87	523
87	529
87	540
88	632
89	245
89	441
89	482
90	271
90	314
90	367
90	424
90	464
90	524
90	552
91	413
91	647
91	670
92	132
92	159
92	310
92	352
92	457
93	145
93	192
93	278
93	342
93	623
94	209
94	335
94	342
94	465
94	690
95	114
95	283
95	561
96	199
96	221
96	298
96	385
96	439
96	453
96	482
96	528
96	566
97	179
97	362
97	380
97	438
97	637
98	241
98	410
98	546
98	638
98	639
98	691
99	224
99	331
99	357
99	401
99	581
100	132
100	154
100	182
100	385
100	450
100	460
101	479
101	632
102	117
102	132
102	208
102	314
102	447
102	484
103	121
103	316
103	503
103	615
104	354
105	129
105	194
105	372
105	456
105	494
105	563
105	605
105	612
106	200
106	228
107	388
107	410
107	576
108	406
109	461
109	501
109	610
109	697
110	370
110	605
111	576
112	220
112	354
112	478
112	524
112	530
112	653
113	391
114	417
114	442
114	690
115	164
115	473
115	578
116	128
116	251
116	253
116	265
116	385
116	572
116	669
117	425
118	133
118	401
118	479
118	510
119	278
119	508
120	129
120	193
120	248
120	263
120	288
120	299
120	435
120	446
121	201
121	342
121	565
121	593
121	636
122	269
122	302
122	387
122	529
123	562
124	195
124	308
124	329
124	349
124	569
124	597
125	190
125	420
125	659
126	208
126	527
127	477
128	161
129	157
129	250
129	522
129	559
129	597
130	179
130	297
130	490
130	652
132	157
132	374
133	143
133	277
133	329
133	591
134	229
134	298
134	451
135	272
135	336
135	414
135	510
135	519
135	614
135	683
136	257
136	512
136	611
137	142
138	466
138	586
138	641
138	670
139	203
139	590
140	152
140	590
141	192
141	310
141	430
141	501
141	644
142	458
142	560
142	677
143	153
144	345
144	491
144	557
145	383
145	649
146	286
147	199
147	329
147	393
147	462
147	492
147	609
148	267
148	325
149	194
149	289
149	386
149	553
150	548
150	549
150	635
150	676
150	697
151	353
151	389
152	448
152	532
153	245
153	271
153	437
154	200
154	286
154	399
155	600
155	617
156	216
156	282
156	380
156	523
157	251
157	343
157	678
158	172
158	173
158	191
158	366
158	584
159	324
159	362
159	636
160	161
160	367
161	364
161	367
161	422
161	457
162	355
162	537
162	679
163	486
163	587
163	604
164	472
164	525
165	194
165	284
165	448
165	474
165	580
165	645
166	470
166	507
167	256
167	295
167	320
167	330
167	694
168	226
168	328
168	401
168	404
168	563
169	243
169	348
169	368
169	509
169	535
170	472
170	579
171	467
171	488
171	507
172	209
172	392
172	420
172	651
173	282
173	553
173	647
174	482
175	267
175	370
175	689
176	177
176	179
176	400
176	407
177	277
177	509
177	540
178	525
178	547
178	651
179	566
180	362
180	364
180	694
181	293
181	490
181	527
181	557
181	671
181	688
182	298
182	309
182	509
182	567
183	482
183	498
183	531
183	628
183	632
184	322
184	524
184	537
185	235
185	281
185	494
186	296
186	352
186	579
187	194
187	352
187	382
187	416
187	431
187	441
187	588
188	246
189	506
189	530
191	244
192	537
192	622
193	668
194	342
194	389
194	473
194	513
194	589
195	304
195	434
196	222
196	568
196	607
196	628
196	692
197	415
197	456
197	489
197	503
197	661
198	619
199	291
199	435
200	244
200	469
200	686
201	242
201	358
201	374
201	536
201	581
201	646
201	652
201	691
202	463
202	658
204	258
204	480
204	574
204	654
206	285
206	507
206	565
206	593
207	247
208	221
208	397
208	610
209	645
210	286
210	485
210	597
211	535
212	393
212	395
212	533
212	535
213	284
213	404
213	409
213	582
215	279
215	302
215	570
215	665
216	248
216	626
216	645
216	663
217	461
218	254
218	382
218	556
219	305
220	636
221	589
221	696
222	283
222	287
222	492
222	502
222	653
222	678
222	695
223	291
224	262
225	232
225	366
226	465
227	579
227	650
228	476
229	245
229	269
229	279
229	479
231	304
231	341
231	380
231	384
231	625
231	665
232	389
232	534
232	560
233	362
233	450
233	620
234	628
235	448
236	405
236	563
237	636
238	498
239	431
240	654
241	274
241	435
241	454
241	512
241	583
241	631
242	388
242	420
242	493
242	551
242	553
243	277
244	392
244	439
244	533
245	377
245	482
245	578
245	624
246	452
247	289
247	595
248	316
248	320
248	540
248	594
249	302
249	321
249	422
250	348
251	476
251	665
251	698
252	331
252	579
252	675
253	295
253	404
253	532
253	604
254	496
255	450
256	282
256	433
257	664
258	380
258	470
258	593
258	627
258	684
259	565
260	501
261	296
261	568
261	609
262	264
262	292
262	375
262	379
262	677
263	347
263	383
263	480
263	507
264	287
264	296
264	367
264	436
265	408
265	667
266	323
266	343
266	404
266	550
266	661
266	678
267	323
267	485
267	577
268	391
268	413
268	508
268	694
269	333
269	372
270	311
270	391
271	369
271	396
271	665
272	420
272	443
272	456
272	489
272	528
273	388
273	431
273	472
274	290
274	291
274	601
275	329
276	301
276	445
276	634
276	677
277	570
278	556
278	660
279	475
280	479
280	530
282	283
282	473
283	289
283	338
283	436
284	464
284	486
284	638
284	662
285	395
286	520
286	563
286	602
287	302
287	600
287	645
288	439
289	300
289	457
290	345
290	347
290	427
290	428
290	452
290	464
290	668
291	469
291	488
291	630
291	662
291	689
292	463
292	496
292	500
292	568
292	679
293	692
294	339
294	520
294	638
294	687
295	427
295	479
295	488
296	453
296	563
296	649
297	517
298	570
299	301
300	393
301	405
301	457
301	552
301	590
302	375
302	381
302	696
303	422
303	431
304	344
304	609
305	387
305	395
305	538
306	512
306	643
307	391
307	440
308	591
308	617
311	324
311	421
311	589
311	638
311	669
312	367
313	321
314	416
315	427
315	463
315	510
315	523
316	377
316	479
316	549
318	469
318	569
318	670
319	600
319	630
319	673
320	393
320	455
320	618
320	679
321	432
322	365
322	448
323	358
324	376
324	403
324	540
324	580
325	343
325	348
325	474
326	472
326	637
327	595
327	667
328	655
329	460
329	526
330	397
330	495
330	587
332	343
332	376
332	403
332	542
332	620
332	639
333	338
333	479
333	503
333	594
334	576
335	370
335	373
335	625
336	436
336	506
336	690
337	415
337	456
338	356
340	370
342	455
343	492
343	647
344	492
345	442
345	506
346	529
346	586
347	554
347	656
347	660
348	547
348	577
348	664
349	384
349	449
349	510
350	520
351	355
352	519
353	452
353	542
353	612
353	683
354	473
355	454
355	646
356	478
356	546
356	612
357	379
357	574
357	603
358	359
358	450
358	462
358	604
359	485
359	486
359	643
360	456
360	560
360	567
360	617
361	438
361	448
362	481
362	486
363	486
363	493
363	663
365	369
365	399
365	427
365	630
365	668
366	613
367	377
367	486
367	546
367	692
368	484
368	523
370	509
370	581
370	687
371	379
371	504
371	618
372	619
373	497
374	441
374	461
374	623
374	675
375	649
375	654
375	664
376	673
377	385
377	478
377	542
377	552
377	655
378	416
379	571
379	691
380	564
380	594
380	595
380	599
381	516
383	397
383	500
383	638
385	399
385	416
385	479
385	511
385	662
385	681
386	444
386	523
389	611
390	554
390	571
391	452
391	500
391	644
393	445
394	409
394	542
394	651
395	418
396	570
397	433
397	627
398	407
398	464
398	486
398	644
399	519
399	634
399	678
400	451
400	499
400	575
400	627
401	456
401	619
402	479
402	531
402	690
403	668
405	506
405	691
408	456
409	523
410	635
411	633
412	460
412	512
413	506
413	520
413	600
414	637
414	640
414	655
415	433
415	485
415	565
415	607
416	496
416	606
417	450
417	580
417	675
417	683
418	506
418	548
418	567
418	650
419	420
419	636
420	674
423	458
424	631
424	658
425	657
426	555
427	438
427	477
427	569
427	599
428	533
428	560
428	567
429	666
430	611
432	498
432	512
432	566
432	665
434	490
435	482
436	515
436	527
436	622
436	670
437	568
438	480
438	660
439	607
439	644
440	542
440	661
441	563
442	554
442	614
443	600
443	668
445	544
445	698
446	551
446	683
448	566
448	627
448	638
451	566
452	527
452	536
452	688
457	516
457	657
458	599
459	461
459	469
459	550
459	601
460	640
461	600
461	655
462	655
463	506
464	506
465	550
465	610
466	473
466	512
466	671
467	641
467	680
468	545
468	546
470	498
471	516
473	495
473	622
473	631
473	674
475	542
476	583
476	628
478	614
479	603
479	634
480	560
480	596
481	615
483	657
484	697
485	613
485	624
486	629
487	549
487	664
488	513
488	543
490	672
491	683
492	552
493	635
495	531
496	565
496	603
498	671
498	674
499	633
499	635
499	673
500	662
500	679
501	619
502	686
504	642
505	542
505	634
505	635
506	663
509	616
510	548
510	608
511	563
511	571
511	593
511	617
512	587
512	613
513	542
516	543
518	679
520	552
522	534
522	638
522	659
523	623
525	626
525	674
527	568
530	605
532	565
532	622
532	692
533	570
536	669
539	694
542	565
542	599
543	641
543	657
543	681
544	656
544	689
545	647
547	553
547	570
548	578
553	562
553	623
553	677
554	620
555	579
558	677
559	632
559	634
560	686
561	623
562	642
563	631
563	638
564	607
564	668
565	639
566	586
567	599
567	626
567	634
568	695
569	570
569	576
570	592
574	659
576	685
577	674
578	593
578	638
579	696
581	607
584	648
584	693
585	658
587	634
589	696
592	618
594	615
595	614
597	676
597	686
598	633
600	624
601	699
602	649
603	649
605	616
605	626
605	654
606	641
607	619
607	652
610	666
612	697
613	642
614	684
616	620
616	621
616	693
621	656
623	627
624	675
633	660
640	650
643	663
644	671
644	687
647	689
648	658
651	697
662	671
663	670
664	689
666	675
676	699
681	684