0	81
0	147
0	314
0	621
1	209
1	433
1	505
1	556
2	94
2	284
3	342
3	375
4	122
4	216
4	295
4	319
4	513
4	539
4	563
5	49
6	181
6	437
7	39
7	318
7	320
8	398
8	611
9	45
9	140
9	216
9	327
9	375
9	500
9	553
10	38
10	47
10	130
11	311
11	334
11	386
11	515
11	644
11	670
12	332
12	335
13	52
13	246
13	380
13	470
13	476
14	208
14	315
14	492
15	115
15	222
15	527
16	429
16	587
17	263
17	473
18	100
18	523
18	618
19	75
19	272
19	436
19	448
20	49
20	215
20	232
20	234
20	252
20	380
20	480
20	613
21	168
21	204
21	377
21	508
22	680
23	372
23	452
23	586
24	199
24	254
24	319
24	513
24	585
24	691
25	174
25	307
25	397
25	580
26	47
26	50
26	263
26	290
27	376
27	455
27	466
28	118
28	158
28	215
28	565
28	677
29	280
29	464
30	219
30	254
30	295
30	406
31	151
31	156
31	358
31	569
31	617
32	118
32	223
32	288
32	452
33	109
33	205
33	218
33	391
33	447
34	322
34	615
35	57
35	86
35	142
35	197
35	645
36	205
36	356
37	113
37	275
38	246
38	634
39	184
39	247
40	80
41	350
41	529
41	629
42	256
42	485
42	554
42	618
42	699
43	214
43	511
43	585
44	70
44	145
44	261
44	627
45	304
45	329
45	343
45	468
46	473
47	233
47	336
47	432
47	620
48	205
48	225
48	346
48	360
48	439
48	467
48	595
49	61
49	306
49	420
49	471
49	520
50	388
51	134
51	148
51	151
51	174
51	205
52	125
52	565
53	216
54	164
54	286
54	290
54	359
54	432
54	656
55	246
55	461
55	470
56	665
56	670
56	676
57	115
57	117
57	218
57	304
57	458
57	463
58	173
59	385
59	523
59	557
59	578
60	202
60	293
60	297
60	391
61	363
61	372
61	400
61	418
61	490
61	537
61	559
62	219
62	306
62	436
62	454
62	653
63	407
63	610
64	144
64	276
64	307
64	342
64	516
64	587
64	654
65	92
65	207
65	408
65	593
65	671
66	89
66	141
66	262
66	432
66	598
67	412
67	623
68	76
68	149
68	348
68	486
68	579
69	80
69	519
69	641
70	280
70	409
70	465
71	206
71	617
72	432
72	565
72	668
73	118
73	122
73	124
73	404
73	672
74	137
74	183
75	119
75	244
75	261
75	268
76	115
76	414
76	678
77	162
77	517
77	533
78	557
79	230
79	252
79	395
79	505
79	539
80	175
80	211
80	493
80	539
80	564
81	102
81	107
81	177
82	204
82	311
82	447
82	486
82	493
82	630
83	543
83	600
83	606
84	163
84	175
84	487
84	586
84	591
85	108
85	211
85	601
85	643
85	690
86	105
86	248
86	272
86	401
86	528
86	616
86	695
87	124
87	350
87	380
87	501
88	267
88	396
88	460
89	444
89	496
89	514
89	526
90	440
91	291
91	363
91	464
91	630
91	671
92	599
92	643
93	182
93	196
93	276
93	302
93	377
93	619
94	128
94	501
94	556
95	591
96	220
96	278
96	433
96	528
96	549
96	630
96	687
97	123
97	411
97	445
97	533
98	184
98	198
98	228
98	290
98	398
98	459
99	181
99	256
99	384
99	554
99	612
99	656
100	505
101	204
101	550
102	562
103	193
103	639
104	388
104	613
105	153
105	467
105	625
105	636
106	220
106	279
106	348
106	399
106	498
106	692
107	162
107	297
107	554
107	605
108	214
108	241
108	484
108	677
109	144
109	442
109	574
109	699
110	156
110	261
110	321
110	392
110	485
111	342
111	487
111	537
111	593
111	632
111	652
112	167
112	233
112	574
112	576
113	259
113	292
113	293
113	366
113	572
113	614
114	126
114	224
115	217
115	362
115	401
115	407
115	616
116	365
116	400
116	692
117	200
117	304
117	376
117	403
117	667
118	150
118	233
118	395
118	618
119	232
119	303
120	488
120	601
120	618
121	172
121	365
122	441
122	687
123	371
123	457
123	631
124	363
124	407
124	597
124	681
125	205
125	520
125	635
125	675
126	361
126	612
127	396
127	506
127	588
127	616
127	626
128	301
129	184
129	380
129	472
129	521
129	578
129	607
130	209
131	257
131	512
131	545
132	151
132	192
132	302
132	399
132	528
133	166
133	263
133	303
133	378
133	457
133	493
134	242
134	320
134	553
134	646
134	681
135	368
135	445
135	477
135	517
135	614
135	621
136	259
136	680
136	690
137	227
137	300
137	422
138	267
138	269
139	541
139	630
139	658
139	680
140	152
140	434
140	522
141	666
142	193
142	419
143	166
143	193
143	407
143	413
143	622
143	623
143	688
144	294
144	334
144	412
144	485
145	217
145	551
146	344
146	382
146	454
146	552
147	274
147	319
148	695
149	339
149	372
149	578
150	211
150	363
151	316
151	343
151	378
151	400
151	423
151	473
151	488
151	567
152	180
152	196
152	397
153	245
153	278
153	665
154	445
154	473
155	279
155	578
156	311
156	326
156	623
157	270
158	659
159	260
159	273
159	281
159	491
159	536
159	609
159	669
160	177
160	512
160	563
161	224
161	294
161	475
161	693
162	350
162	639
163	235
163	267
163	520
163	640
163	699
164	200
164	236
164	502
164	622
165	201
166	216
166	336
166	560
167	240
167	257
167	258
167	666
168	341
168	366
169	432
170	607
171	250
171	284
171	656
172	301
172	561
173	345
173	537
174	186
174	584
175	351
175	405
175	425
175	549
176	204
176	370
176	459
176	491
176	599
176	687
177	184
177	274
177	301
177	430
177	540
177	652
178	561
178	646
179	630
179	632
180	212
180	396
180	502
180	528
181	302
181	354
181	481
181	492
181	511
182	207
182	585
183	638
184	219
184	264
184	284
184	539
185	337
185	345
185	547
185	552
186	393
186	439
187	190
187	194
187	242
187	474
187	679
188	503
188	587
188	689
189	485
191	229
191	268
191	554
192	309
192	502
192	541
193	378
193	419
193	632
193	688
194	379
194	430
194	552
195	516
195	689
196	698
197	438
197	446
197	612
198	224
198	325
198	559
199	283
199	570
199	640
199	654
200	230
200	262
200	331
201	248
202	487
202	693
203	297
203	313
203	338
203	406
204	455
204	575
204	629
204	640
204	685
205	551
205	676
206	285
206	293
206	337
206	367
206	418
207	300
207	303
207	332
207	454
208	250
208	262
209	463
209	472
209	566
210	221
210	307
210	355
210	379
210	382
210	439
211	285
211	696
212	233
212	570
213	364
213	419
213	527
214	318
214	626
215	257
215	494
215	505
215	512
216	406
216	530
217	531
218	319
218	398
219	338
219	444
219	451
219	515
219	625
220	369
220	489
220	609
221	248
221	255
221	269
221	415
221	587
222	238
222	273
222	403
222	480
223	257
223	303
224	260
224	294
225	522
225	613
226	264
226	360
226	594
226	641
228	275
228	487
228	557
228	586
228	686
230	327
230	360
230	454
231	372
231	423
232	323
232	461
233	387
233	445
234	599
235	252
235	368
235	468
235	646
235	653
236	528
237	243
237	383
237	586
238	478
238	480
238	576
239	259
239	387
239	401
239	436
239	536
241	378
241	396
242	384
242	527
243	356
243	397
243	545
244	680
244	685
245	655
247	477
247	555
247	562
247	567
248	415
248	523
248	554
248	568
248	695
249	363
249	442
249	619
249	623
250	432
250	452
251	265
252	364
252	694
253	448
253	491
253	548
253	557
253	609
254	258
254	288
254	417
254	424
254	451
254	516
255	295
256	279
256	373
256	668
257	357
257	639
258	516
258	656
259	301
259	397
259	477
260	261
260	312
260	348
260	409
260	429
260	445
260	597
261	440
261	564
262	282
262	318
262	430
263	487
263	688
264	271
264	344
264	509
264	648
265	288
265	437
265	467
265	541
266	468
267	283
268	349
268	462
268	483
269	387
269	568
269	694
270	612
271	276
271	434
271	435
271	542
272	413
272	439
272	654
273	530
274	391
274	466
274	621
275	375
275	643
276	488
276	544
276	549
277	333
277	597
278	637
279	446
280	309
280	362
280	548
280	648
281	417
281	448
281	579
282	363
282	408
282	496
283	538
283	697
285	371
285	483
285	588
286	293
286	420
286	452
286	538
286	631
287	332
287	677
288	603
289	420
289	597
290	597
291	407
291	607
292	497
292	658
293	519
293	662
294	452
294	470
294	564
294	590
294	621
295	454
295	456
295	560
296	393
296	539
297	400
298	510
299	369
299	377
299	548
300	419
301	345
302	654
303	428
303	480
303	549
303	566
304	390
304	576
305	472
306	428
306	538
307	569
307	692
308	348
308	587
308	622
309	314
309	340
309	389
309	420
309	483
309	682
310	495
310	662
310	679
311	434
313	550
314	385
314	408
314	430
315	626
316	374
316	377
316	401
316	568
316	589
316	666
317	351
317	411
317	555
318	398
318	525
320	560
321	381
321	597
322	397
323	336
323	406
323	531
324	388
324	389
324	559
324	628
325	673
327	557
328	371
329	333
329	392
329	400
329	493
330	473
330	567
330	614
331	681
332	339
332	352
332	542
333	387
333	645
333	662
334	402
334	677
335	594
336	565
336	605
337	344
337	579
338	551
339	456
339	531
339	535
339	630
340	657
341	558
341	635
342	503
342	629
342	679
344	614
345	445
345	532
345	624
345	659
346	687
347	623
347	668
348	579
348	624
350	522
350	572
352	383
352	471
352	524
353	493
353	551
355	389
355	433
356	420
356	429
357	441
358	390
359	360
359	410
359	526
359	643
359	652
360	500
360	695
361	663
362	576
363	550
364	449
365	614
365	627
366	419
366	550
366	597
367	368
367	421
367	427
367	428
367	453
368	579
369	547
370	443
370	519
371	534
372	577
373	482
374	673
375	579
375	641
376	502
376	615
376	647
377	424
377	441
377	529
377	554
377	630
377	679
378	459
379	594
380	394
381	395
382	612
382	667
383	518
383	692
385	472
386	389
386	433
386	447
388	470
389	603
390	647
390	661
391	466
393	430
395	400
395	460
395	655
395	659
397	607
397	658
398	575
398	658
398	664
399	582
399	658
400	559
401	504
402	535
402	618
403	427
404	596
405	634
406	555
407	655
408	554
408	577
408	629
409	414
410	515
410	599
411	419
411	500
411	594
412	474
412	530
413	474
413	675
416	662
417	438
417	553
417	583
417	649
417	687
418	448
419	559
421	690
422	497
422	631
423	594
424	478
426	597
426	626
426	642
429	525
429	533
429	658
430	698
431	628
431	653
432	574
432	669
433	564
434	538
434	587
435	562
436	483
436	574
436	695
437	535
437	632
438	492
438	626
440	639
441	679
442	546
442	668
443	552
443	688
444	446
445	456
445	464
445	570
448	604
450	485
450	640
451	498
451	624
451	630
452	465
452	592
453	521
453	629
455	521
456	536
456	693
457	473
457	492
457	600
459	512
459	541
461	651
462	518
463	560
463	626
464	497
465	529
465	542
466	581
467	488
468	557
468	657
468	692
469	587
470	657
471	533
471	690
473	477
473	499
476	529
476	662
477	520
477	563
477	688
478	582
478	603
478	652
479	533
482	647
483	605
484	642
484	668
485	533
485	652
487	528
487	611
488	550
488	642
489	655
490	579
492	682
494	611
494	641
494	654
495	567
495	626
495	669
496	655
500	626
500	648
501	525
501	649
501	674
502	581
503	554
503	680
505	513
506	643
507	605
507	631
509	683
510	635
512	687
513	676
516	523
518	581
518	687
519	677
519	681
522	594
523	658
524	572
527	639
529	586
531	533
531	636
531	684
532	680
533	542
533	543
533	676
534	668
536	681
537	569
537	588
537	601
537	683
540	552
541	633
543	546
543	558
543	573
543	575
543	584
544	610
544	624
544	625
544	628
544	659
544	674
545	628
546	677
547	552
547	607
547	678
547	695
549	623
549	630
550	617
551	627
551	664
553	654
554	574
555	657
556	597
556	647
557	565
560	677
561	667
564	581
568	633
570	575
570	605
570	632
570	670
571	591
571	667
574	664
575	581
578	607
578	683
579	586
579	609
581	660
581	682
585	614
585	615
588	608
591	672
594	643
595	677
595	678
598	695
602	656
605	640
606	634
606	682
612	623
612	647
612	662
615	658
617	663
619	623
619	640
620	653
621	631
622	629
623	699
625	642
627	661
632	634
636	650
642	646
648	698
649	660
651	697
655	695
675	689
683	690
685	690