0	53
0	499
1	352
1	390
2	67
2	136
2	159
2	460
2	514
2	518
2	531
3	123
3	438
3	472
3	474
3	560
4	254
4	600
5	74
5	106
5	301
5	586
5	622
5	625
6	288
6	320
6	594
7	86
7	94
7	346
7	360
7	456
7	687
8	83
8	610
8	659
9	84
9	153
9	299
9	303
9	443
9	575
10	513
10	633
11	13
11	147
11	182
11	431
12	218
12	389
12	406
12	511
12	583
13	43
13	203
13	277
13	469
13	590
14	69
14	450
15	124
15	191
15	255
15	332
15	340
15	518
15	546
15	680
16	366
16	508
16	546
16	590
17	65
17	123
17	334
17	467
18	26
18	40
18	230
18	254
18	420
18	626
19	414
20	239
20	297
20	329
20	333
20	349
20	395
20	458
21	575
21	684
22	196
22	246
22	462
22	548
23	394
23	583
23	685
24	138
24	171
24	453
25	169
26	133
27	50
27	321
27	497
27	632
27	674
28	118
28	122
28	309
28	393
28	634
29	72
29	314
29	545
29	669
29	685
30	423
30	454
30	502
31	76
31	263
32	117
32	269
32	449
33	85
33	152
33	304
33	413
33	439
33	637
34	119
34	295
34	425
34	676
35	120
35	272
35	370
36	185
36	291
36	522
36	568
37	53
37	218
37	272
37	353
37	507
38	184
38	254
38	372
38	411
38	442
38	499
38	535
39	41
39	140
39	177
39	203
39	485
39	618
40	130
40	273
40	449
40	469
40	510
40	695
41	451
42	243
42	287
42	301
42	413
42	415
42	595
42	662
43	200
43	215
43	314
43	345
43	502
43	562
43	608
44	141
44	393
44	411
44	484
44	512
45	487
45	501
45	584
46	129
46	561
46	647
47	311
47	399
48	138
48	194
48	300
48	592
48	602
49	691
50	103
50	160
50	234
50	552
51	97
51	132
51	182
51	216
51	217
51	256
51	537
51	614
52	387
52	460
52	609
53	83
53	99
53	459
53	510
54	219
54	407
55	414
56	607
56	656
57	143
57	164
57	425
57	680
58	160
58	226
59	97
59	679
59	695
60	297
60	364
61	67
61	215
61	399
61	544
62	544
63	241
63	311
63	463
63	504
64	251
64	435
64	545
65	230
65	388
66	227
66	407
66	516
66	557
67	138
67	531
67	577
68	109
68	436
68	475
68	561
68	572
70	160
70	185
70	272
70	397
70	497
71	244
71	532
71	612
72	189
72	511
72	576
72	650
73	515
73	677
73	678
74	229
75	209
75	340
76	162
76	182
76	262
76	465
77	210
77	223
77	273
77	480
77	590
78	225
78	278
78	372
78	445
78	590
79	173
79	259
79	316
79	690
80	126
80	155
80	440
80	526
81	257
81	588
81	619
82	163
82	394
82	668
82	694
83	120
83	336
83	585
85	149
85	433
85	578
85	666
86	329
87	275
87	373
87	613
87	640
88	95
88	117
89	204
90	92
90	203
90	557
91	212
91	487
92	123
92	177
92	462
93	249
93	332
93	425
93	592
93	644
94	260
94	515
94	682
95	562
95	663
95	690
96	133
96	225
96	305
97	246
97	404
97	442
97	447
97	579
98	276
98	308
98	420
98	480
98	635
99	177
99	181
99	207
99	249
99	608
100	420
100	635
100	684
101	182
101	279
101	432
101	503
101	638
102	155
102	161
102	193
102	202
102	224
102	361
103	118
103	376
103	553
103	646
104	113
104	287
104	307
105	112
105	171
105	303
105	365
105	599
105	659
106	214
106	508
106	548
106	576
106	577
106	603
107	117
107	361
107	486
108	307
108	516
108	518
108	522
108	562
109	170
109	497
110	294
110	299
110	518
110	555
111	132
111	586
112	200
112	252
112	282
112	341
112	505
112	602
112	608
113	550
113	693
114	129
114	215
114	255
114	310
114	347
114	624
115	180
115	313
115	342
115	587
116	230
116	261
116	328
117	120
117	208
117	273
117	516
117	525
117	539
117	578
118	471
119	234
119	259
119	334
119	550
120	175
120	285
120	490
120	625
120	650
120	663
121	569
121	689
122	451
123	272
123	294
123	323
123	452
123	516
124	217
124	225
124	681
125	551
126	191
126	267
126	535
126	644
126	647
126	654
127	262
128	237
128	382
128	517
128	558
129	144
129	588
129	613
130	250
130	676
130	677
131	249
132	366
133	196
133	255
133	348
133	609
134	339
134	402
134	613
134	642
134	683
135	295
135	494
135	548
137	203
138	252
138	314
138	390
138	410
139	174
139	386
139	397
139	670
140	192
141	339
141	383
142	144
142	210
142	286
144	186
144	334
144	447
144	621
145	237
145	399
145	590
146	228
146	296
146	414
146	573
146	619
146	670
146	696
147	190
147	191
148	235
149	213
149	335
150	383
150	442
151	279
151	301
151	479
152	329
152	475
152	487
152	611
153	385
153	568
153	589
154	172
155	171
155	242
155	387
155	408
155	459
155	531
156	393
157	166
157	183
157	309
157	351
157	362
157	662
158	670
159	318
159	689
160	264
160	322
160	357
161	176
161	377
161	433
162	252
162	311
162	341
162	631
163	289
163	441
163	526
163	614
164	177
164	474
164	620
165	180
165	289
166	283
166	331
166	406
166	419
166	499
167	189
167	290
168	356
168	456
168	489
169	477
170	281
170	404
170	431
172	348
172	366
172	527
172	529
173	264
174	258
174	343
174	558
175	197
175	393
176	228
176	256
176	267
176	442
176	616
176	640
176	670
177	227
177	323
177	666
178	379
178	495
178	501
178	664
179	283
179	513
179	693
180	226
180	286
180	345
180	555
180	672
181	191
181	227
181	256
181	319
181	345
182	689
183	214
183	580
184	338
185	497
185	529
186	293
186	632
187	264
187	298
187	334
187	429
188	238
188	240
188	383
188	480
188	649
188	689
189	348
189	596
189	683
190	222
191	244
191	376
191	490
191	623
192	587
192	593
192	664
193	207
193	302
193	334
193	537
194	369
194	527
195	237
195	363
195	514
195	525
195	599
195	625
196	302
197	297
197	597
198	214
198	397
198	582
198	587
199	333
200	544
201	343
201	658
202	218
202	283
202	618
202	663
203	338
203	397
203	422
203	565
203	592
203	654
205	458
205	492
205	551
206	479
207	509
207	597
207	625
208	286
208	464
209	270
209	445
209	448
209	616
210	329
210	354
210	355
210	413
210	531
211	545
212	303
212	380
212	404
212	534
212	613
213	233
213	285
213	397
213	471
214	618
215	551
215	658
216	273
216	414
216	543
217	589
218	430
218	686
219	249
219	283
219	676
220	376
221	247
221	271
221	603
221	640
221	680
223	615
223	657
224	230
224	484
224	488
224	499
224	529
225	699
226	253
226	286
226	328
226	418
226	503
227	362
227	502
227	694
228	381
228	426
228	455
228	544
228	629
228	674
229	372
229	698
230	392
230	561
230	670
231	389
231	394
231	431
231	663
232	234
233	353
233	593
234	430
234	458
234	551
234	561
234	652
234	681
235	497
235	510
236	384
236	392
236	404
236	409
237	258
237	388
237	672
238	351
238	363
238	548
238	581
239	292
239	486
240	253
240	262
240	301
240	321
240	322
240	606
241	481
241	688
241	696
242	335
242	574
242	581
242	686
243	664
243	672
243	687
244	640
244	672
245	412
246	331
246	508
246	525
247	286
247	530
247	634
247	698
248	296
248	444
248	471
248	538
248	576
248	667
249	487
249	514
250	520
250	534
251	266
252	427
252	480
252	531
253	441
253	449
254	263
255	318
255	437
257	504
258	306
258	568
259	283
259	516
260	440
261	643
262	519
263	428
264	385
265	470
265	623
265	674
267	340
268	280
269	354
269	419
269	490
269	664
271	477
271	545
272	281
272	299
272	519
273	402
273	481
273	506
273	560
273	676
274	301
274	337
274	623
275	539
275	604
276	530
277	436
277	518
277	677
278	294
278	432
279	696
280	459
280	548
281	418
281	446
281	651
282	362
282	532
282	541
283	361
283	452
283	483
284	387
284	600
285	357
285	408
285	442
286	328
286	450
286	495
286	592
286	616
287	290
287	451
287	489
287	580
287	673
290	623
290	699
291	605
292	320
292	395
292	410
292	473
293	300
293	616
293	625
294	300
294	400
294	418
295	349
296	334
296	427
297	438
297	443
297	570
297	581
298	331
298	360
298	497
298	568
299	303
299	413
300	537
301	559
302	311
302	386
302	435
302	637
304	369
304	428
304	468
304	521
306	307
306	371
306	615
307	339
307	533
308	311
308	381
308	419
308	558
309	495
309	556
309	578
311	560
312	323
312	420
312	618
313	385
313	417
313	425
314	498
314	534
315	521
315	536
315	629
316	610
316	690
317	502
317	522
318	332
318	365
318	428
318	468
318	478
318	486
318	505
318	512
318	535
318	555
319	481
319	588
319	653
320	369
320	442
320	610
320	686
322	358
322	450
322	452
322	560
323	431
323	530
323	579
323	682
323	692
324	368
324	420
324	462
324	627
325	423
325	512
325	683
326	510
327	491
327	619
328	452
328	510
328	612
329	465
329	551
329	626
330	386
330	423
330	510
330	595
331	546
332	351
332	440
332	610
333	508
334	487
334	613
335	471
336	419
337	424
338	613
338	660
339	461
339	473
339	659
339	697
340	347
340	588
341	355
341	456
341	525
341	601
341	691
343	365
343	490
344	544
344	592
344	680
345	650
347	507
347	524
348	627
349	382
349	686
350	553
350	630
351	599
352	445
352	458
353	577
354	359
354	451
354	510
354	549
354	578
355	698
356	468
356	579
356	686
358	479
358	670
359	636
359	653
359	692
360	691
361	476
361	484
361	502
362	393
363	374
363	639
364	600
366	391
366	521
366	597
367	585
367	632
368	387
368	398
368	526
368	617
369	379
369	524
371	387
371	390
371	578
372	390
372	417
373	477
373	572
373	616
373	660
373	699
374	491
374	632
375	441
375	614
375	635
375	696
376	599
377	532
377	537
377	586
377	612
377	685
378	555
378	590
379	465
379	591
380	535
381	431
383	549
384	675
385	414
385	439
385	682
386	411
386	413
386	610
387	469
388	575
388	579
389	528
389	548
390	500
391	458
391	513
392	410
392	479
393	414
393	528
393	594
393	611
393	634
394	473
396	620
397	661
397	674
398	526
399	474
399	508
400	652
401	415
401	542
403	644
404	432
404	452
404	499
405	652
405	681
409	448
409	575
409	637
411	589
411	622
411	686
411	697
412	507
413	571
414	458
416	609
416	651
417	508
417	614
419	639
420	609
421	630
421	675
422	455
423	518
423	626
424	450
424	479
424	582
424	584
425	536
425	626
426	580
428	451
428	458
428	499
429	458
429	557
429	563
429	633
429	670
433	664
434	487
434	555
434	642
434	644
435	582
436	493
436	618
437	626
438	603
438	624
439	445
439	539
439	588
439	599
440	605
441	488
441	607
442	565
442	587
442	626
442	630
445	455
446	686
448	524
451	461
451	558
451	633
452	521
452	615
454	528
455	583
455	594
456	580
456	596
457	499
458	681
459	504
459	594
459	606
459	627
461	616
462	551
462	568
462	628
466	522
466	543
466	575
467	606
468	673
469	655
472	638
473	680
475	479
476	686
477	511
477	521
477	572
478	631
479	540
480	527
480	537
480	583
480	640
480	672
481	599
482	506
484	553
484	622
485	612
485	633
485	635
485	699
487	697
488	559
489	642
490	493
490	497
490	576
494	547
495	593
496	609
497	612
497	654
498	546
499	657
500	546
501	507
501	605
501	629
502	590
502	616
502	629
506	612
507	616
508	568
510	601
511	665
511	695
512	633
513	681
514	688
518	621
518	632
518	663
522	673
523	546
523	697
524	551
524	606
524	608
525	666
527	623
527	627
528	673
529	628
529	642
530	543
530	550
530	672
531	554
533	598
533	644
535	601
536	645
537	657
537	661
538	639
539	583
540	638
543	664
544	548
545	625
545	681
546	580
546	699
547	610
548	680
550	692
551	662
552	672
553	606
553	628
557	619
557	634
561	581
561	587
562	661
564	578
566	577
567	675
568	607
569	620
570	612
572	582
573	651
574	694
575	683
580	632
580	681
584	587
584	640
586	654
586	681
587	633
587	675
588	597
589	670
591	624
593	604
595	614
600	671
602	676
607	608
607	628
608	611
609	645
612	629
614	630
615	689
619	624
621	631
624	636
625	639
627	670
628	648
628	658
630	670
631	641
632	672
639	696
640	663
645	675
649	692
652	673
654	688
661	662
665	693
669	677
673	698
682	683