0	125
0	132
0	226
0	474
0	554
1	183
2	112
2	359
2	503
3	197
3	393
3	502
4	340
4	522
4	588
5	177
5	200
5	332
5	406
5	446
6	8
6	368
7	173
7	399
7	495
7	510
7	600
8	362
8	403
8	625
9	384
9	548
9	633
9	666
10	311
10	555
10	626
11	33
11	302
11	372
11	393
11	672
12	77
12	107
12	658
13	685
14	160
14	246
14	355
15	165
15	206
16	371
16	458
16	594
17	74
17	125
17	171
17	473
17	550
17	566
18	67
18	273
18	566
18	580
19	83
19	123
19	222
19	360
19	421
19	612
20	136
20	295
20	446
20	491
21	147
21	547
22	404
22	527
23	181
23	413
23	427
23	543
24	30
24	168
24	281
24	538
25	118
25	122
25	237
25	269
25	275
25	546
25	570
25	642
26	640
26	696
27	48
27	180
27	225
27	234
27	418
27	632
28	264
28	313
28	630
29	340
29	561
30	52
30	439
30	551
30	625
30	634
30	682
31	77
31	137
31	485
32	87
32	261
32	335
32	629
33	281
33	355
33	520
33	600
33	645
33	657
33	661
34	104
34	144
34	306
34	329
35	93
35	578
35	593
36	344
36	518
36	610
37	195
37	322
37	440
37	657
37	662
38	185
38	201
38	207
38	269
38	675
39	112
39	123
39	226
39	245
39	253
40	116
40	144
40	440
41	59
41	624
42	56
42	229
42	342
42	347
42	459
42	462
42	688
43	309
43	367
43	570
44	482
44	490
45	99
45	202
45	265
46	313
46	396
46	680
47	463
48	325
48	380
48	534
48	574
48	594
49	259
49	406
49	529
49	546
50	64
50	144
50	297
50	541
51	249
51	305
52	419
52	489
53	512
53	625
54	446
54	614
54	692
55	219
55	479
55	666
56	225
56	369
56	444
56	532
56	648
57	153
57	211
57	247
57	661
58	499
58	689
59	280
59	311
59	378
59	599
60	183
60	199
60	226
60	262
60	439
60	633
61	219
61	455
62	120
62	500
62	601
62	610
63	510
63	586
64	106
64	158
64	209
64	375
64	491
64	618
65	142
65	318
65	425
65	496
66	519
66	576
67	69
67	92
67	101
67	224
67	328
67	390
67	527
67	535
67	651
68	507
69	183
69	274
69	332
69	461
69	521
69	607
70	169
70	427
70	500
70	596
70	622
70	641
71	297
72	379
72	517
72	673
73	227
73	489
73	641
74	87
74	129
74	272
74	413
74	436
74	553
74	597
75	135
75	302
75	435
75	497
75	501
76	654
76	660
77	133
77	629
77	684
77	685
78	250
78	287
78	332
79	231
79	241
79	306
79	461
80	197
80	327
80	397
80	591
81	393
81	506
81	653
82	167
82	240
82	499
82	506
83	419
83	573
83	581
83	606
84	192
84	506
85	140
85	530
85	697
86	191
86	266
86	502
87	112
87	331
87	368
88	310
88	326
88	336
88	346
88	507
88	560
88	635
89	324
89	368
89	380
89	539
89	605
90	273
90	341
90	530
91	549
91	577
92	337
92	468
92	522
93	224
93	451
94	387
94	594
95	285
95	681
96	188
96	467
96	677
97	164
97	429
98	159
98	168
98	206
98	289
98	306
98	349
99	102
99	172
99	279
99	389
99	427
99	570
100	605
101	173
101	187
101	326
101	625
102	549
102	569
103	116
103	245
103	286
103	438
103	504
103	633
104	319
104	336
104	352
104	560
104	566
104	680
105	391
105	555
106	283
106	324
106	514
107	139
107	527
108	113
108	160
108	668
109	374
109	416
109	671
110	158
110	190
110	596
111	593
112	226
112	300
112	463
112	552
112	690
113	251
113	678
113	690
114	289
115	228
115	416
116	158
116	614
117	264
117	423
117	481
118	137
118	177
119	143
119	302
119	445
119	601
119	630
120	346
120	614
121	177
121	547
121	550
121	564
121	679
122	259
122	374
123	227
123	261
123	278
123	326
123	429
123	512
123	559
124	453
124	495
124	648
124	664
125	278
125	421
125	466
126	175
126	264
126	362
126	535
127	140
127	176
127	241
127	374
127	560
127	661
128	203
128	265
128	473
129	378
129	390
129	597
130	349
130	536
130	549
131	414
132	282
132	579
132	682
133	137
133	304
133	483
134	423
134	442
134	547
134	642
135	621
136	146
136	335
136	532
137	143
137	355
137	468
138	230
138	247
138	521
138	665
139	158
139	167
139	576
140	360
140	382
140	457
141	170
141	174
141	351
141	361
141	606
142	181
142	371
142	377
142	559
142	622
143	210
143	636
144	184
144	264
144	400
145	295
145	471
145	480
145	655
146	156
146	419
146	510
146	587
147	326
147	553
147	588
148	556
148	627
149	230
149	393
149	552
150	398
150	556
150	625
150	685
151	215
152	301
152	493
153	185
153	348
153	654
154	499
154	514
154	538
154	546
154	596
154	622
155	207
155	376
156	303
156	516
156	662
156	695
157	385
158	192
159	307
159	646
159	652
160	335
160	478
160	640
161	208
161	506
161	541
162	382
163	262
163	401
164	240
164	246
164	292
164	490
164	673
165	177
165	327
165	421
165	636
166	183
167	204
167	228
168	304
168	347
168	442
168	584
168	621
169	196
169	250
169	346
169	470
169	531
169	602
169	637
169	657
170	281
170	484
171	188
171	336
171	694
172	197
172	198
172	246
172	272
172	417
172	645
173	213
173	286
173	329
173	422
173	586
174	310
174	375
174	495
175	328
175	382
176	234
176	513
177	348
177	522
177	585
178	346
178	661
179	328
179	365
179	466
180	183
180	467
180	608
181	207
181	381
181	620
182	187
182	326
182	396
182	548
183	434
184	485
184	686
185	480
185	482
186	584
186	621
187	251
187	379
187	450
187	570
188	369
188	468
188	527
188	551
189	365
190	227
190	288
190	337
190	670
191	551
191	609
192	343
192	407
192	432
193	422
193	570
193	601
194	381
194	650
195	364
195	450
195	475
195	491
195	545
195	549
195	660
196	418
197	201
197	627
198	209
198	299
198	544
199	227
199	340
199	626
200	461
200	511
200	643
200	668
201	299
201	355
201	493
202	354
202	412
203	252
204	224
204	329
204	343
204	373
204	389
204	428
205	425
205	433
205	601
206	246
206	443
206	504
206	681
207	570
208	398
209	263
209	485
209	689
209	694
210	242
210	453
211	225
211	378
211	427
211	600
211	656
212	430
212	466
212	612
213	318
213	436
213	579
213	612
213	642
214	309
214	667
215	485
216	221
216	350
216	369
216	469
216	523
217	565
218	381
218	478
218	534
218	562
219	252
219	285
219	612
220	334
220	403
220	413
221	374
221	431
223	291
223	546
224	340
224	355
224	476
225	427
225	455
225	537
226	476
226	531
226	598
226	610
227	341
228	493
228	619
228	686
228	689
229	293
229	348
230	499
230	612
230	628
231	281
231	377
231	548
231	661
232	395
232	447
232	597
233	450
233	464
233	581
233	595
233	637
234	485
234	534
234	594
235	517
235	607
236	655
237	554
238	507
239	513
239	665
240	319
240	596
241	451
241	540
241	632
241	664
242	386
242	545
243	247
243	310
243	363
243	424
243	482
243	496
244	500
244	517
246	579
246	646
247	310
248	325
248	456
248	487
248	498
248	576
248	667
249	416
250	459
250	672
250	686
251	269
251	292
252	312
252	487
252	656
253	323
253	414
253	632
254	340
254	385
254	430
254	512
254	617
255	431
255	499
255	524
255	619
255	664
256	315
256	332
257	324
257	496
258	312
258	318
258	324
258	459
259	524
260	350
260	395
260	502
260	518
261	301
261	339
261	385
261	493
261	583
262	562
263	372
263	432
263	696
264	283
264	425
264	527
264	582
265	512
265	562
266	539
266	548
266	664
267	303
267	320
267	445
267	458
268	507
269	282
269	313
269	364
269	514
269	658
270	345
270	380
271	329
271	350
271	391
271	464
271	579
271	637
272	321
272	447
272	651
272	670
274	324
274	457
274	495
274	542
274	546
274	561
274	565
274	628
275	333
276	342
276	462
277	298
277	477
277	491
278	437
278	468
279	445
279	535
280	288
280	544
280	693
281	308
281	374
282	314
283	300
283	380
283	651
283	653
284	659
285	437
285	546
285	692
285	693
286	350
286	427
286	449
287	384
287	471
289	395
290	412
290	486
290	494
290	626
291	353
291	382
291	473
291	502
291	654
291	689
292	469
292	573
292	593
293	503
294	304
294	371
294	436
294	629
295	324
295	558
295	601
296	471
297	311
297	321
297	461
297	530
297	665
298	424
298	452
298	516
298	687
300	562
300	690
301	391
301	468
301	667
302	364
302	455
302	467
303	638
304	411
304	578
305	456
305	675
306	403
306	482
307	530
307	551
307	595
307	605
308	461
308	653
309	314
309	451
309	509
309	664
310	319
310	373
310	432
310	573
310	643
312	439
312	449
312	500
313	469
313	489
314	509
314	675
314	676
315	403
315	420
315	495
316	385
316	468
317	430
317	671
318	552
318	596
319	396
319	454
320	425
320	447
322	340
322	495
322	522
322	608
322	661
323	610
323	621
323	642
324	470
326	332
326	519
327	460
327	467
327	509
327	534
328	581
330	429
331	389
331	504
332	341
332	587
333	361
333	368
333	436
333	443
333	585
334	542
334	588
334	675
335	366
335	416
335	556
336	571
337	417
337	521
338	392
338	471
338	689
339	480
340	663
341	421
341	584
341	625
342	448
342	656
342	675
343	363
345	393
346	441
346	529
349	431
349	482
349	505
350	689
352	507
353	377
353	654
354	593
355	506
356	391
356	538
356	552
356	660
357	392
357	468
357	562
358	380
358	645
359	455
360	537
361	435
361	444
361	507
361	673
362	525
362	549
363	479
363	677
364	376
365	450
365	626
365	655
366	476
367	452
367	595
367	616
367	638
368	415
368	495
368	595
368	605
369	541
370	388
370	462
370	479
370	496
370	514
370	540
370	699
371	607
372	448
372	524
373	493
374	402
374	411
375	399
375	495
376	629
376	641
377	397
377	448
377	508
378	512
378	513
378	517
379	608
379	674
380	396
380	498
380	515
380	609
381	435
382	489
382	554
383	405
384	423
384	616
384	619
385	419
385	423
385	446
385	452
385	579
385	679
386	387
387	415
387	456
387	617
387	680
388	485
388	554
388	640
389	444
390	490
390	596
390	638
390	681
390	686
391	571
391	575
392	491
393	430
393	594
393	673
394	673
395	689
397	411
397	470
398	699
399	523
400	604
401	448
402	417
402	433
402	668
403	677
405	612
406	444
407	437
407	559
407	606
407	695
408	472
408	563
408	631
409	568
409	619
409	629
410	474
410	663
411	502
411	523
411	565
411	652
412	576
412	659
413	637
413	692
415	538
417	558
417	582
417	664
418	582
418	623
419	476
419	564
420	632
421	616
422	592
422	682
423	438
423	472
423	492
423	573
425	583
425	626
426	452
430	470
430	670
431	673
433	488
434	618
435	523
435	625
436	471
436	608
436	646
438	677
439	498
440	669
440	696
441	465
441	648
442	509
442	575
443	503
443	636
443	687
444	495
444	690
445	455
445	624
447	499
448	525
449	600
450	626
450	675
452	581
453	555
453	573
454	456
455	565
455	613
455	624
456	560
457	502
457	504
460	512
460	518
461	569
461	631
462	690
463	513
463	578
464	474
464	624
465	530
466	517
466	565
466	590
466	652
467	661
467	673
469	522
470	599
473	503
473	691
474	684
475	549
476	589
478	670
482	530
482	655
485	558
488	528
490	505
490	612
491	694
493	691
493	692
495	513
495	694
496	641
496	677
497	572
500	529
502	504
502	636
505	515
505	621
505	629
506	697
507	595
507	617
508	537
509	515
509	668
509	688
511	601
512	560
512	625
514	641
516	641
516	647
517	566
518	523
520	591
521	610
521	624
521	661
522	634
525	546
525	680
526	536
526	687
527	594
529	614
529	657
530	598
531	633
531	689
531	691
532	637
533	571
534	554
534	599
537	602
538	553
539	547
539	681
542	669
542	674
545	573
545	668
546	665
548	554
548	564
549	628
550	567
551	695
557	608
558	596
558	599
558	679
563	581
564	660
564	682
567	596
568	596
569	647
569	661
570	572
570	677
573	601
574	690
576	600
576	651
578	622
578	638
580	683
581	665
582	603
584	682
586	632
586	687
587	639
587	684
588	659
591	677
592	605
593	608
595	664
596	626
597	643
600	635
601	617
601	626
603	631
603	699
604	647
604	649
607	678
608	660
611	623
615	624
615	674
618	690
619	646
621	697
622	640
623	697
624	659
626	698
627	699
630	634
630	643
630	674
637	639
641	674
644	651
645	656
645	686
655	693
658	687
661	680
665	676
670	684
697	699