0	82
1	83
1	148
1	149
1	382
1	479
1	536
1	642
2	11
2	46
2	78
2	167
3	150
3	198
3	330
3	390
3	513
3	516
3	542
4	314
4	443
4	584
4	658
5	53
5	183
5	313
5	369
5	567
5	685
6	190
6	603
7	67
7	466
7	680
7	696
8	48
8	195
8	311
8	495
9	296
9	300
9	348
9	427
9	456
9	518
9	607
9	657
10	18
10	226
10	338
10	485
10	541
11	111
11	315
11	488
12	80
12	505
12	658
13	578
13	696
14	301
15	173
15	444
15	469
15	479
15	613
15	680
16	135
16	426
16	499
17	81
17	473
17	502
18	379
18	466
18	573
19	361
19	655
20	178
20	262
21	81
21	411
21	562
21	669
22	94
22	136
22	431
22	633
23	48
23	392
24	182
24	249
24	622
24	671
25	220
25	404
25	460
25	576
25	671
26	284
26	410
27	451
27	488
27	497
28	159
28	259
28	367
28	480
28	512
28	542
28	611
29	36
29	148
29	391
29	512
29	636
30	124
30	130
30	162
30	480
30	639
31	39
31	47
31	61
31	66
31	98
31	155
31	275
31	457
32	149
32	300
32	383
32	433
32	577
33	321
33	478
33	627
34	40
34	109
34	126
34	370
34	494
34	569
35	330
35	465
36	70
36	494
36	568
37	138
37	486
37	532
37	616
38	120
38	271
39	126
39	481
39	528
39	650
40	116
40	288
40	293
40	390
40	664
41	60
41	317
42	268
42	618
43	359
43	362
43	446
43	628
43	681
44	119
44	182
44	216
44	276
44	516
44	580
45	161
45	162
45	497
45	596
47	107
47	181
47	467
47	590
47	690
48	223
48	461
48	516
49	50
49	74
49	175
49	678
50	75
50	373
50	401
51	177
51	435
51	576
52	145
52	315
52	326
52	458
52	486
52	496
52	561
53	260
53	469
53	652
53	687
54	375
54	575
54	592
54	669
54	683
55	286
55	532
56	224
56	336
56	554
56	606
57	77
57	131
57	142
57	345
57	358
57	404
57	462
57	502
58	143
58	393
59	143
59	639
60	90
61	423
61	549
62	321
63	98
63	398
63	573
64	140
64	341
64	484
64	508
65	150
65	416
66	96
66	364
66	450
67	107
67	125
67	250
67	557
67	587
68	226
68	304
68	456
68	574
68	693
69	142
69	185
69	277
69	513
69	556
69	602
70	398
70	434
70	535
71	176
71	214
71	392
71	570
71	639
72	253
72	391
72	411
72	478
72	530
72	577
72	582
72	687
72	696
73	127
73	223
73	250
73	262
73	326
73	665
74	166
74	322
74	362
74	465
74	475
75	555
76	96
76	226
76	239
76	241
77	232
77	308
77	644
78	223
78	292
78	312
78	591
78	626
79	176
79	248
79	258
79	278
79	346
79	532
79	569
79	652
80	227
80	513
81	309
81	364
81	397
81	528
82	161
82	169
82	544
82	614
82	636
82	694
83	334
83	493
83	586
84	299
85	164
85	279
85	288
85	382
85	400
85	490
85	510
86	189
87	321
87	354
87	480
87	489
87	601
88	120
88	156
88	270
89	232
89	383
89	384
89	453
90	422
91	306
91	606
91	699
92	198
92	347
92	548
93	172
93	173
93	224
93	579
93	629
94	126
94	394
94	512
94	523
94	581
95	363
96	218
96	278
96	321
96	496
96	542
96	604
96	664
96	670
97	385
98	127
98	244
98	523
99	450
100	128
100	278
100	281
100	600
100	697
101	206
101	210
101	252
101	270
101	397
101	609
102	148
102	325
102	339
102	435
103	285
103	327
103	449
103	453
103	595
104	110
104	297
104	405
104	416
105	250
105	329
105	335
105	384
105	449
105	584
105	613
106	395
106	562
106	585
107	116
107	144
107	367
107	587
107	625
107	676
108	330
108	332
108	467
108	505
108	516
108	596
109	302
109	357
109	454
109	518
110	257
110	532
110	630
110	697
111	417
111	464
111	560
112	346
112	478
112	483
112	605
113	155
113	302
113	348
113	586
114	190
114	578
115	168
115	313
115	463
116	219
116	418
116	428
116	470
116	561
116	693
117	287
117	437
117	458
117	553
118	196
118	442
119	162
121	127
121	164
121	177
121	346
122	197
122	601
123	189
123	214
123	215
123	507
123	668
124	365
124	384
124	417
124	472
124	601
125	209
125	231
125	479
126	295
126	371
126	435
126	579
126	609
127	179
128	289
128	430
129	186
129	191
129	270
129	299
129	338
129	480
129	536
130	295
130	372
130	414
130	485
130	625
131	262
131	640
132	256
132	691
133	263
133	377
133	410
133	644
133	675
134	372
134	435
135	611
136	235
136	289
137	567
138	404
138	430
138	667
139	203
139	317
139	350
139	404
140	347
140	455
140	525
141	233
141	286
141	331
142	421
142	549
143	171
143	347
143	581
143	628
144	188
144	245
144	696
145	225
145	276
145	556
145	585
146	201
146	374
146	408
146	417
146	615
147	543
148	184
148	205
148	291
148	493
148	497
148	643
149	656
149	698
150	160
150	432
150	451
151	157
151	205
152	185
152	286
152	305
153	314
153	337
153	524
153	615
154	297
155	165
155	196
155	404
155	600
156	246
156	360
156	369
156	618
157	461
158	272
158	502
158	641
159	449
159	551
160	245
160	292
160	608
160	668
161	282
161	456
162	171
162	440
162	447
163	216
163	294
163	655
164	327
164	503
165	278
165	385
165	460
165	484
166	281
167	403
167	487
168	225
168	260
168	376
168	394
168	520
169	465
169	530
169	610
170	241
170	300
170	496
170	539
170	566
171	174
171	326
171	503
171	592
171	610
171	642
171	672
172	199
172	225
173	182
173	306
173	398
173	586
174	222
174	389
174	458
174	504
175	435
176	366
176	400
176	495
176	537
176	604
177	634
177	658
178	460
178	540
179	415
179	540
179	587
179	615
180	543
181	267
181	366
181	400
182	238
182	343
182	583
182	691
183	582
183	607
183	621
184	535
185	278
185	663
185	692
186	205
186	373
186	499
187	272
187	349
187	408
187	529
187	689
188	273
188	348
188	417
188	457
188	462
189	457
189	641
190	193
191	335
192	491
192	636
194	252
194	659
195	228
195	556
196	599
197	224
197	338
198	341
198	450
199	203
199	232
199	371
199	547
199	568
199	673
200	328
200	352
201	514
202	219
203	213
203	345
204	326
204	496
204	614
204	633
205	295
206	212
206	241
206	305
206	547
207	336
207	374
207	548
207	670
207	679
208	334
208	360
208	464
208	534
209	399
209	459
209	515
209	525
209	589
210	236
210	485
210	506
210	678
210	682
211	239
211	401
211	424
211	558
211	638
211	639
212	402
212	660
213	409
214	270
214	353
214	502
214	596
215	236
215	317
215	391
215	462
215	645
216	327
216	379
216	384
216	667
217	519
217	550
218	245
218	422
219	260
219	291
219	431
219	528
219	530
219	644
220	379
220	654
221	287
221	305
221	371
221	680
222	442
223	533
224	325
224	358
225	240
225	267
225	443
225	609
226	258
226	367
226	467
226	517
227	329
227	388
227	511
228	387
229	279
229	364
229	392
229	430
229	511
229	559
230	346
230	604
231	325
232	280
232	465
232	542
232	551
232	578
233	333
233	382
233	513
233	683
234	370
234	598
235	451
237	262
237	479
238	448
239	352
239	363
239	465
239	597
239	670
240	330
240	406
240	630
241	297
241	395
241	592
242	246
242	318
242	467
242	526
242	527
243	266
243	291
243	367
243	411
243	493
244	417
244	454
244	462
244	567
245	418
246	418
246	657
247	319
247	377
247	680
248	274
248	330
248	487
248	490
248	551
248	692
249	293
249	417
249	450
249	621
249	687
250	383
250	441
250	472
251	312
251	366
251	507
251	613
252	350
252	376
252	449
252	486
253	307
253	354
254	260
254	372
254	488
254	638
255	512
256	427
256	588
256	592
256	674
257	450
257	481
257	483
257	682
257	693
258	269
258	482
258	583
260	294
260	520
260	620
261	389
261	391
262	302
262	413
263	626
264	527
265	615
265	640
266	424
267	687
268	289
268	464
268	650
269	456
270	273
270	435
270	469
271	504
272	328
272	598
272	674
273	339
273	340
275	513
277	334
277	349
278	300
279	330
279	686
280	290
280	365
280	390
280	661
281	449
282	508
282	627
283	611
284	467
284	577
285	448
286	379
286	481
287	477
287	681
289	398
289	421
289	464
289	621
290	346
290	622
291	394
291	476
291	696
292	305
292	394
293	472
294	598
295	377
295	525
296	486
296	599
297	352
297	443
298	454
298	555
299	328
299	471
300	653
301	634
302	383
302	532
302	570
303	463
303	646
304	305
304	409
304	430
304	694
306	317
306	324
306	464
306	624
307	444
308	373
308	454
310	384
310	446
310	690
311	657
312	344
312	643
313	505
313	615
314	481
316	353
316	357
316	424
317	487
317	558
318	442
318	691
319	370
320	388
320	446
321	322
321	413
321	566
322	394
322	404
322	435
322	582
322	595
322	662
323	502
323	551
323	578
324	535
324	567
324	617
324	629
325	382
325	455
325	469
327	456
327	496
328	337
328	387
328	531
329	548
329	694
330	623
331	581
331	632
332	497
332	546
332	648
334	422
334	558
335	357
335	436
335	677
336	434
336	511
336	609
337	346
337	557
337	587
339	401
339	434
339	440
339	500
339	512
339	666
340	563
341	483
341	525
341	543
342	416
342	594
342	649
343	457
343	665
344	672
345	570
346	590
346	605
346	671
347	405
347	483
347	600
347	612
349	467
349	541
350	558
351	453
351	609
352	365
352	385
352	388
352	484
352	495
352	612
352	648
353	590
354	382
354	408
354	460
354	462
355	631
356	540
357	365
357	427
357	559
358	453
358	552
358	628
361	475
361	558
362	394
362	420
362	526
362	597
362	634
363	614
363	695
364	417
364	453
364	468
364	550
367	395
367	517
368	407
368	440
368	535
368	633
369	607
371	561
372	425
372	488
372	568
373	508
373	581
373	616
374	428
374	448
374	456
374	494
375	502
375	503
375	674
377	676
378	605
380	563
380	575
381	559
382	400
382	669
383	534
383	547
384	636
385	551
386	391
386	579
387	400
387	461
387	551
388	495
388	687
390	410
390	586
390	638
391	414
391	434
391	446
392	490
392	566
393	433
393	453
393	605
393	652
394	687
394	695
395	410
395	420
396	501
396	612
396	626
397	680
398	597
398	644
399	649
400	498
400	531
401	477
401	481
401	694
402	442
402	475
402	519
402	646
403	445
403	651
404	474
404	505
404	594
405	448
408	554
408	603
408	668
410	619
412	507
412	548
412	680
413	478
414	511
415	416
415	607
416	502
416	511
417	574
419	600
419	657
420	489
420	546
420	682
421	583
422	455
422	462
423	582
423	654
423	683
425	435
425	554
425	610
425	620
425	687
426	545
427	445
428	514
428	645
429	435
429	603
429	608
429	634
431	528
432	544
432	602
432	675
433	437
435	584
436	484
437	641
437	650
438	453
439	476
439	563
440	633
441	530
442	684
443	521
443	694
444	571
445	463
445	688
446	579
446	602
446	669
446	670
447	478
447	553
447	557
447	672
448	498
450	697
451	637
452	655
453	523
453	670
453	680
454	635
454	648
455	633
459	575
459	594
459	676
461	684
462	488
463	469
463	561
463	586
463	653
464	682
467	694
468	566
468	609
469	480
471	691
472	542
472	658
473	663
473	664
475	493
475	633
477	532
477	606
477	689
480	496
481	537
485	624
487	580
487	599
488	529
490	518
492	511
492	559
493	675
493	686
495	622
495	658
496	504
496	507
496	599
497	527
497	562
500	532
500	593
501	536
501	624
501	663
502	672
503	576
504	505
506	598
509	534
509	548
509	618
510	556
510	590
510	662
512	616
512	626
512	638
513	681
514	674
516	563
516	600
517	587
518	671
519	620
519	643
520	583
520	673
521	670
521	686
522	594
522	669
525	576
525	622
526	627
528	634
528	687
531	615
534	548
534	618
534	640
535	642
536	598
538	550
539	590
540	650
540	686
545	555
546	659
547	694
549	594
550	697
552	593
553	586
553	687
554	562
554	663
554	672
555	597
555	660
557	568
558	614
560	578
562	633
563	671
564	572
564	648
565	671
566	596
568	600
568	614
569	599
570	617
572	611
573	591
573	613
576	625
577	622
577	649
579	692
580	632
582	693
583	664
586	643
600	610
600	633
600	650
601	640
602	681
603	670
604	612
606	685
608	610
609	652
616	648
618	637
620	645
622	629
624	637
628	681
630	676
631	697
632	671
634	645
637	674
638	664
639	671
645	646
647	663
649	659
649	681
650	675
674	687