0	101
0	200
0	207
0	262
0	285
1	74
1	158
1	227
2	112
2	125
2	198
2	296
3	38
3	161
3	187
4	47
4	77
4	139
4	212
4	253
4	295
5	267
5	272
5	284
6	47
6	57
6	75
6	76
7	53
7	123
7	154
7	290
8	218
8	225
8	279
9	37
9	38
9	50
9	209
9	229
9	258
10	28
10	134
11	73
11	178
11	183
12	135
12	284
13	92
13	179
13	197
13	282
14	51
14	210
14	252
15	89
16	116
16	133
16	163
17	46
17	194
17	196
17	253
17	275
17	284
18	131
19	71
19	83
19	146
19	188
19	271
20	64
20	79
20	123
20	169
20	224
20	238
20	270
20	288
21	60
21	132
22	53
22	132
22	151
22	175
22	206
22	212
23	65
23	77
23	187
23	297
24	66
24	109
25	73
25	86
25	189
25	294
26	80
26	166
26	170
26	184
26	254
27	50
27	101
27	184
28	32
28	145
28	177
28	197
28	232
28	283
29	72
29	80
29	98
29	104
29	181
30	72
30	132
30	183
30	220
30	293
31	109
31	126
32	95
32	139
32	151
33	58
33	105
34	63
34	65
34	71
34	78
34	103
34	126
34	177
34	273
35	132
35	169
35	228
35	258
35	274
35	283
36	95
36	163
36	178
36	295
37	277
37	298
39	101
39	159
40	125
40	127
40	192
40	198
40	289
41	63
41	146
41	299
42	118
42	163
42	171
42	215
42	241
43	153
44	170
45	87
45	241
45	261
46	130
46	169
46	199
47	123
47	136
47	146
48	80
48	180
48	195
49	62
49	87
49	105
49	184
50	129
50	193
50	285
51	126
51	207
51	250
51	253
51	263
51	279
52	73
52	94
52	240
52	279
53	257
54	121
54	190
54	232
54	286
55	160
55	172
55	184
55	262
55	268
55	280
56	59
56	155
56	245
57	190
57	227
57	231
57	268
58	104
58	148
58	237
58	272
59	75
59	203
59	231
60	94
60	205
60	212
61	108
61	160
61	195
61	207
62	64
62	204
62	207
63	66
63	164
64	94
64	134
64	206
65	108
65	253
65	256
66	97
66	217
66	222
66	256
67	100
67	299
68	179
68	257
68	269
69	94
69	109
69	169
70	223
71	241
72	78
72	99
72	273
72	275
73	272
74	189
75	150
75	179
75	201
75	287
76	112
76	170
76	271
77	156
77	187
77	218
77	229
77	256
78	95
78	277
79	125
79	201
80	158
81	150
81	220
81	226
81	257
82	108
83	151
83	233
83	287
83	291
84	88
84	98
84	148
84	159
84	230
85	115
85	151
85	183
85	226
86	88
86	168
87	90
87	202
87	260
88	95
88	162
88	254
89	198
89	218
89	265
90	94
90	132
90	156
90	194
90	238
90	270
90	279
91	185
91	250
92	152
92	219
92	228
92	296
93	123
94	199
94	288
95	116
95	170
95	210
95	287
96	234
96	257
96	279
97	275
98	273
99	104
99	110
99	215
99	226
99	288
99	292
100	155
101	152
101	208
101	267
102	164
102	182
102	187
102	244
102	271
102	281
103	153
103	259
104	171
104	265
104	277
106	237
107	148
107	181
107	222
107	258
107	293
109	207
110	112
110	173
110	287
111	188
111	239
111	269
112	120
112	137
113	201
113	234
114	118
114	134
114	267
115	138
115	229
116	132
116	178
116	211
117	293
118	132
118	199
118	208
118	277
119	155
119	163
119	194
119	209
119	260
120	195
120	198
121	182
122	258
123	245
123	278
123	293
124	134
124	193
124	294
125	149
125	215
126	198
126	253
126	260
127	285
128	170
128	176
129	216
129	247
130	224
131	242
131	295
132	152
132	169
133	150
133	192
133	204
133	268
133	282
134	171
134	207
135	175
135	226
135	230
136	200
136	256
136	283
137	184
137	232
138	159
138	164
138	205
138	215
139	286
139	298
140	182
140	209
140	224
140	227
140	232
141	184
141	208
141	269
142	234
143	203
143	261
144	166
145	239
146	223
147	255
148	154
148	165
149	173
150	156
150	230
151	174
151	175
151	199
151	207
151	213
152	236
153	206
153	209
154	169
154	192
154	295
155	216
155	280
156	174
156	222
156	244
156	261
156	299
157	182
157	294
159	200
160	219
160	227
160	244
161	225
161	268
162	202
164	273
165	196
165	251
165	253
166	240
167	291
168	276
169	194
169	240
169	252
169	267
171	209
171	210
172	219
172	264
172	292
173	187
173	223
174	210
174	214
175	240
175	258
176	278
177	193
177	211
177	215
177	278
179	201
179	237
179	298
180	203
182	241
182	290
183	201
183	271
185	266
185	296
186	195
186	233
186	260
186	270
188	232
188	236
188	291
189	248
189	277
191	244
191	254
192	193
193	272
193	274
195	261
197	275
199	243
199	259
200	272
202	277
202	283
203	216
203	262
203	263
203	282
205	244
208	222
208	249
208	255
208	261
208	295
209	277
209	286
210	223
211	238
211	258
212	287
213	255
213	279
214	294
217	237
217	239
217	290
221	223
221	246
221	251
221	263
222	252
223	231
224	293
226	243
226	277
227	244
227	263
228	280
230	231
235	264
237	278
241	297
244	267
246	259
246	281
246	285
246	297
249	258
253	293
256	266
259	261
260	283
261	290
263	294
265	271
269	293
271	290
272	274
272	282
275	284
282	292
282	296
288	289