0	62
0	261
0	284
1	11
1	20
1	103
2	80
2	134
2	230
3	7
3	51
3	84
3	166
3	223
4	71
4	77
4	109
4	138
4	184
5	23
5	91
5	137
5	226
5	239
5	287
6	24
6	86
6	116
6	141
6	144
7	174
7	247
7	278
8	76
8	157
8	255
9	76
9	103
10	58
10	206
10	278
11	22
11	34
11	38
11	281
12	54
12	131
12	145
12	198
12	286
13	72
13	80
14	118
14	125
14	257
15	44
15	54
15	103
15	109
15	122
15	124
15	136
15	153
15	280
15	294
16	153
16	192
17	259
17	278
18	48
18	133
18	220
19	146
19	255
20	120
20	185
20	231
21	58
21	262
21	288
22	98
22	112
22	292
23	66
23	93
23	108
23	151
23	224
23	286
24	237
25	190
25	223
25	242
26	89
26	123
26	154
26	168
26	172
26	278
26	286
27	38
27	163
27	195
28	64
28	95
28	123
28	177
29	85
29	202
29	227
29	247
30	254
31	68
31	137
32	93
32	96
32	152
32	156
32	185
32	199
32	218
32	261
33	192
34	139
34	219
34	292
35	86
35	206
36	38
36	64
36	155
36	187
36	253
36	262
36	286
37	58
37	145
38	58
38	169
38	240
39	43
39	111
39	132
39	188
39	197
39	206
39	219
39	252
40	56
41	77
41	93
41	137
41	157
41	158
41	245
41	259
42	109
42	192
42	213
42	295
43	48
43	89
43	102
43	145
43	287
44	90
44	106
44	120
44	174
44	283
44	291
45	162
45	236
45	279
45	297
46	114
46	141
46	189
46	242
47	108
47	126
47	156
47	216
47	240
47	273
49	282
50	59
50	94
50	140
50	163
52	141
52	188
52	277
52	295
53	59
53	72
53	113
54	142
54	150
54	217
55	74
55	167
55	244
56	179
56	294
56	297
57	120
57	294
58	126
58	196
58	231
58	274
59	93
59	103
59	139
59	168
59	261
60	165
60	176
60	206
60	224
61	89
61	139
62	149
62	192
63	120
64	78
64	83
64	150
64	177
64	187
64	196
64	237
65	84
65	131
65	192
65	259
66	191
67	84
67	106
67	282
67	285
68	125
68	175
69	112
69	202
69	210
69	241
69	293
69	297
70	220
71	211
71	217
71	281
72	116
73	78
73	114
74	99
74	227
74	233
74	270
75	269
76	90
76	159
76	174
76	196
77	119
79	180
81	215
81	241
81	280
82	133
82	232
83	265
83	275
84	114
84	131
84	263
84	289
85	94
85	219
86	93
86	203
86	235
86	284
87	112
87	185
87	248
87	283
88	112
88	114
88	198
88	223
89	98
89	277
89	280
90	96
90	141
91	214
92	143
92	247
93	240
93	259
93	278
94	141
94	197
95	99
95	148
95	157
95	196
95	221
95	222
95	249
96	101
96	187
97	163
97	212
97	223
97	224
97	250
97	283
98	174
99	159
99	281
100	112
100	124
100	154
100	180
100	270
101	139
101	187
101	195
101	207
101	239
101	246
102	218
102	225
102	260
102	286
103	156
103	163
103	279
104	263
105	202
106	114
106	134
107	223
107	224
107	228
107	273
108	110
108	160
108	221
109	209
109	220
109	236
109	262
110	187
110	237
111	118
111	148
111	234
111	256
112	164
112	193
112	290
113	176
113	184
113	268
113	278
114	278
115	171
115	207
116	131
116	135
116	233
117	133
117	177
117	233
119	221
120	170
121	136
121	185
121	199
122	126
122	141
122	197
123	144
123	275
123	278
124	184
124	249
124	255
125	257
125	279
126	263
126	274
126	282
127	148
127	180
127	268
128	289
129	225
129	279
130	151
130	177
130	224
131	145
132	215
133	157
133	288
133	295
134	173
134	189
134	248
135	137
135	138
135	182
135	207
135	264
136	137
136	197
136	224
136	231
136	279
137	205
137	236
137	253
137	266
138	222
139	173
139	180
139	192
139	218
139	239
139	284
139	286
140	215
140	261
141	192
141	264
142	260
142	263
144	193
144	276
145	164
145	166
145	169
145	194
145	221
146	157
146	228
147	197
148	178
148	271
149	160
149	227
149	285
150	159
153	169
153	213
154	207
155	184
155	211
155	297
156	188
156	252
157	191
159	201
159	209
159	268
160	278
161	264
161	290
162	172
162	272
163	170
163	297
164	206
164	289
165	190
165	194
165	274
166	265
166	278
167	209
167	253
168	178
169	170
169	267
170	262
171	252
171	257
171	293
172	231
172	250
174	190
174	256
174	290
175	236
176	184
177	215
177	269
178	190
178	230
178	286
179	182
179	225
179	242
179	285
180	236
180	269
180	284
181	222
181	240
181	258
182	193
182	211
183	200
183	232
184	198
185	286
185	296
186	219
186	299
187	294
188	228
188	249
189	200
189	222
189	286
189	295
189	296
190	218
190	219
191	222
191	229
191	282
194	198
194	207
194	211
194	233
194	238
196	229
197	250
197	287
197	298
198	237
200	224
200	228
201	214
201	262
202	225
202	253
203	273
203	280
204	208
204	282
204	285
205	243
206	259
207	240
208	222
208	229
208	261
208	294
209	225
209	229
210	264
212	257
212	271
214	224
214	243
214	253
215	223
219	277
219	289
220	232
220	273
220	277
220	291
221	295
223	283
224	240
224	287
226	254
226	261
229	288
229	290
232	242
232	291
234	240
236	262
237	245
239	294
240	262
242	272
243	258
245	253
246	276
246	286
247	251
247	276
250	276
253	267
253	283
254	278
255	274
255	289
255	295
258	269
259	289
261	266
262	275
264	274
265	268
268	299
269	286
279	298
280	281
280	290
281	292
286	298
289	294