0	160
0	184
0	204
0	205
0	215
0	228
1	51
1	203
1	276
2	67
2	114
2	192
2	274
2	280
3	21
3	71
3	87
4	91
4	97
4	193
4	262
5	104
5	132
5	159
5	207
6	231
6	234
6	272
6	285
7	19
7	83
7	145
7	217
7	268
8	12
8	207
8	282
9	14
9	19
9	53
9	84
9	135
9	162
9	176
9	219
9	261
10	153
11	28
11	40
11	43
11	78
11	193
11	214
11	215
11	248
11	265
12	52
12	60
12	124
13	127
13	140
13	153
13	190
13	244
13	272
14	23
14	36
14	76
14	103
14	202
14	286
15	89
15	133
15	211
15	292
16	176
17	38
17	44
17	144
17	170
18	55
18	162
18	238
18	271
19	54
19	65
19	123
19	291
20	42
20	77
20	134
20	142
20	148
20	177
20	190
20	238
20	283
20	299
21	23
21	89
21	197
21	220
21	225
21	245
21	253
22	112
22	223
22	237
22	277
23	41
23	134
23	156
23	228
23	264
23	286
23	288
24	181
24	244
24	245
25	38
25	162
25	285
26	74
26	259
26	278
27	97
28	32
28	67
28	83
28	94
28	108
28	124
28	150
29	267
29	289
30	48
30	68
30	181
30	277
30	288
31	32
31	143
31	159
31	170
31	197
31	207
31	208
31	247
32	53
32	98
32	122
33	141
33	190
33	203
34	97
34	250
35	109
35	211
35	261
36	122
36	181
36	227
36	257
37	215
38	53
38	272
39	106
39	117
39	231
40	115
40	222
40	223
40	282
41	86
41	129
41	149
41	192
41	293
42	191
42	238
42	295
43	127
43	217
43	231
43	279
45	256
46	238
46	287
47	61
48	132
48	203
49	193
49	239
50	255
51	181
52	124
52	263
52	286
53	143
53	185
54	147
54	205
54	272
54	299
55	107
55	140
55	175
55	296
56	187
57	253
58	215
58	278
59	105
59	164
59	176
60	142
60	185
61	99
61	150
61	155
61	198
61	228
61	248
62	110
62	132
62	177
62	195
62	219
62	242
62	278
62	279
62	296
63	107
63	172
63	269
64	88
64	125
64	133
64	261
64	269
65	78
65	125
65	243
66	98
66	103
66	122
66	128
66	215
66	223
66	259
66	271
66	279
67	160
67	261
67	287
68	127
68	136
68	176
69	83
69	146
69	216
69	259
70	254
71	110
71	185
71	235
72	98
72	273
72	289
72	294
72	295
73	109
73	179
73	294
74	89
74	102
75	209
76	114
76	296
77	146
77	166
78	103
78	266
78	288
79	99
79	207
79	269
79	275
79	279
80	263
80	265
80	276
81	136
81	156
81	189
81	215
81	292
82	89
82	117
82	147
82	204
82	214
82	257
82	260
82	287
83	84
83	121
83	160
83	189
83	240
84	127
84	201
84	245
85	148
85	178
86	117
86	169
86	257
88	123
88	142
88	192
89	129
89	149
89	187
90	101
90	124
90	287
90	298
91	103
91	220
92	99
92	121
92	133
92	249
92	265
93	97
93	126
93	200
93	250
94	184
94	236
94	276
94	284
95	108
95	135
95	197
95	210
95	254
96	225
96	249
97	177
97	224
98	192
98	200
98	215
99	159
99	161
100	123
100	131
100	148
100	240
102	116
102	147
102	210
102	298
103	186
103	195
103	288
103	296
104	161
104	260
104	280
105	149
105	234
105	250
105	266
106	169
106	286
107	168
108	168
108	175
108	275
108	283
110	147
110	291
111	116
111	153
111	163
111	191
111	196
111	206
111	229
112	115
112	249
112	276
113	141
113	149
113	298
114	115
114	220
114	242
115	161
115	236
115	261
115	273
116	130
116	141
116	282
117	125
117	159
117	189
117	218
117	223
118	284
119	256
120	168
120	225
121	146
122	130
122	174
122	224
123	127
123	143
123	188
123	286
124	239
124	265
125	153
125	178
125	297
126	226
127	162
127	237
127	252
127	289
128	158
129	130
129	161
129	182
129	183
129	226
129	295
130	141
130	298
131	244
132	214
132	219
133	136
133	184
133	270
133	274
133	288
134	214
134	250
134	276
134	280
134	287
135	190
135	242
137	262
137	283
138	188
139	187
139	230
140	187
140	192
140	242
140	293
142	172
142	194
142	228
142	229
143	219
143	247
144	170
144	227
144	229
144	276
145	217
146	228
147	168
147	256
148	279
148	289
150	151
150	209
150	240
151	243
152	177
152	256
153	163
154	194
155	165
155	215
155	223
155	246
156	190
156	257
156	269
157	183
157	196
158	185
158	193
158	240
159	175
159	279
159	286
160	204
160	208
160	282
161	288
162	204
163	217
164	245
165	177
165	180
165	275
166	248
167	180
167	246
167	285
168	225
168	291
169	184
170	200
170	218
170	299
171	174
171	234
171	238
172	178
172	261
173	187
173	206
173	297
175	282
176	179
176	247
176	254
177	193
177	213
177	245
177	297
178	183
178	192
178	210
178	235
179	210
179	240
179	261
179	294
180	216
180	242
181	183
182	211
182	298
183	239
183	265
183	293
184	229
184	255
185	217
185	245
185	253
189	203
190	206
190	208
190	277
191	214
192	206
192	268
193	244
194	272
194	275
194	276
194	282
195	216
195	238
195	258
197	295
199	238
200	219
200	224
203	255
203	269
204	207
204	212
204	239
204	287
204	294
205	253
207	231
209	298
210	242
211	236
212	219
212	229
214	252
215	217
215	246
215	293
215	297
215	299
216	233
216	241
216	258
216	298
220	265
220	278
220	283
221	263
223	255
224	245
226	275
227	266
227	270
228	238
228	258
228	296
230	289
231	273
232	241
232	270
232	286
235	281
238	290
241	273
242	273
243	294
244	290
246	251
246	275
248	271
248	285
258	267
260	287
265	289
267	280
268	285
273	297
291	294
293	297
295	297