0	29
0	55
0	94
0	217
0	241
0	279
1	79
1	124
1	161
1	285
2	42
2	126
2	174
2	195
2	221
2	224
2	234
2	251
2	271
3	44
3	185
3	197
3	224
3	298
4	53
4	83
4	88
4	106
4	212
4	213
4	288
5	7
5	119
6	48
6	199
7	25
7	71
7	87
7	273
8	39
8	255
9	51
9	276
9	284
10	74
10	179
10	225
10	276
11	162
12	41
12	82
12	140
12	227
13	87
13	257
14	35
14	36
15	108
16	34
16	76
16	257
17	39
17	243
17	259
18	39
18	143
18	204
18	263
19	69
19	70
19	188
20	105
20	216
20	247
20	272
21	37
21	141
21	143
21	164
21	265
21	269
22	222
23	47
23	203
23	225
24	120
24	141
24	252
25	39
25	192
25	251
26	223
27	179
27	218
28	82
28	98
28	102
28	119
29	92
29	93
30	60
30	152
31	55
31	138
31	219
32	160
32	166
32	263
33	59
33	255
33	258
33	271
33	289
34	111
34	161
34	233
35	58
35	105
35	176
35	289
36	181
36	191
36	233
37	108
37	125
37	186
37	235
38	214
39	42
39	151
39	219
39	249
39	296
40	99
40	158
41	113
41	146
41	223
41	251
41	288
41	290
42	81
43	45
43	67
43	176
43	290
44	223
44	269
45	50
45	55
45	86
45	283
46	148
47	169
47	280
48	91
48	207
48	227
48	264
49	167
51	94
51	124
51	145
51	229
52	117
52	124
52	125
52	184
54	59
54	264
55	206
55	254
55	268
56	102
56	110
56	205
57	100
58	60
58	178
59	97
59	102
59	148
60	100
60	101
60	245
61	163
62	93
62	158
62	160
62	226
63	110
63	272
64	150
64	152
64	177
64	187
64	232
65	109
65	175
65	199
65	264
66	87
66	139
66	207
66	267
67	134
67	174
67	227
67	242
68	110
68	190
68	232
69	95
69	150
69	186
69	275
70	84
70	110
70	203
70	239
70	265
70	266
72	263
72	292
73	80
73	208
73	295
73	299
74	88
74	134
74	143
74	172
74	196
74	243
74	279
75	90
75	148
76	118
77	97
78	139
78	254
79	138
79	253
79	284
80	132
80	225
80	228
80	296
81	152
81	176
82	87
82	220
82	232
82	240
82	275
83	187
83	203
83	206
83	207
85	97
85	99
85	126
85	136
86	89
86	98
86	180
86	247
86	292
87	184
87	278
88	96
88	114
88	139
88	152
88	179
88	201
88	295
89	133
89	200
89	219
89	233
90	208
90	278
91	118
91	131
91	167
92	245
92	264
93	95
93	233
93	239
94	140
94	158
94	179
94	277
96	206
97	203
97	273
98	101
98	102
98	240
99	114
99	119
99	178
99	239
100	101
100	126
100	283
101	128
101	144
101	158
101	271
102	139
102	279
103	145
103	237
104	147
104	294
104	299
105	218
106	126
106	176
106	251
106	257
107	116
107	135
107	188
107	200
107	206
107	211
107	276
107	277
108	252
108	277
108	299
109	156
109	166
109	201
110	146
110	292
111	129
111	200
112	138
112	251
113	132
114	115
114	220
115	194
116	150
116	224
116	293
117	203
117	238
118	166
119	179
119	213
120	176
120	233
121	210
121	259
122	215
122	265
122	273
122	292
123	154
123	204
123	240
123	298
124	172
124	205
124	240
124	276
125	139
125	148
125	188
125	197
125	290
127	220
128	141
128	216
128	257
128	284
129	133
130	190
131	223
131	259
131	278
132	184
133	192
133	209
133	266
134	136
134	187
134	206
135	168
135	169
135	197
135	219
135	248
136	156
136	190
136	255
137	200
138	193
138	262
138	293
139	202
139	239
139	258
139	296
140	154
140	166
140	173
141	153
141	157
142	178
142	239
144	186
144	214
144	276
145	210
147	167
147	185
147	189
148	162
148	164
148	166
148	204
149	274
150	215
150	253
152	160
152	161
152	205
152	211
152	289
153	171
153	211
154	245
155	172
155	179
155	183
155	227
156	224
157	166
157	202
157	247
158	171
158	265
159	183
160	218
160	239
160	254
162	171
162	270
163	242
163	245
163	254
164	220
164	231
164	244
164	282
165	295
165	298
166	206
166	292
167	221
168	206
168	265
169	202
170	181
171	207
171	274
173	229
173	253
174	198
176	194
176	240
176	286
177	241
179	257
180	239
182	258
182	259
183	262
184	187
184	255
185	205
185	214
185	240
185	299
186	206
186	289
187	288
188	286
189	263
190	230
192	213
193	216
193	227
193	253
194	213
194	214
194	272
195	200
195	201
196	224
197	208
199	203
199	224
199	229
199	276
199	291
200	221
201	225
201	236
202	206
202	287
203	232
203	250
203	256
205	249
206	254
207	227
207	278
208	214
209	227
209	273
210	231
210	238
210	295
210	298
211	296
215	236
215	242
215	264
216	253
217	247
217	257
217	282
219	235
219	240
219	243
219	265
219	293
221	250
222	225
222	285
224	247
224	261
224	297
230	267
233	255
235	295
238	241
239	290
240	292
244	253
244	276
245	264
245	271
246	263
248	273
249	293
250	260
250	293
251	282
252	254
252	265
254	267
255	273
257	264
257	295
259	275
263	299
269	286
280	294
281	282
284	291