0	277
1	88
1	144
1	241
1	289
1	291
2	8
2	64
2	204
2	223
2	231
3	32
3	63
3	109
3	192
3	199
3	227
3	250
4	149
5	6
5	105
5	188
5	231
7	51
7	284
7	295
8	84
8	140
8	173
8	198
8	208
8	298
9	81
9	156
9	233
10	31
10	60
10	183
10	239
10	242
11	170
11	264
11	280
12	184
12	246
12	290
13	45
13	64
13	106
13	107
13	136
13	216
13	299
14	77
14	131
14	134
14	200
14	209
15	267
15	284
16	96
16	108
16	120
16	140
16	213
17	40
17	101
17	128
17	205
17	233
18	24
18	298
19	47
19	263
20	145
21	144
21	165
21	256
22	39
22	63
22	113
22	130
22	149
22	202
22	283
23	56
23	58
23	96
23	121
23	129
24	132
24	177
24	288
25	150
25	278
26	38
26	125
26	296
27	148
27	281
28	92
28	119
28	166
28	169
28	265
28	287
29	79
29	92
29	170
30	188
30	230
31	46
31	139
31	249
31	279
32	127
32	145
33	139
33	140
34	88
34	293
35	61
35	128
35	137
35	182
35	283
36	44
37	163
37	236
37	261
37	293
38	99
38	153
38	159
38	212
38	213
38	221
38	259
38	297
39	42
39	201
39	293
40	60
40	138
40	174
40	284
41	75
41	159
41	194
41	297
42	48
42	85
43	70
43	194
44	55
44	117
44	182
45	64
45	230
46	74
46	242
47	141
47	167
47	192
47	206
47	260
48	65
48	105
48	162
48	229
49	105
49	155
49	263
49	283
50	119
50	120
51	240
52	58
52	248
53	57
53	142
53	231
54	148
54	201
54	276
55	100
55	149
55	164
55	226
55	247
56	68
56	72
56	144
56	162
56	259
56	282
57	71
57	151
57	169
57	217
57	222
58	86
58	138
59	238
59	242
60	179
60	244
61	76
61	114
61	128
61	152
61	153
61	166
61	174
61	181
61	188
61	211
61	281
62	134
62	167
62	232
62	244
62	276
63	149
63	270
64	202
64	211
64	258
65	113
65	238
65	266
66	120
66	187
66	274
67	98
67	266
68	193
69	70
69	202
70	137
70	150
71	123
72	127
72	231
72	255
73	78
73	225
74	195
75	125
75	232
76	143
76	166
76	178
77	137
78	192
78	261
78	287
79	91
79	93
79	119
79	169
79	249
80	115
80	279
80	285
81	150
81	169
81	174
81	177
82	103
82	124
82	140
82	188
82	213
82	237
82	261
83	98
83	108
83	275
84	92
85	110
85	166
85	167
85	175
86	144
86	231
86	244
87	129
88	103
88	128
88	136
88	140
88	249
88	252
89	127
89	146
89	157
89	217
90	197
90	258
90	266
91	129
91	176
92	131
92	140
92	252
92	298
93	182
93	241
94	120
94	122
95	119
95	166
95	179
95	220
95	235
96	127
96	205
97	107
97	209
97	241
98	170
99	265
99	297
100	121
100	230
101	166
101	258
101	299
102	109
102	111
102	141
102	196
103	120
103	223
104	138
104	151
104	293
105	136
105	142
105	158
105	168
105	240
105	247
106	121
106	161
106	163
106	177
106	178
106	298
107	134
107	157
107	183
107	251
107	279
108	117
110	184
110	186
110	254
112	180
112	209
113	136
113	161
113	171
114	212
114	219
114	256
115	146
115	163
116	174
116	183
116	236
117	147
117	281
118	140
118	185
118	246
118	296
119	182
119	230
119	271
119	298
120	144
120	227
120	230
120	236
120	258
121	124
121	271
121	274
122	201
122	243
123	234
124	173
124	267
124	279
125	165
125	201
125	292
126	144
126	203
126	227
126	296
127	129
127	222
127	279
128	150
128	181
128	248
129	274
130	166
130	209
130	236
132	216
132	239
132	246
133	135
134	196
134	258
135	241
136	143
136	217
137	226
138	173
138	182
138	190
138	223
138	237
139	278
139	285
140	188
140	268
141	187
141	269
142	189
143	253
143	286
144	165
144	273
145	176
145	260
146	290
147	153
147	164
148	149
148	284
149	169
149	245
149	261
150	153
150	270
150	293
151	268
152	203
152	238
152	257
153	197
154	249
154	262
154	265
156	201
156	279
157	179
157	193
158	282
158	286
159	287
159	290
160	215
160	267
161	248
161	263
161	296
162	178
162	220
164	173
164	183
164	207
164	275
166	294
167	218
167	242
167	264
168	201
168	263
168	281
170	190
170	291
171	242
171	277
172	295
173	209
174	189
174	210
174	282
174	295
175	282
176	179
176	202
178	246
178	263
180	258
180	277
180	293
181	258
183	220
183	240
184	193
184	286
185	274
186	227
186	240
186	241
186	267
187	203
187	236
187	251
187	271
188	253
188	258
190	255
191	194
191	252
193	240
195	236
195	237
195	272
198	217
198	221
198	266
200	217
200	270
201	296
202	225
202	265
202	285
202	286
203	221
203	264
204	285
205	274
206	274
207	233
207	261
208	297
209	253
209	298
211	278
214	275
215	263
215	277
219	291
222	264
223	238
223	248
223	284
224	271
224	272
224	282
226	294
228	249
229	254
229	272
229	296
230	232
230	297
231	245
231	262
232	270
232	277
234	259
234	290
236	258
236	273
237	278
237	289
241	252
242	246
243	287
248	276
249	292
250	254
250	266
260	282
263	269
265	274
265	288
266	283
267	297
268	283
271	273
272	297
276	279
286	298
289	298
290	291