0	112
0	198
0	233
0	234
0	241
0	248
0	264
1	55
1	101
1	185
1	265
2	78
2	141
2	216
2	258
3	189
4	16
4	30
4	186
4	190
4	227
4	252
4	299
5	96
5	115
5	199
6	27
6	153
6	237
6	294
7	41
7	92
7	194
7	240
8	34
8	72
9	45
9	47
9	77
9	253
9	277
10	39
10	76
10	114
10	154
10	158
10	159
10	241
10	285
11	38
11	41
11	52
11	158
11	247
12	174
12	183
12	210
13	122
13	166
13	249
13	271
14	23
14	42
14	58
14	253
15	39
15	81
15	155
15	161
15	220
15	221
15	223
16	26
16	42
16	103
16	172
16	180
16	185
16	192
17	30
17	205
18	184
18	226
19	43
19	55
19	95
19	117
19	270
19	293
19	297
20	24
20	174
20	252
21	79
21	144
22	272
22	284
23	36
23	40
23	278
23	279
24	86
25	62
25	103
25	128
25	224
25	225
26	106
26	145
27	43
27	113
27	214
28	77
28	132
28	194
28	265
29	79
29	118
30	118
30	152
31	257
31	284
31	296
32	33
32	49
32	110
32	126
32	160
32	222
32	227
32	265
33	71
33	101
33	175
33	217
33	220
34	186
34	282
35	38
35	95
35	217
36	63
36	93
36	188
36	235
37	220
38	124
38	228
38	231
39	54
39	197
39	287
40	54
40	76
40	105
40	212
40	250
41	286
41	297
42	139
42	207
42	250
42	252
43	63
43	112
43	285
44	82
44	100
44	292
45	53
45	79
45	168
46	127
46	151
46	185
46	220
46	228
47	50
47	72
47	82
47	99
47	137
47	142
48	149
49	147
49	239
49	286
50	69
50	199
50	226
51	143
51	158
51	183
51	193
52	103
52	273
53	144
53	177
53	230
53	256
54	112
54	134
54	187
55	80
55	111
55	134
55	149
55	200
55	209
55	216
55	258
56	90
56	198
57	139
57	175
58	179
58	206
58	268
58	285
58	294
59	62
59	128
59	145
59	231
59	295
60	82
60	140
61	64
61	109
61	110
61	202
61	237
61	299
62	121
62	163
62	184
62	204
62	213
63	83
63	171
63	227
63	288
64	151
64	167
64	275
65	69
65	241
65	271
66	179
66	221
67	176
68	97
68	110
68	150
68	239
68	240
68	274
69	114
69	285
70	139
70	140
70	171
70	289
71	99
72	268
72	293
73	144
73	211
73	289
74	99
74	121
74	217
74	234
74	295
75	234
77	232
77	233
77	245
78	199
78	228
78	273
78	293
79	222
80	100
80	111
80	297
81	188
81	270
82	128
82	156
82	227
83	145
83	178
83	188
83	280
84	132
84	209
84	271
85	171
85	251
86	116
87	98
87	217
87	224
87	235
87	250
88	101
88	263
88	296
89	167
89	179
90	94
90	111
90	113
90	269
91	123
91	134
91	145
92	179
92	269
92	293
93	133
93	274
93	279
94	179
94	236
94	264
94	299
95	205
96	99
96	142
96	243
97	101
97	127
97	209
97	211
98	210
98	269
99	162
99	265
100	163
100	180
101	166
101	193
101	229
101	246
101	270
101	292
102	105
102	137
102	177
102	223
102	259
102	278
103	126
103	132
103	192
103	256
104	135
106	216
106	244
106	284
107	151
107	174
107	246
107	265
107	266
108	168
108	193
108	267
108	291
109	139
109	217
110	197
110	204
110	228
110	264
110	281
111	161
112	186
112	206
113	197
113	275
113	276
115	135
116	117
116	256
116	277
116	283
117	128
117	216
117	223
117	274
117	277
118	150
118	238
118	277
118	284
118	296
119	143
119	184
120	207
120	227
121	164
121	170
121	237
121	281
121	283
122	279
124	144
124	152
124	220
125	175
125	200
125	269
125	295
126	169
126	201
126	254
126	261
126	275
127	192
129	142
129	263
130	133
130	231
131	284
132	156
132	168
132	203
133	278
134	168
134	239
135	162
135	172
135	183
135	213
135	291
136	161
136	199
136	283
137	255
138	169
138	171
138	172
138	181
138	199
138	263
139	242
139	252
139	279
139	282
140	160
140	224
141	164
141	168
142	253
142	265
144	179
144	221
144	265
145	199
145	238
145	262
146	181
146	263
147	167
147	186
148	157
148	172
148	204
148	274
148	295
150	172
151	233
152	201
152	259
152	263
154	181
155	193
155	284
156	181
158	217
159	199
159	281
160	163
160	184
160	200
161	177
162	179
162	209
162	218
162	262
162	294
163	238
163	270
163	284
164	204
164	242
165	186
165	195
165	234
165	291
166	186
166	297
167	179
167	196
167	259
167	292
168	190
168	253
168	264
169	260
170	212
170	263
171	271
172	230
172	280
172	282
173	186
173	188
174	197
174	242
175	207
176	242
177	184
178	226
180	239
180	259
180	298
182	218
182	236
182	237
183	236
185	256
185	259
186	195
186	208
186	259
186	265
187	196
187	217
187	238
190	274
190	280
190	286
191	229
191	232
191	282
192	233
192	274
193	219
193	220
195	262
195	277
195	295
196	273
198	230
199	259
200	290
201	268
201	270
201	298
203	213
203	222
203	274
203	278
206	284
207	252
209	259
209	273
210	237
210	250
211	220
212	224
212	287
213	267
214	235
215	227
215	258
215	293
217	247
218	269
218	298
219	222
221	292
222	250
223	298
225	265
226	288
229	255
230	240
230	255
231	233
232	238
232	283
233	295
237	258
239	261
239	284
239	297
241	261
245	272
245	288
246	268
246	270
246	295
248	266
249	269
250	275
252	298
253	290
254	272
254	276
255	259
255	277
256	290
256	293
258	268
259	298
260	296
261	272
262	285
264	281
265	283
266	274
270	287
280	285
282	289
282	294
285	291
287	296
295	299