0	64
0	95
0	126
0	263
0	298
1	20
1	39
1	147
2	36
2	121
2	144
2	182
2	220
2	254
2	278
3	9
3	47
3	134
3	169
3	200
3	215
3	216
3	265
3	291
4	231
5	10
5	153
5	230
6	111
6	191
6	271
7	9
7	12
7	51
7	74
7	136
7	207
7	280
8	34
8	62
9	93
9	197
9	209
9	288
10	15
10	30
10	39
10	90
10	154
10	223
11	15
11	222
12	63
12	83
12	239
12	281
13	186
14	239
14	295
15	69
15	214
16	67
16	74
16	165
16	181
17	40
17	108
17	295
18	107
18	185
18	296
19	48
20	98
20	252
21	55
21	178
21	249
22	98
22	173
22	209
22	249
23	50
23	146
23	269
24	49
24	74
24	176
24	226
25	209
25	278
26	209
27	68
27	84
27	100
27	255
27	257
28	44
28	84
28	195
28	287
29	45
29	73
29	164
29	188
29	274
30	48
30	59
30	97
30	217
30	228
31	172
32	88
32	92
32	160
33	166
34	223
34	280
35	121
35	179
36	37
36	165
36	227
36	276
37	178
38	156
38	275
38	295
39	95
39	190
39	278
40	60
40	80
40	93
40	113
40	253
41	83
41	231
41	246
41	255
42	233
42	243
42	266
43	51
43	98
43	134
43	138
43	182
43	234
44	46
44	203
44	273
44	295
45	59
45	110
45	248
46	166
46	262
46	298
47	144
47	150
47	249
48	141
48	216
48	255
48	263
49	64
49	102
49	158
49	165
49	170
49	253
49	254
50	187
50	202
50	211
50	231
51	75
51	113
51	152
51	212
52	162
52	247
52	296
53	230
54	72
54	150
54	212
54	270
55	79
55	149
55	214
55	244
56	106
56	167
56	210
56	256
57	109
57	172
57	188
57	263
57	298
58	224
59	136
59	141
59	154
60	159
60	232
60	276
60	283
61	69
61	130
62	97
62	170
62	173
62	216
62	237
62	288
62	294
62	298
64	95
64	275
64	292
65	264
66	77
68	139
68	158
68	192
69	72
69	77
69	134
69	152
70	104
70	230
70	281
71	97
72	89
72	186
73	89
73	125
73	159
73	247
74	121
74	244
74	271
74	298
75	78
75	132
75	139
76	273
77	85
77	159
77	236
77	246
78	101
78	180
78	207
79	111
79	193
79	199
80	129
80	210
80	297
81	194
82	272
83	89
83	146
83	293
84	98
84	150
84	182
84	238
85	102
85	132
86	92
86	177
86	200
86	228
87	92
87	95
87	145
87	156
87	160
87	287
88	103
88	150
88	274
89	157
90	122
90	194
90	231
91	127
92	123
92	153
92	168
92	246
93	110
93	139
93	225
93	229
93	262
94	153
94	254
94	284
95	112
95	130
95	263
96	100
96	142
96	215
98	293
99	119
99	197
99	250
99	254
100	230
102	180
102	201
102	212
102	266
103	145
103	263
103	280
104	150
104	177
104	236
105	235
106	112
106	190
107	226
108	109
108	178
108	227
108	229
108	255
109	142
109	160
109	275
110	161
110	291
111	175
111	210
111	247
112	124
112	223
112	250
113	143
113	162
113	221
114	282
115	117
115	118
115	294
116	142
116	215
118	135
118	206
119	142
119	144
119	262
119	281
120	296
121	136
121	138
121	219
122	279
123	165
123	236
124	239
124	240
125	276
126	129
126	182
126	220
126	283
126	290
126	298
127	221
127	282
128	221
128	270
129	139
129	201
129	211
129	219
129	245
129	258
130	133
130	188
131	153
131	165
131	180
132	204
132	258
132	287
133	208
133	223
133	242
133	272
134	167
134	261
134	286
134	296
135	137
135	238
135	295
136	171
136	232
136	281
137	169
137	265
139	245
139	260
140	257
141	156
141	214
141	258
141	284
141	292
142	154
142	179
143	207
143	220
143	289
144	254
144	297
145	171
145	180
145	295
146	264
147	172
148	212
148	221
149	182
149	265
149	275
150	161
150	261
151	175
151	184
151	188
151	239
151	279
152	198
152	292
152	293
154	286
155	261
156	211
156	213
156	214
156	244
156	282
158	182
158	197
158	262
159	189
159	259
159	260
159	285
160	271
161	190
161	272
163	189
164	165
164	223
164	267
164	282
166	261
168	238
168	298
169	242
170	183
170	184
172	242
172	244
172	258
172	272
172	286
173	174
173	202
173	217
173	237
173	253
173	258
173	291
174	205
174	245
174	295
175	232
175	267
175	291
175	297
176	229
177	212
177	228
177	279
178	206
178	231
179	265
179	284
182	290
183	221
184	236
184	247
184	263
185	211
185	265
186	213
186	265
188	267
189	223
190	275
190	279
192	220
193	202
193	225
193	277
193	281
193	293
194	221
194	270
195	289
196	210
196	240
197	250
197	252
198	265
200	220
200	237
200	256
201	221
201	272
203	291
204	209
204	277
204	283
204	297
205	260
205	281
205	298
206	224
206	251
207	292
209	211
209	216
210	256
210	265
212	297
215	218
215	285
218	234
219	242
219	269
220	272
222	244
222	283
225	227
226	299
229	268
230	263
231	242
231	292
232	285
234	267
236	238
237	279
237	295
238	249
238	295
241	269
242	290
245	292
247	262
252	282
252	283
253	277
259	261
261	264
262	263
262	264
263	274
263	284
263	299
265	267
265	277
266	279
267	285
268	292
269	270
271	288
272	285
272	298
273	291
274	282
280	288
282	296
290	294
295	299