0	87
0	209
0	244
1	33
1	74
1	76
1	208
1	240
2	18
2	22
2	85
2	102
2	119
2	181
2	197
2	227
2	242
2	281
3	5
3	16
3	121
3	174
3	218
3	232
3	257
3	265
3	270
3	297
4	65
4	251
4	260
5	6
5	23
5	222
6	149
7	35
7	78
8	103
8	105
8	118
9	19
9	52
9	62
9	70
9	140
9	204
9	220
9	264
10	14
10	173
10	183
10	203
10	255
11	128
11	146
11	154
11	198
11	206
11	214
11	229
11	293
11	298
12	170
12	264
13	31
13	140
13	149
14	20
14	44
14	64
14	116
14	137
14	149
14	173
14	249
14	286
14	289
14	292
15	69
15	187
15	270
16	62
16	63
16	272
17	55
17	60
17	65
17	75
17	179
18	45
18	65
18	76
18	148
18	183
18	270
18	275
19	46
19	136
19	159
19	250
20	45
20	87
21	34
21	97
21	141
21	159
21	267
22	110
22	155
22	194
22	200
23	34
23	63
23	204
23	217
24	143
25	89
25	207
26	33
26	142
26	190
27	48
27	158
27	262
27	268
28	29
28	55
28	108
29	235
30	63
30	105
30	134
30	189
31	104
32	180
32	205
32	217
32	247
32	274
33	95
33	145
33	156
33	179
33	238
36	37
36	88
36	98
36	102
36	122
36	228
37	101
37	207
37	232
37	240
37	284
38	64
38	86
38	194
39	297
40	142
40	269
40	284
41	65
41	110
41	122
42	86
42	132
42	147
42	223
42	244
43	140
43	142
43	170
43	178
43	246
44	82
44	108
44	189
44	253
44	297
45	291
46	54
46	107
46	260
47	122
47	202
47	228
47	232
48	125
49	216
50	149
50	190
50	251
51	87
51	97
51	107
51	164
51	273
52	161
52	195
52	283
53	69
53	110
53	133
53	136
53	176
53	289
54	139
54	231
54	291
55	78
55	87
55	169
55	257
55	289
55	294
56	175
57	126
57	181
58	103
58	151
59	71
59	180
59	291
60	212
60	239
61	103
61	181
62	68
62	153
62	233
62	249
62	260
63	135
63	171
63	196
63	204
63	274
63	293
64	163
64	237
64	299
65	265
66	132
67	75
67	106
67	192
68	207
68	253
68	289
70	101
70	112
70	139
71	175
71	223
71	229
71	249
72	128
72	168
72	195
73	126
73	222
74	102
75	168
75	195
76	109
76	122
76	126
76	130
76	162
77	109
77	199
77	272
78	86
78	116
78	216
78	227
78	274
79	207
80	206
80	259
80	271
81	110
81	204
81	284
82	101
82	248
83	97
83	164
83	193
84	252
85	96
85	169
85	176
85	219
85	259
86	119
87	88
87	152
89	152
89	153
89	155
89	161
89	225
90	297
91	93
91	98
91	101
91	148
91	232
92	120
92	135
92	139
92	156
92	213
93	141
93	221
94	105
94	171
94	173
94	253
94	267
94	290
95	173
95	275
97	160
99	136
99	140
99	174
99	191
99	285
100	115
100	191
100	199
100	203
101	145
101	182
101	183
102	203
102	244
103	122
104	121
104	223
104	264
105	129
106	201
106	231
106	270
107	201
108	123
108	134
108	168
108	256
110	135
110	208
110	299
111	112
111	242
112	168
113	299
114	232
115	196
115	219
116	143
116	182
116	199
117	217
117	236
118	202
118	216
118	229
118	295
119	217
120	195
120	199
121	247
121	261
122	190
122	240
122	241
122	270
123	146
123	152
123	182
124	152
124	220
124	292
125	198
125	241
125	261
126	184
126	187
127	153
127	186
127	299
128	176
128	182
129	220
130	153
131	227
131	286
132	295
133	150
133	182
133	281
133	298
134	179
134	185
135	180
135	211
135	218
135	241
135	290
136	288
138	141
138	250
139	195
140	276
141	212
141	229
142	147
142	228
143	299
144	278
144	284
145	156
145	183
145	208
145	280
146	220
147	176
147	200
147	232
147	286
149	228
149	246
149	297
150	197
150	210
151	170
151	225
152	174
152	193
153	195
153	220
155	246
155	257
155	296
156	203
156	233
156	240
157	286
157	297
158	293
160	234
160	285
161	166
161	208
161	225
162	173
162	268
163	240
164	170
165	192
166	257
166	272
166	284
167	225
167	236
168	199
168	275
169	294
170	276
171	213
172	292
173	206
173	245
173	265
173	275
174	224
174	230
175	188
175	297
176	292
177	268
177	283
177	291
178	180
178	221
178	266
179	194
179	271
183	252
183	277
183	280
184	220
185	219
187	270
189	288
190	258
190	267
191	213
191	244
191	265
191	297
192	211
192	224
193	230
194	299
196	226
197	212
197	215
197	236
198	201
199	205
199	297
200	252
200	268
201	210
202	264
203	231
203	282
204	213
204	251
205	236
205	240
205	246
207	236
207	270
207	286
209	258
210	259
211	243
212	227
213	281
214	245
215	227
217	259
217	282
220	290
223	260
223	273
224	280
225	257
226	287
226	290
227	257
228	251
228	283
229	250
229	257
230	257
230	287
231	254
233	245
236	240
236	273
237	285
237	294
238	244
238	257
239	258
240	298
241	268
241	272
241	281
242	279
242	295
243	251
248	256
249	256
252	256
254	283
258	267
261	283
261	292
262	263
264	290
267	286
268	295
276	293
278	293
284	296