0	33
0	60
0	93
0	97
0	217
1	33
1	226
1	236
2	42
2	87
2	116
2	172
2	285
2	287
2	291
2	296
3	100
3	107
3	137
3	173
3	196
3	218
3	240
3	245
4	78
4	196
5	124
5	145
5	182
6	47
6	71
6	85
6	120
6	153
6	181
6	246
7	31
7	33
7	109
7	229
8	124
8	180
8	198
8	230
9	115
9	144
9	165
9	215
9	246
9	249
9	260
10	265
11	21
11	96
11	178
11	200
11	223
11	228
12	32
12	172
12	215
13	92
13	131
13	231
13	250
14	144
14	153
14	163
14	260
15	106
15	123
15	175
15	203
16	265
17	87
17	122
17	197
17	260
18	242
18	290
18	291
19	296
20	84
20	95
21	24
21	74
21	164
22	93
22	112
23	41
23	76
23	126
23	157
23	167
24	165
24	259
24	283
25	33
25	181
25	222
25	294
26	84
26	175
26	241
27	73
27	116
27	148
28	56
28	120
28	185
28	201
28	292
29	66
29	97
29	207
29	214
30	143
30	198
30	207
30	258
31	69
31	186
31	195
31	240
31	288
32	115
32	123
32	278
32	293
33	185
33	234
33	261
33	295
34	170
34	241
35	37
35	40
35	122
35	124
35	244
35	262
36	60
36	86
36	128
36	175
36	211
36	247
37	122
37	167
37	251
38	93
39	75
39	164
39	202
39	246
39	290
39	291
40	93
40	275
40	299
41	86
41	202
41	226
41	289
42	47
42	57
42	74
42	110
43	64
43	107
44	106
44	141
44	149
44	292
45	59
45	66
45	77
45	107
45	110
45	241
45	242
46	74
46	191
46	233
46	264
47	93
47	188
47	274
47	289
48	165
48	180
48	224
48	271
49	73
49	259
50	116
50	205
50	230
51	183
52	240
53	58
53	198
53	269
54	98
54	235
54	243
55	203
55	259
56	62
56	167
56	207
57	81
57	165
57	203
57	259
57	263
58	83
58	129
58	133
58	279
59	73
59	117
59	142
60	75
60	91
60	159
60	175
60	230
61	64
61	124
61	168
61	193
62	71
62	100
63	73
63	78
63	88
63	95
63	290
64	74
64	289
65	212
65	247
65	290
66	92
66	111
66	118
67	124
67	125
67	133
67	187
68	103
68	170
68	200
69	139
69	277
70	123
71	151
71	157
71	210
72	262
73	142
73	223
74	184
74	267
74	282
75	115
75	139
75	261
75	295
76	253
77	184
77	260
77	297
78	94
78	96
78	160
78	285
78	294
79	96
79	170
79	205
80	177
80	183
81	224
82	89
82	137
82	186
82	190
82	203
82	218
82	224
82	273
83	126
83	150
83	248
83	284
84	288
85	194
85	214
85	262
86	158
86	255
87	236
87	294
88	137
90	205
91	129
91	140
91	164
91	231
91	270
91	296
92	174
92	297
93	119
93	125
93	161
94	127
94	278
94	279
94	297
95	273
96	159
96	168
96	222
98	116
98	272
99	271
100	117
100	159
101	102
101	105
101	159
101	286
101	291
102	229
102	271
102	277
103	211
104	139
104	203
104	204
104	255
104	279
105	120
105	143
105	235
106	151
106	252
106	257
108	120
108	154
108	176
108	248
109	143
109	149
109	225
109	280
110	123
110	126
110	129
110	161
110	223
110	266
110	299
111	143
111	150
111	296
112	247
113	196
114	132
114	154
114	179
114	242
114	245
114	292
115	208
116	186
116	228
116	256
118	149
119	162
119	239
120	133
120	215
120	242
121	134
121	157
123	221
123	270
124	248
125	201
125	232
126	224
127	136
127	148
127	248
128	233
128	263
128	269
129	212
130	140
131	266
132	197
132	204
135	191
135	192
135	220
135	252
136	189
136	299
137	252
137	276
138	189
138	232
138	258
139	180
139	186
139	198
139	211
139	270
139	284
140	245
140	277
141	188
141	221
142	166
142	281
143	284
145	238
146	147
146	259
147	155
147	160
147	199
147	253
147	273
148	177
148	239
149	288
150	185
150	206
150	226
150	290
151	275
152	184
152	185
152	278
153	171
153	222
153	231
153	241
153	268
154	194
154	215
154	257
154	278
154	298
155	178
155	211
156	285
157	166
157	206
157	209
157	219
157	290
158	257
160	164
160	176
160	180
160	202
160	234
160	269
160	296
161	197
161	221
161	229
161	254
161	277
162	166
163	165
163	210
163	250
164	292
165	218
166	211
167	214
167	277
167	281
169	177
169	237
169	238
170	174
170	254
170	255
170	270
171	213
171	244
172	182
172	192
174	278
174	279
175	230
176	223
176	232
177	224
177	280
178	221
178	248
178	272
180	205
180	263
180	283
181	244
181	281
182	213
183	259
184	187
184	226
184	267
185	216
185	222
186	287
187	253
187	261
187	279
187	293
190	248
191	226
191	234
191	293
192	237
192	262
193	265
193	282
193	288
194	204
194	291
197	269
198	213
198	272
199	237
200	240
201	218
202	269
203	221
204	259
204	286
205	257
209	214
209	257
210	274
213	255
213	295
216	228
218	287
219	239
220	227
221	244
221	253
223	228
224	257
224	299
225	292
226	287
228	260
228	287
228	296
229	236
229	295
230	274
231	246
233	236
234	255
234	279
235	297
236	246
236	256
237	241
237	261
237	275
238	299
241	284
242	273
244	299
245	295
246	254
249	299
252	262
252	273
253	271
256	290
257	281
257	293
259	261
259	276
260	273
260	282
266	279
268	274
268	299
269	284
273	278
275	291
292	299