0	131
0	139
0	291
1	137
1	164
1	258
1	278
2	151
3	78
3	98
3	152
4	34
4	45
4	187
5	183
5	231
5	235
5	245
5	265
6	89
6	115
6	168
6	174
6	236
6	268
7	103
7	153
8	44
8	89
9	27
9	29
9	109
9	121
9	127
9	220
9	238
9	242
9	284
10	15
10	77
10	81
10	89
10	227
10	267
11	22
11	104
11	166
11	262
12	22
12	43
12	97
12	255
12	276
12	286
13	156
14	51
14	70
14	91
14	237
15	28
15	114
15	147
15	170
15	252
16	155
17	80
17	231
18	82
18	278
19	48
19	87
19	148
19	183
19	188
19	211
20	50
20	130
20	152
20	224
21	132
21	150
21	297
22	233
22	254
22	264
22	283
23	96
23	209
23	222
23	278
24	100
24	233
24	267
24	281
25	103
25	109
25	151
25	177
25	185
26	37
26	82
27	77
27	117
27	161
27	259
28	123
28	205
28	211
28	249
29	74
29	79
29	171
29	269
30	72
30	204
31	45
31	172
31	206
31	240
31	264
32	73
33	58
33	115
33	292
34	42
34	62
34	194
35	78
35	115
35	184
35	246
35	283
36	168
36	172
36	196
37	41
37	67
37	84
37	102
37	229
37	242
37	295
38	50
38	56
38	96
38	106
38	136
38	183
38	270
39	134
39	227
39	230
40	59
40	117
40	128
41	133
41	174
42	132
42	207
42	234
42	256
43	119
43	282
44	150
44	290
45	75
45	188
45	215
46	66
47	95
47	151
47	210
48	51
48	236
48	273
49	167
49	212
50	122
50	273
51	80
51	129
51	200
52	99
52	119
52	152
52	213
52	263
52	297
53	68
53	168
53	200
54	137
54	193
54	266
55	97
55	144
55	223
55	257
56	72
56	199
57	173
57	232
57	267
58	62
58	72
58	87
58	199
58	229
58	242
58	260
59	155
59	230
59	235
59	294
60	114
60	124
60	152
60	164
60	283
61	80
61	243
62	156
62	221
63	216
63	228
63	265
64	78
64	176
64	227
64	242
65	100
65	226
65	228
66	86
66	170
67	139
67	161
67	221
67	223
67	285
68	227
69	115
69	142
69	150
70	145
70	147
70	153
70	164
70	240
70	273
70	297
71	74
71	276
72	82
72	136
72	158
72	197
72	250
72	267
72	294
73	150
73	274
73	294
74	107
75	194
75	234
75	258
76	86
76	102
76	121
76	187
78	157
78	200
78	208
79	171
79	209
79	233
79	252
80	89
80	141
80	237
80	290
81	120
81	231
82	103
82	134
82	163
82	257
82	292
83	159
83	245
83	255
84	130
84	241
85	109
85	148
85	156
85	168
85	200
85	202
85	241
85	256
86	141
86	241
86	279
88	148
88	151
89	127
89	204
89	297
90	98
91	270
92	117
92	213
92	240
92	264
93	157
94	99
94	115
94	161
94	245
96	174
96	207
96	287
97	188
97	191
97	225
97	226
97	257
99	107
99	242
99	249
100	232
101	205
101	235
102	162
103	276
104	144
104	279
105	141
105	196
105	198
105	259
105	296
106	263
107	198
107	278
108	289
109	163
109	190
109	240
110	212
110	232
110	238
110	268
111	242
111	245
111	249
112	151
112	172
112	225
112	247
112	249
113	154
113	155
113	238
113	271
113	296
115	244
115	296
116	271
116	298
117	131
117	162
118	206
119	203
120	186
120	290
122	194
122	276
123	217
124	172
124	173
125	140
125	204
125	216
125	225
125	244
126	205
127	152
127	278
127	281
128	169
128	235
129	291
130	161
131	166
131	206
132	251
132	266
133	170
133	180
134	200
134	224
134	249
135	261
136	172
136	297
137	143
137	279
138	218
139	234
139	238
139	263
139	268
139	291
141	209
141	210
142	157
143	148
143	157
143	165
143	206
143	260
144	150
144	174
144	208
144	273
145	249
146	200
146	288
148	181
149	156
149	263
149	268
149	289
150	248
151	175
152	182
153	218
153	233
153	269
154	172
154	266
155	200
155	220
155	224
155	229
155	299
158	221
158	285
158	286
160	261
161	297
162	174
162	184
163	183
163	185
163	267
164	207
165	279
165	298
166	212
166	290
167	283
168	226
168	233
168	242
168	272
168	295
169	286
170	233
171	202
171	204
173	176
173	192
174	233
175	202
175	275
176	290
178	203
179	195
179	258
182	197
182	201
182	260
183	226
183	288
184	264
185	263
185	296
186	210
186	216
186	255
186	294
187	286
188	212
189	195
189	216
190	276
190	291
192	272
193	250
194	287
198	208
198	260
200	204
200	252
201	255
201	265
203	204
203	214
203	233
203	264
203	267
204	214
205	262
208	237
208	245
209	238
209	240
209	274
209	283
210	238
210	265
212	259
213	297
215	232
218	233
219	224
219	243
219	273
220	236
220	289
222	228
224	249
224	288
224	290
225	235
226	228
226	253
227	255
227	264
227	272
228	279
228	286
229	299
231	264
232	265
233	239
235	286
236	246
239	255
240	248
240	252
243	261
244	269
244	272
246	253
246	255
248	281
249	264
249	273
250	266
251	280
254	260
255	290
261	286
262	268
263	288
263	293
264	275
267	277
269	287
273	292
280	299
286	296