0	59
0	72
0	103
0	213
1	34
1	82
1	139
1	143
1	156
1	262
2	79
2	196
2	280
3	134
4	29
4	39
4	206
4	259
5	110
5	180
5	280
6	30
6	135
6	171
6	270
7	10
7	11
7	150
7	180
8	69
8	108
8	118
8	134
8	150
9	249
10	45
10	223
11	58
11	62
11	167
11	258
12	64
12	182
12	205
12	246
13	111
13	146
14	43
14	54
14	138
14	267
15	51
15	155
15	185
15	293
16	42
16	230
16	252
17	23
17	42
17	67
17	115
17	214
17	281
17	292
18	132
18	198
19	110
20	120
20	130
20	232
20	244
21	25
21	27
21	173
22	37
22	218
23	192
23	222
23	255
23	287
24	27
24	96
24	114
24	115
24	152
24	234
24	283
25	57
25	119
25	236
25	239
25	295
26	27
26	51
26	94
26	128
26	176
26	254
26	294
27	89
27	231
27	235
27	240
28	281
28	284
29	144
30	63
30	169
30	221
30	263
30	264
30	276
31	135
31	152
31	163
31	279
32	44
32	98
32	178
32	186
32	213
32	244
32	249
33	44
33	62
33	65
33	68
33	136
33	278
33	292
35	168
35	256
36	50
36	62
36	172
36	241
37	188
37	198
37	207
38	46
38	183
39	59
39	91
39	147
39	154
39	298
40	183
40	257
41	158
41	245
42	84
42	103
42	147
42	162
42	174
42	207
42	211
42	287
42	289
43	53
43	178
43	269
43	276
44	113
44	131
44	204
44	224
45	114
45	156
45	173
45	185
45	266
46	241
46	247
46	289
47	83
47	98
47	108
47	227
48	161
48	162
48	200
48	261
49	66
49	284
49	296
50	67
50	93
50	118
50	196
51	110
51	136
51	193
51	195
51	201
51	272
52	84
52	156
52	160
52	257
53	206
54	297
55	114
55	118
55	284
56	76
56	182
57	60
57	67
57	95
57	106
57	229
57	290
58	110
58	145
58	172
58	189
58	196
58	280
59	164
59	203
59	227
59	234
59	296
60	125
60	126
60	154
60	212
60	218
61	93
61	123
61	224
61	245
61	282
61	285
62	106
62	107
62	128
62	141
62	146
62	168
62	193
62	289
63	172
64	74
64	220
65	123
65	283
66	160
66	200
66	247
67	79
67	128
67	240
68	199
68	237
68	251
69	165
69	259
70	197
70	203
71	77
71	121
72	83
73	154
73	239
73	295
74	75
74	117
74	119
74	132
74	139
74	190
74	211
74	215
75	85
75	95
75	109
75	141
75	162
75	247
75	258
76	124
76	211
77	279
78	142
78	176
78	202
79	81
79	88
79	211
79	253
79	259
79	298
80	92
80	94
80	141
80	149
80	227
80	251
80	263
81	256
81	270
82	118
82	176
83	98
83	112
83	198
83	239
85	182
85	186
85	294
86	108
86	193
86	207
86	253
87	109
87	167
88	89
88	194
89	157
89	258
89	283
90	151
90	225
90	236
91	93
91	98
91	133
92	161
92	279
93	129
93	161
93	170
93	293
94	101
94	138
94	150
94	168
95	144
95	181
96	146
96	295
97	135
97	224
98	102
98	117
98	198
98	256
99	114
99	124
99	148
100	162
100	233
100	291
100	299
101	162
101	204
101	227
101	262
101	277
102	108
102	146
103	177
103	212
103	223
103	260
104	215
104	258
105	173
105	216
106	146
106	246
106	252
107	185
107	299
108	116
108	155
108	193
109	135
110	180
110	269
110	299
111	137
111	144
111	198
111	219
111	221
111	224
113	152
113	174
113	243
113	272
114	258
114	292
115	241
115	257
116	205
117	285
118	138
118	142
118	199
118	211
118	221
118	254
119	130
119	189
119	212
120	153
120	212
120	231
120	266
121	153
121	272
122	135
122	263
123	133
123	198
123	253
124	246
125	175
126	216
126	224
126	227
126	244
127	191
127	262
127	265
128	156
128	180
128	278
129	156
129	244
129	251
129	255
130	164
130	189
130	209
130	210
130	234
131	184
132	209
132	267
133	291
134	137
134	161
134	267
134	286
135	277
136	163
137	202
137	241
138	280
139	179
139	235
139	298
140	152
140	217
140	232
140	253
141	190
141	240
142	166
143	288
143	297
144	166
144	175
144	277
145	174
146	223
146	234
147	149
148	170
148	257
148	287
149	152
149	191
149	269
149	274
150	157
150	199
152	161
152	238
153	189
153	273
154	157
154	241
154	247
154	252
154	283
154	298
155	163
156	197
156	244
156	282
156	291
157	173
157	219
157	259
157	297
158	241
158	249
159	174
159	197
159	252
160	170
163	231
163	275
163	291
164	174
164	228
164	269
164	274
165	264
166	173
167	268
168	247
169	228
169	255
169	268
170	179
170	255
170	258
171	185
171	198
171	243
173	275
174	213
174	214
175	220
176	227
176	281
177	205
177	223
177	248
177	253
178	231
178	249
178	251
179	226
179	238
179	276
180	290
182	184
182	259
182	270
182	271
182	283
183	215
183	234
183	250
183	259
183	287
184	218
184	219
185	217
185	241
185	274
185	291
187	223
187	229
188	191
188	212
188	254
190	202
191	226
191	279
191	285
193	214
193	259
193	275
194	212
195	203
196	205
198	288
199	226
199	261
199	282
200	233
201	224
201	275
201	278
201	287
204	219
204	266
204	272
206	223
207	256
207	295
208	223
209	291
211	250
211	251
211	278
212	240
212	277
213	235
218	254
218	264
218	273
218	280
219	298
221	227
222	227
222	293
223	243
224	277
226	240
227	297
229	275
230	287
233	268
233	279
234	277
235	236
235	249
235	252
235	283
236	262
238	293
240	281
241	251
241	263
242	276
242	281
248	297
249	273
251	284
262	294
264	283
264	297
266	289
267	269
267	282
267	299
270	298
273	287
273	294
277	286
278	285
280	288
282	286
286	291
288	293
289	297
292	297