0	86
0	209
0	247
1	117
1	186
1	189
1	209
1	211
2	44
2	124
2	193
2	194
2	293
3	88
3	117
3	179
4	207
4	279
5	12
5	112
5	144
5	154
5	200
6	114
6	136
6	179
6	293
7	148
7	254
8	136
9	56
10	88
11	129
11	138
11	139
11	151
11	159
11	195
11	199
12	37
12	53
12	222
13	54
13	73
13	82
13	167
13	174
13	252
14	63
14	71
14	80
14	148
15	25
15	93
15	233
15	289
16	86
16	270
16	299
17	32
17	42
17	75
17	80
17	109
17	208
17	253
17	299
18	257
19	80
19	97
19	218
19	255
19	266
20	127
20	173
20	286
20	292
21	74
21	112
22	192
22	235
22	299
23	207
23	216
23	262
24	46
24	159
24	173
25	67
25	139
25	246
26	47
26	99
26	164
26	226
26	243
27	64
27	154
27	189
27	200
27	201
27	267
28	247
29	52
29	131
29	237
29	272
29	293
30	67
30	289
30	297
31	51
31	70
31	170
31	188
31	240
32	37
32	78
32	79
32	211
32	213
32	230
32	247
32	291
33	50
33	152
33	225
34	47
34	97
34	236
34	244
35	114
35	195
35	255
35	275
36	98
36	126
36	161
36	182
36	191
37	50
37	166
37	184
37	228
37	272
37	282
37	289
38	91
39	107
39	134
39	160
39	166
39	183
39	207
39	214
39	218
39	269
40	58
40	291
41	56
41	72
41	149
41	206
42	147
42	209
43	152
43	202
44	78
44	113
44	158
44	275
44	299
45	104
45	241
45	276
46	59
46	63
47	246
48	81
48	217
49	54
49	171
50	89
51	104
51	154
51	177
51	274
51	285
52	81
52	111
52	211
53	187
54	119
54	247
54	266
55	126
55	211
55	288
56	70
56	119
56	221
57	67
57	71
57	190
57	297
58	260
58	278
59	83
59	176
59	196
60	219
61	134
61	139
61	165
62	106
62	108
62	283
63	121
63	129
63	166
63	219
64	86
64	87
64	174
65	71
65	109
65	124
65	175
65	227
66	113
66	199
66	215
66	270
67	122
67	157
68	98
68	101
68	141
68	206
68	269
68	289
69	214
70	119
70	163
70	253
70	272
70	274
71	81
71	96
71	99
71	188
71	292
72	224
72	287
73	123
73	128
75	165
75	256
76	137
76	169
77	125
77	126
77	219
78	148
78	223
78	249
78	296
79	200
79	257
80	275
81	182
82	152
83	151
83	291
84	143
84	148
85	156
85	166
86	122
86	144
86	196
87	226
87	276
88	132
88	212
88	246
89	155
89	198
90	155
91	137
91	157
91	205
92	97
92	103
93	108
93	166
93	188
94	168
94	194
95	153
95	211
95	277
96	110
96	244
97	110
97	130
97	200
97	244
97	260
98	144
98	168
98	202
99	152
99	197
100	180
100	194
100	253
101	175
101	233
101	266
101	299
102	137
102	141
102	177
102	192
102	273
103	110
103	266
104	156
104	224
104	236
105	174
105	261
105	279
106	169
106	175
106	220
106	240
106	267
107	146
107	175
107	230
107	265
108	144
108	249
109	126
109	244
109	256
109	260
110	148
110	170
111	142
111	151
111	171
112	256
112	262
113	264
113	268
114	138
114	141
114	149
114	165
114	260
114	269
115	208
116	217
116	276
117	137
117	209
117	256
118	214
119	154
119	232
119	257
120	165
120	291
121	266
122	161
122	200
123	194
125	188
126	150
126	160
126	238
127	128
127	277
127	287
128	131
128	183
128	231
129	221
130	229
130	253
131	179
131	278
132	236
132	272
133	140
133	143
133	145
133	181
133	219
134	141
135	168
135	258
136	277
136	282
137	243
138	197
138	258
139	200
140	228
141	226
141	282
142	154
142	235
142	267
143	281
144	226
144	248
145	171
145	260
145	284
146	203
146	248
148	220
149	181
149	219
150	172
150	295
151	226
151	228
151	284
151	299
152	257
153	231
154	278
155	185
155	218
156	188
156	268
158	199
158	246
159	161
159	184
159	277
159	297
161	177
161	249
161	253
162	182
162	232
164	253
165	190
165	224
165	252
167	205
168	265
169	213
169	295
170	183
170	201
171	195
172	209
172	282
173	205
173	266
173	297
174	259
175	190
176	247
176	260
176	288
177	178
177	195
177	255
177	257
178	183
178	286
179	242
179	288
180	277
180	280
182	194
182	196
183	198
183	261
183	294
184	263
186	230
187	275
188	198
188	272
193	240
194	243
195	230
196	211
196	244
197	250
197	272
198	237
198	278
199	258
199	276
200	204
201	220
201	230
201	236
202	283
202	288
203	254
203	288
206	226
206	278
209	241
210	226
210	279
212	256
219	256
219	264
220	241
221	280
221	296
224	253
224	261
224	276
230	280
231	266
232	234
232	257
232	264
233	252
235	256
236	239
238	278
239	254
239	255
240	246
243	298
245	248
245	254
246	247
250	281
251	263
251	298
256	280
259	281
259	288
260	277
263	266
263	290
264	271
265	277
270	278
272	273
274	295
278	290