0	14
0	142
0	180
0	184
1	41
1	137
1	208
1	237
2	26
2	38
2	82
2	84
2	192
2	242
2	286
3	20
3	23
3	60
3	110
3	123
3	170
3	203
3	271
3	295
4	111
4	162
4	165
4	192
4	213
5	6
5	103
5	171
5	215
6	19
6	23
6	164
6	189
6	227
7	32
7	92
8	110
8	169
8	176
8	195
9	80
9	148
9	189
9	193
9	221
9	223
10	84
10	109
10	231
10	269
11	54
11	130
11	136
11	158
11	178
11	200
12	52
12	67
12	147
12	182
12	186
12	214
13	213
14	22
14	24
14	118
14	182
14	199
15	40
15	117
16	111
17	64
17	143
17	260
18	31
18	50
18	114
19	87
19	144
19	206
20	82
20	94
20	185
20	258
21	94
21	117
21	297
22	128
23	30
23	143
23	161
23	186
23	214
23	217
23	251
24	47
24	185
24	263
24	272
24	279
24	291
25	158
25	269
25	281
26	75
26	183
26	244
27	227
27	271
28	121
28	133
28	150
28	245
28	256
29	131
30	67
30	153
30	159
30	165
30	229
31	59
31	178
31	180
31	219
31	259
31	263
32	87
33	79
34	37
34	56
34	62
34	274
35	134
35	167
35	196
35	260
36	47
37	47
37	91
37	119
38	61
38	82
38	267
39	109
39	136
39	171
39	270
39	284
40	69
40	237
40	263
40	285
41	156
41	172
41	220
42	207
42	250
42	284
43	157
43	248
44	47
44	133
44	205
44	262
45	49
45	71
45	115
46	93
46	281
47	65
47	75
47	147
47	280
47	293
48	166
48	169
48	181
48	252
49	128
49	135
49	160
50	147
50	151
50	206
50	227
51	292
51	298
52	91
52	263
52	299
53	67
53	99
53	110
53	227
53	229
53	234
54	93
54	189
55	270
56	67
56	161
56	164
56	169
56	183
57	64
57	85
57	179
57	251
57	258
58	148
58	183
58	296
59	99
59	178
59	280
59	295
60	172
61	65
61	77
61	151
61	179
61	204
61	210
61	219
61	278
62	72
62	109
62	229
62	247
63	80
63	156
63	186
64	81
65	198
65	278
66	202
66	258
67	258
68	124
68	149
68	161
69	121
69	225
69	246
70	89
70	178
70	182
70	226
71	101
71	108
71	201
71	252
72	89
72	107
72	206
72	250
72	264
73	106
73	218
73	272
73	297
74	77
74	85
74	86
74	162
74	270
75	164
75	195
75	265
75	298
76	197
76	198
77	194
78	110
78	191
78	208
78	255
78	291
79	122
79	158
79	270
80	276
81	127
81	154
81	217
82	140
82	234
83	159
83	183
83	227
83	293
84	138
84	168
84	179
84	211
84	217
85	116
85	285
86	90
86	96
86	128
86	133
87	93
87	239
87	283
88	107
88	183
88	241
89	112
89	220
89	273
89	291
90	199
90	246
90	262
90	280
91	155
91	211
92	125
92	286
93	223
94	237
95	174
95	268
96	143
97	206
97	231
98	128
98	171
98	243
100	195
100	281
101	107
101	117
101	142
101	191
101	258
101	282
101	286
102	228
102	295
103	194
104	294
105	111
105	112
105	160
106	183
107	148
107	244
108	215
108	233
108	236
108	243
108	257
108	296
109	172
109	208
111	143
111	222
111	268
112	140
112	183
112	294
113	120
113	239
113	255
113	263
114	121
114	186
114	235
115	224
116	129
116	180
116	293
117	185
117	193
118	246
118	277
119	125
119	168
119	238
119	267
119	279
120	157
120	285
120	289
121	275
122	237
123	130
123	241
124	130
124	156
125	145
125	199
125	253
125	293
126	172
126	282
127	176
127	298
128	175
128	234
128	264
131	133
131	246
132	235
132	255
132	265
133	139
133	192
134	141
135	199
135	295
136	176
136	194
136	272
137	159
137	162
137	185
137	198
137	259
138	170
138	188
138	198
140	154
141	177
141	182
141	238
142	290
142	291
143	238
144	205
144	238
145	187
145	241
146	293
147	182
147	238
147	263
147	297
148	287
149	151
149	204
149	230
149	236
151	272
151	284
152	206
152	227
153	216
154	157
154	221
154	277
155	239
156	237
157	179
157	192
157	260
158	177
160	258
160	260
161	191
161	265
162	254
162	292
163	214
163	264
164	167
165	252
165	258
165	285
166	224
166	249
166	290
167	173
167	185
168	231
169	218
170	173
170	206
170	235
171	205
171	229
171	248
171	276
172	231
173	182
174	187
174	210
174	247
174	250
174	252
175	288
176	206
176	213
178	231
178	283
179	259
179	299
180	223
181	222
181	262
182	193
183	283
184	297
186	217
186	230
188	212
188	226
189	243
189	284
190	267
190	276
191	218
191	254
192	225
193	282
195	244
198	211
199	281
200	260
200	278
200	294
201	279
202	243
202	282
204	286
209	265
210	247
210	264
211	215
211	228
211	293
212	288
213	219
213	232
214	269
216	279
217	249
218	259
220	222
223	237
224	241
225	271
225	298
226	265
227	280
228	243
228	264
229	256
230	254
231	298
233	241
233	271
234	285
235	256
235	285
236	251
236	256
239	293
240	294
242	265
242	274
244	267
246	279
252	270
252	281
253	255
254	292
256	281
259	272
259	279
261	270
261	280
263	282
266	290
267	292
268	272
271	278
274	291