0	94
0	101
0	134
0	176
0	250
0	277
1	67
1	185
1	200
2	87
2	120
2	160
2	172
2	216
2	253
2	271
2	297
3	8
3	139
3	209
4	71
4	91
4	137
4	166
5	71
5	112
5	148
6	20
6	57
6	227
7	27
7	66
7	101
7	194
7	218
7	226
7	236
8	11
8	129
8	148
9	70
9	118
9	128
9	184
9	219
10	112
10	218
10	255
11	75
11	120
11	137
11	191
11	232
11	291
12	33
12	66
12	91
12	251
12	262
12	284
12	293
13	31
13	266
13	284
13	289
14	168
14	223
14	278
14	292
15	151
15	198
15	212
15	279
16	94
16	141
16	145
16	203
16	237
16	243
17	125
18	141
18	193
19	30
19	118
19	130
19	161
19	176
19	226
20	90
20	128
20	159
20	284
21	85
21	131
21	172
21	272
21	289
22	204
22	287
23	131
23	260
24	49
24	63
24	219
25	255
26	76
26	93
26	247
26	290
27	69
27	116
27	173
27	199
27	201
27	250
28	121
28	130
28	217
28	235
28	283
29	120
29	127
29	202
29	258
31	89
31	101
31	102
31	106
31	185
31	211
31	252
32	118
32	127
32	159
32	174
33	93
33	151
33	156
33	227
34	106
34	173
35	229
36	49
36	252
36	263
36	286
37	100
37	167
38	94
38	285
39	64
39	120
39	154
40	160
40	207
40	235
41	65
41	107
41	170
41	256
42	62
42	101
42	105
42	169
43	106
43	114
44	205
44	267
44	275
45	49
46	94
47	71
47	149
47	278
48	53
48	54
48	88
48	185
48	192
48	220
49	87
49	271
50	74
50	219
50	242
50	270
50	284
51	164
51	205
51	282
51	292
52	97
52	114
52	226
53	221
53	257
53	266
54	66
54	85
54	199
54	253
54	256
55	135
55	210
56	76
56	161
56	162
57	126
57	223
57	282
57	297
58	249
59	107
59	126
59	151
59	200
59	265
59	275
60	153
60	158
61	108
61	111
61	257
62	66
62	79
62	92
62	234
62	243
62	265
62	273
63	65
63	159
63	279
65	185
65	200
65	231
65	272
66	81
66	199
66	210
67	193
67	217
68	110
68	209
68	266
69	73
70	76
70	181
70	256
70	287
71	137
71	261
71	288
72	74
72	234
72	245
72	259
72	268
73	167
73	188
74	105
74	263
75	278
76	151
76	155
76	160
76	190
76	222
77	224
78	123
78	255
78	264
79	218
79	224
80	174
80	217
80	245
81	112
81	170
81	183
81	283
82	219
83	109
83	134
84	161
84	210
84	231
84	274
84	288
84	292
85	89
85	120
85	156
86	193
86	273
86	280
87	158
87	191
87	194
88	90
88	228
89	133
89	262
89	273
89	281
90	121
90	244
91	172
91	189
91	193
93	141
93	142
93	165
93	236
93	267
94	167
94	174
95	104
95	198
95	233
95	247
96	98
96	102
96	242
96	251
96	255
97	139
97	157
97	217
97	244
97	283
98	168
98	272
99	124
99	157
99	173
99	188
99	231
100	258
101	197
101	220
102	254
103	197
103	200
104	151
104	217
104	222
104	248
105	141
105	200
105	280
106	210
107	177
107	232
108	146
108	200
108	256
109	204
109	292
110	115
110	258
111	140
111	158
111	170
112	125
112	149
112	192
112	258
113	194
113	220
114	190
114	203
114	214
114	277
115	138
115	164
115	281
115	292
116	262
117	144
117	155
117	209
117	258
118	143
119	237
120	260
121	128
121	149
121	150
121	189
121	223
121	226
121	258
122	140
122	187
122	212
122	277
123	215
124	191
124	294
125	137
126	203
126	211
126	242
126	283
127	179
127	213
128	149
128	158
128	160
128	206
129	149
129	153
129	156
129	218
129	247
129	255
130	181
130	256
130	257
131	178
131	203
132	194
133	187
133	221
133	240
133	272
134	144
134	201
134	266
136	206
137	261
137	271
138	192
138	203
138	222
138	257
138	258
138	270
139	152
139	158
139	204
139	267
140	179
140	215
140	246
140	287
141	238
142	160
142	173
142	250
143	149
143	247
144	246
145	205
145	217
145	238
146	170
146	235
146	297
147	155
147	212
147	268
148	193
148	218
149	195
149	202
149	276
150	215
150	293
151	170
151	216
151	228
151	238
152	177
152	198
153	202
154	221
154	236
155	241
156	176
156	192
156	234
157	197
157	224
157	254
159	172
159	246
159	258
159	266
159	273
160	205
162	176
162	246
162	283
163	183
163	207
163	224
163	233
163	242
163	258
163	274
164	235
165	208
165	258
165	297
166	215
166	223
167	206
167	215
168	208
168	233
168	244
169	179
169	244
170	254
170	289
171	192
171	219
171	256
171	270
171	293
172	186
172	225
172	236
172	237
173	268
174	205
174	261
174	284
175	249
176	182
177	208
178	266
179	180
179	212
179	287
180	219
181	193
181	205
183	265
185	198
186	204
188	205
189	192
189	195
190	197
191	269
193	247
195	275
196	198
196	245
197	295
198	219
198	254
203	210
204	206
204	211
204	290
205	235
205	245
206	247
207	280
210	245
210	292
211	273
213	283
213	287
214	258
215	291
216	217
216	297
217	221
217	269
217	276
218	246
222	224
222	286
223	228
224	231
226	231
226	257
227	252
227	261
228	239
228	299
229	238
230	250
232	244
232	258
234	267
236	265
237	268
239	298
240	244
241	273
246	255
246	292
249	290
251	270
255	288
256	257
256	283
259	276
261	289
262	290
264	265
267	277
267	281
267	297
276	286
283	284
293	296