0	80
0	127
0	164
0	207
0	293
1	32
1	148
1	251
2	35
2	162
2	213
2	226
2	276
3	111
3	113
3	157
3	245
3	262
3	298
4	6
4	131
4	134
4	206
4	289
5	8
5	92
5	97
6	28
6	36
6	101
6	117
6	262
7	29
7	30
7	128
7	130
8	116
8	162
8	186
8	243
8	274
8	276
9	24
9	42
9	101
9	102
9	103
9	119
9	199
10	159
10	200
10	221
10	231
11	35
11	125
11	211
11	233
11	267
12	151
12	153
12	154
12	219
13	49
13	208
13	212
13	234
14	19
14	86
14	89
14	158
14	188
14	250
15	198
16	61
16	181
17	49
17	157
17	159
17	185
17	245
18	73
18	86
18	295
19	112
19	196
19	279
20	73
20	162
20	173
20	177
20	263
21	30
21	85
21	87
21	137
21	163
21	208
21	239
21	275
22	65
22	80
22	184
22	256
22	278
23	50
23	106
23	166
24	74
24	103
25	38
25	48
25	88
25	187
25	189
25	214
25	263
26	250
26	263
26	278
26	280
27	114
27	169
27	199
28	140
28	158
28	226
28	241
28	253
29	106
29	148
29	257
30	232
31	42
31	133
31	260
32	88
33	34
33	111
33	128
33	172
33	234
34	70
34	88
34	124
34	176
35	40
35	146
35	149
35	263
36	78
37	48
37	68
37	117
37	121
38	186
39	79
39	271
40	198
40	206
40	248
40	267
41	124
41	174
41	252
42	56
42	241
42	263
42	264
43	88
43	277
43	280
44	171
45	225
45	228
45	292
46	88
46	101
46	146
46	162
47	110
47	111
47	286
48	70
48	208
48	227
48	247
49	82
49	126
49	241
50	96
50	116
50	252
50	283
51	129
51	208
52	78
52	134
53	75
53	123
53	182
53	184
53	187
54	78
54	114
54	217
54	223
54	237
54	265
55	67
55	229
55	269
57	81
57	84
57	191
57	223
57	281
58	68
58	232
58	271
59	123
59	151
59	259
60	114
60	138
60	150
61	111
62	84
62	94
62	221
62	231
62	253
63	112
64	184
64	191
64	207
65	70
66	145
66	217
66	250
66	255
67	96
67	141
67	220
67	255
67	267
68	85
68	124
68	205
68	230
69	193
69	203
70	81
70	92
70	277
71	77
71	106
71	135
71	143
71	190
71	191
71	248
72	94
72	222
72	237
72	270
73	77
73	108
73	188
73	222
73	223
73	252
73	290
73	295
74	136
74	232
75	211
76	94
76	281
77	274
78	102
78	140
78	237
79	112
79	126
79	184
79	219
80	244
80	247
80	252
81	124
81	156
81	187
81	238
82	115
82	135
82	148
83	172
83	205
83	216
83	256
84	145
84	299
85	151
85	176
85	234
85	246
86	208
87	115
87	252
88	140
89	104
89	107
89	152
89	157
89	160
89	203
90	98
91	124
91	135
91	155
91	249
91	279
91	291
92	103
92	226
93	131
93	202
95	107
96	176
96	190
96	197
96	271
96	289
97	108
98	141
98	171
98	207
98	246
99	226
99	229
99	237
99	276
99	296
100	173
100	174
100	204
100	278
102	130
102	253
102	258
103	109
103	110
103	135
103	138
103	156
103	186
103	275
104	123
104	210
104	242
104	292
105	250
106	253
107	109
108	182
108	239
109	206
109	279
109	285
110	145
110	178
110	257
110	297
111	236
112	141
112	271
112	294
114	165
114	285
114	289
116	125
116	160
116	192
116	266
116	269
117	134
117	147
117	248
117	257
118	158
118	272
119	254
120	125
120	182
120	211
121	142
121	146
121	247
122	156
122	201
122	266
123	160
124	153
124	186
124	242
126	205
126	217
127	142
127	143
127	240
128	227
128	287
132	216
133	180
133	259
134	157
134	258
134	280
135	207
135	220
135	235
135	263
135	269
136	162
136	241
137	266
138	151
138	194
138	200
138	220
138	226
139	205
139	238
140	212
140	230
140	237
140	257
141	153
141	240
142	160
143	192
144	179
144	236
144	244
145	247
146	189
146	227
146	296
148	255
149	152
149	170
149	284
150	168
151	282
152	169
152	198
153	155
153	199
153	235
154	247
155	201
155	248
156	265
157	212
157	241
157	275
157	281
157	285
158	260
160	251
161	245
162	223
163	206
163	214
163	247
163	250
163	286
165	166
165	173
165	183
165	194
165	216
165	234
165	251
166	247
167	229
168	175
168	209
170	256
170	276
172	184
172	192
172	271
172	298
173	219
173	233
173	236
174	177
174	204
174	288
175	201
175	286
179	227
179	251
182	233
182	246
182	255
183	229
183	235
184	240
185	190
185	216
185	288
186	202
187	217
187	239
188	271
189	224
189	238
190	263
190	296
191	291
191	296
192	210
192	243
193	230
195	278
195	279
195	280
196	277
196	284
197	201
197	288
199	297
200	265
202	219
203	205
204	258
205	258
205	271
206	240
206	298
207	223
207	251
207	277
208	257
208	261
208	286
208	290
209	281
210	275
211	268
212	242
213	232
213	285
214	281
215	222
216	219
216	231
216	233
216	262
218	263
218	273
219	280
221	237
222	237
224	290
225	264
225	272
225	296
226	287
227	268
228	276
229	253
232	258
232	266
233	247
237	245
237	290
240	255
240	271
240	275
241	250
245	256
245	278
245	286
248	285
251	257
251	261
252	294
255	282
260	298
261	284
262	277
262	281
263	277
263	279
273	276
280	287
282	295
294	295
297	299