0	185
0	204
0	254
1	4
1	31
1	249
1	253
2	45
2	231
3	20
3	28
3	30
3	87
3	91
3	184
3	187
3	297
4	10
4	27
4	50
4	79
4	209
4	214
4	248
4	297
5	40
5	103
5	143
5	192
5	204
5	258
6	154
6	225
6	297
7	71
7	104
8	16
8	129
8	144
8	169
9	126
9	171
9	290
10	22
10	27
10	264
10	288
10	296
11	63
11	81
11	88
11	145
11	214
12	87
12	100
12	162
12	207
12	218
13	34
13	70
13	108
13	133
13	136
13	191
13	255
13	263
14	21
14	38
14	249
14	254
15	127
15	249
16	48
16	124
16	170
16	253
16	298
17	181
17	218
18	188
18	223
19	154
19	236
20	93
20	127
20	137
20	159
20	212
20	249
20	276
20	280
21	45
21	76
21	106
21	124
21	157
21	184
21	283
22	37
22	82
22	96
23	145
23	152
23	288
23	294
24	65
24	186
24	198
24	282
24	298
25	54
25	74
25	141
25	291
25	292
26	33
26	71
26	136
27	197
28	74
28	77
28	116
28	148
28	167
28	200
28	270
29	127
30	54
30	212
30	231
30	283
31	118
31	233
32	40
32	70
32	74
32	179
32	214
32	285
33	84
33	127
33	209
33	259
34	131
34	198
34	273
35	140
36	90
36	137
36	173
36	203
37	49
37	146
37	189
38	40
38	96
39	77
39	96
39	167
39	218
40	179
40	256
40	285
40	287
41	78
41	156
41	157
41	186
41	199
41	209
41	246
42	115
43	65
44	223
44	285
45	102
45	238
45	266
45	288
46	68
46	226
47	56
47	125
47	198
47	274
47	281
47	282
47	296
48	83
48	194
48	208
48	217
49	163
49	275
50	88
50	205
50	209
50	214
51	116
51	127
51	156
51	276
51	285
52	125
52	202
53	269
54	132
55	79
55	96
55	294
56	152
57	209
57	261
58	148
59	61
59	62
59	66
59	183
60	91
60	170
60	277
61	188
62	78
62	120
62	166
62	261
63	126
63	157
63	186
63	284
64	119
64	242
64	284
65	134
65	210
66	220
66	266
67	114
67	137
67	139
68	151
68	233
68	234
69	189
69	205
69	251
69	295
70	99
71	102
71	135
71	189
71	229
71	242
71	287
71	295
72	186
73	116
73	154
74	248
75	127
75	199
76	140
76	283
76	293
77	107
78	151
78	206
78	220
78	260
78	278
79	81
79	108
79	198
79	210
79	266
79	279
80	172
80	173
81	96
81	114
81	194
81	284
82	109
82	117
82	200
83	146
84	254
84	256
84	289
85	94
85	148
85	185
86	107
86	157
87	153
88	152
88	164
88	204
88	209
88	228
89	118
90	185
90	218
90	263
91	94
91	118
92	187
92	227
92	296
93	131
93	271
95	133
95	143
95	157
96	194
97	155
97	161
97	208
98	149
98	189
98	214
99	160
99	219
100	220
101	188
101	246
101	249
101	297
103	214
103	227
103	246
103	289
103	290
104	181
105	131
105	142
105	261
105	277
106	224
106	254
106	299
107	128
107	239
108	110
108	171
108	246
109	200
109	216
110	125
110	163
110	165
110	215
110	285
111	115
111	118
111	244
112	155
112	207
112	245
112	280
112	293
113	130
113	208
113	260
113	265
114	131
114	134
116	215
116	258
117	202
118	122
118	181
118	283
119	130
119	274
120	217
120	226
121	209
122	123
122	244
122	259
123	129
123	246
124	248
125	133
125	170
125	242
126	176
126	227
126	264
127	210
128	165
128	199
128	201
129	227
130	150
131	196
131	230
131	246
132	199
132	235
132	282
132	289
133	256
134	171
134	201
134	219
135	246
136	181
136	238
137	240
137	266
138	161
138	228
138	272
139	154
139	171
140	212
140	232
140	270
140	288
140	292
141	169
141	191
141	261
142	172
142	173
142	227
142	240
142	274
143	229
144	233
145	176
146	200
147	148
147	292
148	250
149	257
150	165
150	170
150	228
152	212
152	226
155	240
156	296
157	270
158	180
162	252
162	271
164	177
164	222
164	242
164	275
164	276
164	287
167	204
167	233
167	284
168	191
168	201
169	178
170	212
170	232
171	216
171	299
173	186
173	205
173	231
174	195
174	234
174	261
175	210
175	215
176	284
177	202
177	246
177	288
178	211
178	227
178	254
178	286
179	225
180	206
180	221
181	257
182	298
183	187
183	224
183	246
186	193
187	285
188	247
188	275
190	262
191	215
192	206
192	212
192	274
194	260
196	233
197	230
197	237
197	252
198	215
198	239
199	227
200	244
201	298
202	210
202	219
202	260
206	288
206	294
208	285
209	236
209	245
211	248
213	270
213	282
217	233
217	238
217	269
217	282
218	238
221	241
222	237
223	238
223	245
224	256
225	234
226	299
228	281
230	245
231	243
232	290
233	268
234	286
234	288
234	294
236	240
236	250
236	260
236	268
236	296
237	242
238	295
240	276
241	270
242	262
242	264
242	287
243	299
244	292
245	257
245	269
253	276
256	274
257	266
259	261
259	270
260	274
261	298
263	283
264	274
265	297
267	271
267	279
267	280
268	274
268	298
271	288
275	283
276	286
279	295
283	295
284	298
287	289
287	298
288	292
297	299