0	34
0	174
1	22
1	165
1	276
1	288
2	15
2	263
3	42
3	92
3	139
3	182
3	203
4	169
4	272
4	284
5	23
5	215
6	35
6	48
6	60
7	31
8	49
8	69
8	166
9	71
9	183
9	215
9	246
10	78
10	143
10	256
10	287
11	12
11	68
11	119
11	128
11	193
11	271
12	121
12	122
12	202
12	212
12	218
12	222
12	248
12	252
12	270
13	100
13	123
13	147
13	170
14	153
14	172
15	78
15	85
15	273
16	254
16	295
17	20
17	145
17	153
17	228
18	33
18	61
18	72
18	88
18	115
18	136
18	209
18	231
18	261
18	268
19	76
19	266
20	57
20	109
20	160
20	239
21	98
21	128
21	144
21	148
21	266
22	58
22	206
22	252
23	48
23	150
23	217
24	63
24	143
24	248
25	46
26	46
26	72
26	160
26	173
26	232
26	255
27	101
28	36
28	72
28	89
28	108
28	140
28	168
28	230
28	240
29	94
29	111
29	232
29	270
30	39
30	69
30	86
30	89
30	90
31	68
31	73
31	114
31	174
31	219
32	33
32	59
32	129
32	263
32	269
32	276
33	46
33	97
33	117
33	182
33	289
34	77
34	79
34	117
35	55
35	82
35	123
35	127
35	283
35	288
36	133
36	167
36	271
37	47
37	106
37	141
37	193
37	286
38	266
39	41
39	54
39	100
40	147
40	273
41	101
41	102
41	202
42	253
42	264
43	67
43	98
43	107
43	226
43	268
44	73
44	93
44	119
44	158
44	159
44	217
45	82
45	107
45	120
45	150
45	220
46	81
46	140
46	213
47	72
47	85
48	83
48	99
48	196
49	58
49	125
49	229
50	54
50	257
51	58
52	259
53	146
53	148
55	130
55	226
55	234
55	274
55	289
56	109
56	243
57	128
57	129
58	64
58	125
58	184
58	243
59	183
60	126
60	135
61	77
61	292
62	107
62	131
62	222
62	257
63	95
63	130
63	243
63	252
64	146
64	177
65	126
66	197
66	199
66	210
66	256
67	98
67	111
68	98
68	142
68	145
68	157
68	224
68	257
68	276
69	73
69	83
69	134
69	261
70	135
71	109
71	173
71	204
71	255
72	112
72	174
73	82
73	128
73	156
73	188
73	264
73	284
74	113
74	167
74	168
74	185
74	292
75	140
75	226
75	253
75	254
75	271
76	93
76	131
76	135
76	187
76	205
76	239
77	137
77	215
78	254
79	257
80	170
81	167
81	192
81	293
82	95
82	207
82	221
82	245
82	296
83	90
83	253
84	88
84	95
84	98
84	100
84	101
84	138
84	172
84	245
85	93
85	123
85	124
85	242
85	251
85	281
86	89
86	227
86	270
87	174
87	215
89	105
89	228
89	229
89	242
90	200
91	285
92	121
92	162
92	179
92	199
93	101
93	226
93	264
94	130
94	134
94	170
94	206
94	208
95	126
95	129
95	132
95	231
96	109
96	136
97	104
97	175
97	209
98	206
98	226
99	120
99	287
100	245
100	291
101	209
101	239
102	174
102	220
102	263
102	276
102	279
103	117
103	205
103	210
103	248
104	120
104	139
104	175
104	198
104	224
104	283
105	111
105	244
107	108
107	271
108	144
108	245
108	261
109	116
109	154
109	184
109	198
109	242
110	151
110	230
110	279
111	194
112	239
112	273
112	275
113	124
113	152
113	261
114	131
115	205
115	236
116	213
116	270
117	142
117	195
117	245
117	269
117	295
118	190
119	292
120	140
120	174
120	189
120	291
121	157
121	185
122	151
123	198
125	201
126	174
126	232
126	297
127	259
128	157
128	182
128	221
128	253
130	145
130	192
130	225
130	249
131	146
131	168
131	170
131	215
131	280
132	142
132	172
132	229
132	290
133	155
133	250
133	289
133	297
134	150
134	169
134	177
134	235
134	270
135	155
135	246
135	278
136	154
136	199
136	262
136	283
137	163
137	194
137	220
137	243
138	179
138	272
138	290
140	148
140	257
140	260
140	272
142	150
142	181
143	219
143	233
144	156
145	249
145	251
147	241
147	290
148	175
148	178
148	195
148	207
148	235
148	283
149	204
151	163
151	282
152	160
153	154
154	272
154	294
155	267
156	177
156	212
157	200
157	228
157	281
158	207
158	259
158	279
158	282
159	164
159	199
159	297
160	206
160	216
160	235
160	240
160	248
160	288
161	211
162	184
162	185
162	228
162	242
162	245
163	170
163	171
163	186
163	228
163	281
163	299
164	210
164	274
165	280
166	195
167	222
169	209
169	224
169	265
170	235
170	240
172	271
173	196
173	231
174	207
174	295
175	220
175	224
175	269
176	223
177	299
178	224
178	231
179	265
180	199
180	245
180	282
181	193
182	200
184	265
184	291
185	273
186	213
187	262
187	295
188	253
188	254
189	249
189	270
190	207
190	226
190	261
190	281
191	204
194	274
194	298
196	221
196	231
196	249
196	272
196	289
197	229
198	240
198	299
199	234
200	224
200	230
200	270
201	204
201	222
201	241
201	243
201	273
202	263
202	268
205	266
206	281
207	218
207	275
208	219
208	252
208	253
211	269
214	222
214	231
214	237
216	218
216	220
216	238
216	258
218	227
220	221
220	283
220	294
221	294
222	247
223	267
224	250
224	277
225	242
225	265
225	275
226	235
227	293
229	264
231	267
233	287
234	282
235	292
236	292
240	251
245	262
246	271
256	267
256	294
257	269
259	264
260	265
262	269
263	281
267	271
268	290
274	294
277	280
281	292