0	76
0	84
0	134
0	224
0	266
0	280
1	4
1	98
1	250
2	176
2	257
2	289
3	13
3	35
3	63
3	95
3	122
3	156
4	66
4	92
4	164
4	225
5	48
5	64
5	173
5	212
6	59
6	180
6	277
6	293
7	69
7	173
7	263
7	268
8	24
8	32
8	107
8	114
9	103
9	274
10	28
10	41
10	100
10	144
11	70
11	181
11	207
11	214
12	76
12	131
12	179
12	243
12	258
13	67
13	144
13	192
13	194
13	217
13	297
14	18
14	21
14	27
14	87
14	179
14	268
15	62
15	84
15	86
15	203
16	18
16	240
16	279
17	193
17	221
17	235
17	268
17	274
18	70
18	229
19	23
19	125
20	78
20	87
20	179
20	209
21	49
21	56
21	66
21	74
21	168
21	186
21	192
21	224
22	30
22	212
22	226
22	236
22	283
23	145
23	150
23	180
24	38
24	103
24	269
25	34
25	69
25	128
25	130
25	189
25	196
25	229
25	282
26	71
26	82
26	142
26	193
26	224
26	246
26	291
27	118
27	213
27	295
29	113
29	166
29	167
30	57
30	133
30	207
31	34
31	42
31	44
31	86
31	149
31	199
31	240
32	66
32	138
32	219
33	44
33	233
34	287
35	36
36	95
36	297
36	299
37	97
38	95
38	144
38	169
38	190
39	41
39	141
39	288
40	53
40	175
41	93
41	98
41	161
41	194
41	226
41	250
42	50
42	62
42	118
42	134
42	251
42	261
42	294
42	299
43	148
43	168
43	169
44	70
44	92
44	113
44	118
44	155
44	157
44	275
45	107
45	246
45	249
45	287
46	281
47	94
49	235
50	175
50	251
50	290
51	56
51	90
51	194
51	201
51	277
52	89
52	95
52	100
52	115
52	212
52	267
53	76
53	206
53	216
53	283
54	82
55	116
55	173
55	296
56	111
56	183
56	260
57	117
57	286
57	294
58	59
58	244
59	180
59	187
59	278
59	299
60	218
61	96
61	104
61	185
61	205
62	225
63	86
63	182
63	237
63	245
63	247
63	257
63	291
65	113
65	149
65	205
66	151
66	158
66	184
66	212
66	234
66	248
67	86
67	92
67	163
68	174
68	181
69	121
70	72
70	79
70	143
70	201
70	271
70	287
71	254
72	145
72	218
73	117
73	227
73	256
73	276
74	136
74	142
74	210
75	100
75	129
75	190
75	238
75	247
76	146
76	157
76	281
77	98
77	101
77	123
77	201
77	224
77	235
78	148
78	279
80	262
81	139
81	155
81	236
81	298
82	100
82	155
82	180
83	96
83	125
83	183
85	184
85	249
85	273
86	104
86	240
86	253
87	176
87	265
87	294
88	183
89	139
89	205
89	293
90	102
91	128
91	201
91	227
92	178
92	208
92	240
93	146
94	115
95	133
96	132
96	155
96	158
96	187
97	113
97	202
97	235
98	225
98	273
98	275
99	188
99	270
100	129
100	186
100	254
100	270
100	271
101	133
101	153
101	250
102	113
102	137
102	146
102	148
102	228
102	246
103	136
103	186
103	197
104	112
104	246
105	241
105	249
106	149
106	150
106	156
106	203
106	231
106	299
107	211
108	246
109	209
109	217
110	148
110	243
110	272
111	121
112	139
112	140
112	249
113	234
113	258
114	141
114	148
114	266
115	209
115	219
115	254
116	264
117	165
117	166
117	182
117	215
117	255
117	284
118	181
118	216
119	167
120	147
120	190
120	215
120	226
121	155
121	227
122	170
122	172
122	216
122	299
123	181
123	196
123	219
123	288
124	248
125	276
125	281
126	144
126	177
126	230
126	234
126	250
127	193
127	199
127	273
128	295
129	135
129	140
129	155
129	245
130	151
130	234
130	275
131	159
131	204
132	185
132	186
132	202
132	220
133	139
134	237
134	257
134	275
135	139
135	269
136	168
136	244
137	281
138	255
138	258
139	164
139	235
139	246
139	278
141	169
141	202
141	241
142	173
142	268
142	292
143	202
143	222
143	229
143	245
144	170
144	235
145	299
146	246
146	279
146	289
147	228
148	156
148	177
148	183
148	272
149	241
150	151
150	192
150	280
151	170
151	269
151	270
152	217
153	157
153	174
153	181
153	255
153	259
154	165
155	265
155	277
156	209
156	262
156	279
159	166
159	220
159	292
160	238
160	256
161	263
161	264
162	252
163	174
163	234
163	287
164	166
164	237
164	278
166	217
167	259
167	272
169	185
171	173
171	235
171	245
172	183
172	188
174	202
174	291
175	250
175	260
175	283
176	202
176	208
177	268
178	223
178	252
178	285
180	187
181	188
182	191
182	206
182	233
182	293
183	213
185	297
186	196
186	210
186	270
187	194
187	205
187	215
187	272
188	267
189	271
190	193
190	250
192	234
192	292
193	257
194	275
195	239
196	206
197	243
197	261
198	257
200	217
200	279
204	270
205	236
207	258
208	210
208	247
208	262
210	233
212	218
212	247
214	267
214	274
215	276
215	297
216	222
216	249
216	278
217	224
217	282
218	297
219	261
219	285
220	238
220	254
220	264
222	259
222	283
225	248
228	232
228	240
229	238
230	233
230	245
231	279
232	246
235	273
237	269
237	297
238	269
238	280
238	281
240	256
241	273
242	264
242	274
243	288
243	298
244	270
245	259
245	278
248	280
249	258
250	292
251	292
252	281
252	284
252	293
253	254
254	261
254	286
260	274
263	287
264	274
272	285
277	282
293	299