0	4
1	41
1	111
1	143
1	145
1	186
2	21
2	46
2	159
3	53
3	79
3	125
3	265
3	281
4	52
5	60
5	151
6	8
6	172
6	181
6	263
7	72
7	119
8	278
9	179
9	242
10	162
10	222
11	78
11	182
12	209
12	224
12	245
12	264
12	291
13	149
13	183
14	248
15	139
15	191
15	238
16	19
16	87
16	246
16	298
17	63
17	167
18	78
19	27
19	141
19	148
19	161
19	274
19	282
20	130
21	28
21	143
21	189
21	298
22	44
22	79
22	185
22	232
22	247
23	52
23	81
23	112
23	147
24	27
24	79
24	112
24	171
24	202
24	205
24	225
25	31
25	52
25	206
26	247
26	288
27	68
27	81
27	141
28	64
28	114
28	116
28	222
29	99
29	289
29	299
30	200
30	215
30	230
31	271
32	33
32	44
32	52
32	105
32	213
32	227
33	133
33	152
34	68
34	94
34	201
35	56
35	57
35	93
35	176
35	185
35	280
35	284
36	37
36	79
36	95
36	103
37	112
37	245
38	66
38	150
38	266
39	77
39	135
39	142
39	151
39	199
39	288
40	94
40	127
40	200
40	237
41	162
42	103
42	116
42	182
42	271
43	48
43	117
44	90
44	172
44	242
44	280
45	155
45	249
46	170
47	157
47	212
48	63
48	95
48	221
49	97
49	158
50	75
50	105
50	236
50	272
50	293
51	103
51	158
51	290
51	298
52	198
52	248
52	256
53	64
53	241
53	250
54	60
54	119
54	161
54	194
54	255
54	284
55	56
55	244
56	77
56	142
56	150
56	163
56	234
56	235
57	163
58	73
58	167
59	67
59	84
59	94
59	110
59	122
59	157
59	198
59	203
60	154
60	273
61	108
61	173
61	234
62	178
62	210
63	166
63	219
63	266
64	82
64	89
64	97
64	189
64	192
64	194
64	263
65	113
65	144
66	91
66	128
66	151
66	282
67	146
67	160
67	165
67	194
68	77
68	98
69	87
69	225
70	153
70	277
71	81
71	123
71	278
72	86
72	148
72	173
72	181
72	242
72	273
73	94
73	200
73	253
74	122
74	176
75	143
75	177
75	209
75	241
75	283
76	126
76	186
76	278
77	99
77	137
77	249
78	89
78	167
78	239
78	278
79	143
80	172
80	203
80	209
80	211
80	288
81	89
81	217
82	119
82	121
82	144
82	148
82	184
83	97
83	99
83	185
83	295
84	108
84	142
85	220
86	183
86	226
86	258
87	115
87	129
87	156
87	185
88	92
88	199
88	262
90	137
90	138
90	179
90	187
90	248
90	279
90	285
91	186
91	249
92	141
92	191
92	201
92	205
92	211
92	214
92	217
93	102
93	110
93	249
93	258
94	125
94	182
94	205
95	109
96	124
97	140
97	216
97	272
98	115
98	242
98	272
99	117
100	147
100	177
100	251
101	150
102	269
102	294
103	113
103	286
104	221
105	204
106	160
106	168
106	236
106	266
106	298
107	127
107	143
107	270
108	236
108	265
109	172
110	121
110	201
110	202
110	241
110	258
110	263
111	133
111	185
111	249
112	152
112	193
112	222
112	226
113	274
114	166
114	252
115	185
115	198
116	244
116	294
117	195
117	223
118	261
119	230
119	265
120	202
121	254
123	153
123	171
124	144
124	265
124	284
124	285
124	294
125	168
125	190
126	188
127	152
127	170
127	241
127	274
128	164
128	299
129	145
129	185
129	240
130	134
130	195
130	233
131	227
132	251
134	171
134	172
134	225
134	288
135	184
136	154
136	188
136	219
137	214
137	259
138	202
139	166
139	178
139	259
140	159
140	243
140	252
141	214
141	288
142	218
142	283
142	299
143	146
143	182
143	199
143	246
143	262
143	283
144	216
144	252
144	295
145	193
145	224
145	235
145	254
145	286
146	235
146	255
147	264
148	149
148	182
148	210
148	259
149	165
149	210
149	227
149	263
150	190
150	192
150	215
150	232
150	239
150	268
151	157
151	167
151	231
151	242
151	274
151	294
153	205
153	224
153	231
154	214
154	248
154	263
155	209
156	199
156	236
156	246
156	254
157	182
157	264
157	272
160	296
161	228
161	242
162	193
163	225
163	227
164	196
165	259
166	258
167	264
168	217
168	251
169	290
169	298
170	280
171	282
171	294
172	201
172	254
173	182
173	184
173	188
173	213
173	216
173	242
173	295
174	277
175	221
175	246
175	251
175	262
176	192
176	248
177	186
178	268
179	228
179	252
180	259
180	277
181	280
182	209
182	243
183	236
183	269
183	287
184	192
184	218
184	267
185	256
188	203
188	226
188	229
190	238
190	244
190	258
191	299
192	196
192	210
192	222
192	240
192	296
193	249
193	279
193	288
196	223
196	279
197	270
197	294
198	274
199	207
199	283
200	204
200	210
200	231
202	206
202	287
203	241
204	223
204	257
205	254
205	269
206	215
206	217
207	218
208	220
208	233
208	286
212	233
212	250
212	260
212	263
212	292
216	254
216	264
217	234
217	291
218	277
219	252
220	223
220	270
221	277
221	294
222	231
222	256
222	258
223	275
224	235
225	271
227	241
230	240
230	263
232	240
232	276
233	240
233	247
233	291
235	284
236	258
236	272
237	274
238	270
242	259
246	271
247	299
248	287
249	297
250	286
251	278
253	290
253	294
259	275
261	299
263	268
265	269
268	291
270	297
273	287
276	285
278	296
288	289