0	71
0	103
0	107
0	115
0	130
0	158
0	207
0	236
0	237
0	285
1	54
1	107
1	112
1	136
1	144
1	154
1	264
1	285
2	24
2	141
2	153
2	183
2	200
2	240
2	267
2	268
3	62
3	116
3	128
3	204
3	227
3	279
4	42
4	100
4	208
4	281
5	185
5	208
6	26
6	63
7	50
7	91
8	93
8	253
8	256
8	293
9	14
9	34
9	47
9	77
9	116
9	132
9	160
9	168
9	217
9	294
9	296
10	114
10	248
10	273
11	157
12	72
12	144
12	201
12	299
13	77
13	191
14	29
14	51
14	224
14	253
15	56
15	70
15	208
15	210
15	251
16	28
16	29
16	120
16	251
16	267
17	32
17	88
17	102
17	165
18	242
19	30
19	195
20	60
20	149
20	152
20	224
21	203
22	96
22	115
22	119
22	147
22	217
23	168
24	35
24	126
25	32
25	51
25	190
25	261
26	28
26	108
26	113
27	80
27	83
27	216
27	272
28	65
28	85
28	209
28	248
28	285
29	59
29	209
29	266
30	46
30	60
30	62
30	196
30	226
31	78
31	118
31	201
33	36
33	95
33	128
33	159
33	208
33	245
33	251
34	142
34	264
35	51
35	87
35	115
36	97
36	129
36	176
36	204
37	81
37	122
37	226
37	228
38	44
38	152
39	98
39	171
40	133
40	139
40	160
40	270
41	220
41	284
42	195
43	58
43	242
44	117
44	229
44	262
45	53
45	200
45	260
45	284
46	121
46	128
46	146
46	192
46	193
46	222
46	273
46	295
47	50
48	86
48	119
48	133
48	248
48	292
49	101
49	112
49	155
49	164
49	242
49	247
49	270
50	91
50	202
50	230
50	231
50	291
51	124
51	147
51	269
52	260
52	261
52	298
53	89
53	93
53	136
54	96
54	114
54	157
54	285
54	287
55	193
55	268
55	269
56	57
56	172
56	173
56	217
57	89
57	159
57	161
58	77
58	141
58	197
58	209
59	98
59	109
59	127
59	167
59	246
59	299
60	145
60	226
61	99
61	295
62	213
62	244
63	68
63	71
63	137
63	150
63	211
63	227
63	263
64	169
64	228
64	289
65	177
65	232
66	109
66	174
66	239
67	78
67	107
67	143
67	173
67	296
68	78
68	191
68	271
68	287
69	154
69	196
69	204
69	241
69	275
69	299
70	98
71	112
71	166
71	227
71	257
71	298
72	154
72	160
72	206
72	293
73	110
73	119
73	219
73	267
73	282
74	125
74	159
74	242
75	223
76	133
76	174
76	222
76	237
76	247
77	169
77	293
78	216
78	267
78	274
78	292
79	109
79	166
79	176
79	232
80	270
81	211
81	247
82	102
82	140
82	165
82	193
82	242
83	91
83	139
83	151
84	255
85	95
85	164
85	255
86	236
86	262
87	160
89	137
89	163
89	223
90	93
90	119
90	206
90	246
91	170
91	283
91	293
92	179
92	263
92	264
93	207
93	224
93	270
94	238
94	284
95	170
95	282
96	119
96	136
96	180
96	218
96	283
96	285
97	135
97	156
97	188
97	298
98	107
98	177
98	221
99	220
99	230
99	265
100	250
100	283
101	107
101	226
102	182
102	199
103	108
104	124
104	180
104	181
105	144
105	156
105	218
105	258
105	273
106	133
106	181
106	247
106	282
107	161
107	265
107	277
107	296
109	133
109	191
109	257
109	266
111	226
111	294
112	140
112	208
113	136
114	174
114	193
114	272
114	288
115	154
115	176
115	240
115	253
115	270
115	297
116	148
116	205
117	222
117	246
117	251
117	253
118	154
118	198
118	216
118	219
118	276
119	241
120	166
120	283
121	185
121	189
121	200
121	240
122	125
122	145
122	175
122	248
122	279
122	299
123	212
124	196
124	252
127	292
128	214
129	170
130	282
131	171
131	183
131	223
131	244
132	175
132	192
132	217
133	205
133	249
133	256
134	155
134	276
135	195
135	231
136	180
137	176
138	151
138	160
138	190
138	208
138	264
138	266
139	247
139	291
140	187
140	234
141	236
141	268
143	202
145	154
146	204
146	214
148	169
148	183
148	203
149	185
149	265
150	182
150	204
150	232
151	160
151	183
151	293
152	263
153	295
154	225
154	264
154	296
155	182
155	196
155	235
155	236
155	260
155	296
156	184
157	190
157	209
157	239
157	246
158	165
158	226
159	180
159	240
160	273
161	251
161	288
162	251
163	242
163	271
164	204
165	272
168	173
168	189
168	212
169	191
169	192
169	249
169	298
170	293
171	247
172	177
173	250
173	261
174	291
175	216
175	293
176	186
176	233
176	239
177	216
177	252
178	183
178	222
179	229
179	279
180	281
181	276
182	201
182	234
182	299
184	190
184	202
184	246
185	189
185	221
190	243
192	210
192	226
192	233
192	273
193	220
193	221
194	236
195	296
196	200
196	279
201	255
203	285
204	260
204	286
205	254
207	219
207	246
207	268
207	271
207	289
209	237
210	219
211	249
211	286
211	290
214	268
215	285
217	275
218	264
218	290
219	299
220	232
220	234
220	260
221	254
221	271
223	278
223	296
225	254
226	287
227	231
230	258
231	233
231	246
231	258
232	269
233	281
235	290
236	271
236	297
238	275
240	265
240	282
241	265
245	273
246	269
246	273
248	273
250	260
251	257
251	273
254	258
255	292
256	289
257	280
259	272
259	275
260	298
261	286
262	272
264	284
268	292
270	284
271	279
271	281
289	295