0	198
0	254
0	264
0	286
1	138
1	149
1	203
1	287
2	7
2	139
2	173
2	192
2	286
3	90
4	172
5	29
5	84
5	169
5	227
5	241
5	267
6	25
6	100
6	187
6	193
6	259
7	38
7	75
7	123
7	196
8	86
8	104
8	209
8	265
8	294
9	18
9	42
9	197
9	269
9	276
9	297
10	41
10	56
10	106
10	161
10	191
11	79
11	252
11	273
11	274
12	51
12	59
12	162
12	281
13	96
13	160
13	171
13	205
14	58
14	59
14	89
14	270
14	285
14	289
15	79
15	117
15	119
15	166
16	157
16	230
17	96
17	103
17	169
17	171
17	178
17	229
17	236
17	270
17	295
18	191
18	299
19	105
19	182
19	275
19	282
20	196
20	214
20	255
21	83
21	161
22	57
22	66
22	76
22	130
22	254
23	77
23	157
23	190
23	251
24	257
26	91
26	226
27	175
28	50
28	65
28	142
28	176
28	218
29	58
30	47
30	106
30	139
30	224
30	293
31	86
31	159
31	196
31	290
32	49
32	169
32	187
32	211
32	239
32	278
33	53
33	67
33	70
33	73
33	101
34	78
34	236
35	42
35	55
35	188
35	275
36	99
36	110
36	169
36	236
37	47
37	66
37	136
37	200
37	267
38	127
38	148
38	189
38	200
39	86
39	88
39	184
39	263
40	70
40	100
41	257
41	293
42	81
42	130
42	132
42	275
42	280
43	45
43	124
43	132
43	228
44	81
44	142
44	148
44	159
44	181
44	246
45	69
45	145
46	188
46	258
46	268
46	296
47	92
47	100
47	127
47	141
48	119
48	275
49	55
49	185
49	284
50	179
50	212
50	217
50	277
50	296
51	104
51	263
51	273
52	77
52	144
52	154
52	194
52	220
52	251
53	280
54	90
54	226
56	79
56	137
56	148
56	189
56	209
57	84
57	110
57	200
57	224
57	225
58	90
58	150
58	161
58	192
58	271
59	118
59	137
59	249
59	274
60	125
60	188
60	282
60	290
61	119
61	126
61	164
61	169
61	172
62	71
63	73
63	251
63	298
64	80
64	109
64	196
64	231
65	83
65	108
65	152
65	166
65	245
66	126
66	139
66	226
66	266
66	276
66	295
68	102
68	154
68	242
69	145
69	195
71	98
71	138
71	268
72	199
72	230
73	175
73	257
74	132
74	262
75	179
75	286
76	91
76	237
76	275
77	127
77	197
78	98
78	149
78	167
78	233
79	141
79	148
79	169
79	278
79	282
79	285
80	84
80	206
80	207
81	151
81	234
81	292
82	212
82	242
83	107
83	275
84	94
84	223
84	257
85	98
85	140
85	142
85	214
85	288
86	256
86	291
87	110
87	225
87	253
88	257
89	129
89	159
89	186
89	218
90	138
91	107
91	130
91	165
91	168
92	210
92	248
93	194
93	264
95	141
95	180
96	141
97	133
98	110
99	115
99	129
100	272
101	258
102	113
102	198
103	203
104	107
104	148
104	191
105	129
105	184
106	211
106	276
106	286
107	113
107	125
107	142
107	179
107	268
108	155
108	163
109	137
109	150
109	159
109	170
110	286
111	124
112	207
113	287
114	136
114	137
114	143
114	147
114	187
114	188
114	198
114	266
115	174
115	186
115	221
115	242
115	298
116	118
117	200
118	177
118	249
119	132
119	136
119	214
119	219
119	233
120	242
121	180
121	259
122	274
124	198
124	292
125	159
125	173
126	158
126	165
126	178
127	145
127	198
127	217
128	157
128	200
128	267
129	137
129	192
130	205
130	220
130	222
131	139
131	167
131	170
131	249
132	270
132	283
133	264
133	297
134	199
135	254
135	259
135	286
136	171
136	215
136	221
136	233
137	189
137	202
137	221
138	261
139	209
139	261
139	265
140	188
141	163
141	178
141	207
141	240
141	258
142	177
142	215
142	280
143	195
144	189
144	261
145	190
145	204
145	290
146	211
147	194
147	212
147	268
148	168
149	290
150	158
150	296
151	222
153	198
153	250
154	177
154	201
154	224
154	261
155	259
156	159
156	290
156	296
158	298
160	177
161	172
161	284
162	188
164	178
164	263
164	288
165	279
166	170
166	201
167	184
167	228
167	265
168	213
168	216
168	229
170	225
171	178
172	244
173	174
174	229
174	279
176	183
176	252
177	245
178	208
178	225
178	253
179	228
179	265
180	278
180	281
181	217
181	298
183	225
183	238
183	284
184	185
184	273
184	275
185	290
186	243
186	298
188	212
188	278
189	201
189	206
189	284
190	232
190	262
190	296
191	294
192	211
193	232
193	262
194	210
194	261
195	254
196	242
196	248
196	254
197	250
197	283
197	295
199	242
199	252
203	246
209	223
209	243
209	273
209	291
210	237
210	281
210	288
211	246
211	265
212	265
216	249
216	294
217	220
219	220
220	271
220	277
221	260
222	244
222	273
223	283
224	243
228	272
229	241
232	266
233	253
233	255
233	257
234	263
234	290
235	248
238	240
239	272
243	268
243	272
246	256
246	291
246	294
247	298
248	294
249	291
254	266
255	298
259	298
260	273
264	299
265	270
266	270
276	298
279	296
283	291
285	297
288	296
289	292
291	298