0	222
0	295
1	17
1	21
1	280
2	96
2	147
2	152
2	185
2	223
3	13
3	150
4	35
4	71
4	100
4	183
4	206
4	246
4	277
5	7
5	32
5	136
5	296
6	10
6	22
6	38
6	61
6	132
6	246
6	283
6	288
7	20
7	148
7	153
8	156
8	197
8	257
9	70
9	128
10	63
10	78
10	145
10	155
10	198
10	215
11	269
12	68
12	98
12	105
12	125
12	175
12	194
12	207
12	228
12	266
13	20
14	26
14	35
14	117
15	227
16	32
16	164
16	170
17	216
18	110
18	270
18	299
19	282
20	125
20	154
20	198
20	203
20	263
20	271
21	124
21	170
21	224
22	29
22	91
22	184
22	281
23	89
23	163
23	181
24	155
24	180
24	198
24	218
24	241
25	243
25	266
25	271
26	32
26	60
27	248
27	285
28	94
28	129
29	84
29	134
29	288
29	295
30	72
30	79
30	104
30	189
30	262
30	275
31	92
31	96
31	100
31	133
31	138
31	154
31	179
31	218
32	114
32	117
32	141
32	194
32	196
33	34
33	91
33	222
33	248
34	40
34	77
34	122
34	128
34	264
35	265
36	37
36	118
36	128
36	167
36	189
36	234
36	263
36	290
37	58
37	126
37	166
37	249
38	96
38	136
38	186
38	192
38	280
39	51
40	144
40	146
41	101
41	261
41	297
42	53
42	189
43	53
43	73
43	246
44	151
44	179
44	182
44	218
44	220
44	290
45	61
45	132
45	166
45	168
46	47
46	62
46	107
46	201
47	172
48	90
48	256
49	80
49	91
49	220
50	61
50	65
51	155
51	238
52	228
52	283
53	57
53	223
53	233
53	239
53	261
53	287
54	190
54	196
54	277
55	130
55	193
55	275
56	57
56	81
56	183
56	212
56	222
56	254
56	270
57	140
57	156
57	216
57	266
58	167
58	170
58	183
59	160
59	199
60	103
60	143
61	88
61	136
61	216
62	134
62	140
62	241
63	95
63	177
63	211
63	245
64	87
65	80
65	90
65	132
65	242
65	277
65	285
66	72
66	181
66	230
67	96
67	115
68	139
68	284
69	96
69	98
69	124
69	241
70	81
70	219
71	84
71	108
71	182
71	229
71	268
72	97
73	131
73	144
73	153
73	220
74	192
74	292
75	151
75	292
76	92
76	118
76	130
76	131
76	142
76	287
76	288
77	139
77	145
77	184
78	81
79	154
79	225
79	241
79	257
80	120
80	252
80	295
81	102
81	147
82	107
82	180
82	221
82	248
82	265
82	277
82	298
83	180
83	276
84	197
84	246
84	280
85	147
85	258
85	267
86	166
86	254
88	246
89	107
89	133
90	105
90	131
90	269
92	103
92	105
92	192
92	247
92	257
92	287
93	96
94	114
94	127
94	136
94	231
96	178
97	283
98	121
98	125
99	188
100	250
100	255
101	187
102	121
102	185
102	229
102	244
103	159
103	252
104	183
105	132
105	166
105	239
106	179
106	269
107	180
107	240
107	292
108	113
108	235
108	294
109	190
109	205
109	220
109	277
110	137
110	255
110	259
110	265
110	291
110	293
111	165
112	179
112	194
112	273
113	271
113	281
114	121
114	151
114	203
114	289
115	162
115	174
115	187
115	232
115	248
116	238
117	167
117	173
117	194
117	200
118	152
118	279
119	179
119	269
120	148
120	204
121	162
121	166
121	244
121	273
121	277
122	138
122	259
123	160
123	171
123	275
124	140
124	151
124	211
124	242
124	281
125	183
125	276
126	131
126	153
126	248
127	182
127	252
128	222
129	195
130	248
130	267
131	293
132	148
132	236
133	196
133	212
133	238
134	167
135	137
136	224
136	225
136	260
136	282
136	291
137	153
137	236
138	162
138	260
139	142
139	259
140	248
141	183
141	275
142	146
142	257
142	298
144	199
144	287
145	178
145	180
145	262
145	271
145	273
145	276
146	228
146	244
147	220
148	250
148	257
148	264
149	243
150	215
150	226
150	276
150	299
151	158
151	292
152	280
153	243
154	290
155	189
156	201
156	207
156	230
156	246
156	265
157	264
158	171
158	251
158	262
159	254
160	207
160	244
161	170
161	191
161	275
162	170
163	212
163	217
166	213
166	257
167	293
168	228
169	227
170	197
170	261
170	288
171	207
172	283
173	185
173	220
173	246
174	203
174	236
174	257
174	280
175	186
176	186
176	194
176	224
176	248
177	183
178	283
179	189
180	232
180	253
181	237
183	218
183	231
183	266
185	211
185	214
186	202
186	277
187	188
187	249
188	209
189	233
189	247
189	252
190	264
191	220
191	271
191	296
192	216
193	196
193	248
193	255
194	222
194	258
195	227
196	228
196	236
196	237
197	232
197	240
197	246
198	224
200	290
201	212
201	291
202	208
202	210
202	241
202	272
202	279
202	287
205	240
205	250
207	290
210	254
210	264
211	287
213	273
214	249
214	273
216	223
218	239
220	222
220	237
220	288
223	243
224	262
226	257
226	267
226	288
227	252
231	288
235	237
241	291
245	283
247	264
248	273
249	266
250	278
254	290
255	270
255	286
257	292
261	274
261	281
262	277
283	293
284	287
291	294
292	297