0	11
0	240
1	192
1	218
2	154
2	191
2	210
2	223
2	236
2	263
3	239
4	144
4	249
4	262
5	40
5	162
6	45
6	74
6	152
6	201
6	217
6	223
7	74
7	75
7	170
7	202
8	200
9	41
9	170
9	271
10	54
10	162
10	222
11	92
11	104
11	155
11	165
12	55
12	207
12	231
12	281
13	118
13	156
13	264
13	272
13	286
14	50
14	66
14	101
14	152
14	285
15	20
15	120
15	124
15	210
15	284
16	91
16	108
16	158
16	189
16	191
17	18
17	27
17	117
17	156
17	284
18	118
18	136
18	140
18	248
19	54
19	62
19	285
20	98
21	51
21	233
21	263
22	36
22	182
22	232
23	225
23	271
23	297
24	220
24	265
25	153
25	162
25	210
25	214
25	270
26	44
26	55
26	238
27	161
27	190
28	205
28	244
29	197
29	254
30	76
30	215
30	220
30	245
31	98
31	104
31	131
32	268
33	89
33	167
33	244
33	253
33	289
34	98
34	199
35	62
35	89
35	177
35	210
35	271
36	40
36	258
37	113
38	66
38	92
38	155
38	164
38	274
38	288
39	144
39	156
39	239
40	51
40	145
40	150
40	167
41	97
42	269
43	99
43	157
43	254
44	88
44	240
45	130
46	57
46	81
46	209
46	212
46	247
47	252
47	299
48	54
48	286
49	295
50	117
50	173
51	144
51	285
52	163
52	230
53	178
53	251
54	117
54	141
54	172
54	187
54	235
54	247
54	268
55	103
55	126
55	183
55	224
56	197
56	248
58	99
58	173
58	217
58	225
59	72
59	92
59	236
60	85
60	123
60	134
60	203
61	211
62	110
62	233
62	253
63	69
63	149
63	221
63	227
63	244
64	77
64	132
64	195
64	240
65	98
65	111
65	200
65	226
65	240
65	253
65	256
66	145
66	214
67	96
67	97
67	170
68	92
69	120
69	269
69	291
70	86
70	158
71	141
71	170
72	191
72	266
73	138
73	271
74	86
74	104
74	132
74	175
74	298
75	169
75	212
75	224
75	226
75	294
76	87
76	144
76	165
76	204
76	247
76	287
77	88
77	117
77	134
77	254
78	138
78	160
78	214
78	230
78	261
79	178
79	261
80	224
81	184
81	240
82	228
83	183
84	256
85	241
85	265
86	96
86	191
86	231
87	125
87	195
87	262
88	251
89	199
89	266
90	188
90	258
91	100
91	125
91	236
92	135
92	202
92	243
92	252
92	254
92	268
93	99
94	205
95	150
95	212
95	256
96	217
96	230
96	245
97	209
98	108
98	217
98	218
99	153
99	168
100	180
100	279
100	298
101	121
101	148
101	205
101	278
102	105
102	121
102	223
103	108
103	166
103	232
105	106
105	133
105	282
106	135
106	153
106	237
107	126
107	193
107	275
109	128
109	131
109	179
110	191
110	193
110	228
110	239
110	241
111	139
111	151
111	158
111	199
111	204
111	243
112	137
112	244
113	116
113	147
113	217
113	229
113	259
113	291
114	116
114	189
114	295
115	185
115	260
115	261
115	272
117	244
117	295
117	298
118	175
119	138
119	140
119	197
119	218
119	285
120	137
120	226
121	216
121	219
121	299
122	124
122	174
122	219
122	273
122	287
123	295
124	197
125	163
126	226
126	267
127	183
127	253
128	174
128	176
128	264
129	133
129	284
130	276
131	144
131	153
131	157
131	171
131	229
131	231
132	163
132	256
132	298
134	251
134	279
135	147
135	171
135	215
136	141
136	148
136	231
136	238
137	205
137	279
138	187
139	191
139	270
140	215
140	275
140	298
141	180
141	200
141	265
142	271
142	284
143	180
143	267
143	290
144	165
144	235
144	295
145	214
145	220
146	154
146	246
147	219
148	152
148	228
149	204
149	214
151	214
152	200
152	234
152	256
153	162
153	209
154	295
155	212
155	244
156	222
156	292
158	269
159	177
159	199
160	188
160	243
161	217
161	259
161	285
162	175
162	265
162	289
163	211
163	217
164	196
164	213
164	254
165	189
165	202
165	225
165	226
166	235
166	289
167	204
167	231
167	257
169	193
169	254
169	299
173	212
174	201
174	203
174	264
175	291
176	274
177	290
177	298
178	225
179	232
181	186
182	200
182	226
183	197
184	271
184	288
184	294
185	203
185	280
185	282
186	193
186	211
188	211
188	244
189	223
189	236
190	284
192	254
192	298
193	212
194	267
197	198
197	254
197	259
197	278
198	252
198	290
199	206
199	260
200	225
200	257
205	221
205	296
208	223
208	287
209	222
209	231
209	290
210	263
212	236
212	260
214	242
214	253
215	229
217	284
219	248
219	254
219	262
221	299
222	299
223	224
223	268
223	297
224	226
224	238
224	295
225	284
227	259
228	237
230	291
233	236
233	245
233	283
234	261
235	267
235	281
235	288
236	262
238	246
238	288
239	245
240	247
241	255
243	247
243	256
243	276
245	246
249	257
250	265
250	274
251	292
251	298
252	269
253	269
254	286
255	287
256	261
256	269
258	291
268	295
271	298
276	288
277	280
277	294
283	288
288	289
290	293
295	299