0	188
0	676
1	189
1	294
1	324
1	350
1	436
1	543
2	43
2	47
2	153
2	180
2	269
2	311
2	605
2	682
3	84
3	93
3	258
3	304
3	323
3	377
3	397
3	491
4	240
4	499
5	191
5	246
5	317
5	663
6	167
6	347
6	395
6	398
6	651
7	199
7	262
7	263
8	13
8	78
8	354
8	652
9	28
9	137
9	163
9	298
9	592
10	21
10	78
10	93
10	399
10	421
10	517
10	524
10	538
10	605
10	654
10	687
11	92
11	248
11	263
11	396
11	635
12	652
13	270
13	442
13	594
13	671
14	32
14	106
14	508
14	529
14	583
14	674
15	50
15	413
15	652
16	132
16	190
16	199
16	447
16	691
17	302
17	343
17	396
17	477
17	485
17	619
18	383
18	695
19	76
19	258
19	388
20	537
20	583
20	671
20	691
21	363
21	478
22	48
22	78
22	166
22	646
22	664
22	686
23	89
23	184
23	348
24	370
24	490
25	199
25	230
25	235
25	241
25	258
25	320
25	592
26	377
26	601
26	673
27	160
28	227
28	555
29	78
29	598
30	223
30	399
30	448
30	621
31	354
32	47
32	342
32	405
32	428
32	439
32	665
33	52
33	234
33	259
33	433
33	527
34	173
34	288
34	587
35	150
35	241
36	289
36	394
36	439
37	379
37	542
37	653
37	694
38	157
38	616
38	671
39	180
39	187
39	300
39	377
40	185
40	242
40	502
40	533
41	180
41	210
41	282
41	461
42	68
42	138
42	272
42	355
42	448
42	640
44	378
44	386
45	206
45	466
45	625
46	83
46	139
47	232
47	252
47	271
47	284
47	373
48	333
48	397
48	418
48	519
48	544
48	617
49	164
49	443
50	252
50	450
50	647
50	671
51	562
52	117
52	226
52	311
52	412
52	535
53	103
53	212
53	283
53	654
54	145
54	659
55	102
56	120
56	372
56	619
57	314
57	682
58	379
58	393
58	661
59	72
59	171
59	397
59	585
60	236
60	336
60	383
61	438
61	473
62	652
63	206
63	501
63	609
64	90
64	115
64	220
64	331
64	339
64	574
65	86
65	155
65	454
65	624
65	670
66	452
66	641
67	207
67	400
68	69
68	70
68	416
68	436
68	562
68	589
69	121
69	268
69	414
69	573
69	602
69	627
70	190
70	258
70	546
70	677
71	229
71	406
71	581
71	634
71	659
72	97
72	241
72	318
72	669
73	166
73	346
73	432
73	672
74	135
74	146
75	93
75	246
76	269
76	431
76	432
77	249
78	242
78	401
78	498
79	222
79	476
79	556
79	644
80	143
80	168
80	336
80	481
80	584
81	102
81	292
81	573
81	593
81	622
82	146
82	568
83	149
83	309
83	331
83	582
84	100
84	305
84	371
84	379
84	420
84	682
85	343
85	619
86	529
86	619
87	124
87	219
87	612
87	647
88	162
88	275
88	336
88	403
88	458
88	634
88	658
89	94
89	368
89	557
89	657
89	677
90	217
90	243
90	429
90	531
91	96
91	303
91	338
91	484
92	507
92	550
93	376
93	478
94	117
94	375
94	392
94	589
95	494
96	379
96	493
96	522
97	370
97	542
98	505
99	133
99	237
99	391
99	450
99	509
99	647
100	336
100	368
100	571
101	105
101	295
101	460
102	212
102	322
103	551
103	623
104	184
104	341
104	454
104	655
105	286
105	300
105	317
105	426
105	538
106	151
106	235
106	389
106	523
107	114
107	551
107	576
107	666
107	670
108	454
108	523
109	364
109	655
110	367
110	391
110	586
110	592
111	137
111	547
112	577
113	153
113	194
113	327
113	413
113	478
113	648
113	676
114	410
114	486
114	598
115	116
115	451
116	128
116	591
116	627
117	140
117	158
117	472
117	541
118	234
118	545
118	666
119	169
119	372
119	459
119	620
120	552
120	608
121	324
121	585
121	636
122	294
123	486
124	398
124	608
125	293
125	305
125	570
126	515
126	695
127	473
127	606
128	514
128	648
129	627
129	663
130	450
130	531
131	139
131	241
131	264
131	457
131	478
132	253
132	559
133	658
134	554
135	466
136	167
136	181
136	198
136	269
136	276
137	140
137	334
137	617
138	239
138	241
138	303
138	333
138	430
138	509
138	649
139	326
139	492
139	570
139	580
139	618
139	635
139	646
140	149
140	487
140	499
141	202
141	256
141	338
141	442
141	556
141	681
142	222
143	473
144	242
144	337
144	341
144	434
144	612
145	270
145	285
145	309
145	363
145	366
146	298
146	636
146	657
147	258
147	351
147	508
147	615
147	655
148	269
148	601
148	614
148	663
148	677
149	356
149	360
149	391
149	606
150	154
150	388
150	427
150	563
151	184
151	216
151	398
151	543
152	640
153	642
153	665
154	188
154	305
154	367
154	643
155	230
155	525
155	535
155	556
156	266
156	452
156	493
156	627
157	268
157	547
157	573
158	200
159	282
160	389
160	414
160	513
161	310
161	560
162	206
162	330
162	459
162	558
162	583
162	622
163	491
163	523
163	652
164	207
164	448
164	535
165	334
165	557
165	586
165	691
166	481
166	495
166	528
166	634
166	637
167	293
167	485
167	514
168	190
168	263
168	344
168	411
168	434
169	361
169	503
170	200
170	392
170	407
170	416
170	592
171	402
171	462
172	297
172	451
172	629
172	687
172	697
173	216
173	343
173	421
174	206
174	254
174	288
174	480
174	552
175	471
176	306
176	391
176	654
176	661
176	691
177	431
177	476
177	668
178	262
178	325
178	378
178	576
178	582
179	496
179	520
179	614
180	218
180	331
180	440
181	240
181	422
182	200
182	403
182	576
182	604
182	679
183	224
183	239
183	455
184	520
184	565
185	326
185	645
186	343
186	522
186	560
186	618
186	694
187	414
188	407
188	419
189	616
190	271
190	401
190	549
190	606
191	215
191	620
192	575
193	631
193	659
194	581
194	613
195	238
195	673
196	371
196	558
196	635
197	265
197	315
197	338
197	471
197	601
198	226
198	402
199	440
199	652
200	284
200	310
200	326
200	375
200	491
201	304
201	422
201	445
202	288
202	291
202	351
202	592
203	335
203	430
203	588
204	242
204	404
205	297
207	496
207	598
208	209
208	393
209	628
210	258
210	337
210	388
210	459
211	218
211	435
211	535
212	247
212	303
212	433
212	439
212	692
213	217
213	290
213	366
213	372
213	380
213	413
213	570
213	655
214	555
214	599
214	618
214	697
215	350
215	678
216	608
217	344
217	431
217	463
217	625
218	355
218	536
218	664
219	399
219	554
219	596
220	227
220	622
221	320
221	418
222	633
223	436
223	438
224	280
224	423
224	473
224	558
225	684
226	569
227	323
228	395
228	669
229	394
229	461
230	244
230	514
231	328
231	371
231	532
232	308
233	427
234	422
234	477
234	508
234	655
235	301
235	397
235	642
236	255
236	290
236	362
236	660
236	671
237	313
237	479
237	575
237	632
238	425
239	308
239	483
239	489
239	586
239	611
240	312
240	528
241	301
241	697
242	555
242	672
243	290
244	349
244	357
244	365
244	400
244	406
245	683
246	251
246	579
247	284
247	302
247	303
247	532
247	581
247	608
248	338
248	551
249	251
249	422
250	413
251	346
251	425
251	543
251	576
251	646
252	279
252	583
252	640
253	362
253	471
253	554
254	379
254	592
255	292
255	550
255	660
257	364
257	439
257	633
258	300
258	324
258	646
259	295
259	432
259	459
259	522
259	545
259	555
260	321
260	395
260	500
260	517
261	695
262	326
262	336
262	339
262	593
263	593
263	609
263	646
263	662
264	345
264	637
265	695
266	454
267	399
267	636
268	483
268	508
268	532
268	569
269	285
269	471
269	666
270	308
270	370
270	390
271	276
271	305
271	485
271	688
272	396
273	593
274	400
274	573
275	339
275	579
275	687
276	416
276	670
277	321
277	375
277	487
277	652
277	691
278	627
278	629
279	449
280	637
281	286
281	361
282	388
282	467
282	550
282	660
283	395
283	451
283	492
283	644
283	673
284	507
284	559
284	592
285	416
285	425
286	511
287	489
287	544
287	606
288	367
288	469
288	499
289	415
289	433
289	628
290	368
290	631
291	446
291	483
291	567
291	591
292	372
293	311
293	360
293	509
294	655
295	374
295	600
296	309
296	320
296	410
296	635
296	637
296	668
297	384
297	517
297	521
297	685
298	529
299	442
300	532
300	578
301	539
302	577
302	632
303	394
303	511
303	560
304	414
304	444
304	582
304	593
304	601
305	324
306	400
306	649
307	376
307	610
307	625
308	337
308	402
309	337
309	513
309	556
309	610
310	325
310	424
310	448
310	526
310	598
310	613
310	636
310	658
310	677
311	368
311	508
312	482
313	478
314	316
314	404
317	556
318	336
318	391
318	603
318	612
318	628
319	584
320	406
320	536
320	547
320	601
320	698
321	425
321	427
322	353
322	669
322	689
323	408
323	501
324	494
324	546
324	547
324	554
324	681
325	545
326	327
326	610
327	437
327	554
329	494
329	504
329	604
329	669
330	376
330	422
330	544
331	589
332	644
333	532
333	565
334	510
334	585
335	423
335	478
336	409
336	462
336	544
336	570
337	389
337	526
338	362
338	620
338	632
339	483
340	674
341	344
341	491
341	630
342	354
342	646
343	348
343	420
343	591
344	382
345	658
346	359
346	445
346	528
347	475
348	455
349	384
349	538
349	695
350	632
350	650
350	672
351	497
351	653
352	435
352	442
352	452
352	599
353	422
353	658
355	538
355	603
355	699
356	417
356	545
357	513
357	534
357	553
357	568
358	387
358	479
358	480
358	657
359	662
360	605
360	670
361	601
361	663
363	551
363	611
364	379
364	391
364	392
364	426
364	501
364	576
365	620
366	465
366	686
368	448
368	512
368	528
368	680
369	536
369	559
369	613
371	642
373	559
374	654
375	451
375	648
376	520
376	689
377	520
377	551
377	555
378	551
378	679
379	539
381	408
382	414
383	454
383	564
383	659
385	525
385	539
386	387
386	454
386	538
386	616
387	484
387	546
390	407
390	529
391	449
391	454
391	517
391	587
392	473
393	605
393	681
394	579
394	582
395	445
395	455
395	589
396	638
397	585
397	685
398	489
398	513
398	537
398	624
398	633
399	585
401	415
401	462
401	578
402	499
402	603
402	608
402	684
403	535
404	494
405	420
405	536
405	538
406	546
406	624
407	545
408	433
408	534
408	628
409	488
409	567
409	584
410	497
410	509
411	437
411	459
411	472
412	493
412	609
413	573
413	641
413	694
414	546
414	585
414	617
414	656
415	537
415	592
415	609
416	444
416	499
416	534
416	641
417	676
420	484
420	689
423	545
424	439
424	502
424	614
424	630
424	673
425	528
426	621
426	628
428	455
428	647
429	435
429	508
429	513
429	544
429	606
430	531
430	694
431	675
432	473
432	560
432	586
433	458
433	666
434	451
435	475
435	604
435	651
436	566
436	671
437	441
439	585
439	617
440	540
440	572
443	563
443	574
443	606
444	559
445	598
446	649
446	657
447	517
447	583
447	590
448	449
448	542
449	497
450	539
451	464
451	521
452	461
453	666
454	662
455	574
455	608
456	470
456	597
456	621
457	560
457	630
458	534
459	501
460	501
461	546
462	553
463	638
463	692
464	675
465	582
467	612
467	645
468	642
468	661
469	483
469	644
472	642
474	513
474	540
474	587
475	568
477	631
478	484
478	556
479	561
480	601
480	623
480	645
480	646
481	536
482	565
485	563
485	588
485	663
486	493
487	516
487	594
487	624
488	525
489	573
489	627
490	577
490	581
490	678
491	538
493	636
493	642
493	684
494	521
495	659
496	593
496	594
498	525
499	571
500	689
501	526
501	537
501	641
501	696
502	623
504	524
504	605
505	518
505	560
505	662
506	547
506	599
507	556
507	602
507	679
508	599
508	618
508	646
511	599
511	664
512	629
512	685
513	618
514	590
515	651
516	534
517	549
522	674
523	615
526	578
527	612
527	635
527	648
528	536
528	587
528	609
530	693
531	590
531	696
535	675
537	610
538	669
539	602
539	659
539	685
541	619
541	647
541	662
541	670
542	690
543	616
545	568
548	675
549	613
550	594
550	665
551	590
552	557
553	649
553	658
554	624
556	584
556	636
556	642
559	614
561	679
563	582
563	669
572	667
573	654
574	607
574	632
574	645
574	698
575	623
578	637
580	619
580	687
581	613
582	604
582	626
582	644
585	646
585	647
585	654
586	661
587	673
594	625
594	631
594	634
595	615
606	666
608	626
608	672
610	680
611	614
611	615
616	687
619	663
622	647
627	629
627	639
628	639
629	650
630	666
633	640
634	636
641	695
641	698
643	658
643	684
653	697
657	665
659	670
659	689
668	678
678	684
678	699
680	699