0	36
0	73
0	524
1	79
1	232
1	251
1	270
1	358
1	505
2	294
2	554
2	590
3	205
4	144
4	199
4	315
4	328
4	357
4	427
4	459
4	593
5	242
5	319
5	516
6	370
7	393
7	659
8	209
8	282
8	352
8	411
8	420
8	494
8	511
9	79
9	103
9	237
10	47
11	249
11	349
11	457
11	496
12	133
12	678
13	72
13	393
13	576
14	17
14	108
14	253
14	421
14	486
14	530
15	96
15	143
15	452
15	595
16	289
16	504
17	582
17	588
18	408
18	424
18	536
18	617
19	86
19	145
19	232
19	337
19	462
19	611
20	123
20	367
21	609
22	54
22	79
22	102
22	309
22	618
22	661
22	680
23	122
23	489
24	435
25	83
25	133
25	217
25	401
25	583
26	86
26	530
27	42
27	389
27	484
27	556
27	589
28	468
28	497
29	203
29	620
29	632
29	689
30	201
30	411
31	439
31	473
31	532
31	610
31	663
32	111
32	163
32	448
32	475
32	490
32	538
33	90
33	345
33	377
33	504
33	515
33	521
33	648
34	284
34	383
34	399
34	436
34	549
34	557
35	58
35	567
36	296
36	324
37	137
37	149
37	308
37	329
37	473
37	509
38	67
38	206
39	322
40	118
40	249
40	429
40	533
40	654
40	672
41	262
41	344
41	476
41	657
42	91
42	116
42	323
42	328
42	605
42	678
43	46
43	101
43	341
43	377
43	487
43	646
43	662
44	116
44	142
44	273
44	282
44	323
44	535
45	48
45	227
45	432
47	57
47	76
47	90
47	151
47	290
47	468
48	78
48	167
48	502
48	528
48	684
49	427
49	455
49	576
49	606
49	621
50	258
50	601
50	698
51	67
52	161
52	248
52	438
52	663
53	248
53	471
53	600
54	149
54	443
54	468
55	64
55	222
55	518
55	610
56	123
57	296
57	599
57	640
58	120
58	125
58	314
58	409
59	516
60	187
61	238
61	330
61	610
61	649
61	685
62	327
63	173
63	216
63	527
63	677
64	100
64	216
64	311
64	424
64	498
65	149
65	247
65	333
65	550
65	619
66	264
66	516
66	525
66	583
66	632
66	641
67	146
67	321
67	375
67	456
67	684
68	461
69	338
70	154
70	199
70	242
70	327
70	426
70	553
71	332
71	428
71	665
71	696
72	164
72	369
72	373
73	201
74	310
74	654
75	78
75	651
76	129
76	262
76	289
76	343
77	168
77	480
77	491
78	150
78	167
78	357
78	627
79	159
79	241
80	88
80	105
80	430
80	480
80	482
81	95
81	696
82	371
82	396
83	154
83	596
83	659
83	688
84	196
84	226
84	340
84	452
84	453
84	548
85	89
85	145
85	358
85	401
85	610
85	671
86	365
86	381
86	524
86	614
86	688
87	383
87	453
88	134
88	259
88	300
88	323
88	497
88	520
88	647
89	190
89	344
89	363
89	418
89	517
89	518
90	201
90	278
91	182
91	298
91	388
91	414
91	482
92	632
93	167
93	342
93	396
93	449
93	570
93	578
93	621
94	230
95	99
95	180
95	226
95	261
95	415
95	483
95	673
95	684
96	366
96	591
96	630
96	643
96	645
97	341
97	370
97	401
97	581
98	125
98	298
98	327
98	367
98	515
98	692
99	152
99	237
99	315
99	517
100	109
100	290
100	306
100	351
100	405
100	438
100	462
100	505
101	256
101	451
101	480
102	202
102	229
102	279
102	373
102	547
103	223
103	521
104	310
104	448
104	638
105	159
105	437
105	551
106	161
106	226
106	263
106	425
106	663
107	326
107	379
107	428
107	436
107	455
108	470
108	663
108	664
109	447
109	579
109	692
109	699
110	258
110	336
111	364
112	223
112	266
112	489
113	369
113	474
113	573
113	579
114	133
114	170
114	182
114	231
114	343
114	345
114	645
115	131
115	312
115	402
115	428
116	162
117	409
117	616
117	649
118	129
118	280
118	290
118	543
118	610
119	357
119	374
119	627
121	203
121	629
122	206
122	434
122	440
122	468
122	532
122	678
123	250
123	286
123	470
123	568
124	175
125	136
125	286
126	340
126	427
126	568
127	180
127	229
127	450
127	504
127	550
127	612
128	164
128	194
128	239
128	594
129	134
129	171
129	565
129	608
129	664
130	164
130	217
130	497
131	226
131	280
131	534
132	135
132	156
132	502
132	554
132	673
133	163
133	190
133	286
133	384
133	507
133	613
133	618
134	173
134	438
134	523
134	605
134	617
135	203
135	644
136	356
137	669
138	190
138	441
139	446
139	499
139	676
140	396
140	507
141	577
141	638
142	189
142	426
143	240
143	516
143	684
144	475
144	687
145	229
145	292
145	423
145	553
145	676
146	290
146	524
146	535
147	192
147	675
148	313
149	272
149	470
149	685
150	161
150	187
150	430
150	461
150	585
151	356
151	371
151	495
151	499
151	502
151	507
152	552
152	685
153	224
153	524
153	577
154	160
155	274
155	672
156	172
156	507
157	181
157	294
157	516
157	551
158	208
158	278
158	292
159	522
159	632
160	251
160	280
160	339
160	451
161	166
161	270
161	316
161	433
162	357
162	403
162	513
163	417
165	251
165	601
166	343
166	388
166	461
166	527
166	542
167	319
167	491
169	290
170	240
170	583
170	619
171	666
172	213
172	334
173	508
173	527
174	213
174	543
174	577
174	592
174	663
175	381
175	423
175	523
176	357
176	383
176	438
177	386
177	414
177	574
178	642
179	305
179	528
179	536
180	374
181	267
181	271
181	482
181	666
182	208
182	258
182	336
183	607
184	192
184	214
184	446
185	261
185	276
185	468
185	585
186	476
186	488
186	584
186	623
187	203
187	239
187	257
187	475
188	307
188	382
188	554
188	697
189	282
189	471
189	592
190	215
190	440
190	555
190	565
190	612
191	442
192	349
192	379
193	442
193	519
194	342
194	578
194	656
195	267
195	312
195	616
195	625
195	644
196	444
196	639
196	689
197	273
197	419
197	597
198	221
198	693
199	213
199	296
199	377
199	480
200	267
200	286
200	330
200	674
201	236
202	221
202	228
202	605
202	694
203	414
204	371
204	460
204	525
204	535
205	309
205	420
205	591
206	309
206	346
206	502
206	515
206	611
207	493
207	494
207	558
208	369
208	441
208	560
209	402
210	438
210	616
210	688
211	534
211	626
211	666
212	231
212	449
213	385
213	501
213	683
214	220
214	252
214	346
214	440
215	351
215	595
215	646
216	290
217	327
217	335
217	438
217	622
217	670
218	330
218	381
218	454
218	503
219	246
219	256
219	466
220	264
220	479
220	557
221	619
221	642
222	254
222	614
223	248
224	243
224	273
224	586
224	592
224	684
225	279
226	353
226	463
226	465
226	571
226	669
227	235
227	272
227	344
227	450
227	690
228	491
228	539
228	671
229	474
229	506
229	660
230	651
231	372
231	481
231	497
231	499
231	502
231	550
231	646
231	652
232	450
232	513
232	607
233	265
233	517
233	528
234	268
234	356
234	536
234	661
235	360
235	688
236	338
236	464
236	483
236	557
237	372
237	673
238	295
238	394
238	424
238	567
239	273
239	344
239	394
239	405
240	438
240	447
240	542
241	418
242	253
242	255
242	309
242	454
243	579
243	591
243	670
244	680
245	681
246	355
246	523
246	570
246	661
247	261
247	442
247	546
248	252
248	322
248	521
249	445
249	661
250	343
250	543
250	551
250	689
251	663
252	265
252	512
252	610
252	614
253	357
253	584
253	603
254	362
254	665
255	276
255	303
255	588
256	499
257	501
257	569
257	632
258	331
258	362
258	634
260	373
260	417
260	471
260	539
261	271
261	384
261	637
262	386
262	421
262	423
262	462
262	557
263	350
263	431
263	585
264	492
264	643
265	399
265	618
266	299
266	346
266	500
266	577
266	601
266	611
266	621
266	662
266	694
267	330
267	404
268	340
268	379
268	545
269	376
269	409
269	651
269	662
269	696
270	399
270	480
270	595
270	680
272	387
272	495
272	555
273	539
274	324
274	599
275	680
276	355
276	456
276	469
277	392
277	402
277	452
277	681
278	571
278	678
279	555
279	648
281	607
282	410
282	556
283	299
283	522
284	299
284	613
284	649
285	348
285	536
285	671
286	448
287	367
287	416
288	333
288	347
289	405
289	555
289	623
289	665
290	677
290	684
291	361
291	471
291	521
291	686
292	304
292	390
292	695
293	442
294	412
294	441
294	508
294	595
295	300
295	446
295	684
296	572
296	646
297	417
298	611
299	325
299	598
299	617
300	407
300	511
300	560
300	583
300	589
301	335
301	480
301	481
301	587
301	593
301	695
302	636
303	498
303	623
304	339
304	660
305	555
305	678
306	330
306	398
306	449
306	609
307	340
308	397
309	421
309	681
310	328
310	593
310	689
311	366
311	495
312	489
312	582
313	568
313	578
314	343
315	409
315	458
315	517
316	332
316	399
316	673
317	326
317	391
317	523
317	541
317	653
318	401
318	496
318	589
319	464
319	484
319	490
319	597
319	598
320	428
321	346
321	413
321	479
321	571
321	588
321	693
322	391
322	567
323	445
323	480
324	566
325	355
325	374
325	612
326	623
326	631
326	665
327	421
327	537
327	675
328	516
330	360
330	431
330	526
330	541
330	575
331	479
331	591
331	643
331	647
332	646
334	475
334	499
335	413
335	432
335	445
335	494
335	535
335	538
336	372
336	480
336	567
336	625
337	529
337	664
337	673
338	397
338	514
338	566
339	640
340	348
340	402
340	454
340	538
340	548
340	688
341	457
341	674
343	503
343	505
343	516
343	579
343	622
343	643
345	367
345	523
345	563
345	588
346	407
346	458
346	678
347	450
347	683
348	637
349	381
350	482
350	569
350	642
351	418
351	439
351	491
351	522
352	355
352	552
353	374
353	382
353	540
353	619
354	388
354	583
355	646
356	494
356	624
357	415
357	450
358	602
359	395
359	571
360	430
360	435
360	507
361	405
361	545
362	534
362	570
362	616
363	644
364	510
364	629
365	423
365	526
366	661
367	458
367	522
368	370
368	563
368	598
370	397
370	468
370	575
370	589
371	416
371	515
371	637
371	666
372	530
372	679
374	512
374	660
375	458
376	574
376	598
377	507
377	614
377	654
378	539
378	559
379	433
379	676
379	690
380	384
380	398
380	600
381	437
381	692
382	507
382	529
382	592
383	526
383	634
384	561
386	514
387	604
387	649
388	592
389	679
391	455
391	686
392	625
393	403
393	455
394	399
396	467
397	499
397	545
398	633
399	425
400	662
401	501
401	505
403	512
403	697
404	552
404	650
405	450
405	459
405	483
405	545
405	557
405	620
406	460
406	567
406	586
407	604
407	655
408	565
409	644
410	525
411	425
411	462
412	573
412	635
413	470
413	581
413	636
413	691
414	427
414	560
414	600
416	419
416	477
417	485
417	527
417	584
419	623
420	511
420	650
421	540
421	582
422	629
424	544
424	677
425	649
427	466
427	568
428	486
429	607
430	475
430	488
430	682
432	686
433	548
433	613
434	450
434	510
434	536
435	442
435	460
435	622
436	488
437	683
438	472
438	502
438	637
439	624
439	699
440	545
440	571
440	688
441	490
442	477
443	488
444	538
444	548
444	604
445	602
445	638
446	454
446	499
447	482
447	545
448	546
448	569
448	572
448	582
452	576
453	507
453	524
453	606
454	599
457	476
457	534
457	536
458	492
458	672
459	549
459	661
460	472
460	539
461	482
462	575
462	598
462	611
463	486
463	515
463	662
465	627
465	642
469	513
469	656
470	497
472	584
472	682
473	510
473	536
475	509
475	558
478	691
479	553
479	600
481	569
483	548
483	587
484	557
484	595
484	673
485	535
486	625
488	537
490	598
492	531
492	645
493	584
493	690
494	537
494	599
494	671
496	555
499	500
499	574
500	583
501	682
502	692
503	588
505	528
505	548
506	540
507	643
508	645
509	619
510	534
510	562
511	624
511	642
512	557
512	577
512	683
513	533
513	682
514	527
515	520
515	639
516	623
516	677
518	570
518	632
519	668
520	543
521	605
527	555
527	615
528	569
529	555
529	581
530	636
530	650
531	677
532	627
534	571
536	613
537	548
537	564
538	564
538	657
539	554
541	693
543	584
545	629
546	661
549	588
550	620
551	569
552	566
552	612
553	605
555	624
556	651
557	587
557	600
557	666
560	579
561	582
564	635
565	642
565	661
566	680
569	611
570	656
570	681
571	587
571	632
571	656
571	666
572	658
573	697
574	606
576	600
576	609
577	683
578	615
578	638
579	605
580	659
581	665
582	616
583	598
586	613
586	657
588	694
589	598
591	691
593	649
593	687
597	606
598	666
601	676
602	692
604	648
606	628
609	618
609	637
610	677
614	672
616	674
624	632
625	693
628	698
629	661
629	673
631	667
637	641
637	664
637	671
643	689
648	650
656	660
678	689
688	695