0	185
0	210
0	406
1	243
1	431
1	460
1	501
1	538
1	615
2	142
2	151
2	297
2	350
2	369
3	408
3	586
4	59
4	93
4	492
4	631
5	24
5	569
6	357
6	676
7	119
7	307
7	461
7	487
7	572
7	665
8	156
8	273
8	398
8	407
8	427
8	612
8	648
9	230
9	283
9	309
9	312
9	458
9	471
9	553
10	44
10	52
10	191
10	232
10	501
10	522
10	585
10	688
11	28
11	52
11	169
11	326
12	475
12	615
13	299
13	504
13	569
14	60
14	77
14	89
14	259
14	457
14	555
15	132
15	441
15	446
15	484
15	584
15	618
16	560
16	664
17	18
17	57
17	220
17	364
17	445
17	470
18	44
18	206
18	329
18	373
18	389
18	395
18	434
18	600
19	92
19	147
19	521
19	649
20	188
20	388
20	517
20	630
21	37
21	119
21	190
21	289
22	404
22	431
22	627
23	206
23	253
23	296
23	613
24	56
24	94
25	315
25	553
26	153
26	386
26	433
26	668
27	125
27	277
27	641
27	651
27	690
28	286
28	314
28	322
28	393
28	518
28	520
28	677
29	58
29	103
29	449
30	105
30	412
30	599
30	656
31	381
31	423
31	471
31	499
32	64
32	146
32	180
32	267
32	269
32	521
33	140
33	299
33	452
33	557
34	409
34	471
34	472
34	689
35	40
35	445
35	613
36	45
36	235
36	279
37	105
37	145
37	532
38	73
38	254
38	320
38	364
38	369
38	480
38	690
39	398
39	519
39	557
39	568
39	589
40	395
41	125
41	433
41	573
42	51
42	301
42	513
42	522
42	619
42	630
43	257
43	526
44	49
44	164
44	358
44	462
45	57
45	510
45	534
46	119
46	586
47	243
47	424
47	586
48	337
48	415
49	424
49	532
49	603
49	630
49	695
50	159
50	201
50	373
50	503
50	604
51	380
51	527
51	580
51	618
52	370
53	392
53	556
54	283
54	478
54	479
54	507
54	590
54	626
54	645
55	254
55	281
55	317
55	500
56	234
56	373
56	519
57	268
57	315
57	319
57	515
57	545
58	268
58	428
58	648
59	88
59	101
59	143
59	153
60	103
60	227
60	293
60	325
61	67
61	75
61	268
62	289
62	493
62	546
62	623
63	116
63	121
63	652
64	430
64	457
64	498
64	586
65	228
65	535
66	161
66	236
66	399
66	518
68	217
68	238
68	583
68	694
69	171
69	189
69	252
69	326
69	485
69	499
69	574
69	595
69	623
70	136
70	650
70	683
71	146
71	587
72	174
72	508
72	593
72	594
72	611
72	640
72	699
73	210
73	350
73	414
73	460
73	650
74	89
74	111
74	326
74	456
75	137
75	273
75	301
75	414
75	569
76	395
76	431
76	451
76	574
77	120
77	235
77	249
77	402
77	606
78	557
79	205
79	338
79	431
79	466
79	486
79	641
80	243
80	408
80	682
81	370
81	378
81	428
81	493
81	499
82	249
82	263
82	421
82	456
82	535
82	689
83	179
83	389
83	442
83	461
83	557
84	316
84	322
84	415
84	462
84	557
85	86
86	202
86	333
86	571
86	666
87	356
87	541
87	637
88	510
89	364
89	615
89	654
90	340
90	549
90	589
90	596
91	134
91	634
92	326
92	520
92	654
93	157
93	466
93	506
93	555
94	220
94	321
94	629
95	158
95	169
95	182
95	190
95	312
95	647
96	215
96	248
96	668
97	455
97	606
97	673
98	100
98	672
99	276
100	420
100	427
101	111
101	347
102	517
102	668
102	674
102	678
103	341
103	600
103	626
103	687
104	265
104	522
104	555
105	666
105	697
106	129
106	291
106	590
106	657
106	693
107	156
107	159
107	175
107	368
108	165
108	186
108	209
108	300
108	305
108	328
108	410
108	603
109	197
110	207
110	459
110	543
110	593
111	186
111	370
111	393
111	589
111	612
111	648
112	251
113	277
113	337
113	341
113	347
113	537
113	580
113	633
114	313
114	596
115	148
115	268
115	297
115	335
116	542
117	238
117	242
117	592
118	566
119	212
119	342
119	480
119	560
119	572
119	577
120	318
120	553
120	571
121	282
121	381
121	601
122	276
122	326
122	641
123	364
124	159
124	216
124	350
124	592
125	205
125	453
125	631
126	220
126	221
126	421
126	525
126	543
127	283
127	300
128	221
128	405
129	417
130	166
130	607
131	345
132	336
132	586
132	595
133	452
134	587
135	274
135	469
137	275
137	312
137	432
137	449
137	527
138	280
138	515
138	579
139	351
139	377
139	445
139	462
139	526
139	595
139	645
140	368
140	591
140	611
141	195
141	227
141	261
141	457
141	690
142	464
142	511
142	573
143	214
143	313
143	319
143	328
144	638
145	356
146	160
146	351
146	691
147	199
147	297
147	429
147	442
147	533
147	578
148	157
148	236
148	352
148	380
148	530
149	253
149	660
149	690
150	438
150	452
150	537
150	639
150	677
150	692
151	500
151	653
151	686
151	689
152	316
152	488
152	682
152	694
153	592
154	444
154	465
155	250
155	634
156	352
157	299
157	560
157	563
157	585
157	604
158	211
158	269
158	647
158	698
159	472
159	686
160	223
160	487
160	525
160	535
160	563
160	576
160	610
161	177
161	328
161	353
161	360
161	400
161	480
161	524
161	622
162	204
162	337
162	365
163	468
164	204
164	415
164	418
164	605
165	469
165	485
166	563
166	664
167	314
167	351
167	386
167	545
167	550
168	372
168	460
168	489
169	214
169	236
169	280
169	374
169	521
170	188
170	576
171	379
171	473
171	538
171	677
171	680
171	697
172	294
172	348
172	393
172	408
172	575
173	479
173	548
174	221
174	303
174	422
174	543
174	596
175	227
175	287
175	376
175	378
175	582
176	210
176	499
177	200
177	241
177	249
177	326
177	402
177	490
178	206
178	333
178	574
178	632
179	231
179	572
179	596
179	698
180	274
180	549
180	594
181	494
181	515
182	277
182	346
182	370
182	516
182	647
183	511
184	229
185	302
185	394
185	549
185	588
185	615
186	237
186	496
186	592
186	673
187	388
188	190
188	199
188	261
188	312
188	362
188	635
189	575
190	324
190	388
190	519
190	562
191	545
192	607
193	195
193	227
193	235
193	507
193	556
193	674
194	216
194	333
195	287
195	296
196	392
196	402
196	426
197	335
197	346
197	372
197	408
197	500
197	557
198	431
199	236
199	471
199	512
199	554
200	696
201	297
201	489
201	590
201	680
202	279
202	286
202	502
203	342
203	628
204	289
204	356
204	386
204	428
204	620
204	697
205	375
205	406
205	453
205	470
205	557
205	625
205	671
206	246
206	271
206	424
206	437
206	593
207	334
207	378
208	443
208	507
208	538
209	245
209	288
209	343
209	504
209	620
209	621
209	689
210	231
210	342
210	466
210	503
210	637
210	674
211	225
211	283
211	391
211	476
212	628
213	245
213	318
213	584
214	215
214	508
214	599
215	532
216	220
216	335
216	621
217	400
217	436
217	452
217	481
217	609
218	293
218	304
219	326
219	376
221	231
221	373
221	575
221	610
221	634
221	682
221	697
222	257
222	487
222	681
223	242
223	449
223	463
223	651
224	696
225	407
225	616
225	655
226	297
226	352
226	355
226	367
226	679
227	343
227	693
228	282
228	343
229	407
229	508
229	646
230	364
230	513
230	584
230	599
230	629
231	399
231	473
233	392
234	412
234	641
234	663
235	350
235	425
236	349
236	382
238	320
238	380
238	657
238	667
239	602
240	354
240	402
240	457
241	381
241	491
241	578
242	382
242	453
243	422
244	330
244	595
246	247
246	524
246	689
247	375
247	390
247	490
247	580
248	502
248	622
248	625
248	645
248	690
248	691
249	290
249	431
249	492
249	545
249	648
249	659
250	350
250	430
250	661
251	341
251	478
251	629
251	698
252	453
253	407
253	446
253	479
253	485
253	649
254	276
254	300
254	644
255	455
255	694
256	365
256	369
256	395
256	496
257	545
257	546
258	431
258	486
258	552
258	609
258	696
259	324
260	314
260	325
260	351
260	490
261	515
262	421
263	318
263	437
263	589
263	599
264	277
265	448
265	547
265	579
266	268
266	417
266	428
266	564
267	427
267	601
267	696
268	430
268	437
268	546
269	297
269	337
269	452
269	604
270	358
270	462
270	649
271	699
272	382
272	421
272	497
272	567
272	668
273	636
274	313
274	502
274	509
274	543
275	430
275	510
276	370
276	428
276	466
276	646
277	460
277	568
278	322
278	651
278	685
278	690
279	388
279	521
279	531
279	634
279	688
280	495
280	535
280	544
280	546
280	579
280	646
281	414
281	417
281	494
281	688
282	302
283	413
283	592
284	631
285	375
285	543
285	553
285	631
286	664
287	426
287	438
288	401
288	605
290	352
290	366
290	424
290	492
290	535
291	631
292	618
292	627
293	382
293	426
293	456
294	388
294	411
294	591
294	680
294	698
295	497
295	532
295	674
295	697
296	375
297	342
297	439
297	608
298	320
298	612
299	363
299	400
299	644
300	546
300	585
301	438
301	530
302	650
303	635
303	698
304	527
304	569
304	607
305	408
305	458
306	364
307	394
307	414
308	444
309	346
309	406
309	487
309	500
309	577
309	634
310	326
311	406
312	636
312	678
313	329
313	561
314	449
316	678
317	542
317	695
318	394
318	563
319	402
319	467
319	562
319	575
319	670
320	421
320	499
320	542
320	561
322	400
322	409
322	549
322	678
323	404
323	449
323	533
323	603
324	338
324	635
324	665
326	409
326	633
327	460
327	509
327	598
327	602
328	484
329	610
330	367
330	383
331	428
331	444
331	672
332	359
332	519
332	607
333	385
333	518
334	395
334	397
334	545
334	614
334	668
335	521
336	447
336	666
337	575
338	606
338	643
339	657
340	493
340	644
340	647
341	492
341	562
342	361
342	438
343	504
343	630
344	524
344	576
345	351
345	408
346	385
346	399
346	422
347	501
347	569
347	581
347	606
347	627
347	640
348	387
348	576
348	698
349	533
349	552
349	667
350	512
351	360
351	599
351	600
352	617
352	624
354	411
354	454
354	461
354	624
354	647
355	417
355	584
356	394
356	403
357	376
357	423
357	474
357	522
357	527
357	546
357	596
358	501
358	539
358	609
360	435
360	574
361	530
361	681
362	662
364	392
365	401
365	689
366	372
366	542
367	416
367	507
367	514
368	575
368	608
369	384
370	567
371	497
371	592
372	475
372	481
373	609
373	668
373	683
374	387
374	611
375	623
375	625
376	541
379	574
379	660
381	382
381	497
381	672
382	640
383	666
384	460
384	604
384	635
385	483
385	538
386	663
388	657
389	476
390	611
391	578
392	627
393	607
394	451
394	469
394	572
395	580
395	608
396	583
397	421
397	558
397	616
397	658
398	467
398	510
398	602
399	503
399	576
399	606
400	541
400	608
401	683
402	405
402	474
402	546
402	563
403	655
404	491
405	633
405	687
406	410
407	618
408	443
408	493
409	449
411	531
411	691
412	531
412	533
412	600
414	547
414	580
415	488
417	654
418	652
418	656
419	432
419	507
419	518
419	697
420	465
420	651
421	461
421	486
422	426
422	565
423	513
423	580
423	603
423	609
423	636
424	602
424	654
424	685
425	504
425	614
427	516
427	642
429	440
429	518
429	590
430	653
431	470
431	634
432	474
433	492
433	554
437	484
437	628
439	580
440	536
440	551
440	593
440	631
440	689
441	469
441	481
441	617
442	511
442	518
442	581
442	682
443	637
444	573
445	597
445	697
446	462
446	572
446	687
450	629
450	647
451	621
453	630
454	584
455	655
456	535
457	563
457	575
457	624
457	639
458	569
459	508
459	608
460	615
461	541
461	654
462	544
462	650
463	517
464	475
466	486
466	519
466	692
467	509
467	585
467	632
468	513
469	572
470	511
470	634
472	553
472	565
473	516
474	484
474	624
474	691
476	532
476	605
477	603
478	617
479	652
480	557
481	628
482	545
482	660
485	641
486	559
487	575
487	695
490	565
490	578
490	625
490	649
491	577
492	640
495	626
495	639
497	636
497	696
499	504
499	619
499	680
499	696
500	696
502	682
503	660
504	513
505	521
505	528
505	655
507	609
508	525
508	662
510	607
510	678
512	583
512	613
514	659
516	541
517	621
517	687
518	687
521	538
523	564
524	620
525	622
527	544
529	568
530	532
530	649
531	556
531	589
531	596
533	684
538	568
539	610
540	632
540	678
543	682
544	548
544	563
547	608
552	576
553	610
556	614
557	668
559	577
559	648
560	634
562	572
562	614
563	596
563	681
567	622
570	603
570	688
572	577
572	665
574	648
574	675
576	638
577	618
577	621
578	688
579	627
579	669
582	615
587	610
587	647
587	661
588	672
596	673
599	650
599	665
601	684
602	681
604	605
606	637
606	666
608	611
608	618
609	642
611	691
613	648
616	629
621	678
624	629
628	683
632	658
638	676
638	677
641	643
642	677
646	649
651	680
652	678
655	669
663	691
669	686
670	671
670	672
673	689
674	696
679	691
686	698
688	698
695	697