0	86
0	146
0	153
0	227
1	164
1	262
1	435
2	16
2	73
2	82
2	451
2	493
2	585
2	613
3	53
3	285
3	636
4	121
4	356
4	509
4	577
4	655
5	259
5	365
5	464
5	568
5	661
6	7
6	147
6	431
6	498
6	664
7	71
7	221
7	483
8	59
8	107
8	227
8	274
8	462
9	579
9	605
9	612
10	185
10	291
10	521
10	646
11	132
11	233
11	354
11	360
11	496
12	474
12	556
13	53
13	270
13	384
13	476
13	505
13	583
14	137
14	272
14	349
14	380
15	338
15	595
16	223
17	80
17	526
18	43
18	108
18	316
18	469
19	94
19	189
19	611
19	627
20	214
20	377
21	211
21	401
22	283
22	362
22	631
23	59
23	126
23	148
23	245
23	336
23	584
24	300
24	328
25	182
25	348
26	542
27	64
27	154
27	337
27	349
27	621
28	31
28	71
28	191
28	241
28	285
28	451
28	588
28	682
29	40
29	50
29	204
29	297
29	364
29	477
29	616
30	207
30	270
30	466
30	484
30	506
30	609
30	673
31	80
31	126
31	450
32	269
32	502
32	579
32	696
33	68
33	96
33	421
34	231
34	427
34	634
35	67
35	78
35	367
35	423
36	422
36	511
36	522
37	133
37	169
37	341
37	598
38	43
38	147
38	569
39	48
39	382
39	635
39	689
40	327
40	342
40	358
40	598
41	96
41	128
41	161
41	326
41	526
41	571
42	142
42	180
42	412
42	518
42	600
43	90
43	159
43	169
43	590
43	641
44	66
44	209
44	284
44	542
45	164
45	206
45	228
45	415
45	649
46	114
46	170
46	225
46	244
46	294
46	381
46	573
46	604
47	381
48	168
48	253
48	275
48	514
48	517
48	527
48	553
48	650
48	656
49	535
50	142
50	242
50	357
50	383
50	424
50	548
51	222
51	299
51	494
51	504
52	96
52	198
52	232
52	295
52	460
52	612
52	616
52	627
52	684
53	110
53	404
53	473
53	561
54	174
54	569
54	675
55	405
55	425
55	654
56	106
56	140
56	153
56	199
56	301
56	456
57	76
57	425
57	575
58	76
58	282
58	329
58	619
58	681
59	219
59	322
60	191
60	330
60	522
60	672
61	216
61	363
61	451
62	390
63	126
63	135
63	160
63	317
63	389
64	169
64	175
64	440
64	528
65	204
65	500
65	657
66	242
66	386
66	482
66	489
66	575
67	236
67	255
67	402
67	584
67	598
67	625
68	116
68	127
68	149
68	241
68	261
68	343
68	402
68	583
69	138
70	506
70	570
70	679
71	155
71	314
71	448
71	637
72	267
72	374
72	455
72	464
72	470
72	579
73	297
73	519
74	117
74	303
74	305
74	383
74	387
74	428
74	497
74	625
74	680
75	383
75	599
76	411
77	471
77	592
78	169
78	191
78	361
78	542
78	552
79	400
80	90
80	169
80	177
80	340
80	500
80	559
80	603
80	670
81	454
81	682
81	690
82	314
82	459
82	651
82	667
83	255
83	428
83	643
84	210
84	215
84	616
84	645
84	662
85	145
85	369
85	509
85	517
85	525
85	526
85	533
86	199
86	366
86	622
86	692
87	106
87	311
87	335
87	673
87	694
88	220
88	410
88	639
89	260
89	281
89	605
89	607
89	672
90	168
90	337
90	400
90	520
90	541
91	432
91	435
91	588
91	598
92	246
93	205
94	301
94	592
94	596
95	337
95	430
95	459
95	551
95	621
95	682
96	104
96	176
96	328
96	416
96	499
97	555
98	105
98	132
98	306
98	411
98	495
99	215
99	500
99	508
99	601
100	188
101	108
101	252
101	433
101	478
101	591
102	475
102	574
103	227
103	317
103	381
103	528
104	159
104	273
104	435
105	249
105	580
106	317
106	602
107	197
107	207
107	321
107	446
107	507
108	367
108	430
108	462
108	595
108	695
109	142
109	221
109	279
109	305
109	432
109	618
109	657
110	329
110	332
111	196
111	222
111	252
112	293
112	425
112	445
112	519
112	699
113	234
113	363
113	396
113	640
114	218
114	495
115	175
115	270
115	380
115	413
115	555
116	347
116	643
117	345
117	460
118	303
118	474
119	167
119	330
120	387
122	269
122	379
123	167
123	326
123	530
123	690
124	153
124	156
124	191
124	410
125	299
125	402
125	427
125	497
125	513
125	578
125	622
125	654
126	345
126	435
126	564
127	129
127	247
127	632
128	201
128	237
128	417
128	488
128	536
129	331
129	600
129	645
130	315
130	421
130	632
131	596
131	680
132	412
132	465
133	188
133	515
133	645
133	648
133	677
134	156
134	167
134	294
134	335
134	352
134	397
134	595
134	653
136	215
136	278
136	516
136	625
137	152
137	545
138	152
138	257
138	417
139	218
140	190
140	251
140	467
141	167
141	290
141	332
141	409
141	472
141	677
142	143
142	265
142	320
142	404
142	415
142	428
142	455
143	442
143	455
144	167
144	280
144	684
145	418
147	289
147	338
147	437
147	460
147	586
147	602
147	616
148	254
148	257
148	556
148	590
149	199
149	548
149	675
149	680
150	426
150	452
150	644
151	454
152	327
152	354
152	361
152	403
152	606
153	189
153	259
153	368
154	254
154	477
154	527
154	643
154	672
154	696
155	179
155	638
156	364
156	382
157	321
157	322
157	340
157	490
157	610
158	402
158	437
158	631
158	695
159	360
159	699
160	371
160	379
160	597
161	603
162	176
162	450
162	659
163	217
163	275
163	295
163	391
163	558
163	683
164	505
164	608
165	457
166	531
167	513
168	314
168	553
168	637
169	216
169	243
171	211
171	233
171	393
171	642
172	360
172	362
172	371
172	428
172	497
172	611
172	637
172	652
173	221
173	258
173	482
173	527
173	564
173	574
174	267
174	328
174	396
174	538
174	646
174	698
175	256
177	253
177	486
178	615
179	311
179	374
179	566
179	696
180	184
180	344
180	383
180	533
180	608
181	386
181	418
181	607
182	272
182	277
182	401
182	568
183	258
183	280
183	322
183	340
183	504
184	334
184	381
184	547
184	565
185	235
185	273
185	352
185	467
185	495
186	252
186	351
186	352
186	494
186	567
186	694
186	698
187	227
187	595
187	607
187	671
188	400
188	414
188	570
188	596
188	667
189	246
189	295
189	392
190	219
190	517
190	556
191	221
191	250
191	252
191	277
191	373
191	461
191	607
192	281
192	314
192	607
193	588
194	248
194	457
194	641
194	644
195	259
197	213
197	301
198	233
198	238
198	285
198	598
199	450
200	292
200	480
200	610
201	235
201	372
201	668
202	242
202	648
202	690
203	632
203	655
203	699
205	302
205	365
205	388
206	260
206	381
206	406
206	634
207	426
207	457
207	550
208	349
208	527
209	580
210	253
210	350
210	530
210	670
211	254
211	433
212	345
212	634
212	696
213	324
214	241
214	268
214	289
214	306
214	325
215	357
215	527
216	248
216	431
216	594
217	646
217	694
218	297
218	591
219	262
219	465
220	305
220	357
220	540
220	631
220	642
221	316
221	570
221	617
222	224
222	238
222	392
223	470
223	578
224	426
224	554
224	651
225	691
226	264
226	411
226	636
227	346
227	484
227	560
228	328
228	350
228	411
228	514
228	519
229	342
230	410
230	412
230	425
230	645
231	266
231	286
231	320
231	569
232	394
232	405
232	611
233	470
234	658
235	242
235	543
235	632
237	304
237	515
238	510
238	557
239	250
240	402
240	514
240	575
240	618
241	404
241	439
242	321
242	452
244	417
244	639
245	331
245	430
245	671
246	385
246	437
246	593
247	316
247	364
247	387
248	630
248	667
248	674
248	695
249	301
249	393
249	529
249	534
249	548
249	590
250	264
250	470
250	538
251	332
251	369
251	668
251	693
252	398
252	413
252	542
252	645
252	690
253	626
253	666
253	688
254	304
254	310
254	589
255	448
256	313
256	336
256	500
257	427
258	585
258	686
259	323
259	534
260	278
260	292
260	306
260	312
260	376
260	473
260	489
260	503
260	602
261	284
261	380
261	391
261	445
261	633
262	280
263	403
263	444
263	455
263	518
263	696
264	274
264	275
264	351
264	501
264	567
265	635
266	340
266	496
267	612
268	343
268	372
268	424
268	504
268	524
268	575
269	362
269	365
269	468
269	545
270	317
270	389
270	413
271	329
271	448
271	470
272	637
273	320
273	386
273	402
273	553
273	675
274	456
274	506
275	277
275	442
275	538
276	300
276	612
277	480
277	561
277	602
278	559
278	579
278	621
278	699
279	529
279	553
280	288
280	641
281	464
281	655
281	658
282	363
282	517
282	579
283	301
284	653
285	318
285	330
285	502
285	646
285	650
286	416
286	418
286	431
286	449
286	523
287	648
288	289
288	347
288	432
288	480
288	490
288	507
289	429
291	481
293	466
294	438
295	437
295	495
295	539
295	696
296	462
296	640
297	383
297	423
297	516
297	572
298	466
298	602
299	310
299	415
299	634
300	404
300	491
300	656
301	365
301	561
301	573
301	658
302	314
302	483
302	523
305	337
305	355
305	430
305	645
306	593
307	349
307	460
307	531
307	576
307	599
308	468
309	531
310	590
311	326
311	340
311	407
311	460
311	466
311	472
311	486
312	478
312	493
314	320
314	336
315	385
315	469
315	472
315	500
315	566
316	349
316	429
316	465
316	466
316	481
316	494
316	512
317	550
317	656
318	359
318	423
319	342
319	631
320	403
320	566
320	570
320	657
320	693
321	500
322	438
322	676
322	678
324	464
324	469
324	491
325	494
325	617
325	630
326	410
326	437
326	469
327	524
328	396
328	483
328	492
329	357
329	502
329	584
331	610
331	635
332	406
333	336
333	621
333	626
333	636
333	684
334	349
334	353
334	524
334	692
335	462
335	609
335	635
336	357
336	480
336	491
336	683
337	372
337	535
338	536
339	586
339	607
340	562
341	442
342	660
343	403
343	573
343	670
344	405
344	538
345	510
345	528
345	640
346	384
346	387
346	697
347	394
348	468
348	487
348	583
349	597
349	601
349	641
351	462
351	505
351	582
351	652
352	650
353	397
353	410
353	490
355	505
355	614
355	618
356	382
356	451
356	484
356	564
356	682
357	361
357	578
357	589
357	594
358	533
358	637
359	364
359	400
359	583
360	427
360	433
360	691
360	692
361	398
361	462
362	402
362	519
362	603
362	618
363	423
363	527
366	602
368	524
368	588
368	607
368	666
368	683
370	447
370	569
371	589
372	526
372	630
375	505
375	645
375	675
376	605
378	388
378	493
379	573
380	556
381	415
381	623
381	648
382	641
383	613
385	539
386	649
387	448
387	462
387	662
388	402
390	552
390	597
390	609
392	505
393	623
393	665
394	421
394	473
394	509
394	595
394	603
394	644
395	404
395	577
396	473
396	589
398	575
398	641
398	673
399	401
399	423
399	572
400	432
400	542
401	519
401	550
401	571
401	638
403	459
403	508
403	531
403	582
403	627
404	481
405	440
405	447
405	545
406	566
407	549
407	585
407	671
408	601
409	437
410	577
410	648
410	663
410	672
411	508
411	598
412	532
412	597
413	418
413	490
413	683
414	605
415	483
416	465
416	637
416	694
418	607
419	479
419	664
420	488
420	614
421	534
421	669
422	441
422	457
424	481
424	589
424	616
424	697
425	534
427	469
427	637
427	654
429	440
429	668
431	603
431	626
434	530
435	636
435	637
436	492
438	469
438	586
438	617
439	542
439	591
440	495
440	587
440	687
442	469
442	508
442	589
443	498
443	581
445	544
445	642
445	664
446	606
447	462
447	469
447	479
449	542
449	585
450	638
451	532
452	455
453	517
454	476
454	561
454	653
455	615
455	648
455	691
456	526
457	488
458	615
458	630
459	572
460	691
461	490
461	627
463	493
463	695
465	558
465	607
467	518
467	563
467	596
467	622
468	480
468	482
468	549
468	568
469	476
469	546
469	607
469	620
470	603
472	596
473	579
474	639
474	660
475	513
475	698
478	602
478	608
479	524
479	628
480	587
480	655
481	622
483	639
484	505
485	550
485	687
486	691
487	631
488	576
488	609
489	673
490	534
494	544
494	688
495	542
496	518
497	644
497	655
499	693
500	635
502	546
502	556
503	559
504	627
506	511
509	520
509	597
513	595
513	667
515	589
516	574
517	649
517	665
517	673
518	691
518	697
519	531
522	537
522	631
522	672
523	635
524	593
526	541
528	556
528	603
528	624
528	685
531	585
531	592
531	628
533	581
534	573
536	575
541	648
543	633
544	569
544	597
544	699
545	610
546	651
547	573
547	674
548	669
551	581
551	629
551	687
552	602
552	639
553	562
553	668
554	566
555	650
557	695
559	576
559	652
560	574
561	637
564	628
566	663
569	576
569	674
571	671
572	605
574	612
574	636
574	693
575	597
576	673
579	621
580	689
581	677
582	642
583	674
584	617
586	612
586	617
587	659
589	613
591	606
593	624
594	637
597	668
598	649
599	605
601	664
606	637
607	627
607	648
607	649
607	657
607	672
607	686
609	641
613	617
617	667
621	645
631	682
631	695
633	690
635	656
638	656
638	667
639	654
641	669
643	650
647	680
649	684
653	668
653	695
660	686
662	664
662	669
663	679
664	697
665	670
678	683