0	32
0	114
0	116
0	183
0	443
0	503
0	527
0	599
0	611
0	681
0	694
1	256
1	567
2	270
2	505
2	594
3	160
4	37
4	512
5	233
6	317
7	158
7	238
7	372
7	388
7	469
7	594
8	131
8	191
8	403
8	461
8	470
8	611
8	631
9	78
9	226
9	370
9	390
9	486
9	645
10	185
10	375
10	382
11	297
11	365
11	561
11	596
11	673
12	365
12	571
12	618
13	148
13	365
13	401
13	474
13	546
14	45
14	63
14	67
14	88
14	217
14	247
14	274
14	473
14	540
14	668
15	85
15	133
15	386
15	561
15	586
16	174
16	498
16	529
16	546
16	609
17	342
17	414
17	588
17	619
18	445
18	449
18	487
18	507
18	564
18	581
18	658
19	447
19	652
20	178
20	212
20	388
20	434
20	621
20	667
21	107
21	193
21	405
21	533
22	273
22	404
22	552
22	691
23	320
23	574
23	619
23	640
23	655
24	374
24	645
24	688
25	291
25	418
25	660
26	65
26	270
26	394
26	408
26	551
26	558
26	639
27	51
27	422
27	456
27	649
27	651
28	266
28	272
28	347
28	544
29	157
29	225
29	323
29	347
29	376
29	693
30	539
31	81
31	120
31	136
31	359
31	591
32	66
32	637
33	204
33	223
33	438
33	566
33	610
34	238
34	243
34	247
34	525
35	157
35	457
35	517
35	539
35	593
35	600
35	610
35	672
36	210
36	411
37	549
37	667
38	59
38	91
38	328
38	489
38	544
38	605
38	652
39	360
39	423
39	560
40	47
40	240
40	265
40	639
41	134
41	228
41	588
41	630
42	142
42	194
42	210
42	319
42	484
42	495
42	578
42	633
43	217
43	431
43	457
43	673
44	121
44	315
44	543
44	680
45	136
45	189
45	213
45	355
45	360
45	506
46	396
46	537
47	75
47	275
47	291
47	374
47	389
47	432
47	435
47	463
47	593
47	676
48	161
48	232
48	287
48	385
48	681
49	130
49	297
49	308
49	420
49	483
49	631
49	649
50	105
50	522
51	435
51	466
51	479
51	480
51	618
52	57
52	60
52	315
52	587
53	165
53	179
53	323
53	480
53	506
54	176
54	681
55	68
55	103
55	147
56	99
56	159
56	322
57	297
57	310
58	383
59	180
59	451
59	672
60	426
60	430
60	459
61	203
61	210
61	246
61	590
62	206
62	212
62	249
62	570
63	187
63	303
63	419
64	85
64	128
64	132
64	146
64	320
64	346
64	376
64	384
64	404
64	532
64	596
65	412
65	422
65	492
65	500
65	659
65	694
66	123
67	353
67	534
68	79
68	198
68	263
68	292
68	406
68	490
69	196
69	244
69	341
69	411
70	75
70	164
70	268
70	369
70	662
70	696
71	569
71	585
71	601
71	607
71	610
71	636
72	574
73	143
73	173
73	291
73	306
73	312
73	462
73	606
73	696
74	160
74	178
74	363
74	433
74	443
75	147
75	382
75	444
76	112
76	124
76	189
76	666
77	104
77	166
77	263
78	377
78	549
78	599
79	238
79	244
79	272
79	482
79	531
80	95
80	102
80	260
80	550
81	269
81	548
82	96
82	231
82	348
82	537
83	236
83	446
83	541
83	621
84	195
84	251
84	343
84	482
85	97
85	397
85	586
86	271
86	626
87	436
87	467
87	548
87	595
88	174
88	197
88	361
88	457
88	595
89	415
89	622
90	285
90	393
90	485
90	503
91	137
91	367
91	409
91	423
92	293
92	573
92	593
92	599
93	263
93	423
93	523
93	538
94	276
94	281
94	319
95	244
95	357
95	593
95	635
96	263
96	273
96	541
96	687
97	225
97	281
97	407
97	437
98	111
99	653
99	679
100	585
100	690
101	610
101	612
102	145
102	212
102	259
102	499
102	668
102	678
103	110
103	215
103	253
103	601
103	688
104	138
104	169
104	287
105	118
105	462
106	142
106	580
107	650
108	409
109	256
109	504
109	579
109	673
110	509
110	636
111	123
111	195
111	286
111	508
111	618
111	671
112	122
112	311
112	481
112	634
113	624
114	694
115	156
115	502
115	535
115	628
115	659
116	219
116	494
116	597
116	662
117	213
117	291
117	464
117	620
117	630
118	456
118	559
119	442
119	449
120	618
121	314
121	557
121	673
122	177
122	403
122	516
122	640
122	669
122	699
123	144
123	275
123	465
123	532
123	593
123	596
123	604
123	623
124	138
124	238
125	369
125	370
125	372
125	417
125	427
125	460
126	246
126	336
126	682
127	642
128	414
128	695
129	252
129	540
129	562
130	224
130	290
130	303
130	496
131	145
131	304
131	699
132	487
132	544
133	140
133	298
133	310
133	556
134	321
134	323
134	583
135	505
135	694
136	435
136	542
136	545
136	652
138	277
138	688
139	151
139	389
139	412
139	469
139	544
139	641
139	663
140	189
140	471
140	675
141	636
142	165
142	333
142	458
142	699
143	289
143	530
144	320
144	456
145	236
145	283
145	291
145	469
145	490
145	645
146	214
146	271
146	624
147	257
147	301
147	506
148	174
148	277
148	612
148	621
149	178
149	308
149	512
149	557
149	565
149	607
149	629
150	286
150	319
151	177
151	253
151	585
152	294
152	690
152	696
153	207
153	278
153	459
153	506
153	514
153	517
154	214
154	272
154	297
154	377
154	544
155	243
156	547
156	667
156	689
157	357
158	164
159	360
159	482
159	597
159	600
160	167
160	173
160	552
161	251
161	275
161	335
161	447
161	539
162	164
162	253
163	211
163	451
163	602
163	609
163	616
163	629
164	684
165	251
165	559
165	572
165	627
165	645
166	188
166	473
167	392
167	501
168	472
168	587
169	309
169	383
169	390
169	645
170	326
170	379
170	453
170	594
171	531
172	251
172	299
172	462
173	503
174	257
174	289
174	529
175	182
175	273
175	420
175	474
175	477
176	227
176	450
177	239
177	284
177	546
178	297
178	394
179	242
179	261
179	417
179	438
179	510
180	423
180	461
180	662
181	278
181	459
182	347
182	603
183	408
184	244
184	254
184	683
185	271
185	401
186	538
187	318
187	370
187	416
187	436
188	645
189	202
189	237
189	264
189	593
190	200
190	266
190	563
191	356
191	403
192	201
192	250
192	306
192	465
192	652
192	664
192	685
193	201
193	207
193	423
193	486
193	595
193	626
194	245
194	521
194	560
194	664
195	307
195	530
195	621
195	661
195	681
196	217
196	231
196	300
196	388
196	446
196	547
196	577
196	684
197	328
197	336
197	405
197	445
197	575
197	651
198	323
198	425
198	500
199	257
199	279
199	473
199	532
199	631
199	693
200	342
202	249
203	280
203	347
203	394
203	503
204	682
205	370
205	409
205	567
206	368
206	451
206	556
206	677
207	461
207	537
208	217
208	305
208	436
208	487
208	511
208	599
208	665
209	246
209	312
210	278
210	376
210	599
211	355
211	556
211	689
212	423
212	548
213	227
213	257
213	561
213	613
214	379
214	409
214	504
214	585
215	325
215	429
215	503
215	557
215	641
216	226
216	246
216	337
216	625
217	298
217	337
217	377
217	454
217	562
217	623
218	334
218	440
218	459
218	512
218	591
219	225
219	490
219	594
219	614
219	674
220	315
220	622
220	659
221	375
221	585
221	611
222	264
222	659
223	416
223	588
224	385
224	418
224	424
224	552
225	319
225	478
226	687
227	429
227	489
227	498
227	592
227	593
227	671
229	302
229	515
229	618
229	687
230	502
230	517
230	564
230	615
231	254
232	237
232	269
232	405
232	470
233	390
233	459
233	474
234	594
234	671
235	244
235	264
235	301
235	430
236	575
236	618
237	273
237	365
237	479
237	689
238	282
238	284
238	342
238	479
238	610
239	384
239	579
239	592
240	318
240	529
241	384
241	462
241	544
242	409
243	263
243	265
243	294
243	435
243	693
244	370
244	442
244	485
245	436
245	611
247	272
247	358
247	626
248	341
248	395
248	506
248	686
250	317
250	633
251	273
251	296
251	350
251	392
252	387
253	268
253	362
253	406
253	451
253	609
254	338
254	382
254	412
254	450
255	489
256	339
256	420
256	591
257	262
257	321
257	327
257	357
257	437
257	491
257	588
258	275
258	334
258	453
258	516
258	554
259	271
259	680
261	382
261	383
261	415
263	404
264	317
265	307
265	455
265	461
266	352
267	323
267	536
268	309
268	356
268	624
269	304
269	343
269	434
269	598
269	677
270	439
270	594
271	553
271	582
271	645
272	301
272	459
272	474
272	498
272	523
272	550
273	642
274	288
274	301
274	343
274	462
274	576
274	634
275	435
275	539
276	336
276	651
277	369
277	669
279	402
279	530
279	594
279	622
280	284
280	530
280	575
281	412
281	462
281	560
283	320
283	552
284	370
284	670
285	652
289	444
290	484
290	555
291	308
291	462
291	488
291	608
292	299
293	316
293	368
293	401
293	524
293	693
294	426
294	530
295	358
296	302
296	314
296	450
297	368
297	455
299	308
299	320
300	457
300	460
300	512
300	628
301	532
302	445
302	531
302	571
303	451
303	544
303	674
304	436
304	590
304	645
305	309
305	470
305	679
306	398
306	414
307	418
307	509
307	544
308	449
308	460
308	515
309	344
309	528
310	410
310	647
311	335
311	421
311	492
311	526
311	606
311	661
312	670
313	340
313	358
314	345
314	439
314	500
314	698
315	349
315	384
315	498
315	511
315	558
317	629
318	529
318	622
319	473
319	480
319	564
319	633
320	555
320	699
321	690
321	699
323	416
323	500
323	531
323	535
324	346
324	438
324	460
325	396
325	663
326	615
327	419
327	477
327	502
328	352
328	551
329	500
330	664
331	343
331	526
331	691
332	637
333	442
334	563
334	569
334	609
335	342
335	366
336	446
336	466
336	530
337	417
338	466
338	569
338	664
339	471
339	639
339	670
341	415
341	421
341	435
341	558
341	642
343	461
343	550
343	637
344	503
345	511
345	586
346	441
346	527
346	580
346	623
347	416
347	558
347	608
347	636
348	386
348	413
349	425
349	557
351	599
351	662
352	589
352	618
352	631
353	432
353	615
353	663
354	442
354	466
355	426
355	429
355	460
355	484
355	553
355	622
356	497
357	687
358	472
359	490
359	639
360	493
360	567
361	480
362	432
363	621
363	681
364	620
364	685
365	585
366	590
367	387
368	449
368	520
368	594
369	378
370	471
370	580
370	631
371	536
372	390
372	543
372	582
372	666
373	380
373	563
373	610
373	667
374	422
374	446
374	493
374	496
375	507
375	537
375	656
376	409
376	497
376	643
377	415
377	449
377	458
377	476
377	692
378	575
379	408
379	431
380	405
380	644
380	692
381	451
381	624
381	634
382	487
382	575
382	675
383	450
383	489
383	637
383	657
383	664
383	687
384	464
384	628
385	396
385	417
385	592
386	504
387	412
388	415
388	454
388	500
390	506
391	417
391	534
391	675
393	403
393	443
393	667
394	417
394	455
394	544
394	693
396	536
397	452
397	526
397	626
398	592
399	465
399	575
400	437
400	501
400	519
400	662
401	418
401	498
401	598
401	653
402	445
402	491
402	500
403	466
403	616
404	434
404	649
405	416
405	490
405	659
406	679
409	462
409	503
409	533
409	572
409	591
409	666
409	699
410	499
410	537
411	420
411	483
411	665
413	468
413	624
414	495
415	544
415	678
416	445
416	570
416	626
417	430
417	625
417	694
421	433
421	487
421	575
421	577
421	613
422	547
424	496
424	511
424	573
425	451
425	643
425	661
426	476
427	584
428	678
429	695
431	549
432	577
432	608
433	534
433	535
434	577
434	600
435	534
435	591
437	536
438	512
438	587
438	658
439	603
440	530
440	614
440	657
442	585
442	671
443	488
444	567
445	628
445	657
448	631
448	633
449	455
449	554
449	580
450	518
450	522
450	526
450	609
450	696
451	686
452	591
452	596
452	607
452	631
453	582
453	605
453	644
455	508
455	674
457	490
457	608
458	481
458	493
458	617
458	693
459	682
462	478
462	518
463	542
463	613
464	683
468	522
469	573
469	635
470	489
470	564
472	475
472	483
472	533
472	569
474	698
476	648
476	697
479	493
479	536
479	605
479	615
481	557
482	515
482	586
482	669
483	636
483	694
484	664
485	658
486	626
486	654
487	539
488	543
488	686
489	530
489	671
490	513
490	624
491	512
491	570
491	605
491	632
492	604
492	631
494	639
495	586
497	590
497	638
498	626
498	631
498	694
499	598
499	634
499	693
500	502
500	577
500	646
501	568
502	544
502	650
503	519
503	553
503	584
505	511
509	590
510	560
510	565
510	679
512	599
514	518
514	637
514	687
516	533
518	541
519	534
520	680
520	681
522	545
522	592
522	675
525	545
525	636
526	528
526	624
528	622
530	634
531	562
531	628
532	586
533	565
535	562
536	537
537	589
538	568
539	681
540	637
541	661
542	632
543	581
543	587
544	654
544	690
545	615
545	684
546	559
547	558
547	675
548	677
550	556
551	683
554	560
556	663
557	698
562	599
563	575
564	697
565	597
565	675
567	598
571	588
571	628
571	678
575	597
576	615
578	679
579	613
580	681
582	688
583	614
584	662
585	680
586	645
587	676
588	626
592	643
593	685
596	656
597	637
600	668
602	682
606	619
606	679
607	694
608	643
609	657
616	682
616	693
618	686
621	686
623	687
629	632
633	699
637	638
641	659
643	697
646	665
650	698
653	687
657	668
661	677
664	696
668	695
682	695
691	697