0	145
0	161
0	270
0	508
1	313
1	455
1	610
2	425
2	557
2	591
3	44
4	251
4	307
4	343
4	444
4	589
4	616
5	110
5	295
5	302
5	331
5	484
5	600
6	187
6	302
6	316
7	165
7	349
7	527
8	215
8	237
8	373
8	499
8	686
9	632
10	57
10	349
10	417
10	426
11	83
11	102
11	149
11	270
11	427
11	511
12	227
13	68
13	411
13	488
14	25
14	75
14	270
14	663
14	670
14	691
15	153
15	178
15	513
16	88
16	241
16	329
16	368
17	485
17	516
18	503
18	605
18	611
18	624
19	57
19	463
19	579
19	588
19	600
19	665
20	24
20	343
21	35
21	202
21	624
22	62
22	383
22	557
23	66
23	174
23	344
23	370
23	375
23	397
23	660
24	115
25	58
26	32
26	105
26	108
26	270
26	519
26	612
26	633
27	283
27	585
27	638
28	325
28	336
28	373
28	550
29	31
29	81
30	62
30	71
30	140
31	118
31	326
31	585
32	155
32	188
32	428
32	482
32	666
33	443
33	682
33	699
34	354
34	360
34	403
34	479
34	605
36	203
36	387
36	434
36	466
37	145
37	329
37	376
37	403
38	197
38	500
38	582
38	595
38	606
38	694
39	336
39	438
39	528
39	683
40	211
40	378
40	381
40	547
40	667
41	141
41	227
41	595
41	636
41	648
42	258
42	518
42	674
42	688
43	48
43	160
43	311
43	359
43	506
43	649
43	669
44	255
44	596
45	96
45	119
45	545
46	206
46	260
46	392
47	203
47	385
47	624
48	139
48	169
48	494
48	610
49	222
49	455
50	243
50	356
51	204
51	337
51	656
52	216
52	229
53	54
53	182
53	462
54	388
55	224
55	496
55	634
55	680
56	151
56	548
56	580
57	432
57	676
58	265
58	407
59	113
59	237
59	295
59	325
59	451
59	470
59	496
59	642
60	147
60	680
61	171
61	270
61	314
61	317
61	564
62	460
63	329
63	389
63	417
63	675
63	683
64	185
64	366
64	434
65	526
66	519
66	612
66	665
67	558
67	565
67	591
67	601
68	672
68	682
69	77
69	617
69	618
70	247
71	247
71	334
71	477
71	568
72	432
73	153
73	287
73	411
74	119
74	291
74	604
75	93
75	110
75	244
75	339
75	346
75	352
76	616
77	193
77	410
77	537
78	390
78	594
79	501
80	501
81	164
81	202
81	265
81	415
81	626
82	297
82	592
82	613
82	647
83	98
83	195
83	291
83	656
84	504
85	254
85	537
85	599
86	278
86	414
87	388
88	284
88	301
88	302
88	431
89	131
89	136
89	153
89	187
90	428
90	487
91	195
91	249
91	455
91	601
92	101
92	168
92	216
92	458
92	614
93	122
93	152
93	252
93	408
93	442
93	659
94	147
94	172
94	496
95	484
95	549
95	647
96	131
96	378
96	384
96	439
96	532
96	684
97	247
97	494
97	608
98	136
98	184
98	200
98	228
98	245
98	358
98	640
99	245
99	427
99	504
100	169
100	193
100	389
100	513
101	115
101	155
101	390
101	425
101	614
102	133
102	403
102	508
102	551
102	583
102	601
103	129
103	696
104	192
104	651
105	529
106	191
106	222
106	565
106	630
107	153
107	317
108	331
108	534
108	623
108	634
109	119
109	293
109	657
109	693
110	145
110	162
110	206
110	304
110	307
110	389
110	656
111	324
111	449
111	493
111	555
111	645
112	132
112	361
112	594
112	612
113	185
113	222
113	346
113	459
113	495
114	226
115	209
116	434
116	619
117	309
117	463
117	616
118	132
118	371
118	400
118	417
118	514
119	187
119	195
119	443
119	655
120	182
120	341
120	616
121	124
121	184
121	446
121	560
121	679
122	441
122	570
123	397
124	272
124	314
124	431
125	220
125	648
125	681
126	150
126	264
126	497
126	506
127	189
127	229
127	369
127	444
127	562
128	161
128	469
128	635
129	531
129	543
129	604
130	146
130	222
130	236
130	329
130	551
130	679
131	523
132	310
132	499
133	198
133	256
133	361
133	607
134	273
134	305
134	416
134	599
135	181
135	396
135	472
137	184
137	206
137	650
138	195
138	450
138	606
138	666
138	694
139	285
139	301
139	380
139	549
139	646
139	654
139	671
140	599
141	161
141	164
141	218
141	689
142	306
142	524
142	601
143	259
144	322
144	554
144	584
144	626
145	642
146	162
146	471
146	698
147	208
147	219
147	301
147	644
148	573
148	648
148	695
149	329
149	646
150	189
150	217
150	438
150	555
150	603
152	347
152	518
152	617
153	387
153	559
154	504
155	338
155	400
155	576
155	617
156	504
157	240
157	299
157	351
157	583
157	591
157	609
158	293
158	526
158	556
159	444
159	671
159	678
159	680
159	693
160	276
160	283
160	439
160	599
161	184
161	318
162	312
162	592
163	349
163	408
163	583
163	595
163	692
164	593
165	172
165	421
165	552
165	661
166	180
166	265
166	308
166	432
167	194
167	236
167	699
168	492
169	327
169	488
169	612
170	312
170	393
171	630
172	273
173	257
173	351
173	356
174	686
175	350
176	533
177	186
177	296
177	470
177	520
178	373
179	588
179	637
180	471
181	249
181	286
181	510
181	579
182	349
182	476
182	691
183	325
183	337
183	506
183	510
183	629
183	645
184	333
185	295
185	482
185	506
186	204
186	441
186	477
186	493
186	565
186	616
186	670
187	286
187	387
187	535
187	587
188	331
189	332
189	375
189	421
190	361
190	365
190	440
190	471
191	268
191	509
191	547
192	359
192	428
192	597
193	254
193	385
193	477
193	668
194	304
194	377
194	525
194	660
195	392
196	339
196	629
197	504
197	675
198	218
198	247
198	338
198	361
198	507
198	683
199	453
199	578
199	653
200	329
200	694
201	535
202	236
202	269
202	318
202	493
203	481
203	521
203	602
204	395
204	666
205	302
205	642
206	301
206	495
207	420
207	646
207	676
208	281
208	483
209	274
209	310
209	353
209	500
209	564
210	464
210	506
210	627
210	654
211	391
212	261
212	281
212	503
212	538
212	623
213	372
213	496
214	370
214	589
215	254
215	418
215	635
216	516
216	551
216	664
216	692
217	315
217	459
217	465
217	471
217	654
217	691
218	342
218	392
218	482
219	442
219	444
219	660
220	355
220	610
220	688
221	627
221	670
222	359
222	413
222	591
223	232
223	696
224	590
224	598
225	460
225	532
225	552
226	379
226	612
227	266
227	326
227	329
227	349
227	391
227	445
227	621
228	388
228	606
228	608
228	679
229	292
229	574
230	288
230	408
230	493
230	597
231	334
232	235
232	622
232	630
233	324
233	580
234	290
235	375
235	474
235	476
235	501
235	674
236	284
236	308
236	327
237	314
237	599
238	329
238	432
239	543
240	476
240	580
241	264
241	282
241	405
242	447
242	503
242	616
242	674
243	374
243	424
243	480
243	633
243	673
244	285
244	339
244	600
244	693
245	424
245	689
246	403
246	626
247	511
247	671
248	446
249	299
249	619
249	659
250	330
250	416
250	438
250	541
252	306
252	431
252	542
252	600
252	621
253	262
253	283
253	321
253	535
253	550
253	612
253	652
254	401
254	516
254	551
254	613
255	269
255	336
256	313
256	348
256	444
256	597
257	295
257	300
257	421
257	591
258	265
258	279
258	306
258	579
258	597
259	284
259	298
259	313
259	357
259	497
259	522
259	560
259	602
260	286
260	460
260	478
260	642
261	367
261	420
261	623
262	629
263	602
264	354
264	355
264	560
264	663
265	488
266	375
266	445
266	631
266	674
267	307
268	301
268	361
268	615
269	490
270	288
270	336
271	364
271	578
272	527
273	283
273	601
274	474
274	659
275	396
275	486
276	288
276	532
276	533
276	593
277	684
278	492
278	647
279	640
280	285
280	548
282	423
282	436
282	642
283	432
283	582
284	551
285	331
285	442
285	463
285	660
285	680
287	687
288	320
288	494
288	618
289	334
289	340
289	643
290	356
290	383
291	562
292	605
292	622
293	474
293	482
294	563
294	697
296	614
296	691
297	389
297	413
297	657
298	413
298	487
298	652
299	313
299	323
299	336
299	354
299	632
300	333
300	338
300	403
300	553
301	509
301	647
301	669
302	411
302	699
303	539
304	373
304	518
304	617
305	361
305	653
306	307
306	393
306	416
306	441
307	502
308	312
308	402
308	608
309	368
309	445
309	542
309	629
309	655
310	343
310	598
310	692
311	557
311	651
311	684
312	352
312	513
312	602
313	379
313	461
313	561
313	666
314	335
314	384
314	568
314	610
314	679
315	317
316	596
317	380
317	397
317	435
317	481
318	642
318	658
319	377
319	541
320	522
320	599
320	646
321	383
323	361
323	387
323	435
324	359
324	367
326	508
327	372
327	590
327	619
328	409
329	475
329	490
329	604
329	690
330	456
330	463
330	634
331	577
331	588
331	646
332	463
332	487
332	633
333	576
333	609
334	431
334	560
335	391
336	418
336	421
336	648
337	561
338	362
339	562
340	359
340	365
341	429
341	656
342	375
342	548
343	466
343	535
343	664
345	353
345	526
345	598
348	646
349	403
349	568
349	604
349	683
350	411
350	493
350	694
351	442
351	652
352	551
353	643
354	555
354	575
355	579
355	620
356	420
356	434
356	582
356	598
356	665
357	583
357	679
358	470
358	659
359	377
359	478
359	521
359	580
359	660
360	373
360	381
360	423
360	443
361	394
361	500
361	557
361	669
363	543
364	412
364	681
365	416
366	524
366	630
367	398
367	512
368	399
368	501
368	536
368	537
368	575
369	407
369	530
371	503
372	588
372	614
373	410
373	458
373	484
373	610
374	437
374	647
375	421
375	508
375	616
376	667
377	591
377	596
378	542
379	439
379	693
380	427
380	460
380	536
380	558
380	640
381	467
381	468
381	526
381	683
382	445
382	547
383	564
383	646
384	506
384	584
385	390
385	454
385	591
386	404
386	459
386	572
386	696
387	563
387	664
388	511
388	526
388	576
388	614
388	666
389	418
389	423
389	452
390	457
390	575
390	596
391	540
391	578
391	585
391	634
392	668
393	613
394	510
395	406
395	407
395	528
396	669
397	575
398	533
398	616
398	691
399	590
399	629
401	508
402	474
403	528
403	614
406	533
406	675
408	469
408	550
410	428
410	437
410	491
410	526
410	529
410	610
411	523
412	439
413	440
413	682
415	516
415	519
415	552
417	470
418	619
419	452
419	469
419	490
419	581
420	518
420	540
420	547
420	554
420	593
421	453
421	469
422	618
423	546
423	656
424	544
424	612
425	472
425	532
426	451
426	547
426	560
428	694
430	539
431	637
431	641
431	653
432	508
432	532
432	639
432	648
433	449
434	460
436	462
437	445
437	669
438	492
439	689
441	549
441	635
441	673
442	455
443	509
444	591
445	452
445	458
445	657
445	693
446	635
446	676
448	526
448	664
449	624
449	654
450	508
451	550
452	467
452	699
453	468
453	674
456	559
457	489
457	551
457	572
457	636
457	676
458	543
458	556
458	576
458	640
459	510
461	466
462	473
462	494
462	502
462	605
462	662
463	567
464	467
465	626
467	534
467	583
469	501
470	504
470	635
470	667
473	543
474	540
474	621
475	553
475	642
476	687
477	507
479	503
479	529
479	532
481	611
483	572
484	509
484	588
485	494
485	575
485	586
487	491
487	549
488	495
488	640
489	625
490	551
494	619
495	594
495	662
497	537
498	559
498	602
500	679
501	504
501	572
501	595
501	599
503	517
504	516
505	587
505	598
505	663
508	509
508	570
510	599
511	596
511	658
513	698
515	552
515	693
516	614
517	572
517	699
518	574
518	642
518	674
519	608
520	535
520	578
520	646
522	648
524	658
524	674
525	553
525	609
527	533
527	695
529	616
529	642
531	695
533	678
533	685
536	586
537	621
537	633
537	664
538	688
539	577
543	698
545	547
545	646
545	680
546	598
547	608
549	612
549	694
549	697
558	569
558	578
558	611
558	684
559	628
564	652
565	600
565	621
566	573
568	595
568	685
570	589
571	598
572	673
573	605
577	622
579	644
582	617
582	649
584	651
584	683
585	663
585	688
587	681
590	611
594	687
595	606
599	676
601	606
602	610
604	634
608	649
609	638
612	618
616	637
619	620
621	698
624	695
632	677
634	648
635	672
636	659
639	670
644	662
646	671
654	696
655	675
655	676