0	113
0	205
0	255
0	259
0	272
0	567
0	578
0	580
0	675
1	57
1	205
1	376
1	412
1	527
1	539
1	583
1	614
1	699
2	39
2	168
2	414
2	502
2	605
2	644
2	665
3	63
3	121
3	608
3	692
4	92
4	120
4	291
4	402
4	515
4	531
4	686
4	691
5	35
5	163
5	396
5	398
5	543
5	552
5	574
6	177
6	500
6	535
6	661
7	17
7	176
7	314
8	102
8	245
8	368
8	401
8	671
9	227
9	307
9	460
9	467
9	684
10	413
10	525
10	593
10	599
10	671
10	687
11	264
11	466
11	477
11	535
11	624
12	121
12	469
13	391
13	509
14	330
15	55
15	255
15	297
15	298
15	351
15	567
15	590
15	620
16	198
16	212
17	271
17	515
18	84
18	153
18	391
18	572
19	79
19	115
19	201
19	252
19	262
19	283
19	687
20	479
20	623
21	69
21	98
21	494
22	291
22	588
23	82
23	90
23	104
23	142
23	179
23	493
23	636
24	63
24	80
24	234
25	435
25	504
26	365
26	410
26	491
26	673
26	676
27	382
27	430
27	506
28	330
28	344
28	564
28	672
29	118
29	269
29	391
29	394
30	116
30	316
30	348
30	510
30	646
30	647
31	44
31	47
31	171
31	178
31	234
31	355
31	431
32	110
32	144
32	375
32	543
33	120
33	139
33	406
33	633
34	184
35	525
35	543
36	45
36	297
36	299
36	485
36	517
36	615
37	208
37	306
37	410
37	611
38	232
38	373
39	112
39	241
39	450
40	123
40	167
40	368
40	446
40	468
40	610
40	635
40	641
41	158
41	298
41	314
41	484
41	677
42	476
42	580
43	130
43	377
43	497
43	633
44	96
44	642
44	651
45	368
45	696
46	96
46	203
46	368
46	581
46	611
47	124
47	310
47	312
47	525
47	629
48	162
48	165
48	225
48	492
49	158
49	249
49	414
49	597
49	614
49	634
50	230
50	250
50	355
50	396
50	410
50	550
51	317
51	490
51	536
51	560
52	237
52	301
52	444
52	598
53	210
53	518
53	617
54	215
54	455
55	204
55	380
55	442
55	455
55	687
56	176
56	272
56	467
56	532
56	629
57	252
57	460
58	74
58	127
58	148
58	214
58	522
58	575
58	671
59	123
59	171
59	190
59	211
59	307
59	413
59	472
59	649
60	95
60	417
60	634
61	196
61	440
62	78
62	483
62	526
63	79
63	653
64	342
64	596
65	89
65	511
65	682
66	97
66	147
66	407
67	89
67	296
67	390
67	654
67	694
68	424
68	488
69	196
69	381
69	405
69	594
70	79
70	95
70	185
70	387
70	616
71	434
72	527
72	575
73	319
73	596
73	682
73	696
74	121
74	202
74	585
75	377
75	388
75	507
75	543
75	594
75	666
76	105
76	271
76	291
76	409
76	521
77	133
77	144
77	200
77	213
77	444
77	611
78	154
78	224
78	511
78	575
78	669
78	697
79	147
79	335
80	256
80	264
80	272
80	376
80	395
80	396
81	584
81	662
82	356
82	395
82	564
83	123
83	167
83	473
83	596
84	424
84	540
85	97
86	250
86	373
86	446
86	450
86	640
87	152
87	364
87	411
87	562
88	352
88	458
88	535
89	185
89	422
89	466
89	476
89	513
89	556
89	642
89	666
90	165
90	241
90	281
90	423
90	474
90	574
91	101
92	208
92	303
92	432
93	251
93	667
94	303
94	336
94	353
94	384
94	423
95	427
95	460
95	620
96	223
96	394
96	557
96	682
97	139
97	227
97	572
98	194
98	351
98	498
98	615
99	341
99	401
100	501
101	147
101	206
101	452
102	109
102	124
102	356
102	604
103	160
103	255
103	421
104	303
104	304
105	137
105	320
105	480
105	485
105	671
105	678
106	346
107	121
107	255
108	189
108	199
108	257
108	621
109	310
109	584
110	309
110	394
110	590
110	614
111	142
111	555
112	202
112	315
112	680
112	683
113	363
113	504
114	253
114	268
114	348
114	685
115	623
116	133
116	429
117	221
117	235
117	440
117	602
118	129
118	643
119	238
119	375
119	504
119	592
120	226
120	269
120	274
120	297
120	368
120	467
120	606
121	191
121	317
121	370
122	261
122	370
122	418
122	524
122	638
122	668
123	382
123	484
123	672
124	130
124	313
124	620
125	155
125	449
125	554
125	615
125	623
126	477
127	410
127	582
127	583
128	415
128	513
128	566
128	634
128	661
129	488
129	523
130	363
130	492
130	533
130	537
130	689
131	138
131	369
131	578
132	371
133	314
134	356
134	390
134	413
134	458
134	656
134	657
135	213
135	312
135	470
135	476
135	554
136	168
136	257
136	270
136	358
137	143
137	187
137	340
137	535
138	183
138	275
138	442
138	661
139	152
139	224
139	277
139	421
139	554
139	671
139	681
140	173
140	185
140	236
140	243
140	304
140	313
140	556
141	535
142	266
142	388
142	536
143	163
143	185
143	191
143	219
143	547
143	607
144	481
144	486
145	260
145	347
145	637
146	316
146	389
147	391
148	276
148	336
148	364
148	381
148	628
148	631
149	524
150	410
150	437
150	471
150	499
151	465
151	468
151	556
152	193
152	254
152	396
153	204
153	304
153	321
153	493
154	626
155	190
155	289
155	507
155	559
156	167
156	207
156	304
156	306
157	374
157	636
157	685
158	408
158	614
159	341
159	484
159	561
159	636
160	181
160	232
160	246
160	251
160	691
161	166
161	408
161	487
161	584
163	599
164	341
164	611
164	614
164	671
165	316
165	428
165	500
165	643
165	690
165	694
166	228
166	249
166	340
166	541
166	692
167	195
167	323
168	196
168	208
169	191
169	216
169	325
169	440
170	193
170	234
170	484
171	199
171	526
171	591
172	244
172	572
173	275
173	319
173	484
173	532
174	294
174	296
174	347
174	435
174	558
174	654
175	250
175	296
176	309
176	424
176	426
176	461
176	540
177	352
177	579
178	200
178	249
178	344
178	588
178	622
179	232
179	322
179	329
179	414
179	423
179	533
180	286
180	640
182	544
182	567
182	614
183	355
183	545
183	647
183	683
184	473
184	571
185	486
185	617
186	402
186	501
186	591
187	252
187	576
188	356
189	228
190	223
190	322
190	373
190	546
190	694
191	223
191	244
191	474
192	451
192	467
193	233
193	534
194	399
194	694
195	252
195	330
195	420
195	436
195	457
197	510
197	564
197	652
198	238
198	299
198	406
198	508
198	698
199	291
199	410
199	562
199	643
199	677
200	368
200	410
201	637
202	278
202	662
202	678
203	601
204	234
204	250
204	591
204	615
205	290
206	269
206	696
207	297
207	363
207	512
207	683
208	253
208	660
209	329
209	630
210	235
210	341
210	347
210	409
210	486
210	604
210	637
210	660
210	693
211	388
211	411
212	466
212	470
212	569
212	611
213	273
213	282
213	530
214	467
214	500
214	541
214	614
215	232
215	246
215	287
215	300
215	355
215	382
215	646
216	336
216	420
216	484
216	621
216	662
217	332
217	352
217	623
218	391
218	543
218	598
219	434
219	624
220	493
221	299
221	368
221	564
222	331
222	371
222	496
222	498
222	661
222	666
223	275
223	386
223	652
224	539
224	553
224	622
225	325
225	443
225	680
226	406
228	233
228	236
229	234
229	389
229	674
230	424
230	539
230	560
231	396
231	571
232	686
233	597
234	243
234	528
235	282
235	286
235	603
237	297
238	350
238	405
238	596
238	612
239	470
239	697
240	551
240	677
240	685
241	304
241	379
241	385
241	438
241	487
241	598
242	549
243	358
243	537
244	322
244	531
244	559
245	415
245	528
246	326
246	355
246	529
247	309
247	502
247	587
247	699
248	459
248	486
248	654
249	410
249	486
249	566
250	255
250	492
251	365
252	396
252	516
252	565
253	266
253	342
253	445
254	303
254	323
254	481
255	281
255	312
255	338
255	504
255	556
255	630
255	661
256	557
257	370
257	390
257	452
258	265
258	280
258	362
258	569
259	266
259	513
259	682
260	470
260	474
260	590
261	645
261	667
262	565
262	568
262	632
262	646
262	672
262	697
263	324
263	334
264	588
265	312
265	626
266	327
266	514
267	462
267	590
267	608
267	661
267	692
268	372
268	444
269	496
270	286
270	359
270	456
270	511
270	564
270	671
271	284
271	320
271	334
271	399
271	504
272	392
272	546
272	581
272	620
273	388
273	472
273	548
274	285
274	411
274	647
275	448
275	469
275	553
276	298
276	624
278	649
278	681
279	503
279	526
280	426
280	599
282	337
282	439
282	529
283	629
284	346
286	328
286	518
287	536
287	628
287	679
288	377
288	412
289	314
289	357
289	386
289	523
289	563
290	586
291	611
292	407
293	507
295	296
295	410
295	417
295	631
295	698
296	435
296	545
297	430
297	587
298	428
298	541
299	335
299	470
299	475
299	499
300	552
301	517
302	476
303	448
303	463
303	564
303	574
303	590
304	402
304	494
304	552
304	585
304	670
305	503
306	308
306	345
306	364
306	523
308	426
308	439
308	555
308	657
309	350
309	508
309	525
309	647
309	683
310	329
311	325
311	403
311	440
311	447
311	492
311	505
312	431
312	457
312	658
313	354
313	443
313	473
313	621
313	692
314	319
314	483
315	442
315	490
316	604
316	618
316	637
316	680
317	484
318	473
318	663
319	438
320	347
320	370
320	567
321	322
321	331
321	338
321	448
321	584
322	389
322	440
322	526
322	575
322	588
322	649
324	579
324	635
324	659
326	329
326	466
326	698
327	529
327	674
328	400
328	547
328	587
328	607
328	676
328	680
328	699
330	381
331	495
331	510
331	545
333	525
334	343
334	523
335	492
335	697
336	411
337	367
337	474
337	601
338	499
339	503
339	584
339	614
340	532
342	518
343	485
343	669
343	693
344	424
344	457
344	468
344	672
345	401
345	508
346	402
347	356
347	588
348	446
349	379
349	421
349	538
349	584
349	587
349	673
351	626
352	378
352	469
352	557
352	598
353	414
353	591
353	659
354	391
354	445
354	548
354	649
354	689
356	452
357	459
357	491
358	459
358	677
358	699
359	472
359	491
359	512
359	533
359	650
360	482
360	506
360	525
360	649
360	686
361	440
361	618
362	368
362	608
362	635
364	578
365	418
365	503
365	533
365	622
365	656
366	602
367	601
369	407
369	564
369	667
370	517
370	695
371	620
372	446
373	394
373	440
374	437
375	502
375	651
376	418
376	489
376	566
378	419
378	584
378	684
379	411
379	624
380	562
382	461
382	691
383	386
383	419
383	524
383	696
386	490
386	611
386	615
386	688
387	698
388	438
389	506
390	649
392	397
393	580
394	424
395	475
395	528
395	597
395	690
396	455
396	465
396	642
397	574
397	664
398	516
399	407
399	422
399	522
400	503
401	431
401	606
402	624
404	443
404	501
405	507
407	437
407	504
407	556
408	462
408	507
408	596
408	621
408	655
410	519
410	605
411	426
411	448
411	511
411	665
411	689
414	601
414	625
416	527
416	603
417	558
417	636
418	699
419	582
419	682
420	424
420	553
421	459
421	550
422	666
422	674
424	489
424	535
424	601
425	674
426	488
426	491
426	572
427	430
427	556
429	434
429	448
430	630
430	666
433	680
434	618
435	644
435	645
436	491
436	618
437	572
438	548
438	550
439	479
439	533
439	637
440	580
441	488
441	517
442	524
442	606
442	613
443	461
443	533
444	537
444	541
444	548
444	623
444	685
445	618
445	676
447	544
448	652
449	538
449	577
449	687
450	467
450	532
450	684
451	464
451	476
452	644
452	673
453	546
453	589
453	608
453	645
454	561
454	598
456	684
457	559
457	653
458	561
460	595
460	657
461	560
462	464
463	480
464	533
465	490
466	559
466	564
467	663
468	483
468	502
468	504
468	690
469	518
470	502
470	533
471	588
476	641
478	479
479	510
479	602
479	675
480	635
482	589
483	681
484	511
484	642
486	496
486	647
486	660
487	521
487	605
488	503
488	509
489	689
490	532
491	534
491	659
492	534
492	595
492	616
492	698
495	532
496	547
498	584
499	502
500	694
501	628
502	525
503	561
503	624
504	510
504	578
505	598
506	528
509	516
509	661
510	527
512	611
512	663
513	545
513	687
513	694
515	645
515	689
517	523
517	601
518	566
519	546
519	563
519	630
520	613
520	673
521	690
524	549
525	658
526	629
527	678
528	600
529	653
529	655
530	665
530	667
531	699
532	538
532	545
532	559
532	610
532	647
534	573
534	591
535	570
538	574
538	698
539	579
540	638
542	639
544	616
544	618
544	631
547	673
549	672
550	695
551	619
553	661
553	685
554	652
556	645
557	679
558	659
560	679
561	592
561	601
562	677
564	664
564	680
566	603
566	680
567	580
569	699
570	641
570	644
570	670
570	697
571	629
572	589
576	631
576	667
580	627
581	690
582	640
582	691
584	651
585	678
587	648
588	595
588	603
594	612
594	629
595	603
596	652
597	682
598	601
601	643
601	659
603	677
604	634
604	652
605	680
607	613
607	637
608	685
609	621
611	697
615	675
617	678
617	686
621	632
622	661
624	635
627	644
631	660
631	698
632	690
632	693
633	677
633	692
637	665
637	694
642	693
643	659
645	697
646	685
651	693
653	655
653	667
661	684
662	690
665	668
665	695
667	674