0	128
0	266
0	405
0	432
0	573
0	599
1	275
1	439
1	565
1	655
2	628
3	128
3	299
3	315
4	15
4	79
4	142
4	548
5	522
5	617
5	677
5	684
6	311
6	474
6	510
7	257
7	342
7	485
7	674
8	109
8	118
8	544
8	565
8	687
9	423
10	79
10	154
10	274
10	283
10	561
10	603
11	101
11	159
11	162
11	404
11	489
11	515
12	171
12	194
12	295
12	572
13	66
13	167
14	15
15	90
15	146
15	303
15	319
15	354
15	420
15	467
15	663
16	262
16	343
17	82
17	180
17	250
17	349
18	274
18	678
19	222
19	675
20	557
21	108
22	118
22	153
23	177
23	244
23	337
23	461
23	462
23	513
24	244
24	331
24	344
24	445
24	596
25	174
25	341
25	378
25	474
26	425
26	460
26	581
26	595
26	638
26	677
27	65
27	119
27	432
27	532
27	687
28	49
28	56
28	251
28	581
28	584
29	102
29	140
29	231
29	271
29	352
29	684
30	77
30	161
30	356
30	489
30	584
31	231
31	298
31	340
31	350
31	381
31	418
32	101
32	352
32	518
32	525
33	559
34	104
34	130
34	439
34	440
34	500
35	79
35	133
35	214
36	343
37	121
37	256
37	641
38	141
38	251
39	126
40	79
40	435
41	64
41	168
41	593
42	121
42	198
42	249
42	283
42	417
42	548
42	564
43	99
43	179
43	217
43	316
44	111
44	443
45	75
45	142
45	493
46	299
46	397
46	570
46	614
46	666
47	85
47	147
48	118
48	629
49	222
49	231
49	479
50	77
50	83
50	246
50	504
51	330
52	242
52	338
52	394
52	618
52	622
53	331
53	447
53	509
54	58
54	147
54	370
54	511
55	387
55	396
55	560
55	564
56	64
56	203
56	534
57	75
57	422
57	449
57	525
57	596
58	88
58	315
58	479
58	506
58	649
58	690
58	693
59	164
60	367
60	458
61	257
61	414
61	480
62	78
62	280
62	592
63	150
63	199
63	405
63	584
64	255
64	445
64	589
64	662
65	86
65	623
66	81
66	404
66	670
67	304
67	590
67	662
68	83
68	290
68	297
68	390
68	536
69	522
69	610
69	673
69	682
70	362
71	74
71	180
71	248
71	256
71	278
71	437
72	85
72	125
72	202
72	568
73	608
73	611
74	371
74	562
74	605
74	660
75	433
75	591
75	593
75	636
76	516
77	118
77	358
77	590
77	604
77	651
78	119
78	191
78	207
78	250
78	276
78	311
78	501
78	640
79	169
79	519
79	697
80	539
80	549
80	581
80	651
81	195
81	271
81	273
81	490
81	555
82	149
82	191
82	352
83	227
83	676
84	521
84	671
85	118
85	195
85	492
85	510
85	534
85	539
86	114
86	588
86	632
87	292
87	313
87	440
87	648
88	138
88	212
88	335
88	408
88	518
89	177
90	138
91	209
91	235
91	298
92	136
92	192
93	267
93	274
93	440
94	152
94	360
94	420
94	494
95	337
95	693
96	345
96	386
97	334
97	485
98	266
98	557
98	606
98	626
99	191
100	214
100	292
100	361
102	128
102	436
102	578
102	615
103	136
103	239
104	156
104	336
104	454
104	494
104	502
104	546
105	293
105	326
105	383
105	413
106	321
106	326
106	379
106	426
106	454
106	483
106	503
106	645
107	109
107	138
107	192
107	250
107	394
107	418
108	353
108	587
108	682
109	167
109	244
109	283
109	473
109	547
110	284
111	141
111	217
112	156
112	254
113	187
113	292
113	543
113	612
114	570
114	594
115	215
115	576
115	630
115	683
116	396
116	644
117	165
117	175
118	327
118	390
118	658
119	134
119	255
119	475
119	520
120	167
120	183
120	250
120	251
120	374
120	440
121	244
121	488
121	611
122	587
123	296
123	516
123	656
124	487
124	550
125	225
125	273
126	502
126	569
126	638
127	398
127	461
129	142
129	576
129	638
129	643
129	692
130	193
130	281
130	559
130	646
131	181
131	315
131	629
131	697
132	142
132	179
132	303
132	589
132	626
133	317
133	597
134	192
134	207
134	250
134	453
134	495
134	614
134	645
135	170
135	182
135	602
135	664
136	215
136	367
136	431
136	484
137	510
137	698
138	443
138	579
138	584
138	661
139	236
139	624
139	658
139	683
139	694
140	298
140	546
140	683
141	279
141	517
141	609
142	395
142	402
142	420
142	480
142	569
142	638
143	196
143	530
143	533
143	656
144	192
144	196
144	399
144	604
144	605
145	236
145	318
145	434
146	647
146	674
146	679
147	402
147	536
148	232
149	239
149	256
149	629
149	660
149	694
150	239
150	446
150	620
150	625
151	479
151	621
152	312
152	457
152	564
152	621
152	644
153	314
153	318
153	336
153	422
153	497
154	191
155	510
156	213
156	497
156	680
157	297
157	334
157	397
158	349
158	556
158	580
158	698
159	440
159	462
159	589
160	411
160	626
161	383
161	466
161	476
161	607
161	644
161	677
162	316
162	472
162	499
162	581
163	444
164	167
164	453
164	472
164	589
165	169
165	544
165	582
165	677
166	266
166	340
166	347
166	517
167	270
167	445
168	192
168	235
168	424
168	428
169	368
169	634
170	595
171	281
171	443
172	321
172	442
172	486
172	546
173	406
173	419
173	586
173	587
173	595
174	184
175	180
175	205
175	321
175	500
176	360
176	511
177	316
177	574
177	626
177	646
178	403
179	331
179	354
179	358
181	273
181	304
181	386
181	685
182	327
183	325
183	431
184	259
184	431
184	441
184	620
185	503
185	519
185	558
186	526
187	243
187	323
187	433
187	513
188	229
188	279
188	292
188	410
188	443
188	607
189	232
189	302
190	345
191	393
191	427
191	636
192	305
192	573
192	615
192	637
193	425
193	486
193	585
194	258
194	284
194	321
194	555
194	560
195	363
195	370
195	395
195	660
195	698
196	289
196	299
196	631
197	281
197	313
197	450
197	591
197	663
198	218
198	248
198	301
198	553
199	298
199	305
199	365
199	518
199	637
199	638
200	229
200	347
200	413
200	550
201	418
201	429
201	455
202	239
202	493
202	534
202	556
203	269
203	601
203	693
204	266
204	339
204	493
204	585
205	242
205	250
206	386
206	513
206	534
207	514
208	314
208	472
208	534
208	683
209	224
209	288
209	372
209	481
209	542
210	370
210	676
211	461
212	406
212	408
212	439
212	615
213	225
213	361
214	697
215	483
215	573
216	224
216	243
216	487
217	356
217	464
217	533
217	563
217	678
218	232
218	338
218	468
218	616
219	246
219	283
219	376
219	540
219	576
220	235
220	237
220	286
220	344
220	541
220	620
221	459
221	484
221	585
222	569
223	508
224	316
224	655
225	377
225	627
226	575
226	649
227	269
227	290
227	328
227	481
227	616
228	691
230	345
230	655
230	668
231	272
231	402
232	552
232	592
233	530
234	519
234	659
235	636
236	283
236	404
236	419
236	432
236	614
237	375
237	384
237	549
238	435
239	241
239	365
239	552
239	570
240	539
240	616
240	656
241	328
241	628
242	280
242	426
243	301
243	343
243	350
243	672
244	249
244	366
244	417
245	428
245	588
247	305
247	403
247	526
247	647
248	282
248	374
248	377
249	353
249	388
250	266
250	280
251	473
251	492
251	567
251	608
252	392
253	310
253	558
254	289
254	641
257	401
257	423
258	442
258	546
259	288
260	354
260	357
260	488
261	451
262	302
262	385
262	517
262	592
263	540
263	570
263	599
263	629
264	440
264	546
265	525
265	692
266	349
267	275
267	490
267	508
268	343
268	668
269	389
269	415
269	555
270	554
271	432
271	601
272	511
272	567
273	345
273	694
274	307
274	363
274	387
274	514
275	438
275	563
275	679
276	445
276	449
276	560
276	587
277	629
277	633
278	417
278	572
278	575
279	413
279	556
279	673
279	694
281	422
282	290
282	304
282	507
282	647
283	686
284	345
284	539
284	685
285	317
285	355
285	362
285	580
286	486
286	512
287	316
287	382
287	414
288	323
288	355
288	566
288	662
289	309
289	573
290	467
291	590
292	392
292	512
292	595
292	639
293	482
293	509
293	547
294	616
296	333
296	461
296	485
296	504
296	578
299	505
299	620
300	465
301	499
302	377
302	467
302	471
302	595
303	313
303	547
304	442
304	447
304	582
304	635
305	306
305	675
306	471
307	426
307	571
308	499
309	496
309	525
309	561
310	321
310	383
311	447
311	522
312	432
313	538
314	363
314	400
314	430
315	322
315	559
316	537
318	427
318	472
318	575
318	587
319	355
319	367
320	533
321	685
322	585
323	496
324	536
325	544
327	603
328	488
328	588
328	670
328	682
329	334
329	422
329	538
330	413
330	515
330	522
330	615
330	680
331	387
332	402
332	466
333	338
333	602
334	507
335	339
335	362
335	402
335	478
335	537
335	618
336	401
336	605
338	368
339	411
339	496
339	646
340	600
341	412
341	500
341	570
341	635
342	551
342	624
343	519
343	597
344	506
344	521
344	686
345	622
346	481
346	620
347	452
347	620
347	663
348	419
348	532
348	664
349	620
350	589
350	627
350	695
351	541
351	563
352	531
353	652
354	566
355	563
355	622
355	633
356	441
356	544
356	648
356	649
357	467
357	688
358	410
358	496
358	680
359	674
360	570
361	428
362	410
363	411
363	495
363	584
364	500
364	593
365	385
365	512
365	540
365	547
365	555
366	619
367	393
367	588
368	665
369	405
369	406
369	675
371	398
371	482
372	403
372	491
372	517
372	605
373	437
374	606
374	673
375	621
375	670
376	433
376	437
377	507
377	547
378	461
378	580
378	654
379	385
379	613
379	663
380	548
380	598
381	385
381	548
381	579
381	584
381	670
383	670
384	398
384	651
385	399
385	443
385	536
387	438
387	602
387	678
388	519
389	557
390	532
390	686
391	640
395	578
396	450
397	429
397	599
398	502
398	624
399	504
400	413
400	584
400	646
401	469
401	501
401	520
401	660
402	453
402	684
403	410
403	689
403	691
405	416
405	614
406	626
407	428
407	610
407	691
408	418
408	620
409	451
409	464
409	598
411	541
412	455
412	489
413	429
413	583
413	686
414	562
414	579
415	682
416	455
416	477
416	562
416	643
418	478
418	480
419	532
420	484
420	531
420	596
421	524
421	635
421	666
421	691
423	537
423	553
424	435
424	520
425	598
425	690
426	442
427	436
427	637
428	629
429	626
430	470
432	674
433	685
434	686
435	641
437	688
438	619
439	531
439	571
440	667
441	509
441	674
444	499
445	583
445	616
446	593
447	545
448	696
449	465
450	535
451	471
451	514
452	619
453	547
454	455
454	570
455	473
455	584
455	593
455	602
456	524
458	687
459	688
460	467
460	475
460	525
460	615
460	670
461	553
461	591
461	699
462	488
462	548
462	568
462	630
463	504
463	507
464	556
465	476
467	493
467	516
467	544
467	551
468	669
469	496
472	551
473	491
475	551
475	661
477	569
477	594
480	554
481	515
481	605
482	559
483	578
484	606
484	651
485	589
487	668
488	522
488	625
490	548
492	567
492	570
492	581
492	608
492	683
496	582
496	644
497	590
498	556
499	512
499	517
499	552
500	580
502	520
503	577
504	658
505	665
505	684
506	543
506	579
508	555
508	588
509	579
509	669
511	588
513	612
515	623
517	531
517	543
519	556
520	668
520	690
521	683
522	546
522	569
523	546
523	594
524	570
525	536
526	537
527	561
528	665
529	650
530	569
532	554
536	689
538	654
538	697
539	647
539	662
541	609
541	624
542	659
543	620
545	614
546	688
548	608
549	696
550	555
550	575
550	596
553	619
553	690
555	693
557	585
560	599
561	573
561	650
565	621
565	646
565	671
567	591
567	636
567	659
570	573
572	648
572	699
575	667
580	658
586	630
587	661
590	657
595	664
596	597
597	635
597	685
598	672
606	694
611	636
611	677
612	688
615	649
616	644
618	658
621	696
623	656
624	688
626	639
629	642
629	677
631	666
632	654
632	667
634	688
639	681
645	649
647	688
649	657
652	689
653	666
659	681
659	691
685	694