0	27
0	79
1	21
1	113
1	277
2	196
2	301
2	556
3	18
3	79
3	87
3	178
3	308
3	565
3	676
4	317
4	346
4	386
4	553
5	59
5	281
5	695
6	142
6	435
6	447
6	525
7	97
7	201
7	265
7	321
7	419
8	102
8	363
8	437
8	672
8	698
9	307
10	471
11	95
11	279
11	511
12	187
12	496
13	317
13	586
14	80
14	308
15	615
16	30
17	59
17	308
17	511
17	554
17	562
17	629
18	169
18	219
18	625
19	199
19	241
19	260
19	330
20	33
20	127
20	188
20	276
20	416
20	573
20	692
21	76
21	278
21	506
21	586
22	221
22	325
22	698
23	228
23	378
23	381
23	623
24	60
25	124
25	167
25	169
25	295
25	333
25	430
25	590
25	616
26	51
26	331
26	351
27	97
27	135
27	273
27	509
27	592
28	209
28	365
28	473
28	492
28	538
28	550
29	190
29	199
29	332
29	414
29	609
29	680
30	65
30	129
30	251
30	332
30	564
30	652
31	164
31	184
31	650
32	217
32	480
32	617
32	650
33	443
33	480
33	535
34	50
34	251
34	465
34	477
34	515
35	240
35	524
35	552
36	239
36	364
36	367
36	404
36	609
36	651
36	688
37	157
37	225
38	459
38	469
38	536
38	600
39	58
39	487
39	498
39	612
40	88
40	402
40	424
40	527
40	539
41	314
41	437
41	596
42	218
43	269
43	528
44	68
44	107
44	186
44	420
44	627
44	676
45	288
46	63
46	259
46	487
47	58
47	115
47	384
48	226
49	500
49	585
49	669
50	62
50	167
50	180
50	217
50	223
50	276
50	427
50	581
51	76
51	287
52	170
52	175
52	229
52	442
52	470
52	574
52	680
53	347
53	495
53	505
53	574
53	632
54	530
54	621
55	94
55	242
55	275
56	99
56	113
56	360
56	508
56	540
56	649
57	110
57	150
57	533
57	597
57	687
58	122
58	126
58	306
59	112
59	145
59	207
59	238
59	274
60	265
60	268
60	482
60	669
61	144
61	205
61	311
61	335
61	592
62	114
62	214
62	243
62	460
62	471
63	150
63	263
63	290
63	426
63	436
63	659
64	186
64	224
65	253
65	393
65	442
66	484
67	160
67	570
68	251
68	502
69	135
69	465
69	470
69	542
69	594
69	597
70	224
70	332
70	424
70	613
71	144
71	270
71	350
72	235
72	323
72	345
72	364
73	157
73	409
73	466
73	605
74	535
75	101
75	272
75	406
75	631
75	646
75	678
76	619
77	98
77	111
77	239
77	410
78	271
78	417
78	648
79	431
79	503
80	218
81	152
81	239
81	363
81	480
81	500
81	567
82	102
82	172
82	227
82	398
82	551
83	131
83	443
83	567
84	201
84	269
84	549
84	691
85	105
85	138
85	185
85	226
85	312
85	669
85	679
86	447
86	533
87	140
87	458
87	579
88	184
88	259
88	337
88	448
88	610
89	90
89	216
90	173
90	185
90	247
90	376
91	506
91	604
91	621
91	655
91	691
92	263
92	281
92	391
92	529
93	133
93	217
93	690
94	459
94	572
95	224
95	261
95	301
95	370
95	471
96	230
98	117
98	355
98	602
99	524
99	619
99	651
99	677
99	689
100	142
100	649
101	497
102	157
102	297
102	302
102	310
102	510
103	140
103	175
103	301
103	317
103	448
103	533
104	165
104	245
105	295
105	504
105	506
106	214
106	293
106	358
106	590
106	599
107	450
108	125
108	322
108	354
108	436
108	537
108	542
109	562
110	685
111	301
111	670
112	218
112	565
112	622
113	284
113	353
113	615
113	649
113	655
113	686
113	687
114	241
114	340
115	130
115	197
115	387
115	395
115	397
116	445
116	447
116	457
116	667
117	174
117	385
117	552
117	646
118	355
119	563
120	280
120	595
121	391
122	180
122	331
122	361
123	378
123	481
124	235
124	308
124	374
125	191
125	212
125	301
125	519
125	694
126	230
126	250
126	374
126	587
127	400
127	429
127	549
128	337
128	494
128	541
128	564
128	627
129	156
129	243
129	293
129	583
130	136
130	301
130	644
131	308
131	368
132	249
132	304
132	421
132	448
133	142
133	229
133	319
133	482
133	575
134	272
134	608
135	381
135	664
136	450
136	643
137	255
137	448
137	527
138	203
138	379
138	397
138	538
138	544
138	646
139	250
139	371
139	642
140	238
140	343
140	367
140	647
141	237
141	266
141	282
141	326
141	435
141	604
141	685
142	610
143	203
143	420
143	563
143	693
144	229
144	244
144	355
144	453
145	153
145	206
145	361
146	611
147	376
147	632
147	696
148	251
148	263
148	288
148	406
148	416
148	506
148	545
148	626
149	296
149	448
149	632
150	239
150	301
150	397
150	644
151	413
152	165
152	215
152	219
152	338
152	444
153	332
153	401
153	553
154	196
154	202
154	426
154	551
155	290
155	292
155	450
155	503
155	628
156	191
156	262
156	267
156	281
156	565
156	608
156	645
157	191
157	369
157	491
157	558
158	168
158	287
158	305
158	480
158	616
159	163
159	256
159	623
160	249
160	272
160	506
161	252
161	671
162	551
162	607
163	454
163	614
163	626
165	582
166	172
166	192
166	255
167	676
167	689
168	281
168	320
168	421
168	593
168	626
169	277
169	329
170	231
170	394
171	369
171	658
172	237
172	240
172	451
172	501
173	328
174	393
174	696
176	249
176	264
176	312
176	329
176	534
177	258
178	313
178	560
179	385
179	499
180	302
180	442
181	375
181	408
181	442
181	469
182	268
182	472
182	502
183	380
183	433
183	469
183	476
183	599
183	660
184	237
184	386
184	419
184	425
184	547
184	607
184	684
185	259
185	376
185	639
186	189
187	571
188	276
188	401
188	504
190	353
190	388
190	403
190	418
190	512
191	433
191	518
191	670
192	468
192	531
192	617
193	517
194	511
194	628
194	686
195	376
195	429
195	497
195	670
196	218
196	410
196	693
197	262
197	531
197	641
198	215
198	302
198	479
198	610
199	419
199	500
199	628
200	348
200	446
200	491
200	547
200	649
201	417
201	631
202	448
202	481
202	637
203	318
203	526
204	475
204	597
204	699
205	685
206	249
206	480
207	334
207	627
207	638
207	641
208	262
208	628
209	433
209	463
209	493
210	470
210	628
210	657
211	445
212	252
212	473
212	498
212	539
212	597
213	339
213	367
214	258
214	653
214	682
215	408
215	604
215	669
217	228
217	431
217	439
217	514
217	652
218	660
219	226
219	425
219	471
219	478
219	665
219	682
219	695
220	261
220	275
220	375
220	475
220	678
221	654
222	696
223	429
223	433
223	439
225	484
226	395
226	416
226	492
226	508
227	382
227	389
227	487
227	502
227	565
228	269
228	322
229	431
229	629
230	360
230	449
230	611
231	318
232	250
232	282
232	343
232	433
233	416
233	467
233	534
234	465
235	268
235	272
235	329
235	666
236	290
237	413
237	421
237	557
237	591
237	663
238	667
239	364
240	272
240	610
241	347
242	294
243	505
243	619
245	574
246	313
246	323
247	398
247	620
248	404
248	514
248	524
249	534
250	300
250	584
250	659
251	441
251	567
251	665
252	507
252	544
252	589
253	420
253	529
253	583
254	516
255	357
255	669
256	397
256	442
256	483
256	552
257	412
258	544
258	663
259	305
259	490
259	526
259	532
259	699
260	275
260	281
260	579
261	395
261	589
262	337
262	422
262	665
263	332
263	495
263	594
264	356
265	337
265	431
265	456
265	488
265	493
265	592
268	370
268	401
268	414
268	611
269	281
269	491
269	541
270	313
270	355
271	273
271	291
271	585
271	636
271	642
272	399
272	459
272	650
272	684
273	279
273	297
273	539
273	622
274	481
275	480
277	323
277	454
278	383
278	672
279	498
280	292
280	493
280	536
280	542
280	564
280	569
280	638
281	287
281	373
282	484
282	694
283	560
283	575
284	331
284	470
285	326
285	364
285	467
285	547
286	413
286	451
287	362
287	470
287	526
287	683
288	462
288	593
289	594
290	440
290	497
291	565
291	686
292	544
293	300
293	485
294	463
294	575
295	345
295	411
296	314
296	404
296	426
296	514
296	517
296	664
297	313
297	436
298	610
299	324
300	310
300	399
300	462
300	511
300	553
300	584
301	355
302	412
302	602
303	396
304	541
304	598
304	683
305	442
305	578
305	584
306	339
306	395
306	577
306	588
306	654
307	659
307	660
308	318
308	495
308	688
309	411
309	591
309	597
309	623
310	501
310	530
310	648
310	649
311	314
311	396
312	359
313	560
313	569
314	321
314	389
314	632
315	390
315	649
315	687
316	661
317	366
317	489
317	498
318	391
318	413
318	490
318	505
318	569
318	687
319	409
320	513
320	622
321	446
321	463
321	546
321	689
322	361
322	671
323	475
323	632
324	334
325	544
325	562
325	578
325	594
325	643
325	663
326	334
327	333
328	426
328	673
329	336
329	478
330	337
330	462
331	360
331	403
331	447
331	544
331	691
332	438
332	687
333	429
333	452
333	638
333	652
335	488
335	634
336	384
336	648
337	695
338	391
338	535
338	666
338	670
339	411
339	426
339	680
340	445
341	464
341	474
341	669
342	484
343	360
344	449
344	478
345	439
345	616
346	687
347	446
347	626
347	681
348	695
349	365
349	622
350	694
351	586
351	611
352	443
353	422
353	552
354	365
354	379
354	405
354	632
354	681
355	398
355	428
356	409
356	535
356	583
356	636
357	597
358	365
358	459
358	472
359	694
360	391
360	455
360	522
360	556
363	515
363	524
363	545
363	596
363	607
364	379
364	527
366	400
366	419
366	434
366	489
367	419
367	462
367	547
368	505
368	551
368	559
369	436
370	372
370	383
370	487
370	680
371	412
371	495
371	606
372	436
372	619
374	603
375	494
375	498
375	581
376	566
376	679
376	694
377	571
377	620
378	412
378	439
378	686
379	466
379	583
380	512
380	622
381	479
381	584
381	593
382	408
382	576
384	427
385	565
386	434
388	591
389	634
389	642
389	657
389	666
390	462
391	509
391	566
391	583
392	692
393	458
393	459
393	474
393	563
393	636
393	680
394	470
394	528
394	639
397	420
397	621
397	646
399	564
399	580
399	678
400	444
401	633
402	485
402	504
403	514
403	669
405	452
406	444
406	556
406	603
407	429
407	661
409	529
410	435
410	571
411	414
412	498
412	547
413	590
413	617
414	668
415	685
416	462
416	622
416	656
417	682
418	647
418	662
418	670
419	448
419	475
419	551
420	642
421	698
422	633
423	491
423	694
425	657
426	428
427	443
427	578
428	475
429	672
429	679
430	445
430	521
430	524
430	629
431	683
432	608
432	636
436	509
436	598
437	505
437	661
438	648
439	597
439	630
439	657
441	488
441	564
441	680
442	607
442	612
443	575
443	638
443	675
444	569
444	654
444	655
446	539
446	591
446	625
447	518
450	512
450	543
450	647
453	694
454	464
454	553
456	474
457	517
459	636
460	509
461	566
461	639
462	478
462	611
462	672
463	472
463	496
463	535
463	649
465	580
467	530
468	592
468	612
468	662
469	507
469	627
470	532
470	683
471	508
472	620
472	670
473	617
475	555
477	484
477	666
478	521
480	523
480	561
480	575
480	652
480	699
481	524
481	631
482	689
484	529
484	548
484	656
485	537
485	690
486	510
486	530
486	597
486	610
486	616
486	622
487	527
487	575
488	562
489	604
489	698
490	521
490	670
491	517
492	628
493	698
494	518
494	654
496	599
499	507
501	642
501	670
502	652
505	530
506	555
506	589
506	611
506	677
507	560
507	603
508	693
510	578
510	585
510	660
512	617
513	531
516	522
516	683
517	554
518	590
518	647
519	676
520	579
522	641
524	627
524	650
524	672
526	613
530	575
531	640
533	572
533	623
534	643
534	661
542	571
542	580
544	652
545	611
545	650
546	570
549	590
551	697
555	636
556	672
557	576
559	572
560	612
560	652
565	655
567	668
568	613
569	621
569	648
570	583
573	633
574	588
580	688
581	599
581	648
582	633
583	642
583	645
585	592
585	626
590	674
591	636
592	660
593	631
594	601
598	680
599	655
599	660
601	661
602	647
602	649
603	611
603	662
606	627
608	692
609	655
609	679
611	627
612	635
614	636
614	665
617	644
618	621
618	663
619	696
621	628
622	668
623	669
623	694
624	687
625	651
625	659
627	658
628	642
628	679
637	663
638	695
641	697
642	665
647	696
650	697
654	686
661	663
664	691
677	679
678	682
679	692
680	681
683	693