0	6
0	223
0	244
0	391
0	518
1	310
1	629
1	686
2	223
2	227
2	286
3	17
3	254
3	459
3	532
4	61
4	279
4	442
4	464
4	605
4	635
4	666
5	140
5	145
5	278
5	393
5	469
6	53
6	81
6	109
6	223
6	227
6	386
6	431
6	689
7	117
7	138
7	229
7	245
7	434
7	592
7	626
7	691
8	106
8	121
8	158
8	475
9	27
9	609
9	637
10	240
10	378
10	622
10	630
11	145
11	211
11	251
11	323
11	363
11	395
11	425
11	531
11	589
12	459
13	66
13	273
13	446
13	527
14	208
14	229
14	302
14	669
15	111
15	244
15	437
15	500
16	18
16	301
17	27
17	141
17	164
17	235
18	219
18	222
18	242
18	403
18	575
19	319
19	387
19	665
20	290
20	294
20	302
21	400
21	490
21	557
21	672
22	65
22	73
22	178
22	239
22	410
22	512
22	547
23	408
23	447
23	478
24	465
24	508
24	601
25	168
25	245
25	531
25	542
26	146
26	326
26	410
26	589
27	226
27	456
27	500
27	612
28	275
28	532
28	545
29	127
29	334
29	390
29	419
29	452
30	502
30	572
30	692
31	405
31	524
31	647
32	295
33	154
33	625
34	205
34	283
34	356
34	462
34	467
35	232
35	470
36	50
36	54
36	155
36	436
37	141
37	460
37	518
37	678
38	52
38	439
38	515
38	636
39	488
39	635
40	99
40	197
40	302
40	529
40	540
41	163
41	391
41	699
42	144
42	184
42	487
42	550
43	127
43	228
43	399
44	184
44	242
44	243
44	529
44	687
45	89
45	124
45	373
45	410
45	505
45	595
46	467
46	498
47	139
47	332
47	345
47	361
47	609
47	611
48	59
48	134
48	258
48	680
49	99
49	133
49	255
49	423
50	137
50	463
50	470
50	654
51	256
51	340
51	407
51	625
52	287
52	504
52	630
52	681
53	192
53	294
53	354
53	529
54	188
54	202
54	235
54	308
54	469
55	106
55	131
56	511
57	260
57	328
57	565
57	598
58	123
58	245
58	489
59	167
59	331
59	343
59	413
59	439
59	509
60	162
60	214
60	274
60	302
60	316
60	410
60	590
61	350
61	444
61	523
61	571
62	177
62	391
62	501
63	255
63	377
64	146
64	323
64	443
64	476
64	589
64	656
65	235
65	280
65	281
65	293
65	298
66	74
66	590
66	667
66	687
67	344
67	418
67	474
67	628
68	165
68	397
69	194
69	195
69	462
69	550
69	568
69	620
70	82
70	116
70	458
70	465
71	82
71	186
71	423
72	162
72	220
72	318
72	350
72	623
73	363
73	391
73	514
73	631
74	238
74	284
74	554
74	570
75	114
75	234
75	387
75	464
75	504
75	531
75	542
75	645
75	689
76	556
76	624
77	615
78	114
78	188
78	388
78	421
78	432
78	544
78	671
78	680
79	183
79	361
80	178
80	206
80	498
81	367
81	470
82	174
82	252
82	265
82	337
82	385
82	398
82	403
82	649
83	212
83	677
84	696
85	210
85	406
85	459
85	630
86	199
86	221
86	494
86	617
87	326
87	433
87	501
87	650
88	220
88	505
89	223
89	265
89	287
89	331
89	681
90	412
90	555
90	587
90	643
91	178
91	220
91	237
91	439
91	543
91	569
92	374
92	376
92	432
92	603
93	95
93	134
93	284
93	538
93	652
94	414
94	478
94	575
94	656
95	153
95	409
95	667
96	140
96	171
96	279
96	497
97	104
97	107
97	153
98	218
98	530
98	565
98	586
98	600
99	167
99	468
100	135
100	248
100	290
100	321
100	328
100	367
100	572
100	661
101	119
101	334
101	556
102	311
102	408
102	474
103	444
103	584
103	598
103	698
104	229
104	375
104	395
104	539
104	576
105	110
105	119
105	134
105	178
105	234
105	243
105	250
105	369
105	370
105	424
105	573
106	225
106	254
106	384
106	417
106	430
106	558
107	316
108	215
108	280
108	396
108	599
108	674
108	689
109	226
109	693
109	699
110	169
110	397
110	398
110	420
111	128
111	333
111	424
111	616
112	215
112	285
112	494
112	684
113	213
113	266
113	284
114	537
115	118
115	191
115	227
115	295
115	508
115	646
117	161
117	402
117	476
118	208
118	231
118	249
118	376
119	213
119	364
119	675
120	123
120	261
120	271
120	668
121	153
121	249
121	625
121	681
121	684
122	312
122	429
122	497
122	526
122	673
123	132
123	363
123	479
123	499
124	259
124	272
124	343
124	462
125	153
125	287
125	314
125	354
125	566
125	693
126	135
126	310
126	438
126	648
126	677
127	699
128	133
128	219
128	250
128	526
128	673
128	685
129	237
129	283
129	377
129	521
130	200
130	629
131	417
132	207
132	236
132	371
132	447
132	624
133	253
133	257
133	302
133	398
133	539
134	327
134	420
134	577
134	590
135	328
135	364
135	378
135	419
135	427
135	501
135	620
136	280
136	463
136	624
137	287
137	382
138	146
138	629
139	184
139	292
139	441
140	331
140	458
141	211
141	303
142	239
142	241
143	214
143	360
143	494
143	634
144	237
144	265
144	283
144	348
144	490
144	527
145	407
145	468
145	536
145	586
145	612
146	212
146	332
146	526
147	227
147	242
147	649
147	668
148	373
149	465
149	553
150	211
151	369
151	645
151	692
152	517
152	557
152	603
153	428
153	463
153	492
154	317
154	686
155	295
155	572
156	218
156	259
156	451
157	478
157	535
157	614
158	342
159	387
159	469
160	216
161	521
161	568
162	201
162	533
162	645
163	487
163	598
163	607
163	646
164	190
164	366
164	416
164	541
165	189
165	646
166	387
166	458
166	518
166	576
166	622
167	210
167	553
168	180
168	490
169	226
169	280
169	498
169	591
169	637
170	461
170	464
170	523
170	668
171	393
172	335
172	507
173	305
173	527
173	560
173	580
173	612
173	629
174	286
174	585
175	433
175	439
175	480
175	505
175	568
175	643
175	695
176	226
176	330
176	649
177	264
177	529
177	533
178	415
178	589
178	641
179	216
179	219
179	314
179	368
179	479
180	593
181	231
181	266
181	546
181	663
182	285
182	389
182	457
183	429
184	386
184	645
185	241
185	556
185	665
186	624
187	271
187	593
188	452
188	460
188	537
189	217
189	476
189	541
189	608
190	398
191	286
191	452
191	608
191	648
192	446
192	463
192	584
192	670
193	206
193	220
193	304
193	470
194	292
194	387
194	455
194	458
194	536
195	421
196	340
196	540
196	631
197	292
197	335
197	468
197	543
197	661
198	261
198	280
198	458
199	254
199	462
199	476
199	512
200	675
200	689
201	359
201	414
201	450
201	461
201	580
201	618
202	500
203	541
203	544
204	471
205	248
205	411
205	420
206	438
206	453
206	513
206	617
207	358
207	590
207	603
207	633
208	349
208	461
208	537
208	624
208	629
209	566
209	671
210	421
210	677
211	479
212	467
213	249
213	479
213	667
214	416
215	244
215	536
215	538
215	672
216	404
216	555
216	582
217	379
218	310
218	601
219	288
219	312
219	377
220	300
221	357
221	530
221	550
221	563
223	400
223	606
224	327
224	451
224	496
224	571
224	611
225	243
225	369
225	394
225	592
226	282
226	352
226	383
226	444
227	579
229	256
229	302
230	602
231	334
231	438
232	314
232	680
233	286
233	354
233	380
233	439
233	487
233	656
234	445
235	584
236	573
236	674
237	418
237	671
237	674
238	273
238	425
239	421
239	452
239	488
239	522
239	614
239	673
240	650
240	696
241	311
241	691
243	279
243	285
243	300
243	401
244	655
244	677
245	257
245	273
245	547
246	330
246	464
246	543
247	289
247	408
247	445
247	490
247	606
248	407
248	510
248	528
249	525
249	590
249	681
251	570
252	412
252	565
252	577
252	586
252	682
253	455
253	469
253	499
253	650
255	427
255	690
256	315
256	323
256	415
256	469
256	521
257	533
257	658
258	436
258	634
259	505
259	628
260	607
261	393
261	543
261	581
261	601
262	359
262	366
262	654
263	509
263	574
264	269
264	428
264	450
265	385
266	695
267	286
268	384
268	553
270	339
270	450
270	523
271	349
271	514
271	524
273	518
273	520
274	390
274	433
274	523
274	592
275	458
275	594
276	352
276	389
276	451
276	502
277	629
278	318
278	547
278	671
279	661
280	301
281	330
281	450
281	456
282	368
283	624
283	694
284	346
284	678
285	307
285	327
285	617
286	395
286	462
286	537
286	670
288	451
288	591
288	632
288	642
289	510
290	556
290	698
291	312
291	608
291	623
291	651
292	586
293	397
294	662
295	300
296	308
296	493
296	688
297	501
297	660
298	501
298	538
298	581
299	425
299	507
299	640
300	592
301	320
301	367
301	393
301	438
302	517
303	447
303	486
304	433
304	617
305	367
305	520
306	367
306	400
306	426
307	382
307	400
307	480
307	606
307	631
307	664
308	597
308	603
309	534
309	626
310	370
310	379
310	406
310	563
310	649
311	340
312	340
312	374
312	477
313	377
313	379
313	426
313	617
313	636
314	365
314	489
314	619
314	639
315	373
315	414
315	540
316	422
316	658
318	388
318	641
320	345
321	338
322	381
323	480
323	499
323	573
323	608
323	631
324	349
324	571
325	328
325	340
325	452
325	497
325	616
326	610
326	676
327	337
327	379
327	431
327	613
328	369
328	469
328	553
329	369
329	433
329	479
330	368
330	380
331	441
331	503
331	560
331	633
332	351
332	369
332	415
332	533
333	503
333	521
334	565
334	604
334	606
334	640
334	699
335	415
336	656
337	448
337	498
337	521
337	631
338	425
338	428
338	488
339	565
339	681
340	431
340	498
340	600
341	673
342	365
343	421
343	513
343	669
344	460
344	571
345	470
345	495
345	501
345	687
346	413
347	488
347	601
348	621
348	684
349	478
349	509
350	387
350	514
350	551
352	409
352	582
353	446
353	504
354	355
354	390
354	469
354	633
355	555
355	570
355	699
356	463
356	501
356	608
357	361
357	463
357	468
357	483
359	445
359	615
361	522
362	465
362	468
362	599
363	489
364	413
364	421
364	515
364	579
364	627
365	513
365	638
366	686
367	444
367	455
367	652
367	682
368	410
368	506
368	548
369	394
369	413
369	537
369	601
370	429
370	447
370	687
370	692
371	470
371	591
372	482
372	568
373	640
374	659
375	440
376	663
378	400
379	601
380	507
380	522
380	596
380	604
381	526
382	490
383	451
383	603
384	643
385	393
385	415
385	426
385	481
385	558
385	699
386	591
387	475
388	440
389	507
390	477
392	444
392	453
393	399
393	477
394	481
394	563
395	461
395	503
395	511
396	534
396	610
396	618
398	401
398	440
398	479
398	571
398	657
398	658
399	695
401	593
403	486
403	565
403	574
404	455
404	550
404	587
404	594
405	638
406	654
408	593
409	544
409	577
409	619
410	545
411	449
411	491
412	494
412	666
413	530
413	552
413	616
414	468
414	479
414	483
414	545
414	679
415	668
416	459
418	528
418	676
419	443
420	435
420	608
420	656
421	649
422	543
423	438
423	680
423	697
424	494
424	545
424	693
426	643
427	436
427	545
427	551
427	579
427	647
428	527
432	664
433	530
433	687
434	443
436	453
436	592
437	615
438	540
439	481
439	562
440	453
440	647
440	679
441	579
443	507
443	597
444	457
445	583
448	511
449	504
449	520
449	587
450	521
450	574
450	684
451	535
451	557
451	605
452	523
453	574
454	613
454	643
456	632
456	670
457	491
457	693
459	491
459	592
459	626
461	673
462	657
465	588
465	648
465	649
466	638
468	698
469	661
472	493
472	542
472	667
472	683
473	524
473	526
475	637
476	479
476	484
477	486
477	527
477	695
478	638
480	487
481	567
482	572
482	603
484	623
484	651
485	627
486	614
486	653
487	503
487	655
488	665
490	664
491	584
493	596
494	612
494	629
497	580
498	644
499	553
500	522
501	676
501	684
502	562
504	577
504	594
505	512
506	523
506	565
506	624
508	586
509	516
509	608
510	559
511	658
512	585
513	546
515	543
517	534
517	677
519	574
520	691
522	591
524	577
524	597
524	602
524	615
525	544
525	625
526	619
528	581
528	691
529	649
530	663
531	541
532	533
532	606
533	676
536	609
538	605
540	672
541	554
542	563
544	556
545	665
548	586
549	613
550	611
552	621
557	560
558	616
561	585
562	571
562	686
564	573
565	586
566	595
568	644
569	605
570	681
571	682
572	574
572	649
575	618
576	577
578	596
579	650
580	599
584	625
587	606
590	682
595	639
596	657
598	634
602	634
607	617
608	690
608	694
615	668
615	697
616	625
625	682
627	639
630	662
632	697
636	652
648	670
650	696
652	665
653	685
654	677
658	667
663	669
668	682
668	689
671	694
683	691