0	94
0	230
0	379
0	673
1	53
1	445
1	617
1	680
2	18
2	25
2	219
3	190
3	556
4	82
4	596
4	633
5	59
5	181
5	625
5	655
6	101
6	131
6	381
7	380
7	391
7	438
7	560
8	14
8	222
8	560
8	699
9	468
9	527
10	137
10	337
10	420
10	466
10	618
11	284
12	195
12	535
12	565
12	648
13	368
13	373
13	422
13	449
13	636
14	209
14	343
14	503
15	226
15	228
15	388
15	465
15	635
16	140
17	79
17	195
17	525
17	546
17	622
17	680
17	686
18	154
18	298
18	415
18	492
19	396
19	424
19	611
20	157
20	328
20	461
20	502
20	538
21	30
21	128
21	185
21	262
21	598
22	190
22	261
22	462
22	481
22	487
22	654
23	43
23	333
23	335
23	654
23	683
24	120
24	494
25	373
25	387
25	555
25	558
25	636
25	674
25	679
26	227
26	300
26	306
26	512
26	514
27	89
27	238
27	241
27	296
27	365
27	458
27	683
28	445
28	591
29	493
29	504
29	610
30	97
30	616
30	626
31	428
31	530
32	691
33	88
33	401
33	531
33	688
34	382
34	448
34	657
35	99
35	193
35	340
35	436
35	484
35	643
36	46
36	304
37	67
37	255
37	519
38	163
38	331
39	216
39	356
39	536
39	539
39	552
39	686
40	387
40	599
41	445
41	676
42	99
42	437
42	654
42	680
43	73
43	155
44	158
44	364
45	305
45	622
46	93
46	174
46	188
46	406
47	106
47	242
47	464
47	604
47	642
48	598
49	129
49	319
49	353
49	396
49	447
49	534
50	65
50	95
50	352
50	465
51	213
51	488
51	505
52	64
52	354
52	467
52	477
52	552
53	510
54	123
54	286
54	391
55	120
55	145
55	198
55	258
55	298
55	494
55	609
56	83
56	309
56	550
56	653
57	198
57	537
58	125
58	351
58	452
58	571
59	107
59	157
59	166
59	286
59	660
60	208
60	477
61	142
61	337
62	113
62	284
62	297
62	327
62	368
62	542
62	548
62	578
62	659
62	683
63	222
63	382
63	523
63	582
64	108
64	183
64	390
65	222
65	381
65	553
65	619
66	525
66	595
66	605
66	609
67	97
67	233
67	368
67	456
67	532
68	197
68	228
68	434
68	446
69	533
69	577
70	269
70	303
71	301
71	307
71	394
72	238
72	270
72	482
72	664
73	191
73	264
73	430
73	641
74	142
74	233
74	388
74	661
75	95
75	189
75	199
75	230
76	281
76	302
77	130
77	141
78	249
78	488
79	238
79	297
79	318
79	441
79	534
79	567
79	682
80	411
81	231
81	665
82	240
82	639
82	662
83	175
83	287
83	333
83	436
84	98
84	99
84	218
84	325
84	399
84	435
84	502
84	513
85	359
85	505
85	606
85	634
85	685
86	240
86	284
86	436
86	446
87	369
88	432
88	509
88	637
89	179
89	291
89	561
90	166
90	261
90	505
91	105
91	543
91	550
91	655
92	123
92	169
92	347
92	412
92	627
93	632
94	382
94	544
94	567
94	578
94	610
95	274
95	341
96	204
96	229
96	306
96	524
96	624
96	633
97	209
97	551
97	664
98	122
98	632
99	100
99	291
99	365
100	159
100	180
100	348
100	558
101	333
101	450
102	128
102	236
102	530
102	579
102	607
102	610
103	599
103	679
104	108
104	217
104	623
105	121
105	272
105	417
105	527
106	199
106	255
106	303
106	473
106	486
106	537
106	637
107	402
107	477
107	651
108	469
108	590
108	605
109	142
109	147
109	229
109	338
109	576
110	164
110	216
110	378
110	496
111	171
111	198
111	457
112	265
112	418
112	602
113	146
113	151
113	362
113	571
113	643
113	656
114	459
115	537
115	667
115	668
116	223
116	336
116	358
116	454
116	541
116	697
117	118
117	247
117	513
117	627
119	391
119	499
119	517
119	551
119	627
120	280
120	448
120	628
121	339
121	682
122	152
122	161
122	308
122	626
123	312
123	646
124	180
124	361
124	635
124	639
125	410
125	558
125	571
126	396
127	296
128	328
128	498
128	682
129	353
129	396
129	433
129	449
129	558
130	355
130	421
130	477
130	680
131	157
132	145
132	502
132	599
133	135
133	221
133	391
133	401
133	677
134	282
134	413
135	260
135	377
135	466
135	475
135	549
135	624
136	279
137	484
137	532
137	664
138	489
139	238
139	462
140	246
140	446
140	496
140	586
141	212
141	255
141	398
141	563
142	330
142	391
142	561
142	622
142	623
143	178
143	191
143	399
143	529
143	669
144	426
144	552
144	678
145	199
145	477
145	482
145	598
146	236
146	403
146	565
147	185
147	261
147	263
147	339
147	487
147	610
148	637
148	670
149	403
149	438
149	564
150	490
151	195
151	337
151	423
151	474
151	616
152	233
152	407
152	501
152	635
153	442
153	484
153	544
153	580
154	315
154	377
154	427
154	566
155	179
155	458
155	575
156	213
156	542
156	681
157	185
157	261
157	386
158	274
158	295
158	519
159	316
159	634
159	647
160	493
160	538
161	193
161	272
161	485
161	529
162	454
162	592
164	387
165	693
166	374
166	606
166	649
166	690
167	191
168	169
168	392
168	555
169	415
169	466
169	538
169	561
169	600
169	661
170	263
170	405
170	412
170	554
171	208
171	243
171	319
171	480
171	537
171	669
172	240
172	501
172	606
173	380
173	478
174	181
174	238
174	410
174	566
174	568
175	605
175	667
176	254
176	255
176	296
176	354
176	434
177	276
177	352
177	677
178	494
178	626
179	268
179	351
179	532
179	564
180	259
181	268
182	405
182	408
182	539
183	243
183	334
183	370
183	467
183	607
184	685
185	336
185	353
185	539
185	584
185	664
186	195
186	200
186	248
186	638
187	228
187	239
187	278
187	335
187	616
187	698
189	324
189	539
189	610
190	241
190	272
190	447
190	526
191	193
191	282
191	589
191	667
192	238
192	388
192	437
192	499
192	654
192	657
193	196
193	370
193	460
193	474
194	433
195	434
195	472
195	571
195	669
195	677
196	269
196	289
196	311
196	515
197	308
197	427
197	524
197	525
197	558
198	489
198	548
199	210
199	342
199	381
199	542
199	690
200	315
200	338
200	586
200	616
201	288
201	291
201	440
202	292
202	524
202	645
202	648
203	318
203	377
203	538
203	555
203	684
204	206
204	212
204	392
204	580
204	633
205	306
205	372
205	486
207	296
207	304
207	331
209	498
209	573
209	591
210	574
211	466
211	652
211	689
212	500
213	376
213	404
213	490
213	502
213	635
214	407
214	585
215	318
215	416
215	456
215	459
215	494
215	552
215	559
216	257
216	364
216	623
217	336
217	411
217	586
217	673
218	285
218	342
218	360
218	371
219	264
219	665
220	336
221	249
221	343
221	350
221	472
221	605
222	295
222	435
222	489
222	543
223	473
223	636
223	675
224	414
225	496
225	509
226	333
227	415
227	582
228	263
228	326
228	391
228	532
228	556
229	350
229	383
229	591
230	273
231	415
231	440
232	504
233	426
233	491
233	504
233	539
234	446
234	548
234	680
235	284
236	247
236	421
236	501
236	642
237	259
237	382
237	430
237	620
238	290
238	649
238	652
238	656
238	681
239	633
240	242
241	409
241	542
242	292
242	513
242	629
243	404
243	538
243	540
244	247
244	434
244	515
244	592
244	606
245	293
245	312
245	385
245	508
245	562
246	322
246	641
247	314
247	478
247	669
248	660
248	692
250	337
250	497
250	597
250	630
251	666
252	299
252	531
253	289
253	481
253	502
254	266
254	351
254	496
254	580
254	602
255	490
255	505
255	521
255	537
256	530
256	683
257	282
257	322
257	448
257	575
257	621
258	386
258	640
259	261
259	262
259	325
259	419
259	518
259	555
259	629
259	691
260	440
261	447
261	531
262	607
263	465
263	619
263	697
264	514
265	266
265	302
265	453
265	466
266	328
266	440
266	572
267	352
268	326
268	455
269	450
269	496
269	532
269	577
270	599
270	610
271	364
271	381
271	407
271	432
271	588
271	693
272	287
272	290
272	622
273	378
273	510
273	643
274	466
275	421
275	505
276	294
277	310
277	383
277	404
277	474
278	577
279	321
279	587
280	650
281	346
281	470
282	454
283	330
283	467
284	660
285	583
286	379
286	493
286	505
286	531
286	562
287	308
287	416
288	405
288	486
288	580
288	635
288	682
288	694
289	664
291	324
291	371
291	659
292	367
292	495
292	519
292	604
295	620
296	360
296	692
297	437
297	471
297	486
297	524
298	432
299	617
299	662
300	304
300	331
300	357
300	598
301	367
301	393
301	462
301	659
302	535
303	681
304	344
304	573
305	668
306	667
307	560
308	571
308	678
309	354
309	389
309	672
311	345
311	600
311	626
311	688
312	322
312	394
312	507
312	612
312	640
313	383
313	521
313	583
313	594
314	501
315	456
315	582
315	660
316	420
316	438
316	486
316	674
317	640
318	357
318	374
318	542
320	336
320	510
320	610
321	598
321	602
321	678
322	540
322	695
323	476
323	582
323	677
325	367
325	389
325	593
326	382
326	608
326	654
326	696
327	398
327	560
328	456
329	339
329	429
329	551
329	642
329	678
330	614
331	484
331	652
332	362
334	351
334	620
334	645
334	654
335	373
335	479
335	654
335	660
336	462
336	520
336	591
336	662
336	699
337	349
337	520
337	530
338	688
339	577
340	579
340	586
340	643
340	659
342	362
342	383
342	464
342	465
342	618
343	444
343	688
344	440
344	649
345	452
345	621
345	648
346	394
347	387
347	454
347	531
348	363
350	554
350	618
351	615
351	636
353	394
353	401
353	469
354	431
354	457
354	463
355	582
356	377
356	523
357	397
357	524
358	367
358	467
358	617
359	570
360	440
360	497
360	586
360	596
360	614
361	395
361	492
361	587
362	398
362	544
362	556
364	575
365	475
365	604
365	615
365	664
366	380
366	646
367	407
367	465
368	383
368	501
369	453
369	691
371	409
371	465
371	596
371	642
371	652
371	663
372	425
372	490
372	537
372	579
373	457
373	566
373	657
375	390
376	484
376	575
377	395
377	475
377	607
378	436
378	449
378	545
380	466
380	505
380	609
380	631
380	696
381	693
382	689
383	508
383	564
384	386
384	407
385	581
386	631
387	435
388	391
388	556
388	624
389	417
389	484
389	504
389	668
390	422
390	541
390	594
390	654
392	438
392	510
393	512
393	554
394	564
394	565
395	409
395	495
397	475
397	546
399	486
400	563
400	617
400	642
401	597
401	694
402	549
403	415
403	684
404	625
405	409
405	495
405	651
405	653
406	557
406	608
408	550
408	645
409	569
409	670
410	461
410	652
411	617
412	617
413	451
414	580
415	545
415	595
416	459
416	471
420	670
420	690
421	475
421	551
421	606
421	625
421	698
422	555
423	427
423	524
424	433
424	509
425	634
425	670
425	699
426	473
427	530
427	558
427	597
429	558
429	571
429	647
429	658
430	460
430	523
430	608
430	612
431	692
433	615
434	591
435	697
436	566
436	667
437	480
437	500
437	641
439	520
439	645
440	544
440	632
440	664
441	477
441	579
441	630
441	644
442	578
442	642
442	692
443	629
444	473
444	511
444	645
446	541
448	527
448	684
449	451
449	532
451	579
452	462
452	472
452	473
452	608
452	619
453	612
454	575
455	605
457	532
458	686
459	613
460	641
461	573
462	545
462	547
463	681
464	505
464	564
465	529
465	637
466	620
467	589
469	496
469	574
469	669
470	526
472	500
472	525
472	607
472	647
475	587
476	648
478	586
478	642
479	578
480	578
480	586
480	626
480	634
481	559
482	664
483	491
484	582
485	554
485	562
485	599
485	604
486	512
486	529
486	595
486	659
486	697
487	589
488	631
488	666
489	506
489	578
489	613
490	694
491	518
491	599
492	623
494	683
494	695
496	552
497	528
497	567
498	525
498	671
499	540
499	691
500	658
501	543
502	580
503	567
504	648
505	518
506	572
507	641
509	524
509	572
509	574
509	610
509	695
510	659
510	682
512	699
513	582
514	646
516	601
516	666
516	684
517	555
519	543
519	557
520	590
520	609
520	658
520	693
522	624
522	697
526	600
526	662
526	671
529	550
531	596
531	652
531	681
533	587
534	558
535	638
535	650
536	691
537	640
542	681
543	598
543	641
543	696
546	572
548	607
549	632
552	582
552	664
553	644
553	672
553	694
554	568
554	575
554	635
555	603
555	642
555	681
556	621
557	670
557	692
558	643
558	658
559	661
561	621
561	650
562	583
562	600
562	664
564	682
565	580
565	676
568	618
571	628
573	600
574	587
574	668
575	594
575	672
577	596
578	665
579	629
580	604
581	582
583	628
583	648
587	676
591	653
593	606
593	678
594	604
595	609
601	643
605	635
606	608
606	641
608	671
613	647
614	621
616	665
616	678
617	665
618	643
624	639
628	668
632	691
632	695
633	636
634	678
636	641
639	653
640	692
644	684
645	689
647	655
647	667
655	685
658	672
667	670
671	682
676	686
677	679
686	698
687	699