0	37
0	49
0	80
0	92
0	332
0	536
0	591
1	148
1	250
1	291
1	603
2	98
2	391
2	421
2	442
3	326
4	132
4	236
4	307
4	328
4	474
4	671
5	175
5	385
5	517
5	644
5	659
6	61
6	322
6	370
6	459
6	513
7	22
7	150
7	594
7	683
8	284
8	292
8	452
8	473
9	254
9	319
9	578
9	593
10	57
10	155
10	299
10	499
10	529
10	563
11	141
11	446
11	686
12	360
12	533
12	544
12	592
12	615
13	656
14	311
14	411
14	475
14	510
14	531
14	695
15	423
15	626
16	104
16	170
16	422
16	428
16	547
16	646
17	426
17	621
18	499
19	24
19	317
19	330
19	514
19	605
20	59
20	206
20	387
20	404
20	417
20	688
20	699
21	159
21	199
21	227
22	25
22	29
22	180
22	388
22	594
23	428
24	513
24	648
25	151
25	288
25	554
26	65
26	90
26	167
26	342
26	379
26	516
26	648
27	86
27	615
28	45
28	233
28	264
28	422
28	439
28	502
28	567
28	646
29	61
29	171
29	427
29	611
29	626
30	162
31	264
31	548
31	634
31	666
32	221
32	277
32	424
32	555
32	688
33	127
33	154
33	438
33	534
34	187
34	217
34	325
34	521
34	682
35	67
35	269
35	294
35	380
35	436
35	572
35	649
36	160
36	296
36	521
37	97
37	389
38	91
38	105
38	271
38	391
38	400
38	489
39	454
39	492
39	606
39	626
39	649
40	348
40	389
40	538
40	685
41	457
41	547
42	124
42	185
42	321
42	405
42	412
42	654
42	677
43	271
43	376
43	428
43	592
43	645
44	199
44	250
44	471
44	532
44	590
45	235
46	82
46	267
46	377
47	198
47	485
47	630
47	652
48	288
48	590
49	111
49	266
49	347
49	617
49	697
50	76
50	165
50	361
50	419
50	497
50	627
51	598
52	191
53	351
54	253
54	273
54	381
54	385
54	628
54	642
54	653
55	60
55	297
55	455
56	259
56	271
56	491
56	652
57	174
57	178
57	198
57	333
57	450
57	477
57	591
58	121
58	421
58	626
58	674
59	235
59	239
59	240
59	654
59	674
60	381
60	392
60	674
61	235
61	294
62	387
63	129
63	292
64	415
65	281
65	394
65	546
65	611
66	383
66	460
66	630
67	80
67	138
67	196
67	356
67	391
67	582
67	664
67	696
68	70
68	172
68	396
69	73
69	95
69	282
69	316
69	328
69	412
69	644
69	649
70	126
70	238
70	329
70	628
70	638
71	348
71	541
71	668
71	675
71	691
72	385
73	156
73	347
73	538
73	585
74	152
74	464
75	78
75	197
75	227
75	259
75	648
75	674
76	360
77	132
77	262
77	513
78	85
78	251
78	316
78	395
78	604
78	677
79	243
79	260
79	348
79	372
79	396
80	151
80	364
80	698
81	263
81	448
81	563
82	131
82	358
82	464
82	521
82	598
83	509
83	567
83	610
84	188
84	204
85	276
85	485
85	535
85	612
86	200
86	369
86	468
86	558
87	121
87	136
87	145
87	178
87	198
87	260
87	331
87	496
87	557
88	109
88	196
88	212
88	512
88	593
89	214
89	365
89	489
89	571
90	244
91	386
92	100
92	257
92	393
92	398
92	399
92	432
92	591
92	627
93	167
93	365
94	238
94	281
94	430
94	577
95	555
96	130
96	188
96	289
96	604
96	623
97	149
97	555
97	616
98	232
98	447
98	565
99	174
99	614
99	688
99	691
100	143
100	171
100	264
100	301
100	543
100	567
100	657
101	157
101	247
101	377
101	481
101	500
101	602
102	201
102	317
102	377
102	441
103	373
103	480
103	559
103	597
103	691
104	122
104	554
104	605
104	686
105	223
106	107
106	275
106	337
106	514
107	283
107	308
107	311
107	481
107	555
107	601
108	128
108	401
108	615
108	634
109	508
110	563
111	156
111	193
111	380
111	441
111	442
112	483
112	487
112	647
113	393
113	480
114	243
114	291
114	353
114	363
114	634
114	684
115	289
115	595
115	650
116	147
117	278
117	397
117	548
118	241
118	550
119	142
119	349
119	580
120	147
120	262
120	277
121	523
121	526
121	637
122	395
122	481
122	532
123	217
123	268
123	278
123	306
123	479
124	309
124	332
124	543
124	691
125	179
125	284
125	357
125	423
125	533
127	535
127	588
127	655
128	256
129	387
130	143
130	170
130	185
130	208
130	528
130	608
130	661
131	315
131	334
131	370
131	456
131	481
132	315
133	137
133	192
133	203
133	371
133	384
133	410
133	485
134	254
134	486
134	641
134	653
134	675
135	233
135	415
135	546
136	221
136	352
136	469
137	211
137	453
137	455
137	488
137	505
137	580
138	245
138	696
139	223
139	271
139	398
140	174
140	230
140	318
140	436
140	588
141	458
141	464
141	560
142	345
142	397
142	401
143	439
143	542
143	596
143	675
144	403
144	435
144	581
145	301
146	284
147	233
147	498
147	648
148	322
148	433
148	442
148	449
148	618
148	644
149	197
149	477
149	670
150	353
151	643
152	168
152	540
152	617
153	402
153	424
153	480
153	485
154	581
154	634
155	336
155	409
155	451
156	285
156	474
157	565
158	386
158	464
158	479
159	187
159	376
159	421
159	488
159	501
160	293
160	313
160	380
160	545
160	564
160	615
161	270
161	486
161	508
162	373
162	397
163	285
163	335
163	622
164	226
164	273
164	482
164	635
165	173
165	281
165	313
165	394
165	510
166	319
167	375
167	499
167	661
168	374
168	407
169	191
169	299
169	489
170	412
170	566
171	381
172	209
172	568
172	675
173	402
173	467
173	661
174	187
174	285
174	316
174	429
174	469
175	360
175	547
175	696
176	349
176	458
176	497
176	634
177	294
177	558
177	689
178	234
178	349
179	221
180	419
180	590
181	219
181	244
181	379
181	440
182	316
182	339
182	519
183	229
183	454
183	566
183	631
184	268
184	686
185	336
185	366
185	654
186	208
186	226
186	390
186	538
186	616
187	426
187	462
187	538
187	658
188	488
188	515
188	627
189	237
189	572
190	281
190	288
190	397
190	426
190	500
190	568
190	570
190	634
190	643
190	694
191	211
191	219
191	329
191	546
192	408
192	457
192	577
192	587
193	571
193	619
194	457
194	487
194	535
195	568
196	353
196	466
196	469
197	254
197	384
197	395
197	479
197	638
198	224
198	240
198	590
199	225
199	237
199	511
200	644
200	658
201	242
201	278
201	416
201	435
201	480
202	245
202	399
204	240
204	258
204	462
205	665
206	316
206	519
207	308
207	339
207	391
207	576
208	259
208	286
208	290
208	367
208	414
208	692
209	305
209	306
209	330
209	468
209	545
210	698
211	611
213	333
213	391
213	480
214	667
215	227
215	363
215	373
215	519
216	431
217	338
217	539
217	601
217	676
218	484
219	505
219	546
220	332
220	475
220	695
221	222
221	614
221	615
222	450
222	578
223	475
224	254
224	394
224	486
225	228
225	288
225	535
225	537
225	561
226	346
226	437
226	529
227	334
227	600
228	270
228	295
228	434
228	629
228	694
229	273
229	403
229	427
229	556
229	592
229	604
230	299
230	459
230	611
230	675
231	333
231	455
231	555
232	453
233	276
234	591
235	327
235	560
235	673
236	363
236	525
236	528
236	666
237	371
237	384
237	409
237	434
237	472
237	561
237	658
238	351
238	393
238	417
238	553
239	339
239	553
239	564
240	579
240	679
241	283
241	478
241	493
241	681
242	544
242	615
242	648
242	685
243	403
243	412
243	421
244	303
244	495
244	498
244	629
245	524
246	309
246	429
246	435
246	616
247	304
247	429
248	288
248	415
248	608
249	588
250	345
250	383
250	543
251	546
251	589
252	535
252	579
252	604
252	634
252	694
253	681
254	547
254	617
255	547
255	569
256	343
256	591
258	507
258	677
259	260
259	263
259	636
260	419
261	374
262	444
262	506
262	554
262	625
263	277
264	488
264	673
265	295
265	387
265	480
265	598
266	376
266	634
267	453
267	684
268	329
268	397
268	432
269	409
269	497
270	643
271	352
271	619
272	340
272	423
272	438
272	558
273	504
273	532
273	538
273	558
274	385
276	335
276	654
277	367
278	472
278	565
279	407
279	542
280	308
280	519
280	586
280	596
280	602
281	509
281	593
281	626
282	287
282	342
283	346
283	493
283	652
284	285
284	303
285	350
285	389
285	457
285	531
285	587
285	598
287	372
287	432
288	539
288	574
289	402
289	491
289	535
289	542
289	543
289	603
289	626
290	579
290	656
291	341
291	396
291	398
292	342
292	695
293	544
293	657
294	538
294	638
295	354
295	413
295	447
295	549
295	612
295	641
295	651
296	339
296	583
296	641
296	650
298	350
298	393
298	578
298	630
299	364
300	502
301	403
301	553
302	534
302	555
306	353
307	531
307	558
307	591
308	449
308	533
309	582
310	400
311	350
311	383
311	543
311	688
312	668
313	406
313	467
314	363
314	449
315	614
317	684
318	331
318	347
318	649
319	391
319	444
320	527
321	464
321	478
321	531
323	429
323	507
323	520
323	564
323	645
323	666
323	667
324	470
325	605
325	657
326	472
326	623
326	639
327	553
327	634
327	683
328	502
328	563
328	596
329	558
329	641
330	354
330	592
330	611
331	374
331	393
331	602
331	631
332	507
332	696
333	337
333	399
333	406
333	534
334	526
334	671
335	347
335	461
336	349
337	429
337	565
338	428
338	459
338	544
338	698
339	398
339	591
339	653
339	654
339	698
340	469
340	533
340	558
340	619
341	468
342	693
343	480
343	557
343	634
344	407
344	446
345	574
345	637
347	437
347	646
348	400
349	490
350	402
350	447
350	556
351	372
351	487
351	573
351	622
352	478
353	471
353	496
353	524
353	681
354	575
354	578
355	459
355	541
356	499
356	560
356	671
359	457
359	492
359	600
360	380
360	553
360	567
361	505
362	455
362	612
363	391
363	424
363	446
363	487
363	516
363	637
363	686
364	621
365	511
365	519
365	531
367	464
367	519
368	442
368	490
368	495
368	603
368	609
368	628
369	487
369	654
369	657
372	489
372	500
372	573
372	666
373	381
373	564
376	415
376	668
377	487
377	519
378	441
378	597
378	692
379	647
381	684
382	525
383	467
383	505
383	579
384	540
384	594
384	685
386	396
386	680
387	658
387	661
388	395
388	457
390	438
392	460
393	492
393	511
393	680
394	447
394	532
395	636
396	409
396	421
396	475
397	481
397	564
398	505
398	556
398	699
399	433
399	627
400	407
400	551
401	413
401	516
403	690
404	481
404	550
405	417
405	473
405	487
405	508
405	584
406	461
406	467
406	575
406	634
406	691
406	692
406	695
407	434
407	574
408	536
408	589
409	504
409	604
410	571
410	646
410	670
410	684
411	522
412	686
412	687
413	471
413	525
413	588
413	622
413	672
414	416
414	455
414	507
414	631
414	678
415	457
415	656
416	522
418	669
420	699
422	573
424	566
425	428
425	486
425	651
426	471
426	516
426	535
426	542
428	548
428	576
428	631
428	660
428	699
429	476
429	699
430	533
431	460
431	590
432	502
432	600
432	610
435	543
435	598
436	476
436	518
436	692
437	499
437	573
437	699
438	614
438	690
439	478
440	525
443	446
443	494
444	575
445	491
445	504
445	631
447	551
447	659
449	452
449	644
449	673
451	530
451	600
451	680
453	532
454	488
454	648
455	510
455	511
457	550
458	508
460	515
460	526
461	505
461	655
462	471
462	480
463	468
463	553
463	671
464	491
464	687
465	650
466	558
466	603
467	516
467	534
469	548
470	499
470	676
471	478
471	628
472	486
472	697
473	519
474	608
474	636
475	583
476	654
477	493
478	540
479	576
481	593
481	611
483	613
484	535
484	551
484	621
485	544
485	648
488	573
488	633
488	648
490	493
491	495
491	511
492	659
493	542
493	670
494	592
494	673
496	537
498	571
500	532
500	684
501	576
503	530
503	638
504	621
504	693
507	555
509	534
509	581
510	559
511	696
513	549
513	679
514	610
515	590
515	600
516	589
516	634
517	568
517	656
519	565
520	566
520	572
520	687
521	585
521	657
522	683
522	686
524	671
526	530
526	568
526	649
527	602
527	662
527	663
529	600
529	695
530	574
530	590
530	681
532	656
534	580
536	585
536	630
536	663
539	609
539	694
540	667
541	646
542	559
542	695
543	660
543	667
544	554
546	587
546	656
547	574
551	596
551	654
551	675
552	554
552	603
553	557
553	582
553	666
556	561
556	562
557	681
558	599
558	600
559	654
560	697
563	590
563	600
564	673
567	581
567	699
568	592
569	578
572	615
572	637
574	645
574	699
575	678
577	692
577	695
579	662
579	671
580	608
580	652
583	597
584	615
585	621
585	626
585	680
590	679
591	669
596	680
598	685
601	609
602	654
603	644
606	640
606	682
607	630
608	667
609	660
609	664
610	619
611	625
613	616
614	645
614	669
614	681
618	679
620	632
621	692
624	635
627	670
631	652
632	638
632	660
633	681
641	665
644	650
644	683
646	651
648	678
653	673
663	693
673	688
682	699