0	87
0	500
0	525
0	638
1	412
1	615
2	222
2	343
2	540
2	642
3	179
3	354
3	450
4	76
4	299
4	379
4	512
4	543
5	12
5	54
5	111
5	220
5	233
5	269
5	341
5	405
5	480
5	532
5	598
6	45
6	68
6	107
6	162
7	132
7	174
7	383
7	495
7	584
8	72
8	239
8	260
8	534
8	681
9	18
9	186
9	329
9	656
10	162
10	167
10	241
10	338
10	634
11	120
11	189
11	281
11	445
11	568
12	106
12	168
12	456
12	555
12	585
13	431
13	515
13	681
13	685
14	239
14	421
14	447
15	110
15	136
15	414
15	598
15	656
15	677
16	139
16	259
16	433
16	575
17	220
17	489
18	65
18	535
19	384
20	313
20	316
20	457
20	547
20	556
20	560
21	561
22	192
22	275
22	345
22	385
22	418
22	465
22	606
22	654
23	270
23	337
23	439
23	461
23	619
24	69
24	288
24	369
24	428
24	562
24	632
25	142
25	212
25	241
25	340
26	148
26	237
27	284
27	356
27	441
27	473
28	307
28	336
28	353
28	368
28	575
28	631
29	41
29	254
29	311
29	322
29	603
29	684
30	68
30	165
30	303
30	311
31	36
31	96
31	134
31	170
31	184
31	190
31	242
31	288
31	372
31	460
31	497
31	630
32	49
32	415
33	206
33	491
34	210
34	224
34	502
34	622
35	134
35	659
36	167
36	425
36	444
37	42
37	49
37	268
37	276
37	545
37	625
37	663
38	61
38	289
38	544
38	646
38	692
39	60
39	62
39	561
40	196
40	218
40	299
40	566
40	615
41	235
41	238
41	298
41	472
42	73
42	277
42	328
42	635
43	261
43	386
44	262
44	393
44	519
44	536
44	617
44	670
45	226
45	255
45	483
45	651
46	296
46	661
46	695
47	204
47	266
47	682
48	196
48	321
48	416
50	178
50	341
50	440
51	283
51	297
51	347
51	370
51	413
51	567
51	584
52	305
52	315
52	370
53	226
53	242
53	574
53	612
54	253
54	563
55	499
55	619
55	648
55	699
56	425
57	441
57	483
57	550
57	565
58	366
58	391
58	502
59	445
59	580
59	628
59	663
60	117
60	208
60	654
61	62
61	412
62	129
62	422
62	442
62	607
62	622
63	297
63	359
63	376
63	549
63	656
64	142
64	488
64	673
65	111
65	112
65	121
65	542
65	579
66	271
66	419
66	600
66	668
67	355
67	442
67	496
67	672
68	278
68	536
68	592
68	616
69	175
69	295
69	554
70	116
70	181
70	371
71	95
71	147
71	152
71	284
71	515
72	83
72	191
72	233
72	389
72	397
72	456
72	511
72	585
72	629
72	644
72	684
73	135
73	426
73	590
73	654
74	381
75	111
75	243
75	397
75	432
75	449
75	517
75	542
75	640
76	79
76	308
76	355
76	401
77	138
77	157
77	512
78	236
78	499
79	371
80	109
80	167
80	241
80	603
80	693
81	542
81	696
82	167
82	469
82	559
83	189
83	283
83	550
83	633
83	679
84	235
84	337
84	603
85	371
85	418
85	538
86	513
87	125
87	346
87	520
87	606
88	182
88	283
88	689
89	190
89	312
89	683
90	233
90	250
90	490
90	492
90	583
90	698
91	334
91	381
91	423
91	628
92	246
93	380
94	162
94	290
94	335
94	339
94	435
94	460
95	309
95	315
96	184
96	186
96	273
96	331
96	436
97	295
98	333
98	659
98	666
99	539
100	332
100	516
100	601
101	126
101	128
101	173
101	402
102	194
102	373
102	619
102	688
103	269
103	365
103	451
103	523
103	628
104	174
104	279
104	392
104	586
104	640
104	696
105	119
105	207
105	352
105	401
105	667
106	385
106	452
106	473
106	482
106	518
106	545
106	563
106	591
106	627
107	487
107	501
108	154
108	230
108	329
108	567
109	340
110	519
111	132
112	261
112	553
113	245
113	494
113	578
114	664
114	678
115	210
115	270
115	540
115	548
115	655
115	680
115	683
116	120
116	191
116	323
116	443
116	487
117	312
117	369
118	185
118	207
118	448
118	555
118	566
119	332
119	340
119	361
119	466
120	152
120	177
120	587
120	596
121	219
121	256
121	478
121	556
121	567
121	587
122	358
122	488
123	437
123	591
123	602
123	695
124	202
124	423
124	587
124	664
125	252
125	439
125	492
126	234
126	435
126	492
127	264
127	279
127	395
127	514
127	573
128	131
128	182
128	543
129	286
129	334
129	365
129	388
129	510
129	624
130	686
131	519
132	267
132	275
132	438
132	519
133	260
133	398
133	460
133	660
134	136
134	198
135	338
135	362
135	615
136	199
136	406
136	685
137	203
137	229
137	460
138	379
138	546
138	568
139	193
139	342
140	639
141	148
141	624
142	452
142	672
143	211
144	272
144	422
144	496
144	598
144	622
145	188
145	586
146	398
146	542
147	171
147	325
148	205
148	359
148	370
148	377
148	385
149	164
149	286
149	435
149	646
150	179
150	275
150	392
150	580
151	244
151	294
151	499
152	202
152	225
152	566
153	683
154	332
154	387
154	405
154	693
155	285
155	332
155	499
155	577
155	685
156	174
157	290
157	532
157	548
157	597
158	418
158	622
158	655
159	217
159	362
159	404
159	410
159	650
160	251
160	306
160	527
160	569
161	187
161	271
161	653
161	693
162	214
162	239
162	273
162	277
162	415
162	666
163	215
163	321
163	358
163	394
164	535
165	380
165	471
165	628
165	641
165	667
166	639
167	409
168	277
168	293
168	322
169	199
169	312
169	623
170	235
170	257
170	353
170	467
170	662
171	294
171	383
171	451
172	325
172	406
172	565
173	298
173	356
173	368
173	690
174	290
174	400
174	484
174	664
175	381
175	644
175	645
176	252
176	286
176	575
177	212
178	270
178	563
178	689
179	372
179	387
179	546
179	646
180	402
180	538
181	289
181	318
181	467
181	641
181	678
182	491
182	605
182	651
183	196
183	257
183	265
183	396
183	527
183	560
184	266
184	269
184	428
184	443
184	681
185	235
185	510
185	652
186	229
186	466
186	676
187	215
187	510
188	385
188	457
188	568
189	255
189	284
189	568
190	191
190	315
190	349
190	464
190	662
191	213
191	286
191	634
191	663
192	209
192	463
192	464
193	297
193	496
194	369
194	379
194	441
194	595
194	598
195	286
195	324
195	371
195	420
195	509
195	616
196	437
196	515
197	492
198	209
198	234
198	296
198	420
199	329
199	385
199	521
199	529
200	307
200	371
200	541
200	558
201	220
201	500
201	501
201	529
202	219
202	594
203	289
203	420
203	487
204	246
204	253
204	267
204	308
204	421
204	471
204	481
204	512
205	214
205	420
206	321
206	420
206	448
207	310
207	350
207	354
207	622
207	623
207	629
208	285
208	575
208	621
209	305
209	379
209	456
209	625
210	273
211	331
211	336
211	467
211	563
212	245
212	412
213	491
213	530
214	330
214	480
215	596
216	222
216	267
216	336
217	281
217	296
218	401
218	630
218	638
219	238
219	525
219	548
219	604
219	612
220	256
220	303
220	367
220	613
220	645
221	270
221	346
221	448
221	472
221	501
221	674
222	259
222	377
222	592
222	624
223	372
223	378
225	301
225	536
225	576
225	661
225	687
226	554
226	612
227	231
228	359
228	433
228	545
228	573
228	609
228	672
230	236
230	477
230	559
230	606
230	644
231	329
231	393
232	625
232	630
233	309
233	379
233	610
234	366
234	417
234	458
234	581
234	626
235	262
235	690
236	251
236	376
236	528
236	534
236	666
238	311
238	356
238	573
239	282
239	306
239	322
239	409
239	573
240	309
241	361
242	308
242	461
242	569
242	604
243	438
244	271
244	351
245	522
245	697
246	284
246	551
246	637
247	478
247	494
247	653
248	408
248	435
248	625
249	288
251	608
252	503
252	529
252	623
252	624
253	480
254	473
254	477
254	534
255	431
255	612
256	379
256	397
256	466
256	507
256	553
256	623
257	312
257	459
257	504
257	548
258	527
258	616
259	437
260	437
261	263
261	524
262	494
262	574
263	305
263	350
264	304
264	405
264	438
264	624
265	491
265	542
265	564
266	409
266	482
266	501
267	537
268	287
268	470
268	492
268	687
269	305
269	493
269	509
269	597
271	454
271	462
271	470
271	661
272	375
273	397
273	459
274	363
277	403
277	553
278	665
278	685
279	381
279	564
279	612
279	616
280	483
280	699
281	330
281	656
281	658
282	390
282	470
282	478
283	448
283	474
283	660
283	691
284	348
285	571
285	574
286	365
286	564
286	628
286	694
287	324
287	661
288	376
289	413
289	592
290	495
290	626
291	666
291	672
292	336
292	598
292	669
293	378
293	384
293	456
293	484
293	614
294	409
294	574
295	528
296	301
296	463
296	663
297	479
298	407
298	490
298	520
299	509
299	653
300	468
301	329
301	567
301	606
301	640
302	380
302	497
302	572
303	325
303	399
304	460
304	692
305	315
305	467
305	645
306	350
307	325
307	500
307	630
307	635
309	565
309	582
310	368
311	405
311	551
311	611
311	654
312	368
312	457
312	483
312	667
313	335
313	607
313	619
314	528
315	364
315	446
315	464
316	438
316	476
316	503
316	651
317	540
318	461
318	477
318	544
319	427
319	455
319	647
320	513
320	521
320	692
321	632
322	391
322	441
323	350
323	368
324	352
324	425
324	442
324	525
325	427
325	540
325	681
326	334
326	588
327	599
329	621
329	693
330	431
330	458
330	588
331	437
331	439
331	457
331	681
332	336
332	438
333	365
335	350
336	396
336	493
336	523
336	543
336	581
337	553
337	589
338	357
338	504
338	515
339	429
340	576
340	665
342	450
342	592
342	642
343	654
344	449
346	369
346	449
346	450
346	583
347	448
347	585
348	595
348	665
349	441
349	497
349	563
349	626
349	669
350	364
350	373
351	451
351	618
351	623
352	380
352	395
352	474
352	481
353	382
353	580
354	455
355	360
355	370
356	423
356	490
356	498
357	420
357	450
357	541
357	603
357	619
358	383
358	585
358	650
359	473
361	438
361	486
361	573
361	625
361	672
362	544
362	649
363	401
364	638
365	467
365	555
365	635
366	411
366	435
366	438
366	612
366	632
367	384
367	467
367	490
367	659
370	384
370	620
370	660
371	379
371	500
372	397
373	638
374	485
374	580
375	392
375	433
375	475
375	554
376	603
377	530
377	565
378	543
378	567
378	647
378	683
380	461
380	562
380	673
381	483
382	464
382	589
382	658
383	510
383	602
384	531
385	472
386	495
386	497
387	445
387	448
388	563
388	635
389	498
390	671
391	406
391	582
392	423
392	466
393	410
393	495
394	479
394	618
394	661
396	462
396	479
398	508
400	427
401	505
402	530
402	537
403	428
403	445
403	488
405	615
405	650
406	470
406	652
406	697
407	690
408	496
409	432
410	475
411	489
411	490
412	445
412	555
413	480
413	567
413	619
413	646
413	648
413	654
415	498
416	663
418	607
418	657
420	487
420	559
423	570
423	598
424	489
424	658
425	463
425	626
427	460
429	432
429	488
430	506
430	589
431	492
431	513
431	692
432	501
433	568
434	668
435	461
435	473
436	497
437	439
437	471
437	576
437	698
439	562
440	619
442	501
442	549
446	489
446	686
447	576
448	452
449	538
449	551
450	455
450	539
451	632
453	675
454	461
454	681
455	656
455	670
457	602
457	630
458	526
458	529
458	664
460	523
461	650
462	464
462	593
463	616
464	665
467	554
467	623
468	477
469	473
470	497
471	493
472	574
472	601
475	591
476	549
477	676
478	550
479	685
480	640
481	531
481	577
482	581
485	613
487	557
487	610
488	544
488	602
490	559
490	581
490	669
491	517
491	686
493	533
493	616
493	647
494	641
495	626
495	679
495	686
498	584
499	530
500	559
500	679
501	536
502	563
502	570
503	550
505	590
506	686
506	697
507	577
508	651
509	679
510	546
511	643
512	689
514	521
514	586
516	602
519	654
519	691
520	568
521	590
521	635
527	586
527	666
529	676
530	549
533	592
533	661
535	560
535	562
537	598
537	673
538	540
540	562
540	621
541	660
542	661
542	694
546	679
547	690
549	644
550	606
550	669
550	670
550	696
552	636
553	572
553	668
554	627
555	605
556	559
556	585
556	677
557	568
560	660
561	696
562	600
565	669
565	688
566	657
566	686
569	679
572	582
578	619
578	646
578	656
580	597
580	678
581	634
581	661
582	626
582	628
582	683
583	601
583	615
583	691
586	682
587	689
588	668
588	680
591	605
592	595
592	622
592	666
592	685
594	668
595	618
598	663
601	691
605	639
605	680
605	683
612	689
613	677
613	679
614	630
614	638
615	669
620	639
620	648
622	674
626	694
628	670
630	654
636	643
641	673
645	678
660	662
661	664
661	689
667	690
668	695
672	693
684	692