0	41
0	354
0	372
0	572
1	48
1	102
1	261
1	311
1	346
1	468
1	653
2	54
2	163
2	195
2	219
2	268
2	630
2	670
3	23
3	586
3	662
4	16
4	623
5	227
6	661
7	101
7	170
7	337
7	564
7	587
8	26
8	137
8	161
8	181
8	379
8	557
8	649
9	82
9	222
9	334
10	45
10	52
10	200
10	454
11	403
11	422
11	474
11	544
11	565
12	403
12	414
12	447
12	626
13	472
13	574
13	630
13	670
14	34
14	271
14	281
14	325
14	516
14	642
15	195
15	437
15	501
16	172
16	224
16	350
16	574
16	609
17	100
17	552
18	375
18	482
18	615
18	674
19	274
19	500
19	572
19	630
20	26
20	195
20	250
21	22
21	107
22	77
22	613
23	108
23	341
23	635
24	216
24	246
24	342
24	408
24	580
25	401
25	612
26	277
26	541
26	587
26	589
27	95
27	180
28	155
28	559
28	603
29	223
30	68
30	547
30	669
31	235
31	391
31	418
31	565
31	640
32	222
32	228
32	407
33	138
33	155
33	258
33	331
33	471
33	639
33	678
33	681
34	215
34	522
34	557
35	471
36	45
36	494
37	44
37	271
37	482
37	591
38	254
39	102
39	497
39	503
39	695
40	127
40	337
40	471
41	250
41	286
41	312
41	537
42	355
42	471
43	668
44	183
44	355
44	686
45	311
45	573
45	605
45	660
45	679
46	380
47	76
47	275
47	382
47	516
47	614
47	665
48	86
48	166
48	290
48	452
48	467
49	218
49	517
50	100
50	205
51	69
51	197
51	268
51	291
51	318
51	350
52	186
52	325
52	584
52	598
52	633
53	629
54	385
54	420
54	558
55	333
56	220
56	324
56	373
56	511
56	648
57	119
58	72
58	287
58	305
58	429
58	511
58	681
59	332
59	615
60	146
60	291
60	655
60	681
60	694
61	105
61	271
61	372
61	400
61	452
61	547
61	597
61	663
61	687
62	68
62	146
62	148
62	287
62	383
62	446
63	166
63	302
63	531
63	599
64	194
64	364
64	393
65	70
65	183
65	314
65	516
65	540
65	548
65	600
66	181
66	192
66	195
66	221
66	426
66	695
67	153
67	306
68	72
68	200
68	242
68	285
68	348
68	457
68	591
68	634
69	428
69	431
69	491
69	569
69	598
70	174
70	567
70	679
71	684
72	179
72	377
73	143
73	184
73	375
73	482
73	645
74	458
75	130
75	256
75	408
75	432
75	471
75	510
76	173
76	299
76	333
76	347
76	609
76	615
76	669
77	125
77	271
78	92
78	287
79	162
79	241
79	292
79	451
79	544
80	100
80	347
81	453
82	438
83	133
83	290
83	384
83	450
83	638
84	216
84	308
84	437
85	333
85	406
85	644
86	195
86	255
86	519
86	661
87	573
88	214
88	267
88	391
88	468
89	240
89	497
90	141
90	271
90	404
90	576
91	201
91	251
91	436
91	621
92	173
92	333
92	649
93	344
93	439
93	617
94	407
94	437
95	245
95	488
96	176
97	270
97	341
97	361
97	626
98	245
98	390
98	490
98	621
99	182
99	312
99	367
99	420
100	102
100	245
100	644
101	329
101	434
101	572
101	690
102	108
102	317
102	539
102	592
102	620
103	223
103	348
103	591
104	105
104	679
105	307
105	489
105	494
106	430
106	490
106	498
106	580
106	590
107	536
108	245
108	329
108	385
109	119
109	242
109	367
109	467
109	608
109	657
110	134
110	598
111	240
111	322
111	434
111	481
112	254
112	372
112	376
113	169
113	455
113	561
113	652
114	566
114	574
114	611
115	139
115	156
115	517
115	615
116	134
116	352
117	172
117	192
117	505
117	581
117	607
118	225
118	362
119	133
119	263
119	328
119	381
119	495
119	685
120	357
120	527
120	552
120	684
120	691
121	133
121	281
121	586
121	624
122	574
122	669
123	171
123	271
123	652
124	397
125	191
125	223
125	401
126	237
126	468
126	470
126	545
126	611
127	137
127	267
127	508
128	565
128	566
128	616
129	304
129	359
129	559
129	699
130	202
130	326
130	688
131	621
131	638
132	280
133	257
133	386
133	453
134	201
134	695
135	692
136	506
137	149
137	191
137	317
137	639
138	198
138	344
139	221
139	675
140	338
140	566
141	385
142	320
142	321
142	362
143	287
143	597
143	616
143	642
144	147
144	182
144	241
144	354
144	421
144	672
145	600
145	638
146	392
146	395
146	485
146	515
146	657
147	158
147	339
147	360
147	465
147	523
147	528
147	545
147	653
148	266
148	387
148	681
149	229
149	339
149	349
149	559
149	572
149	626
150	269
150	297
150	621
150	645
151	300
151	686
152	169
153	187
153	426
153	508
153	678
154	388
155	173
155	245
155	346
155	580
155	647
156	226
156	236
156	447
156	483
156	489
157	210
158	415
158	542
158	596
158	623
159	297
159	473
159	555
160	168
160	277
160	511
160	617
160	634
161	357
161	474
161	493
161	550
162	284
162	348
162	435
162	473
163	461
163	633
163	673
164	189
164	195
164	436
165	227
166	388
166	590
167	233
167	253
167	605
168	486
168	587
168	605
168	652
169	242
169	244
169	343
169	524
170	616
171	380
171	394
171	537
172	229
172	317
172	359
172	462
172	494
172	522
173	229
173	370
173	373
173	469
173	608
174	262
175	524
176	234
176	239
176	623
177	361
177	501
177	656
178	291
179	274
179	376
179	453
179	519
179	537
180	451
180	522
181	245
181	254
181	261
181	499
181	581
181	695
182	345
182	487
182	566
183	185
183	196
183	229
183	385
183	514
184	380
184	484
185	342
185	524
187	200
187	326
187	392
187	642
188	429
188	662
189	225
189	263
189	394
190	211
190	364
191	233
191	533
191	583
192	314
192	379
192	536
192	589
192	591
192	691
193	243
193	267
193	363
193	459
193	530
194	215
194	325
194	414
194	422
194	537
195	249
195	304
195	631
196	296
196	329
196	682
197	401
197	437
198	520
198	521
198	545
198	580
198	680
199	210
199	594
200	231
200	517
201	229
201	490
201	610
202	221
202	340
203	331
203	537
204	272
204	475
204	554
204	586
204	616
204	643
205	257
205	471
205	542
205	672
206	222
206	254
206	348
207	291
207	579
207	633
207	676
208	221
209	454
210	607
211	293
211	341
211	439
211	546
211	632
212	218
212	452
213	271
213	431
213	611
213	692
214	609
216	273
216	294
216	303
216	386
217	326
217	397
217	471
217	548
217	575
218	527
219	427
219	459
219	555
219	582
220	334
220	415
220	448
220	512
220	534
220	661
221	624
222	285
222	336
222	338
223	340
224	545
225	242
225	263
225	460
225	482
226	381
226	566
226	636
226	652
228	275
228	391
228	546
228	652
228	657
230	293
230	357
230	453
231	250
232	444
233	552
234	418
234	550
235	267
235	456
235	519
235	571
235	659
236	275
236	502
236	661
237	252
237	260
237	615
237	643
238	401
238	519
238	551
238	649
240	493
240	498
240	568
240	679
241	548
241	600
241	611
241	626
242	335
242	371
242	561
242	697
244	292
244	618
245	258
245	367
245	466
245	514
246	250
246	647
247	334
248	376
248	689
249	256
249	258
249	357
249	424
249	601
250	435
250	487
250	504
250	516
251	297
251	391
251	408
252	378
252	480
252	613
252	627
252	641
253	438
253	484
253	550
254	309
254	410
254	470
255	279
255	573
256	414
258	325
259	307
259	536
259	554
259	610
260	450
260	593
261	390
261	699
262	316
262	333
262	350
262	556
262	662
263	292
263	410
263	558
263	596
263	679
264	269
264	329
264	467
265	315
266	572
266	695
267	297
268	458
268	476
268	532
268	588
269	425
269	600
269	698
270	516
271	399
271	458
271	504
271	637
272	327
273	298
273	362
273	567
275	537
276	280
276	618
276	627
277	465
278	369
278	400
279	440
281	334
281	567
281	579
282	453
282	508
282	697
283	303
283	495
285	383
285	683
285	690
286	415
286	446
286	542
287	585
288	411
288	668
288	683
288	699
289	434
289	554
289	643
289	671
290	569
290	690
291	557
291	586
291	645
292	330
292	485
292	601
292	662
293	343
295	307
295	568
296	326
296	341
296	365
296	484
296	698
298	335
298	630
299	326
299	351
300	419
301	339
301	362
301	420
301	542
301	583
302	542
302	587
303	421
303	439
303	452
303	488
303	517
303	551
305	307
305	335
305	375
305	525
306	518
306	557
307	567
307	655
307	697
308	515
308	518
308	522
309	317
309	329
309	593
309	687
310	346
311	390
311	552
312	382
312	622
312	627
313	336
313	600
314	393
314	530
315	329
316	580
317	382
317	523
317	599
318	453
319	436
319	498
319	615
319	639
320	373
321	414
321	642
321	673
322	420
322	444
323	353
323	514
323	698
324	359
324	560
324	634
325	443
326	576
326	616
326	692
327	486
327	689
328	625
328	656
328	668
329	369
329	602
329	643
331	447
331	454
331	612
331	665
332	455
333	474
333	587
333	629
334	541
335	385
335	431
335	607
335	646
335	693
337	380
337	505
337	577
337	614
337	628
338	643
338	665
339	473
339	526
340	351
340	569
340	657
341	362
341	423
342	426
342	670
343	575
344	345
344	450
344	511
344	536
345	403
345	459
345	461
345	487
345	513
346	400
347	545
347	634
348	506
349	463
351	530
351	616
352	675
353	484
353	522
355	586
356	428
356	436
356	481
356	503
356	508
356	558
356	623
357	466
357	497
357	516
357	607
358	517
359	436
359	527
359	542
360	414
360	582
362	436
362	495
362	586
362	693
362	699
364	389
365	503
366	369
366	506
366	587
366	609
366	690
367	398
367	403
367	471
367	662
368	383
368	416
368	446
369	642
370	444
370	467
370	543
371	577
372	415
372	493
373	413
374	626
374	686
375	379
375	561
375	644
375	678
376	378
376	477
376	490
376	610
377	408
377	601
377	614
378	410
379	525
379	571
381	570
381	659
382	691
383	396
384	498
385	667
388	584
390	459
391	604
392	622
392	696
393	543
393	562
394	433
394	434
394	695
395	607
397	569
398	547
398	691
400	500
400	529
400	585
400	689
401	432
401	694
401	697
402	484
402	695
403	429
404	642
404	699
405	563
405	648
405	663
405	668
406	587
406	589
406	642
406	654
407	612
408	430
408	615
408	623
409	492
409	506
409	541
409	628
409	651
409	671
410	660
410	677
411	514
412	609
412	662
413	430
413	585
413	632
414	529
415	537
415	671
416	434
416	493
417	425
418	690
420	509
421	685
423	670
424	457
424	469
426	540
426	568
426	573
426	622
427	432
427	555
428	520
428	690
429	696
431	502
431	546
432	642
432	647
435	461
435	524
437	606
437	669
437	696
438	563
438	632
439	617
440	487
440	488
441	503
441	693
442	453
442	472
442	578
442	585
445	692
446	587
447	475
447	616
448	528
448	565
448	569
448	608
448	643
449	465
449	515
451	488
453	509
453	565
455	598
456	615
457	467
457	656
457	662
459	494
461	587
461	606
464	635
464	694
465	481
465	518
466	553
467	480
467	583
467	655
468	539
468	568
468	696
469	687
470	590
470	637
471	531
471	605
472	504
472	643
472	661
474	568
476	581
476	624
477	517
477	575
477	674
478	506
478	528
478	681
479	536
480	559
481	496
481	508
481	558
482	483
482	629
482	645
482	693
483	590
483	684
484	512
485	653
485	689
485	690
486	602
486	621
487	537
488	613
488	659
489	587
489	664
491	548
491	583
492	513
492	546
493	546
493	574
494	691
495	610
495	632
495	673
495	689
495	693
497	579
497	681
499	620
500	551
500	584
500	598
501	666
502	524
503	549
504	615
505	589
505	664
506	514
507	545
509	535
511	546
511	558
512	607
515	535
515	579
516	537
516	542
516	629
517	576
517	626
520	692
523	537
525	640
526	596
526	672
527	532
527	624
528	602
528	647
531	601
531	677
531	695
532	601
533	546
535	567
535	648
536	564
536	618
538	567
539	551
539	602
540	642
542	578
543	549
543	682
545	589
547	635
548	688
549	578
549	641
550	600
551	692
557	568
557	679
558	611
561	671
561	685
565	637
566	620
567	583
567	614
568	594
570	695
571	600
572	600
573	671
574	635
574	650
576	598
578	647
578	697
582	654
583	651
584	642
586	602
587	638
587	646
589	662
589	684
590	618
591	593
591	697
593	615
593	684
594	665
595	630
598	602
598	662
598	698
601	677
602	698
603	667
603	687
604	694
606	659
606	682
608	639
614	653
616	671
618	624
619	667
619	673
619	678
620	665
623	675
625	641
630	690
632	689
633	637
636	696
637	665
638	668
643	654
646	648
646	694
658	685
659	665
661	697
662	683
665	669
665	672
667	677
681	686
683	697