0	434
0	464
0	569
0	575
0	594
1	81
1	95
1	649
2	139
2	297
2	351
2	430
2	594
2	654
3	56
3	165
3	344
3	464
3	589
3	606
4	42
5	83
5	299
5	695
6	534
7	357
7	383
7	409
7	456
7	458
7	551
7	581
8	304
8	323
8	345
8	367
8	379
8	439
8	608
9	157
9	594
9	636
10	23
10	442
11	52
11	203
11	283
11	321
11	395
11	502
11	535
11	577
12	690
13	147
13	217
13	392
13	578
13	649
14	21
14	74
14	179
14	181
14	250
14	294
15	132
15	154
15	532
16	46
16	351
16	396
16	413
16	510
16	612
16	620
16	636
17	193
17	430
17	497
17	513
18	127
18	304
18	356
18	519
19	211
19	232
19	281
19	389
19	428
19	669
20	185
20	442
20	618
20	697
21	46
21	294
21	340
21	450
22	190
22	343
22	496
22	646
23	42
23	57
23	93
23	214
23	507
24	249
24	267
24	316
24	460
24	496
24	627
25	376
26	78
26	109
27	124
27	635
28	132
28	483
28	522
29	135
29	141
29	258
29	394
29	413
30	142
30	180
30	217
30	341
31	269
31	379
32	45
32	67
32	229
32	243
32	323
32	329
32	694
33	134
33	150
33	298
33	343
33	391
33	499
33	597
33	645
34	49
34	157
34	250
34	304
34	620
35	165
35	355
35	391
35	570
35	670
36	84
36	217
36	326
36	327
36	462
36	658
36	664
36	693
37	57
37	220
37	277
37	347
37	349
38	499
38	560
38	648
39	122
39	451
39	471
39	522
39	562
40	242
40	273
40	672
41	47
41	83
41	143
41	455
41	579
42	404
43	64
43	125
43	348
43	655
44	84
44	415
44	503
44	568
45	212
45	249
45	606
46	217
46	270
46	278
46	466
47	136
47	222
47	281
47	327
47	524
47	692
48	268
49	101
49	169
49	245
49	530
50	74
50	130
50	584
51	236
51	257
51	318
51	425
51	548
51	549
51	693
52	77
52	112
52	125
52	402
52	424
52	468
52	477
53	363
53	510
54	471
54	576
54	662
55	129
56	214
57	176
57	237
57	419
57	544
57	649
57	670
58	144
58	406
59	65
59	172
59	598
59	606
60	342
60	423
60	485
61	209
61	234
61	379
61	577
62	372
62	540
63	154
63	219
63	352
63	590
64	579
64	605
65	143
65	171
65	354
65	556
65	644
66	192
66	405
66	428
66	575
66	613
67	266
67	293
67	337
67	388
67	517
67	620
68	118
68	162
68	420
68	429
68	589
68	630
69	264
69	515
69	671
70	179
70	191
70	660
71	149
71	176
71	333
71	680
72	224
73	174
73	214
73	334
74	401
74	604
74	621
75	84
75	399
76	405
76	515
76	582
77	96
77	699
78	152
78	366
78	383
78	392
78	443
78	488
78	513
78	530
79	227
80	220
80	249
80	289
80	470
80	511
80	600
80	601
81	430
81	507
81	543
82	104
82	368
83	166
83	383
83	396
84	87
84	182
84	278
84	336
84	381
84	527
84	683
85	237
85	451
86	120
86	228
86	262
87	289
87	327
87	372
87	525
88	272
89	94
89	146
89	215
89	528
89	543
89	698
90	340
90	375
91	459
92	191
92	291
92	345
92	618
92	676
93	126
93	214
93	329
93	351
93	527
93	620
93	668
94	95
94	358
94	455
94	532
95	505
96	233
96	560
96	658
97	159
97	235
97	254
97	356
97	486
97	499
97	575
98	270
98	428
98	581
98	637
99	144
99	583
99	667
99	682
100	333
100	415
100	428
100	456
100	515
100	532
100	664
101	173
102	151
102	163
102	182
102	186
102	461
102	516
102	692
103	565
104	120
104	152
104	265
104	446
104	685
105	149
105	262
105	306
105	388
106	375
106	463
106	522
106	585
107	514
107	590
107	629
108	517
108	604
109	497
109	518
109	673
110	171
110	193
110	216
110	265
110	321
110	574
110	623
111	235
111	271
111	452
112	414
113	145
114	226
114	252
114	319
114	367
114	388
114	438
114	612
115	237
115	487
116	209
116	273
116	381
116	497
116	566
117	317
117	330
117	381
118	456
118	637
118	689
119	389
121	231
121	439
121	597
121	668
122	143
122	167
122	304
122	423
123	197
123	352
123	361
123	376
123	538
123	605
123	665
124	690
125	201
126	192
126	229
126	312
126	397
126	414
126	549
126	550
126	655
127	148
127	282
127	495
127	621
128	451
128	570
129	250
129	415
130	165
130	313
130	608
131	426
131	427
131	686
132	551
133	254
133	629
134	537
135	431
135	555
136	218
136	283
136	444
136	519
137	187
137	245
138	322
138	492
139	283
139	314
140	475
140	508
140	693
141	253
141	599
141	601
142	225
142	497
142	500
142	535
142	698
143	246
143	301
143	456
143	698
144	249
144	294
144	310
144	456
144	524
144	531
145	190
145	360
145	621
146	345
147	420
147	581
148	499
148	542
148	626
149	171
149	272
149	444
149	584
150	275
150	497
150	594
150	684
151	382
151	451
151	483
151	527
152	298
152	409
152	525
153	284
153	462
153	480
153	661
154	238
154	262
154	279
154	512
154	522
154	560
155	362
155	393
156	204
156	525
157	690
158	286
158	439
158	640
159	219
159	622
159	657
160	298
160	389
160	442
160	516
161	198
161	345
161	521
161	540
161	654
162	165
162	256
162	431
162	513
162	536
162	605
163	269
163	503
164	506
164	630
164	683
165	258
165	591
166	257
166	594
167	184
167	194
167	231
167	361
167	413
167	559
168	211
168	274
168	451
168	670
168	689
169	440
170	186
170	613
171	277
171	662
171	695
172	313
173	587
173	603
174	244
174	670
175	290
175	335
175	342
175	529
175	620
176	518
176	575
177	223
177	469
177	503
177	646
177	686
178	263
178	398
179	573
179	642
180	226
180	387
181	215
181	225
181	317
181	322
181	600
182	218
182	229
182	272
182	347
182	403
182	487
182	682
183	599
183	629
183	684
184	259
184	302
184	624
184	692
185	327
185	386
185	493
185	579
185	620
186	201
186	215
186	519
186	546
187	289
187	351
187	430
187	476
188	400
188	488
189	468
189	556
189	654
191	386
191	684
193	283
193	548
194	320
194	469
194	565
194	577
195	446
195	680
196	532
197	424
197	559
198	536
198	546
199	286
199	426
200	310
200	392
200	608
201	280
201	495
202	217
202	290
202	342
202	515
202	572
203	303
203	548
204	587
205	368
205	476
205	518
205	521
205	580
205	583
205	590
206	236
206	508
206	660
207	253
207	332
207	491
208	274
208	335
208	414
208	471
208	514
208	559
209	399
209	421
209	541
209	688
210	225
210	529
210	582
211	276
211	354
211	480
211	686
212	431
212	435
213	294
214	348
215	255
216	361
216	484
217	452
217	496
218	428
219	340
219	352
219	576
219	660
220	222
220	523
221	420
221	674
222	336
222	338
222	662
223	536
223	553
224	467
224	639
224	671
225	286
225	422
227	649
229	232
229	696
230	273
231	296
231	569
232	488
232	502
232	662
233	237
233	272
233	486
234	469
235	289
235	448
236	614
236	679
239	396
239	685
240	464
240	607
240	676
241	247
241	344
241	602
242	290
242	459
242	594
242	600
242	608
242	695
243	262
243	349
243	437
243	533
243	584
244	339
244	497
244	512
244	566
245	317
245	335
245	584
245	625
246	312
247	477
247	642
248	385
248	393
248	410
248	463
248	633
249	346
250	350
250	379
250	486
250	653
251	590
252	282
252	546
253	345
253	609
253	641
253	692
254	296
254	623
255	265
256	422
256	440
256	456
257	339
257	532
258	476
258	624
258	670
259	525
260	476
261	319
261	435
262	498
262	625
264	363
264	582
265	394
265	534
265	620
266	299
266	354
266	415
266	457
266	587
267	408
267	523
267	526
268	280
268	415
268	502
269	319
270	478
271	282
271	616
272	457
272	537
272	565
274	412
274	470
274	623
275	353
275	412
275	628
276	447
276	513
276	518
276	609
276	673
277	361
277	450
278	353
278	367
278	556
279	353
279	422
279	611
279	699
280	616
280	625
282	284
282	351
282	414
282	416
282	539
284	440
284	552
284	614
285	527
285	680
286	387
286	443
287	406
288	371
288	425
289	359
289	616
289	660
290	296
290	349
290	390
291	426
292	613
293	562
294	577
295	338
295	507
295	553
296	427
296	575
296	687
297	555
297	607
297	642
298	418
298	607
298	639
299	320
299	535
300	345
301	396
301	412
302	604
302	658
303	369
304	379
304	665
305	697
305	699
306	452
306	475
306	517
306	618
307	358
307	514
307	632
307	684
307	694
308	599
309	577
310	327
310	615
310	695
311	550
311	552
311	590
311	658
313	367
313	466
314	320
314	576
314	698
315	364
315	455
315	494
315	564
315	565
315	670
316	319
316	413
316	464
316	535
317	547
317	566
318	334
319	439
319	577
319	658
320	473
321	323
321	387
321	481
321	509
322	378
322	449
322	463
322	491
322	613
323	331
323	384
323	699
324	417
324	606
324	609
325	358
326	395
326	529
326	533
326	641
326	698
327	512
327	595
328	645
329	604
329	643
330	448
330	580
331	463
331	506
333	351
333	358
333	376
333	494
333	530
333	585
334	488
334	496
335	340
335	429
336	403
336	546
337	481
337	568
337	583
338	359
338	571
338	678
339	443
339	691
341	376
341	505
343	464
343	515
343	608
344	552
344	674
344	690
344	693
345	414
346	376
346	453
346	583
346	590
347	354
349	387
349	482
350	404
350	408
350	472
351	416
351	633
352	367
352	371
354	444
354	549
355	418
355	487
355	532
356	496
356	626
356	630
357	555
357	572
358	468
358	542
358	619
358	628
359	495
360	439
361	456
361	471
362	498
362	539
362	549
362	633
363	499
363	544
363	638
364	380
364	529
364	588
364	637
364	698
365	397
365	486
365	536
367	450
367	474
367	488
367	589
368	627
369	543
369	546
369	653
369	664
370	424
370	433
370	499
371	445
371	542
372	384
372	568
373	577
374	395
374	452
375	493
375	613
376	548
376	682
377	410
377	585
380	475
380	642
380	665
381	534
381	615
381	696
382	527
382	536
382	572
382	644
383	434
383	446
383	508
384	462
384	514
385	640
386	455
386	643
386	687
388	449
388	570
388	610
389	544
390	428
390	687
391	686
392	666
393	447
394	504
394	557
394	600
394	696
395	574
396	420
396	430
396	609
397	464
397	528
397	584
397	657
397	675
399	506
399	514
400	639
400	676
400	681
402	563
402	629
403	499
403	621
403	671
404	472
405	439
405	573
405	618
406	430
407	496
407	583
407	676
408	634
409	516
409	597
409	622
409	625
410	539
411	458
411	518
411	563
411	646
412	458
412	572
412	668
413	523
414	517
414	528
414	616
414	645
414	680
415	592
416	419
416	421
416	423
418	436
418	693
419	527
419	610
419	611
419	652
420	479
421	427
422	567
422	584
423	657
424	677
425	586
426	493
427	579
428	553
429	484
429	620
430	434
431	534
431	581
431	659
432	590
433	629
433	642
434	458
436	546
436	590
436	596
436	663
436	695
438	441
440	443
441	483
441	505
441	632
442	548
442	598
443	581
444	644
445	473
445	523
447	509
447	699
448	449
450	594
450	598
451	583
451	600
453	484
453	534
454	626
454	636
455	514
455	673
456	546
457	660
458	526
458	661
460	594
461	553
461	618
462	520
463	489
463	531
463	634
464	547
465	616
465	623
466	518
466	542
467	591
467	674
468	529
469	537
469	596
469	629
469	637
470	656
471	515
471	529
473	649
475	611
476	602
479	580
480	579
481	525
481	543
484	581
486	577
487	574
487	658
489	540
489	542
490	530
490	547
490	589
490	607
495	532
495	580
497	591
498	615
500	641
501	506
502	593
503	509
503	510
503	555
504	572
505	575
507	607
507	661
509	651
510	591
510	667
511	589
514	549
514	678
515	522
515	561
515	581
516	571
516	611
517	558
519	574
519	586
519	671
520	640
521	560
521	657
524	545
525	550
525	655
528	543
529	626
530	683
531	597
531	690
532	621
533	624
533	670
535	539
535	547
535	618
535	629
535	647
538	562
539	552
540	594
543	567
543	638
544	562
544	582
544	622
544	661
545	697
546	620
547	632
549	604
550	590
552	565
552	632
553	564
554	590
555	631
555	641
558	684
559	665
559	685
560	690
566	619
567	569
570	667
574	688
581	599
581	668
585	695
586	640
586	659
587	606
588	634
590	617
590	639
591	593
591	646
593	610
594	691
594	694
596	628
596	634
596	658
599	684
600	601
600	639
601	630
601	680
606	624
607	697
610	654
612	673
618	692
620	698
622	677
623	663
624	695
625	681
628	672
630	644
630	692
631	636
631	653
632	654
633	634
637	684
650	675
660	685
666	684
666	687
680	682