0	2
0	217
0	225
1	86
1	111
1	469
2	4
2	323
2	632
3	228
3	234
3	317
3	376
3	514
3	563
3	646
4	69
4	299
4	409
5	15
5	105
5	341
5	393
6	86
6	305
6	321
6	361
6	433
6	675
7	88
7	343
7	574
8	177
8	232
8	403
8	446
8	493
8	517
8	553
9	28
9	117
9	118
9	206
9	379
9	410
9	418
9	594
9	686
10	610
11	548
11	662
12	94
12	567
12	630
12	680
13	564
14	40
15	460
16	265
16	337
16	366
16	682
17	384
17	391
17	602
18	158
18	167
18	296
18	343
18	665
18	679
19	175
19	302
19	426
19	445
19	448
19	499
19	564
20	60
20	283
21	60
21	353
21	387
21	458
22	252
22	285
22	320
22	626
23	304
23	378
23	400
23	569
23	606
23	668
24	111
24	638
24	643
25	43
25	96
25	119
25	335
25	468
25	488
26	74
26	285
26	332
26	345
26	354
26	398
27	235
27	519
27	582
27	620
29	230
29	606
29	672
30	465
30	477
30	567
30	648
30	655
31	90
31	104
31	135
31	214
31	375
31	530
32	41
32	121
32	133
32	588
32	597
32	600
32	673
33	82
33	109
33	121
33	185
33	189
33	620
34	65
34	109
34	430
34	504
35	42
35	67
35	449
35	491
36	369
37	105
38	111
38	118
38	158
38	228
38	321
39	49
40	52
40	160
40	173
40	205
41	48
41	234
41	282
41	372
41	537
42	429
43	522
44	280
44	387
45	59
45	182
45	334
45	371
45	375
45	523
46	51
46	97
47	70
47	683
48	641
49	443
49	534
49	629
49	699
50	69
50	199
50	240
50	264
50	445
50	528
50	629
51	96
51	466
51	593
51	651
52	117
52	171
52	238
52	375
52	549
52	556
53	257
53	653
54	564
54	643
55	531
56	69
56	97
56	173
56	408
56	478
56	679
57	418
58	187
58	338
59	285
59	319
59	608
60	78
60	111
60	321
60	369
60	643
60	657
61	449
61	659
62	507
63	197
63	396
63	437
64	106
64	268
64	280
64	450
64	676
65	365
65	689
66	328
66	625
66	630
67	73
67	260
67	344
67	491
67	601
67	692
68	250
68	296
68	322
68	558
68	597
68	635
68	659
69	126
69	327
69	365
69	491
69	560
70	274
70	484
70	577
71	144
71	152
71	221
71	237
71	247
71	296
71	653
72	137
72	186
73	94
73	389
73	479
73	508
73	552
73	567
74	100
74	441
74	667
75	300
75	522
76	120
76	405
76	614
77	350
77	380
77	568
77	603
78	102
78	378
78	392
79	90
80	131
80	145
80	373
80	579
81	183
81	347
82	178
82	183
82	282
82	333
82	435
82	568
83	164
83	526
83	687
84	212
84	289
84	485
84	599
85	270
85	273
85	293
85	404
85	538
86	281
86	546
86	572
86	616
87	135
88	219
88	522
88	627
88	663
89	232
89	690
90	217
90	232
90	240
90	349
91	270
91	654
92	394
92	564
93	325
93	440
94	410
94	519
95	181
97	259
97	406
97	463
98	236
98	339
98	418
98	581
98	583
99	245
99	409
99	432
99	539
100	292
100	347
101	367
101	601
101	696
102	215
102	267
102	468
102	490
102	682
103	357
104	258
104	263
104	607
104	619
105	280
105	577
105	593
106	146
106	173
106	340
106	501
106	550
106	574
106	685
107	523
107	575
107	686
108	628
109	213
109	281
109	339
110	206
110	522
111	335
111	470
112	212
112	307
112	586
113	201
113	287
113	328
114	452
115	343
115	686
116	220
116	221
116	519
118	380
118	434
118	467
118	550
118	623
119	372
120	155
120	271
120	427
120	450
120	638
121	186
121	432
121	544
121	628
122	201
122	210
122	622
123	220
124	503
124	648
125	325
125	437
125	551
125	639
126	594
127	135
127	207
127	616
128	201
128	398
128	517
129	180
129	222
129	576
129	634
130	186
130	188
130	281
131	140
131	292
131	394
132	216
132	501
132	550
133	287
134	275
134	351
134	480
134	654
135	141
135	680
136	147
136	190
136	197
136	481
136	524
136	540
136	627
137	165
138	220
139	224
139	594
139	674
140	223
140	532
141	302
141	384
141	582
141	627
142	225
142	254
142	312
142	362
142	456
142	534
142	595
142	613
143	412
143	425
144	288
144	494
144	538
144	648
145	221
146	615
147	167
147	185
148	193
148	221
148	674
149	216
149	400
149	484
149	574
150	419
150	434
150	533
151	207
151	233
151	518
151	658
151	660
152	316
153	264
153	285
153	438
153	490
153	510
153	614
153	626
153	650
154	164
154	228
154	541
155	268
155	291
155	329
156	164
156	187
156	316
156	327
156	398
157	243
157	244
157	432
158	223
158	393
159	284
159	286
160	263
160	481
161	174
161	193
161	404
161	527
161	589
161	633
162	275
162	382
162	474
162	588
163	180
164	353
164	541
164	548
165	556
166	285
166	433
166	647
167	563
167	616
167	630
167	659
168	392
168	405
169	325
170	209
170	278
170	509
170	591
171	225
171	252
171	274
171	355
171	638
171	647
172	642
173	234
173	235
173	418
173	565
173	615
174	292
174	319
175	293
175	351
175	371
175	527
175	698
176	271
176	379
176	531
177	408
178	224
178	313
179	552
179	687
180	561
182	212
182	523
182	553
183	591
183	609
183	666
184	245
184	281
185	230
185	288
185	414
185	568
186	378
186	674
186	676
187	295
187	446
187	474
187	490
187	676
188	269
188	368
189	230
189	324
189	412
189	555
189	587
189	668
190	206
190	227
190	241
190	425
190	507
190	584
190	621
191	411
191	439
192	449
193	274
193	533
193	612
194	327
194	350
194	583
195	236
196	639
197	626
198	276
198	369
198	412
198	478
198	572
199	420
199	525
200	307
201	275
201	358
201	445
201	534
202	474
202	569
203	612
204	279
204	577
205	314
206	214
206	261
206	364
206	632
207	263
207	319
207	392
207	520
207	554
207	636
208	232
208	405
208	519
208	566
208	659
209	584
210	227
210	572
210	678
211	339
211	342
211	532
211	534
212	270
212	334
212	350
212	685
213	286
213	314
213	414
213	549
213	626
213	655
214	282
214	446
214	576
217	393
218	505
219	307
220	330
221	309
222	237
222	284
222	349
222	450
222	477
222	538
223	338
223	468
224	321
225	231
225	236
225	327
225	347
225	363
225	436
225	484
225	680
226	278
227	255
227	306
227	547
227	554
227	596
228	312
228	653
229	278
229	649
230	316
230	556
231	257
231	363
231	437
232	302
232	340
232	344
232	600
233	487
234	261
234	314
234	351
234	629
235	254
235	349
235	375
236	338
237	256
237	377
237	580
238	367
238	410
238	493
238	660
238	673
239	315
239	621
241	355
242	401
242	692
243	293
243	670
244	353
244	509
244	671
245	438
245	631
245	665
246	396
246	603
246	675
247	548
247	697
248	313
248	451
248	530
248	542
248	566
249	290
249	432
250	588
251	402
251	555
253	350
253	419
253	442
253	450
253	553
254	294
254	374
254	573
254	686
255	680
256	444
256	634
256	682
257	273
257	350
257	484
257	547
257	656
258	363
259	385
259	409
260	588
260	600
261	313
261	374
261	530
261	556
261	611
262	450
263	297
263	413
263	563
263	638
264	583
264	697
265	693
266	298
266	507
266	533
266	545
267	478
267	693
268	572
270	284
270	302
270	313
271	679
272	447
274	323
274	367
274	398
274	572
274	666
276	324
276	359
276	649
277	661
279	379
281	372
281	463
281	501
281	585
283	330
283	498
284	291
284	411
284	423
284	485
284	492
284	494
284	524
284	534
284	583
285	341
285	592
287	355
287	434
287	449
287	596
287	645
288	361
288	436
288	575
289	305
289	306
289	556
289	695
290	301
290	503
291	361
293	311
293	471
294	399
294	464
294	509
294	628
295	426
295	498
295	548
295	577
295	650
295	690
296	373
297	593
297	635
298	374
300	620
302	360
302	665
303	380
303	418
303	476
303	646
304	305
304	362
304	596
304	640
305	325
305	383
305	511
305	640
308	426
308	525
308	657
309	489
310	333
310	436
310	519
312	632
313	318
313	484
313	494
313	648
314	632
315	614
315	661
316	386
316	534
317	487
317	513
318	353
318	548
319	341
319	376
319	414
319	433
320	433
320	498
320	575
320	624
320	665
321	553
322	439
322	606
322	612
322	621
322	688
323	490
324	413
325	586
325	663
326	396
326	498
326	535
326	587
326	603
326	626
327	443
328	378
328	511
328	609
329	661
330	353
330	370
330	532
330	544
331	335
331	488
331	510
331	582
332	363
332	571
332	600
332	682
333	443
333	476
333	629
334	580
335	600
335	612
336	524
337	597
338	412
338	445
338	691
339	340
339	346
341	401
341	476
341	698
342	421
343	524
343	587
343	681
344	351
344	454
344	469
344	479
344	585
344	631
345	365
345	487
345	533
345	628
345	635
346	377
346	448
346	547
346	592
346	646
347	625
347	629
347	679
348	427
348	667
349	554
350	608
351	386
351	543
352	648
353	460
353	461
353	505
353	628
354	378
354	681
355	435
355	459
355	476
355	575
356	458
356	516
356	652
357	634
357	659
358	391
358	586
360	587
360	668
361	582
361	609
362	572
362	649
363	659
363	694
364	374
364	446
364	558
364	654
365	429
365	480
365	601
366	522
367	606
367	616
367	675
368	412
368	439
368	597
369	636
369	648
369	681
370	604
371	531
372	412
372	417
372	489
372	500
372	622
372	641
374	392
374	577
375	449
375	472
376	378
376	459
376	469
376	653
377	417
377	515
379	382
380	399
381	672
381	681
382	383
382	398
383	492
384	519
384	637
384	690
385	590
385	655
386	429
386	617
386	620
386	679
387	405
388	506
388	521
388	608
388	623
389	419
389	481
389	684
390	405
390	457
390	465
391	640
392	619
393	675
393	696
394	536
394	687
395	426
396	517
397	541
398	543
399	444
399	473
399	558
399	581
400	497
401	505
401	632
402	502
402	531
403	422
403	495
403	532
403	551
405	415
405	515
405	559
405	643
406	547
406	561
407	469
407	614
408	521
408	583
408	699
409	583
409	648
410	621
411	515
412	564
412	576
412	594
413	516
413	544
413	570
413	642
413	696
414	526
414	543
414	586
415	625
415	666
415	679
416	455
417	430
417	531
419	458
420	567
421	570
421	620
423	562
424	666
425	603
426	612
427	587
427	680
428	593
429	447
429	529
430	574
431	639
431	650
431	678
432	501
433	678
435	448
435	499
436	505
437	622
437	637
437	662
437	685
438	470
438	558
439	469
439	537
440	519
441	465
442	629
442	665
443	539
443	624
443	693
444	516
444	574
446	627
446	648
447	609
447	644
448	503
448	653
449	470
449	695
450	687
451	682
452	471
452	510
452	513
452	551
452	564
453	462
453	624
454	589
454	630
454	658
455	469
455	572
456	543
457	466
457	557
457	665
459	696
460	581
460	690
461	516
461	587
461	592
461	606
461	666
463	620
463	688
464	691
465	635
465	637
466	541
468	520
470	476
471	521
471	698
472	533
472	567
472	687
473	656
474	499
474	538
474	539
474	601
475	562
475	647
476	515
477	609
478	693
479	691
480	555
481	575
482	488
482	581
482	662
483	607
483	686
484	567
486	534
486	607
486	657
487	530
487	577
488	584
489	491
491	697
492	635
493	557
493	664
494	642
496	594
497	583
498	671
499	559
499	600
499	619
499	626
500	531
501	575
501	584
501	655
502	504
503	610
504	555
506	539
506	581
510	571
510	663
510	674
511	638
512	570
512	605
514	631
514	643
515	612
516	642
517	553
519	586
519	615
523	531
523	547
524	681
527	653
529	635
529	640
530	681
532	581
532	621
532	683
533	668
537	596
538	618
539	590
540	627
541	605
544	572
544	600
547	593
551	587
552	557
553	603
554	559
554	637
555	579
556	564
556	697
557	612
559	668
560	595
561	654
562	643
563	571
563	676
564	632
564	654
564	688
566	586
567	671
568	634
568	686
569	574
569	582
569	654
570	643
570	647
570	662
570	685
571	665
574	662
574	696
577	614
577	668
578	647
579	681
580	631
581	671
588	606
588	683
594	682
596	609
598	674
600	620
602	619
602	658
608	674
611	657
612	640
613	663
614	676
615	679
615	694
616	663
618	634
619	631
619	686
622	648
624	625
624	629
624	642
634	698
637	681
642	677
642	684
645	662
646	692
648	665
650	661
653	656
654	677
656	666
658	664
659	697
661	695
669	671
675	699
676	677
683	685
684	688