0	4
0	417
0	469
1	350
1	698
2	43
2	97
2	231
2	330
2	361
2	374
2	444
2	600
3	108
3	174
3	202
4	138
4	216
4	399
5	66
5	376
5	595
6	180
6	268
6	518
6	599
6	684
7	95
7	125
7	177
7	407
7	478
8	24
8	204
8	572
8	591
8	621
9	389
10	116
10	158
10	234
10	236
10	660
11	67
11	151
11	387
11	419
11	450
11	590
12	366
12	585
13	135
13	287
13	341
13	606
14	25
14	315
15	135
15	264
15	352
15	555
15	607
15	670
15	699
16	357
17	668
18	79
18	118
18	515
18	547
19	44
19	215
19	407
19	553
20	363
20	640
21	118
21	533
21	666
22	182
22	581
23	91
23	477
23	603
23	699
24	53
24	677
25	87
25	288
25	336
25	481
25	494
25	525
25	639
25	660
26	100
26	292
26	579
26	628
27	34
27	53
28	56
28	125
28	310
28	446
28	597
28	688
28	696
29	72
29	185
29	538
29	629
30	109
30	142
30	550
31	602
32	34
32	495
32	544
32	643
33	655
34	527
34	595
35	159
35	422
35	490
35	536
35	597
36	44
36	186
36	278
36	284
36	290
36	321
36	345
37	81
37	439
37	688
38	93
38	174
38	561
39	211
39	260
39	519
40	219
40	530
41	50
41	216
41	323
41	447
41	627
41	654
41	679
42	100
42	360
43	471
43	552
44	331
44	437
44	448
44	497
44	606
44	634
44	673
45	204
46	496
47	210
47	365
47	395
47	400
47	452
47	630
48	267
49	179
49	192
49	197
49	214
49	223
49	626
50	104
50	203
50	283
50	321
50	347
50	513
50	527
50	607
50	650
51	81
51	140
51	143
51	495
51	542
52	73
53	90
53	261
53	339
54	61
54	77
54	89
54	230
54	256
54	305
54	583
55	174
55	273
55	335
55	423
55	490
55	545
55	583
55	690
56	181
56	204
56	345
56	350
57	73
57	262
57	327
57	375
57	392
58	59
58	241
58	561
58	587
58	636
59	230
59	278
59	612
60	122
60	456
60	660
61	286
61	293
61	311
61	493
61	516
61	633
62	105
62	120
62	171
62	533
62	543
63	148
63	316
63	339
63	351
63	534
63	540
64	103
64	147
64	420
64	427
64	507
65	555
65	647
65	654
66	205
66	233
66	422
66	614
67	316
67	515
67	568
68	111
68	356
68	445
68	460
68	485
68	675
69	380
69	561
69	568
69	579
69	636
69	651
70	207
70	390
71	77
71	95
71	311
71	409
71	522
72	153
72	249
72	543
72	583
72	658
73	103
74	79
74	186
74	453
75	415
75	550
76	105
76	268
76	553
76	640
76	688
77	103
77	426
77	444
77	452
77	615
78	175
78	398
78	456
78	615
79	194
79	276
79	484
79	508
79	551
80	206
81	104
81	275
81	329
82	199
83	188
83	243
83	311
83	339
84	138
84	167
84	386
84	548
84	567
85	180
86	128
86	568
86	655
87	577
87	630
87	640
87	642
87	659
88	129
88	531
88	541
89	501
89	503
89	566
89	615
90	427
90	588
90	660
91	140
91	174
91	185
91	395
91	482
91	566
91	616
92	465
92	571
93	126
93	227
93	407
93	433
93	508
94	584
94	605
95	139
95	447
95	597
95	603
95	665
96	167
96	279
96	623
96	679
97	99
97	243
97	510
97	543
98	365
98	404
99	128
99	251
99	367
99	606
100	668
100	678
101	197
101	255
101	400
101	540
101	575
101	611
102	254
102	356
102	692
103	131
103	153
103	295
103	395
103	587
103	608
104	420
104	477
104	526
104	626
105	350
105	499
105	576
105	650
106	464
106	522
106	524
107	123
107	358
107	518
107	617
108	239
108	276
108	330
109	118
109	160
109	250
109	395
109	575
109	588
109	631
110	418
110	589
111	314
111	487
111	493
112	181
112	356
112	367
112	573
113	315
113	636
114	172
114	367
115	207
115	211
115	466
115	489
115	526
116	236
116	382
116	668
117	637
119	129
119	182
119	223
119	264
119	342
119	406
119	619
120	288
120	495
120	569
121	180
121	197
121	349
121	448
121	617
122	211
122	272
122	290
123	204
123	267
123	299
123	353
123	530
123	694
124	421
124	546
125	138
125	189
125	325
126	248
126	466
126	652
127	575
128	195
129	437
129	587
130	184
130	258
130	278
131	429
131	442
131	559
132	144
132	411
132	443
132	476
132	693
133	396
134	282
134	354
134	575
135	175
135	270
135	495
136	266
136	355
136	575
137	332
137	638
137	681
138	291
138	351
138	446
139	492
139	593
140	322
140	363
140	369
140	586
141	629
142	424
142	689
143	393
143	498
143	671
144	280
144	295
144	652
145	152
145	627
146	158
146	232
146	424
146	457
146	536
146	542
147	313
147	410
147	539
148	326
148	636
148	650
149	324
149	392
149	452
150	193
150	351
150	427
150	565
150	599
151	295
151	566
151	625
151	661
152	275
152	305
152	588
152	637
153	167
153	173
153	175
153	533
153	676
154	454
154	517
155	175
155	360
155	374
155	465
156	206
156	368
157	186
157	333
158	441
158	696
159	625
159	630
159	645
160	238
161	561
162	197
162	209
162	247
162	250
162	442
162	481
162	643
163	278
163	353
163	476
164	248
164	399
164	470
164	545
164	657
165	272
165	334
165	358
166	451
166	529
167	362
167	371
167	478
167	481
168	194
168	260
168	423
169	640
169	662
170	199
170	311
170	550
170	600
171	197
171	489
172	223
172	509
172	661
174	230
174	605
174	679
175	369
175	499
175	615
176	221
176	337
176	443
176	563
176	682
176	697
177	423
177	614
178	233
179	361
179	419
179	469
180	501
180	637
181	689
182	183
182	268
182	290
182	404
182	562
182	571
182	587
182	669
183	373
183	424
183	428
183	483
183	543
183	577
183	684
184	328
184	559
185	207
185	280
185	353
185	408
185	638
185	656
185	696
186	236
186	360
187	379
187	528
188	335
188	538
189	343
189	578
189	588
190	289
190	320
190	487
190	564
190	671
191	643
192	213
192	340
192	377
192	402
192	413
192	429
192	524
192	525
192	636
193	426
194	208
194	432
194	473
194	685
195	599
196	248
196	283
196	357
196	556
196	638
196	655
197	371
197	620
198	217
198	473
198	515
199	317
199	490
199	562
199	661
199	674
199	682
199	685
200	236
200	552
201	256
201	637
202	588
202	662
202	673
203	544
204	397
204	413
204	540
204	567
205	210
205	581
206	386
206	481
206	484
206	603
206	647
207	211
207	292
207	382
207	466
207	485
207	503
208	276
208	476
208	655
208	674
209	250
209	290
209	400
209	480
209	563
210	286
210	348
210	603
212	264
213	338
213	437
213	512
213	541
214	366
214	436
214	469
214	489
214	561
215	231
215	615
216	332
216	371
216	592
216	693
217	400
217	404
217	611
217	674
218	341
218	355
218	580
219	499
219	576
219	583
220	406
220	549
220	577
220	697
221	488
222	254
222	504
222	572
223	448
223	550
223	585
224	606
224	643
224	694
225	320
225	595
225	665
226	229
227	316
227	451
228	276
228	405
228	412
228	584
228	629
229	369
229	374
229	555
229	578
230	454
230	539
230	561
231	407
232	397
232	432
232	516
233	302
233	406
233	678
234	361
235	382
235	596
235	615
236	635
237	352
237	608
238	663
239	411
239	545
239	583
239	629
239	698
240	352
240	696
242	456
242	516
243	271
243	369
243	605
243	617
243	620
243	636
243	685
244	272
244	292
244	546
244	564
244	656
244	669
245	280
246	524
246	655
247	330
247	680
248	296
248	467
248	537
249	587
249	614
249	679
250	514
250	522
250	530
250	659
250	695
251	312
251	513
252	272
252	347
252	526
253	499
253	647
254	272
254	287
254	395
254	541
254	563
254	583
256	498
256	524
257	318
257	353
257	402
257	468
258	697
259	405
259	565
259	580
260	559
260	662
260	663
261	268
261	337
262	401
262	626
263	429
263	466
264	386
265	421
265	477
266	680
268	528
269	394
269	413
269	533
269	546
271	415
272	369
273	296
273	388
273	490
273	506
274	386
274	415
275	444
275	565
275	574
275	604
275	689
276	392
276	432
277	449
277	519
278	402
278	665
279	331
279	455
279	540
279	625
280	411
280	641
280	652
281	309
282	517
282	600
283	626
284	364
284	493
285	288
285	382
285	481
285	515
286	666
287	385
287	390
287	672
288	299
288	356
288	365
288	524
288	569
289	573
289	598
289	624
290	332
290	554
291	599
294	407
295	485
296	298
296	397
296	597
296	622
297	456
297	520
297	597
297	634
297	667
298	443
298	588
299	538
299	676
300	488
300	557
300	558
300	611
300	668
300	676
301	415
301	559
302	574
302	589
302	607
302	692
303	306
304	406
304	474
304	532
304	578
305	648
307	331
307	365
307	523
307	577
308	577
308	628
309	314
309	416
309	427
309	551
310	553
310	570
311	320
311	326
312	386
312	490
312	676
313	542
314	665
315	474
315	487
315	591
317	380
317	592
317	673
318	684
319	448
319	524
319	599
320	337
320	476
320	624
321	449
321	568
321	580
322	394
322	438
322	476
322	478
322	620
323	454
323	578
323	671
324	462
325	457
325	483
326	359
326	676
327	621
329	359
329	459
329	560
329	639
330	361
330	383
330	467
330	497
331	562
331	624
331	658
331	680
332	356
332	372
332	413
332	518
332	610
332	652
333	639
334	553
335	482
336	403
337	520
337	600
338	454
338	656
339	464
339	642
339	693
341	539
342	484
342	518
342	547
342	570
342	589
343	435
344	578
345	450
345	573
345	676
346	365
346	380
346	407
346	540
346	609
347	414
347	534
348	378
349	571
349	662
350	606
351	402
351	425
351	467
351	558
351	616
351	696
352	669
352	691
353	600
354	412
354	495
355	568
356	418
356	448
358	377
358	425
358	608
359	372
359	692
361	597
362	627
362	657
363	417
363	480
363	553
364	478
366	618
367	508
367	533
367	685
368	672
370	423
370	479
371	534
371	636
371	652
372	381
373	412
373	615
374	461
375	404
377	422
377	635
378	450
378	619
380	486
380	667
381	463
381	542
381	604
383	466
384	617
385	423
385	461
385	508
385	571
385	698
386	467
386	589
386	625
387	521
388	419
389	608
390	530
391	496
391	600
392	411
392	463
392	526
393	394
393	451
394	602
395	414
395	433
395	447
395	557
395	653
397	430
397	445
397	665
397	667
398	421
398	614
399	621
401	433
401	472
401	518
402	644
402	687
403	528
403	562
405	478
405	500
406	615
407	466
407	510
407	558
408	571
409	575
410	431
410	628
411	540
412	616
413	462
413	534
413	565
414	461
414	572
414	613
415	520
415	624
415	676
416	668
417	445
418	483
418	631
419	558
420	517
420	576
421	476
421	546
422	484
423	525
424	543
424	584
424	639
424	681
426	459
426	664
427	459
427	509
427	582
428	469
429	629
430	436
430	458
430	513
430	586
433	446
433	447
433	487
433	538
433	614
433	624
433	647
434	516
434	678
435	501
435	664
435	693
436	616
436	630
437	509
437	615
437	683
440	549
441	646
441	664
442	557
442	637
443	490
443	585
443	626
444	515
444	592
444	660
444	678
445	617
446	468
446	615
446	657
446	663
447	487
448	510
448	538
450	462
450	489
450	554
454	525
454	687
455	564
455	678
456	461
457	677
458	516
458	643
458	660
459	476
461	473
461	528
461	606
461	694
462	543
463	479
463	533
463	621
463	677
464	635
465	505
465	633
466	518
467	537
467	566
467	632
467	675
468	551
468	634
470	596
470	677
471	511
471	594
471	683
472	487
473	611
475	649
476	545
478	489
479	664
480	509
482	564
484	535
484	553
484	632
485	676
488	530
489	615
490	603
490	663
491	535
491	690
492	568
492	601
493	505
494	548
495	588
496	518
496	532
496	698
497	631
499	585
500	537
500	566
501	644
501	649
501	661
502	529
502	621
503	536
503	628
504	658
505	642
507	582
507	583
507	644
508	607
511	635
515	537
515	549
515	585
515	614
517	629
519	560
520	530
522	688
525	546
529	579
531	666
533	565
534	555
535	574
536	673
536	681
538	642
538	694
542	596
546	587
547	553
552	638
554	613
557	600
558	658
562	616
562	645
564	574
564	588
566	662
567	598
567	643
570	638
572	578
572	611
575	616
575	651
576	631
577	594
577	603
577	696
577	698
578	674
581	620
582	629
583	617
584	627
587	617
588	654
588	655
589	656
591	654
591	677
592	657
592	698
597	605
598	666
603	690
604	677
608	632
608	638
610	612
612	654
613	681
622	686
623	637
625	636
625	678
630	694
631	680
634	666
634	673
635	636
640	669
647	693
650	689
651	659
651	688
659	692
660	664
660	670
661	668
672	688
672	692
673	682
691	699