0	512
1	76
1	136
1	154
1	328
1	456
1	521
1	699
2	98
3	259
4	152
4	195
4	307
4	577
4	631
5	471
5	501
5	508
6	54
6	90
6	158
6	509
6	563
7	126
7	603
7	635
7	689
8	311
8	387
8	553
9	131
9	352
10	58
10	81
10	169
10	281
10	398
10	428
10	533
10	576
10	592
10	643
10	676
11	250
11	260
11	633
12	88
12	197
12	241
12	257
12	355
12	624
12	677
13	108
13	362
13	367
13	571
13	694
14	87
14	213
14	310
14	405
14	607
15	62
15	582
16	292
16	476
16	553
16	559
16	644
17	56
17	67
17	185
17	321
17	585
18	218
18	257
18	313
18	335
18	682
18	685
19	184
19	230
19	370
19	385
19	402
19	536
19	662
19	672
20	21
20	209
20	293
20	664
20	685
20	694
21	58
21	117
21	332
21	531
22	201
22	445
23	59
23	388
23	690
24	79
24	220
24	431
24	611
24	657
24	665
24	687
24	688
25	401
25	540
25	557
25	568
25	574
25	625
26	186
26	408
26	457
27	303
27	661
28	151
28	169
28	299
28	485
28	689
29	106
29	184
29	320
30	141
30	266
30	453
30	552
30	694
31	62
32	116
32	310
32	331
32	406
32	433
32	479
33	104
33	125
33	567
33	673
34	405
34	440
34	589
35	508
35	608
36	303
36	415
36	561
36	626
37	329
37	399
37	431
37	548
38	79
38	138
38	228
38	374
38	436
38	609
39	251
39	319
39	418
39	436
40	145
40	228
40	234
40	240
40	248
40	483
40	510
41	182
41	540
41	556
41	697
42	101
42	212
42	224
42	458
43	98
43	343
44	91
44	142
44	235
44	468
44	585
45	372
45	517
45	563
46	89
46	131
46	271
46	573
47	301
47	388
47	407
47	422
47	639
48	278
48	286
48	688
49	265
49	341
49	357
50	191
50	308
50	315
51	261
51	582
51	687
52	64
52	105
52	310
52	313
52	335
52	338
52	390
52	398
53	115
53	302
53	446
53	478
53	497
54	139
54	246
54	613
55	105
55	123
55	198
55	295
56	57
56	448
56	663
57	229
57	263
58	297
58	336
58	418
58	535
59	140
59	384
59	472
59	613
59	666
60	393
61	225
61	354
61	680
62	353
62	663
63	141
63	198
63	414
63	650
64	329
64	479
65	329
65	343
65	559
65	586
66	400
67	85
67	194
67	221
67	297
67	553
67	593
68	215
68	528
69	121
70	246
70	351
70	617
71	406
71	562
72	258
72	394
72	548
73	117
73	501
74	127
74	378
74	442
74	485
74	530
75	144
76	263
76	292
76	337
76	460
76	663
77	110
77	383
77	684
78	356
79	247
79	266
79	581
79	615
80	375
80	516
81	296
81	354
81	678
82	191
83	144
83	289
83	379
83	683
84	144
84	147
84	234
84	336
85	148
85	310
85	487
85	657
85	677
85	691
86	277
86	321
86	334
86	419
87	115
87	132
87	294
87	297
87	514
87	532
88	119
88	309
88	445
89	637
90	174
90	407
90	546
90	573
90	637
91	154
91	179
91	260
91	489
91	540
92	268
92	463
92	647
93	641
94	130
94	423
94	516
94	645
95	167
95	380
95	677
96	344
96	463
96	524
96	699
97	401
97	407
97	537
98	263
98	285
98	343
99	189
99	222
99	645
99	689
100	184
100	356
100	461
100	462
100	585
101	140
101	699
102	175
102	181
102	220
102	231
102	299
102	371
103	402
103	516
103	538
103	624
104	230
104	355
104	436
104	568
105	239
105	303
105	381
105	596
105	631
105	666
106	146
106	178
106	379
106	397
107	334
107	379
107	459
107	661
107	680
109	374
110	160
110	223
110	224
110	388
110	427
110	489
111	130
111	138
111	158
111	697
112	128
112	132
112	468
112	493
113	257
113	544
113	666
114	134
114	388
114	401
114	597
114	602
114	637
116	286
116	348
116	438
116	458
116	459
116	461
116	479
117	143
117	211
117	351
117	411
117	624
117	691
118	530
119	472
120	194
120	344
120	355
120	401
120	497
120	552
120	647
121	399
121	568
121	672
122	441
123	171
123	346
124	672
125	162
125	317
125	345
125	426
125	457
125	462
125	536
125	653
126	320
126	455
126	647
127	231
127	516
127	673
128	139
128	598
128	652
129	472
130	262
130	370
130	392
130	587
131	163
131	202
132	291
132	314
132	526
133	178
133	263
133	293
133	341
133	404
135	220
135	340
135	387
136	180
136	245
136	312
136	462
136	501
136	547
137	187
137	604
138	334
138	337
138	683
139	248
139	345
139	421
139	577
140	156
140	187
140	232
140	478
141	417
141	662
141	698
143	251
143	307
144	156
144	208
144	474
144	498
145	206
146	247
146	279
146	679
147	160
148	161
148	327
148	473
148	633
149	195
149	667
150	302
150	321
151	264
151	291
151	504
152	356
152	414
152	520
152	610
153	354
153	611
154	227
154	382
154	592
155	191
155	233
155	240
155	383
155	615
156	253
156	561
156	609
157	195
157	229
157	376
157	505
157	607
159	241
159	388
159	428
159	511
159	655
160	170
160	253
160	535
160	538
160	576
160	595
161	435
161	601
161	627
162	244
162	393
162	599
163	471
163	562
163	598
164	361
164	470
165	456
165	642
166	220
166	371
167	228
167	614
167	662
167	686
168	205
168	209
168	268
168	361
169	176
169	283
169	352
169	366
169	503
169	540
170	302
170	348
170	377
170	405
171	192
171	198
171	509
171	561
171	641
172	486
172	488
172	588
173	357
174	294
175	178
175	225
175	316
175	516
175	538
175	581
175	597
175	672
176	287
176	370
176	421
176	584
176	649
176	665
177	266
177	481
177	577
179	235
179	412
179	658
180	362
180	634
181	235
182	266
182	401
182	542
183	199
183	221
183	372
183	375
184	396
185	312
185	389
185	426
185	486
185	516
186	224
186	528
186	575
186	670
187	273
187	537
187	597
188	472
188	695
189	247
189	418
190	303
191	202
191	226
192	473
192	549
193	219
193	559
193	625
193	690
194	437
194	609
195	268
195	605
195	620
196	646
197	204
197	404
198	200
198	371
198	547
198	617
199	281
200	234
200	628
201	246
201	270
201	285
201	444
201	553
201	650
202	356
202	373
202	386
202	649
203	252
203	499
204	301
204	416
204	633
205	547
205	669
206	472
206	647
207	284
207	365
207	690
208	242
208	348
209	282
209	429
210	217
210	303
210	367
210	518
211	301
211	304
211	613
211	631
212	602
213	333
213	357
214	222
215	336
215	451
215	513
216	617
217	222
217	368
218	530
218	534
218	633
219	239
219	349
219	674
219	678
220	277
220	396
221	326
221	371
221	545
222	397
222	489
223	389
223	492
224	388
225	329
225	398
225	444
225	478
225	505
226	375
226	506
226	570
226	698
227	304
227	363
227	413
227	539
227	656
228	492
228	637
229	242
229	271
229	361
229	391
230	422
230	432
230	535
230	669
231	281
231	298
231	453
232	246
232	480
232	659
233	261
233	315
233	318
233	419
233	428
233	455
234	406
234	545
234	553
234	645
235	364
235	368
235	529
235	546
236	384
236	389
236	399
236	493
236	537
237	344
237	620
238	287
238	583
239	528
239	533
240	245
240	529
241	474
241	602
242	314
242	407
242	575
243	579
243	687
244	440
245	372
245	569
246	599
247	257
247	467
247	548
247	568
247	692
248	308
248	475
248	551
249	433
249	503
250	448
251	308
251	332
252	400
252	551
253	578
254	313
254	492
254	627
255	257
256	346
256	669
257	290
257	294
257	423
257	503
258	479
258	668
259	361
259	484
259	554
259	632
259	693
260	633
261	263
261	285
261	558
261	642
261	646
262	405
263	383
263	600
264	495
265	484
265	510
265	544
266	683
267	675
268	404
268	598
268	659
268	689
269	470
269	652
270	433
270	454
271	309
271	401
271	527
271	557
272	682
273	496
274	283
274	309
274	547
274	621
275	340
275	356
275	361
275	525
276	696
277	454
277	609
277	610
279	527
279	637
280	412
280	524
280	629
282	365
282	442
283	392
283	435
283	448
283	695
284	584
285	325
286	316
286	390
286	542
287	337
287	626
288	560
289	406
289	436
289	444
289	514
289	569
290	399
290	445
290	521
290	680
291	343
292	445
292	497
294	372
294	557
294	626
295	505
295	639
296	431
296	498
296	598
297	404
298	394
298	404
298	489
299	620
300	413
300	481
301	411
301	421
301	493
301	548
302	328
302	401
302	615
303	379
303	397
303	584
303	638
303	653
304	359
304	546
305	515
305	596
305	629
306	426
306	625
306	680
307	421
307	574
307	598
308	431
308	472
309	411
309	601
309	642
309	654
309	656
310	367
310	414
310	511
310	536
310	624
310	680
310	687
311	356
311	416
311	601
311	661
313	410
313	540
314	388
314	623
315	359
316	499
317	521
317	584
317	590
317	681
318	542
318	591
318	660
319	356
319	383
320	432
321	374
321	412
321	420
321	550
322	408
322	634
323	470
323	506
323	680
324	366
324	409
325	601
326	385
326	392
326	483
326	601
327	361
327	424
327	640
327	699
328	375
328	698
329	577
330	488
330	530
330	627
330	633
331	411
331	443
331	537
333	334
333	500
333	531
333	538
335	440
335	509
335	635
336	393
337	372
337	453
337	605
338	436
338	457
338	463
338	620
339	351
339	442
339	512
339	537
339	582
339	695
340	469
340	487
340	495
340	591
341	606
341	615
341	699
342	408
342	438
342	482
342	539
343	345
343	634
343	699
344	404
344	405
344	485
344	498
344	505
344	674
344	692
344	698
345	454
346	351
346	492
346	655
346	680
347	570
348	607
348	608
348	610
350	510
350	647
352	622
353	572
354	479
354	570
355	482
356	422
356	631
357	417
358	580
358	602
359	450
360	396
360	566
361	458
361	525
362	383
362	534
362	618
363	456
363	459
363	510
364	385
364	450
364	468
365	446
366	669
367	479
367	496
367	520
368	387
369	448
369	679
370	491
370	573
371	411
371	424
371	534
371	537
371	601
372	402
372	525
373	384
373	405
373	511
374	449
375	480
376	490
376	651
377	643
379	474
379	602
379	624
380	528
382	553
382	619
383	602
384	426
384	639
385	418
385	495
385	596
386	392
389	580
389	593
390	523
390	697
391	464
391	636
392	588
393	414
393	603
395	510
396	478
396	580
397	437
397	507
397	558
398	504
399	447
399	557
399	559
400	433
401	480
401	533
401	543
401	615
402	526
402	552
402	567
402	579
402	580
403	514
403	686
403	693
404	551
404	685
405	518
406	418
406	456
406	459
407	503
407	518
407	578
412	695
413	560
414	459
414	463
414	544
414	573
415	613
416	451
417	425
417	451
417	469
417	615
417	635
417	652
417	678
418	522
418	584
418	616
419	523
419	528
419	616
420	599
421	474
422	423
422	432
422	673
423	450
424	607
425	637
427	466
427	590
427	632
427	653
428	661
429	435
430	602
430	636
431	472
431	628
431	647
432	466
433	471
434	476
434	658
435	448
436	466
436	604
436	654
437	548
437	685
438	504
438	536
438	622
438	632
438	658
439	522
439	535
440	653
440	695
442	533
442	637
443	551
443	679
443	686
444	572
444	660
445	471
446	584
446	593
447	649
451	458
451	690
452	616
452	636
453	493
454	492
454	534
455	474
457	486
457	653
457	673
458	568
458	573
458	663
459	570
460	545
461	487
461	637
461	695
462	477
462	531
465	638
466	677
467	634
467	658
467	696
468	472
468	525
470	585
470	651
471	476
471	658
472	641
473	666
474	501
474	555
476	544
476	612
476	684
478	659
479	576
480	598
480	640
482	535
482	608
483	611
484	575
487	666
488	636
491	673
493	618
494	528
496	586
497	562
498	563
499	507
499	572
501	666
502	529
503	630
504	508
505	510
505	524
505	669
511	549
512	599
512	604
513	629
515	632
515	676
516	544
516	559
516	602
516	647
518	662
519	531
521	585
521	621
522	527
522	534
522	660
523	662
527	591
527	660
528	563
531	557
531	675
532	534
533	667
534	633
540	641
540	667
541	658
541	679
543	570
544	546
546	607
546	619
547	567
547	635
549	613
549	645
551	602
552	689
553	565
554	583
554	591
555	686
556	585
556	603
559	659
559	669
560	652
561	570
561	664
563	648
564	689
565	669
568	582
570	576
570	594
570	678
571	638
573	693
574	617
576	616
578	628
581	610
584	650
588	665
589	606
591	693
595	640
596	641
597	678
603	670
604	657
605	632
607	614
608	681
609	634
611	671
612	682
613	695
619	630
619	676
621	632
624	691
625	685
626	670
627	685
627	687
630	671
631	643
633	637
636	672
637	677
641	681
646	647
649	666
654	655
657	689
658	688
660	699
675	682
683	685
684	690