0	120
0	214
0	262
0	400
0	406
1	156
1	323
1	416
1	527
1	586
2	330
2	470
2	617
3	61
3	233
3	401
3	672
4	85
4	305
4	407
4	584
4	622
4	645
5	384
5	613
5	654
6	37
6	147
6	299
6	374
6	462
6	491
6	598
6	629
7	121
8	101
8	262
9	104
9	174
9	256
9	285
9	387
9	631
9	658
10	11
10	18
10	27
10	410
10	646
11	212
11	558
12	287
13	66
13	165
13	281
13	354
13	482
14	65
14	254
14	594
14	642
14	664
15	56
15	210
16	222
16	274
16	345
16	574
17	246
17	608
18	109
18	288
19	38
19	148
19	355
19	549
20	152
20	698
21	229
21	333
21	338
21	395
21	440
21	457
21	493
21	505
22	103
22	440
23	38
23	582
24	40
24	250
24	325
24	409
25	50
25	131
25	136
25	208
25	382
25	429
25	443
25	461
25	697
26	44
26	359
26	390
27	156
27	198
27	471
27	501
27	577
27	614
28	115
28	397
28	579
29	106
29	162
29	578
30	197
30	349
30	529
30	555
30	558
30	565
30	649
31	41
31	541
31	616
32	124
32	363
32	408
32	582
33	126
33	146
33	161
33	388
33	489
33	493
34	241
34	582
34	689
35	250
35	380
35	526
36	81
36	541
36	669
37	189
37	379
38	243
38	259
38	394
39	45
39	256
39	448
40	418
40	455
40	653
41	49
41	193
42	98
42	398
42	440
42	490
42	625
42	626
42	664
42	671
43	327
43	389
43	440
43	532
44	489
44	588
45	185
45	574
45	644
46	58
46	270
47	89
47	251
47	263
47	285
47	349
47	402
47	441
47	471
48	142
48	235
49	208
49	384
49	400
49	508
49	673
50	141
50	322
50	374
50	507
51	98
51	222
51	245
51	290
51	293
51	555
51	618
52	154
52	176
52	184
52	285
52	373
52	610
53	306
53	423
53	452
53	514
53	652
53	689
54	58
54	472
54	540
54	554
54	663
55	473
55	602
55	620
56	139
56	180
56	311
56	331
56	513
56	518
56	546
57	87
57	230
57	346
57	498
58	329
58	396
58	567
58	621
58	631
59	122
59	556
60	118
60	126
60	399
60	467
60	504
60	520
60	558
60	601
61	82
61	203
61	323
61	457
61	489
62	100
62	111
62	146
62	220
63	128
63	659
63	667
64	227
64	340
64	540
65	143
65	176
65	226
65	242
65	279
65	323
65	458
65	660
67	313
68	404
68	625
69	108
69	193
70	249
70	668
71	92
71	409
71	491
71	536
71	556
71	599
72	254
72	344
72	392
73	650
74	172
74	234
74	531
75	189
75	360
75	399
75	402
76	237
77	189
77	402
78	101
78	423
79	230
79	455
80	255
80	391
80	392
80	524
80	586
80	661
81	144
81	270
81	315
81	427
81	628
82	152
82	166
82	267
82	561
82	693
83	207
83	322
83	324
83	404
83	424
83	671
84	302
84	568
84	595
84	677
85	107
85	261
85	383
86	358
87	206
87	271
88	165
88	265
88	331
88	400
88	441
88	508
88	678
89	303
89	488
89	662
90	291
90	298
90	303
90	539
90	612
90	627
90	672
91	212
91	296
91	552
92	324
92	515
92	570
92	616
93	102
93	242
93	588
94	562
95	245
96	157
96	418
96	511
96	579
96	666
97	278
97	454
98	233
98	649
99	453
99	518
99	543
99	554
99	625
100	188
100	193
100	390
100	408
101	117
101	274
101	415
101	582
102	689
103	147
103	372
103	383
103	423
103	477
103	510
104	228
104	239
104	289
104	571
105	415
105	463
105	476
105	505
106	286
106	663
106	680
107	431
107	504
108	293
108	314
108	344
108	357
108	405
109	560
109	646
110	141
110	341
110	538
110	559
111	439
112	113
112	381
113	285
113	322
113	376
113	468
113	472
114	309
115	133
115	248
116	160
116	265
116	413
116	482
116	579
117	345
117	393
117	675
118	163
118	249
118	451
118	543
118	552
119	185
119	214
120	200
120	206
120	273
121	437
121	553
121	688
122	147
122	243
122	458
122	641
123	163
123	176
123	239
123	357
123	436
123	699
124	131
125	271
125	486
125	639
125	695
126	315
127	179
127	216
127	308
127	439
127	523
127	601
128	486
129	430
130	278
130	290
130	557
130	636
131	208
131	284
131	604
131	619
131	627
131	650
132	158
132	168
132	420
133	333
133	540
134	162
134	311
134	328
134	354
134	509
134	570
134	682
135	312
135	506
135	600
136	272
136	598
136	679
137	286
137	330
137	349
137	395
137	513
137	627
138	497
139	234
139	247
139	289
139	509
139	612
140	236
140	263
140	286
140	524
140	639
140	642
141	206
141	319
141	582
142	400
142	621
145	364
145	507
145	548
147	252
148	162
148	323
148	340
149	326
149	591
150	255
150	431
150	542
150	581
150	605
150	625
151	271
151	290
152	405
152	477
152	549
152	615
152	648
153	323
153	438
153	538
154	658
155	180
155	469
155	545
155	611
156	638
157	190
157	388
157	606
158	384
158	516
158	544
159	223
159	327
159	588
159	653
160	307
160	464
160	514
161	377
161	597
162	264
162	375
162	508
162	657
163	398
164	686
165	427
165	429
165	448
165	617
166	547
166	650
167	459
167	684
168	435
168	440
169	366
169	436
170	272
170	361
170	420
170	466
170	532
170	604
170	625
171	188
171	287
171	463
173	284
173	304
173	625
173	630
174	293
174	451
174	686
175	229
175	300
175	473
175	651
176	204
176	619
177	210
177	525
177	583
177	664
178	245
179	587
180	300
180	302
180	370
180	500
180	555
180	610
181	432
182	285
182	653
183	421
183	462
183	470
183	618
184	486
184	616
185	195
185	387
186	192
186	309
186	475
186	487
187	325
188	365
189	371
190	332
190	653
191	524
191	557
192	222
192	261
192	269
192	319
192	343
192	444
193	519
194	330
194	530
195	205
195	298
195	337
195	533
195	613
195	669
196	306
196	323
198	384
198	563
198	579
198	694
199	461
199	573
200	269
200	633
200	663
201	260
201	431
202	341
202	368
202	511
202	680
203	579
203	582
203	658
204	294
204	392
204	405
204	410
204	504
204	536
204	545
205	629
206	270
206	510
206	511
206	630
207	265
207	266
207	558
207	566
208	285
208	477
209	388
209	490
210	374
210	466
210	648
211	462
211	661
212	604
213	227
213	697
214	280
214	504
215	367
215	409
215	492
215	609
216	341
216	444
217	669
218	289
218	347
218	351
218	470
218	648
219	298
220	495
221	349
221	427
221	595
221	598
222	356
222	489
222	493
223	303
224	411
224	437
224	498
225	294
225	336
226	288
226	540
226	559
227	235
227	255
227	335
227	568
227	608
227	628
228	262
228	290
228	308
228	554
229	368
229	467
229	567
230	318
230	341
230	447
230	530
230	540
231	495
232	556
233	582
234	655
235	544
236	468
236	509
236	625
237	281
237	407
237	414
237	529
237	568
237	655
238	239
239	284
239	413
239	597
240	286
240	479
240	512
241	336
241	567
242	363
243	250
243	445
243	699
244	289
244	462
244	485
245	386
246	381
246	426
246	475
246	538
246	595
246	602
246	641
247	280
247	550
247	668
248	305
248	506
248	546
248	619
249	490
249	636
250	291
252	414
252	657
253	256
253	358
253	475
254	363
254	419
255	287
255	507
255	519
255	545
255	665
256	367
256	511
256	680
257	506
257	639
258	329
258	342
258	631
258	680
259	558
259	608
259	615
259	673
260	610
262	430
262	695
263	400
263	492
263	502
264	330
264	337
264	546
264	566
264	625
265	276
265	345
265	698
266	306
266	636
267	643
267	688
268	286
268	361
269	450
269	565
269	630
269	696
271	311
271	544
272	684
273	393
274	403
275	455
275	690
276	490
276	619
277	332
278	641
279	413
279	679
280	368
280	380
280	451
280	463
281	494
282	326
282	464
282	479
282	541
283	291
283	413
283	426
283	496
283	534
283	641
284	295
284	344
284	510
284	511
284	610
285	305
285	659
286	648
287	302
287	620
288	322
288	528
288	566
289	319
290	430
290	490
291	332
291	359
292	360
292	409
292	411
293	604
293	683
294	382
294	526
294	620
295	481
295	637
295	679
296	336
297	616
297	630
298	443
299	373
299	449
299	489
299	513
299	518
300	496
301	593
301	683
302	309
302	327
302	452
303	669
304	606
305	529
306	351
306	404
306	663
306	671
307	362
308	331
308	411
309	347
309	383
310	442
310	510
310	595
310	615
310	644
311	604
313	415
314	601
314	631
315	445
315	658
316	416
317	451
317	459
318	655
319	648
320	539
320	597
320	652
321	325
321	678
322	435
322	623
324	363
324	374
324	453
324	540
324	580
325	467
325	641
326	352
327	555
328	329
328	520
328	618
328	686
329	494
329	523
329	566
330	469
330	540
332	697
333	402
333	492
334	592
335	347
335	484
336	424
336	455
336	541
336	627
337	354
337	394
337	420
337	451
337	516
338	675
338	680
339	455
339	538
340	467
340	665
341	370
341	374
341	551
342	397
342	411
342	438
342	603
342	656
344	379
345	502
346	442
346	644
348	360
348	415
348	549
348	681
349	428
349	519
350	572
350	650
351	515
351	664
351	673
353	588
353	592
355	458
355	673
356	441
356	471
356	538
356	659
357	389
357	539
357	697
358	365
358	441
359	660
360	470
360	647
361	427
361	492
362	421
362	450
362	627
364	404
364	506
364	671
365	573
367	468
367	530
367	554
367	568
367	586
368	424
368	602
368	662
369	402
369	504
369	645
369	684
369	699
370	559
371	494
371	592
371	620
372	531
374	391
376	568
376	619
377	431
377	439
377	478
377	565
378	445
378	491
381	573
381	599
381	634
382	530
383	398
383	470
384	399
384	415
384	472
384	512
384	552
384	599
385	597
386	453
386	615
386	682
386	693
387	453
387	458
387	480
387	666
388	559
389	609
389	671
390	539
390	596
391	584
391	640
394	646
395	620
396	437
396	493
396	496
396	552
396	672
396	674
397	539
398	483
398	489
398	575
398	660
398	680
399	660
401	456
402	566
402	636
403	419
403	502
403	518
404	635
404	653
404	697
405	422
405	541
405	563
407	549
407	581
408	446
408	572
409	570
410	551
410	652
411	568
412	482
412	568
414	685
415	439
415	573
415	635
416	477
416	538
416	681
417	453
417	634
417	637
418	428
418	518
418	530
418	577
418	654
419	528
419	538
419	541
419	578
420	549
420	612
421	498
421	535
421	555
421	592
422	665
423	467
423	537
423	640
424	673
425	686
426	559
426	667
427	444
427	461
427	568
428	541
428	671
429	692
430	521
431	572
431	596
432	475
432	539
432	585
433	487
433	556
433	582
434	594
434	671
435	612
435	656
435	691
436	455
436	609
436	655
437	476
437	671
438	472
439	600
440	502
440	525
440	615
440	681
441	626
441	687
442	460
442	689
443	530
443	581
443	625
443	649
444	528
444	601
444	630
446	652
447	499
448	658
449	484
450	629
451	590
451	654
456	546
456	594
457	466
457	518
457	530
457	678
458	669
460	463
460	551
462	654
463	598
463	630
463	632
464	518
465	599
466	536
467	518
469	505
470	486
470	596
473	651
473	674
474	654
475	586
475	614
475	638
475	660
477	531
477	618
477	621
478	675
478	681
479	528
481	498
481	516
481	675
483	678
484	599
484	656
485	559
486	506
486	550
486	699
487	525
488	619
489	541
489	584
490	519
490	581
491	493
491	554
491	571
491	572
492	567
492	656
494	499
494	544
495	517
495	586
495	589
497	507
499	521
499	578
500	582
500	602
502	564
502	649
503	550
503	566
503	635
503	655
505	666
506	546
507	535
507	552
511	560
512	665
512	693
513	691
515	637
516	680
517	567
518	576
518	657
520	541
520	626
520	627
520	690
521	559
522	612
522	673
523	630
525	543
526	529
529	649
533	689
536	612
540	575
540	681
542	614
542	615
542	691
543	590
543	621
545	629
546	657
552	642
556	596
556	643
556	685
557	657
558	669
558	670
559	642
561	644
563	692
567	606
567	608
568	676
569	631
570	640
570	679
572	591
572	638
573	604
574	616
575	653
576	657
577	699
578	677
579	643
579	648
580	600
580	667
581	613
583	588
587	652
587	689
588	615
589	637
591	655
593	690
595	667
597	679
598	617
598	619
599	635
601	605
603	605
603	624
603	685
607	643
607	682
613	632
615	650
616	645
616	676
620	631
630	638
632	644
634	688
636	665
644	669
645	697
646	690
648	679
649	651
660	696
663	688
669	690
671	693
687	698
690	696