0	14
0	88
0	195
0	530
0	537
0	696
1	118
1	253
1	375
2	113
2	148
2	154
3	93
3	127
3	149
3	158
3	343
4	56
4	210
5	592
5	619
5	621
6	193
6	195
7	13
7	102
7	149
7	431
7	681
8	57
8	219
8	413
8	479
8	531
9	66
9	193
9	265
9	469
9	535
9	592
9	651
10	221
10	510
10	548
11	37
11	236
11	427
11	549
12	18
12	93
12	214
12	431
13	57
13	626
15	29
15	31
15	225
15	498
15	537
16	430
17	22
17	60
17	524
18	287
18	461
18	566
18	570
18	632
19	33
19	361
19	560
19	567
19	595
20	485
20	508
20	558
20	647
21	323
21	633
22	107
22	192
22	637
23	77
23	166
23	173
23	532
24	57
24	339
24	388
24	606
25	155
25	183
25	215
25	218
26	155
26	398
26	582
27	173
27	209
27	431
27	655
28	102
28	325
28	631
29	54
29	238
29	247
29	470
29	630
30	456
30	603
31	48
31	129
31	372
31	396
31	673
32	93
33	47
33	101
33	163
33	178
33	338
33	389
33	646
34	60
34	73
34	88
34	187
34	351
34	560
34	623
34	654
35	375
35	418
35	444
36	175
36	314
36	457
37	137
37	524
37	540
38	432
38	544
39	196
39	478
39	515
40	115
40	249
40	251
40	524
41	228
41	278
41	405
42	143
42	238
42	474
42	482
42	614
43	77
43	526
44	175
44	304
44	435
44	445
44	453
44	458
44	493
44	496
44	534
44	535
44	651
45	84
45	176
45	336
46	88
46	173
46	405
47	332
47	614
47	616
47	647
48	100
48	148
48	204
48	213
48	277
48	331
48	695
49	178
49	533
49	574
50	261
50	548
51	92
51	236
51	308
51	450
52	546
52	628
53	320
53	401
53	565
54	111
54	180
54	299
54	527
55	222
55	277
55	291
55	341
55	658
55	699
56	591
57	196
57	204
57	686
58	103
58	251
58	566
58	628
59	164
59	621
59	692
60	190
60	271
60	364
60	377
60	391
60	429
61	124
61	183
61	441
61	630
62	81
62	250
63	69
63	213
63	358
63	450
63	457
63	574
64	155
64	480
65	145
65	507
65	625
65	636
65	644
65	694
66	67
66	127
66	188
66	469
66	492
66	645
67	122
67	480
67	601
67	657
68	368
68	690
69	592
70	153
70	505
70	558
71	95
71	293
71	380
71	383
71	555
72	157
72	334
72	423
73	175
73	328
73	508
73	542
73	618
73	646
73	683
74	426
74	524
75	110
75	115
75	123
75	352
75	453
75	497
76	233
76	581
77	339
77	490
77	535
78	278
78	366
79	518
80	135
80	366
80	508
80	651
81	376
81	553
81	590
82	153
82	473
83	288
83	294
83	360
83	400
83	442
83	615
85	673
86	147
86	214
86	282
86	619
86	654
87	181
87	605
88	115
88	207
88	326
88	370
88	401
88	408
88	554
88	567
88	638
89	416
89	691
90	204
90	307
90	497
91	332
91	623
92	149
92	180
92	297
93	371
93	616
94	170
94	307
95	223
95	307
95	507
95	579
96	150
96	189
96	354
96	646
97	288
97	362
97	434
97	501
97	511
98	234
98	255
98	266
98	404
98	556
98	592
99	140
99	383
99	612
100	193
100	215
100	292
100	377
100	660
101	321
101	590
102	272
102	309
102	441
102	561
102	685
103	173
103	209
103	225
103	448
104	168
104	553
104	617
105	315
105	627
105	666
106	187
106	205
107	224
107	270
108	600
109	219
110	252
110	259
110	582
111	148
111	597
111	628
111	666
112	126
112	388
112	420
112	514
112	609
112	653
113	149
113	264
113	317
113	633
114	258
115	272
115	349
115	567
115	587
115	612
116	177
117	137
117	164
118	119
118	204
118	501
119	164
119	282
119	420
119	558
120	187
120	266
120	398
120	434
120	546
120	640
121	338
122	586
123	238
123	271
123	363
124	265
124	550
124	598
124	639
125	173
125	235
125	252
125	367
125	432
126	299
126	415
126	471
126	577
126	602
126	613
126	674
127	282
127	412
127	499
128	216
128	274
128	357
128	362
128	399
128	529
128	566
128	570
128	597
129	185
129	369
129	377
129	538
130	328
130	507
131	594
132	133
132	172
132	274
132	340
132	499
132	593
132	683
133	428
134	165
134	596
135	148
135	255
135	319
135	379
135	584
135	657
135	697
136	398
137	272
137	339
137	498
138	618
139	566
139	648
140	274
141	215
141	527
141	671
142	188
142	287
142	363
142	682
142	689
143	162
143	414
143	490
143	659
144	258
144	390
144	462
144	692
145	187
145	498
146	285
146	592
147	184
147	691
148	188
148	291
148	401
148	468
148	534
148	684
149	486
149	575
150	173
150	424
150	443
150	621
151	352
152	648
153	645
154	316
154	335
154	379
154	548
154	684
155	383
156	320
156	344
156	360
157	609
157	643
158	197
158	218
158	313
158	319
158	324
158	583
159	256
159	428
159	630
159	632
159	658
160	254
160	298
160	440
160	480
160	651
161	320
161	496
161	654
161	660
161	693
162	282
162	299
162	499
163	185
163	189
163	322
163	424
163	436
164	181
164	329
164	478
164	611
164	621
165	281
165	506
165	658
166	218
166	299
166	521
167	243
168	217
168	273
168	699
169	299
169	485
169	605
169	621
170	299
170	588
171	227
171	546
172	192
172	464
173	176
173	443
173	483
173	600
174	474
174	538
174	638
174	660
175	238
175	263
175	341
175	453
175	671
176	206
176	552
177	248
177	324
177	378
178	285
178	687
179	574
179	655
180	335
180	454
180	550
180	565
180	587
181	262
181	479
181	555
182	443
182	488
182	687
183	259
183	449
183	481
183	530
183	575
184	287
184	427
185	326
185	537
185	607
185	685
186	222
186	506
186	693
187	320
187	350
187	407
187	504
188	502
188	504
189	314
189	447
189	659
190	196
190	364
190	409
190	497
190	670
191	525
191	544
192	330
192	442
192	554
192	654
193	288
193	675
194	354
194	529
195	259
195	377
195	458
196	389
196	499
196	545
196	551
196	591
196	643
196	668
197	239
197	343
198	456
199	245
199	276
199	522
199	598
200	362
200	486
200	514
200	647
200	692
201	204
201	660
202	325
202	615
203	214
203	388
203	649
204	214
204	295
204	655
204	686
205	217
205	292
205	568
206	215
206	328
206	340
207	418
207	466
207	582
208	496
208	686
209	256
209	310
209	427
210	279
210	348
210	561
211	610
212	398
212	515
212	662
212	669
213	275
213	381
213	434
214	238
214	360
214	399
214	636
214	654
215	315
215	319
215	427
215	632
216	224
216	414
216	446
217	459
218	295
219	669
220	517
220	573
220	669
220	696
221	434
223	318
223	419
224	313
224	324
224	378
224	379
224	416
224	513
224	604
225	294
225	436
226	340
226	472
226	653
226	675
227	485
227	506
227	579
227	622
228	462
228	524
228	639
229	587
230	435
230	491
230	545
230	597
231	236
231	323
231	406
231	479
231	548
232	421
232	434
232	469
233	493
234	247
234	360
234	492
235	299
236	399
236	460
236	516
236	556
236	559
237	274
238	405
238	460
239	499
240	299
240	537
241	615
241	625
242	434
242	557
242	655
244	258
244	665
244	686
245	260
245	596
246	281
246	315
246	450
246	630
246	661
247	378
247	490
247	604
247	646
247	670
247	691
248	285
248	423
248	574
248	641
249	308
249	367
249	619
250	388
250	564
251	262
251	564
252	351
252	404
252	411
252	478
253	281
253	567
254	364
254	369
254	640
255	289
255	429
255	592
255	604
256	549
256	600
257	465
257	512
257	664
257	670
258	270
258	323
258	373
258	682
259	300
259	446
259	569
259	696
259	698
260	269
260	311
260	435
261	397
261	639
261	656
262	420
263	320
263	583
264	312
264	499
264	586
264	597
265	426
265	582
266	446
267	324
268	274
268	305
268	488
269	292
269	393
269	474
270	432
270	493
270	612
270	644
271	359
271	532
271	675
272	294
274	346
274	492
275	305
275	428
275	610
276	543
277	317
277	447
277	556
277	660
278	397
279	495
280	294
280	485
281	421
281	541
281	615
281	642
281	655
283	387
283	416
283	664
284	448
284	570
284	686
285	337
285	371
285	507
286	450
287	335
287	337
287	413
287	579
288	578
288	617
289	657
289	665
289	680
290	332
290	367
290	545
290	681
291	617
291	658
291	690
292	586
293	322
293	368
293	430
293	590
293	683
294	409
294	477
294	642
295	336
295	403
295	425
295	587
295	605
295	679
296	458
296	585
296	678
297	503
299	457
299	513
301	434
301	577
302	508
302	655
303	391
303	404
303	666
303	668
305	480
305	514
305	676
306	330
306	417
306	432
306	621
307	408
307	461
307	531
308	377
309	378
309	506
309	534
309	544
309	638
310	327
310	551
310	621
312	621
313	401
313	476
313	651
314	585
314	674
315	361
315	521
315	646
316	481
316	622
317	326
318	406
318	463
320	678
321	368
322	468
323	534
323	586
323	697
324	402
324	571
324	585
324	587
324	610
324	636
325	462
325	545
325	682
326	388
326	576
327	359
327	378
327	458
328	607
329	370
329	522
329	634
330	574
331	447
331	484
332	612
332	619
332	658
333	528
333	641
334	381
334	635
335	370
335	449
336	374
336	568
337	622
338	363
339	452
339	486
339	525
339	578
342	631
343	350
343	439
343	532
343	547
343	680
344	408
345	567
347	589
349	408
349	683
350	634
351	364
351	520
351	602
352	673
353	364
353	402
353	435
354	683
354	685
355	608
355	674
356	450
356	607
356	652
357	538
358	684
359	530
362	512
362	536
362	646
363	365
363	460
363	477
363	554
363	597
364	562
365	473
365	490
365	675
367	509
368	484
368	517
368	536
368	560
368	608
368	623
368	637
369	397
369	410
369	651
374	400
374	402
374	526
375	518
375	610
375	633
376	445
376	469
377	686
378	468
378	553
379	554
379	690
380	448
380	456
381	458
382	621
384	472
385	575
385	682
386	432
386	479
386	506
386	510
386	624
387	396
387	559
387	597
388	602
389	419
389	493
390	395
391	505
391	556
391	592
392	604
392	608
392	612
393	591
394	426
394	547
394	564
394	681
395	423
395	427
397	452
397	656
398	461
398	513
398	527
400	495
402	457
402	569
402	624
402	661
403	519
403	533
403	571
403	675
405	536
405	624
405	649
406	503
406	571
406	682
407	657
408	610
408	696
409	449
410	601
410	606
411	431
411	434
411	493
411	519
413	554
414	606
414	695
415	513
415	583
415	620
415	637
416	693
417	564
418	613
418	688
420	636
421	580
421	586
421	603
421	611
422	483
423	495
423	530
423	552
423	578
424	545
424	588
424	612
424	681
425	525
427	454
427	474
427	555
431	577
432	468
432	670
433	539
435	445
436	531
436	577
436	634
437	543
437	641
438	626
440	607
443	564
443	677
446	455
446	568
447	495
447	578
449	506
450	461
450	491
450	602
451	697
453	695
454	569
455	520
456	641
458	561
459	603
459	689
460	518
462	622
463	576
464	640
465	650
467	525
468	478
468	603
468	609
469	623
471	651
471	670
472	622
472	693
472	694
474	539
474	587
475	489
475	572
475	585
476	563
476	598
476	664
477	612
477	629
479	622
479	691
480	481
481	483
481	580
482	572
482	690
483	608
484	634
485	539
485	556
485	569
486	531
486	539
487	500
487	514
487	610
488	558
489	622
490	656
491	627
491	673
493	506
493	522
493	532
493	569
494	644
496	642
497	558
497	612
497	676
498	627
499	516
500	583
500	621
501	697
505	555
505	566
505	635
505	692
507	571
507	621
508	543
508	659
510	610
510	616
512	517
512	588
513	520
513	594
517	580
518	540
519	526
519	567
520	569
522	551
522	590
522	603
522	666
523	621
524	551
524	618
525	550
526	638
527	623
527	654
528	548
529	566
530	627
531	534
531	634
531	644
532	535
532	583
533	574
533	664
534	669
535	627
536	539
536	589
536	618
538	579
538	663
538	696
539	549
539	645
539	673
542	570
542	590
543	614
544	624
544	640
544	690
545	671
545	688
546	559
546	680
546	695
548	630
549	666
550	553
552	682
555	576
555	632
556	571
556	579
556	650
557	564
558	569
558	625
559	563
559	673
560	656
561	591
564	631
567	607
568	606
568	683
568	688
572	625
572	653
573	672
575	620
576	641
576	694
580	591
581	618
583	652
585	692
586	637
587	661
587	684
590	616
590	630
595	696
596	646
599	608
599	681
606	610
606	679
607	631
607	653
611	661
612	633
613	648
613	688
613	695
616	654
617	687
618	668
620	651
621	660
628	690
631	641
632	640
636	676
641	669
643	676
645	683
647	679
653	683
658	667
665	673
667	678
671	673
674	697
677	680
688	693
688	694
689	696