0	92
0	228
0	254
0	377
0	505
0	583
0	668
1	438
1	449
2	492
2	517
2	569
2	673
3	437
3	486
4	423
4	478
4	524
5	7
5	29
5	120
5	333
5	671
6	12
6	328
6	513
6	648
6	655
7	397
7	402
7	476
8	82
8	203
8	317
8	475
8	614
9	63
9	681
10	232
11	623
12	324
12	418
12	577
12	606
12	627
13	392
13	460
13	574
13	632
13	639
14	331
14	416
14	496
14	576
14	679
15	62
15	588
16	124
16	222
16	282
16	547
16	558
16	634
17	44
17	211
17	468
17	578
18	242
18	295
18	649
19	258
19	610
20	69
20	172
20	189
20	231
20	308
20	342
20	487
21	81
21	219
21	468
21	496
22	43
23	187
23	304
23	423
23	461
24	235
24	309
24	340
24	637
25	235
25	405
25	469
25	657
25	663
26	239
26	370
26	424
26	529
27	179
27	562
28	539
29	239
29	295
30	108
30	287
30	398
31	266
31	367
31	530
31	600
31	669
32	46
32	237
32	538
32	542
33	489
33	578
34	67
34	110
34	185
34	370
34	391
34	406
34	519
34	609
35	91
35	381
35	627
36	152
36	338
37	46
37	206
37	275
38	408
38	509
38	599
38	664
39	105
39	350
39	353
40	221
40	441
40	479
41	363
41	468
41	533
41	536
41	565
42	129
42	391
42	490
43	398
43	488
44	227
44	293
44	307
44	383
44	419
44	421
45	184
45	505
45	675
47	277
47	293
47	633
47	673
48	359
48	401
48	406
48	448
48	499
49	235
49	246
49	392
50	371
51	542
52	563
52	589
53	340
53	408
54	103
54	241
54	424
54	645
54	655
55	170
55	640
56	122
56	230
56	286
56	310
56	351
56	421
56	423
56	663
57	387
57	475
57	592
57	617
58	140
58	484
58	529
58	549
58	580
59	226
59	427
59	630
60	683
61	66
61	73
61	109
61	409
61	560
62	147
62	262
62	401
62	404
62	591
63	325
64	112
64	312
64	423
64	544
65	120
65	188
65	228
65	323
65	342
65	474
65	523
66	160
66	192
66	207
66	355
66	654
67	591
68	568
69	208
69	209
69	395
69	421
69	433
69	454
69	595
69	625
69	684
70	216
70	310
70	457
70	604
70	665
70	691
71	77
71	566
72	383
72	591
73	89
73	94
73	263
73	308
73	505
73	611
73	623
74	274
74	456
75	157
75	210
75	222
75	331
75	509
76	161
76	169
76	226
76	331
76	460
77	139
77	157
77	162
77	315
77	400
77	450
77	647
78	489
78	659
79	183
79	209
79	256
79	303
79	394
79	461
79	486
79	497
79	504
79	678
80	284
80	691
81	189
81	414
82	292
82	492
82	564
82	613
83	570
84	646
84	669
85	248
85	329
86	153
86	406
86	452
86	683
86	691
87	247
87	469
88	164
88	245
89	244
89	640
89	649
90	352
90	467
90	606
91	205
91	214
92	524
92	535
92	559
92	677
93	252
93	323
93	609
94	118
94	296
94	329
94	434
94	482
94	494
94	656
95	266
95	420
95	476
96	655
97	114
97	237
97	667
98	195
98	438
98	539
98	610
99	252
100	289
100	301
100	309
100	328
100	335
100	429
100	484
101	343
101	443
102	223
102	246
102	393
103	107
103	294
103	311
103	340
103	376
104	143
104	267
104	366
104	391
104	479
105	147
105	173
105	322
105	668
106	277
106	624
107	116
107	230
107	402
107	645
107	692
108	271
108	379
108	476
108	609
108	689
109	169
109	190
109	319
109	365
109	410
109	537
109	544
110	132
111	149
111	243
111	346
111	375
112	148
112	274
112	320
112	595
113	119
113	489
113	531
113	596
114	165
114	326
114	597
114	679
115	284
115	361
115	401
115	402
116	436
116	602
116	610
117	190
117	219
118	127
118	177
118	491
118	533
118	594
119	174
119	328
119	581
120	236
120	241
121	231
121	694
122	134
122	447
122	527
123	176
123	338
123	470
123	544
123	624
124	131
124	179
124	268
124	346
125	265
125	542
125	591
125	593
126	300
126	402
126	572
126	599
126	602
126	693
127	142
127	526
127	559
127	611
127	668
128	356
128	410
128	575
129	321
130	414
130	474
130	544
130	661
131	213
131	286
131	436
131	437
131	445
132	269
132	510
133	179
133	326
134	309
134	575
135	210
135	223
135	251
135	576
136	137
136	181
136	231
137	317
137	415
137	587
138	185
138	242
138	542
138	614
139	650
140	267
141	694
142	158
142	238
142	326
142	374
142	500
142	533
142	659
143	209
143	255
143	348
143	522
144	349
144	350
144	644
144	656
145	517
145	601
146	534
147	456
148	377
148	386
148	411
148	565
149	548
149	566
150	178
150	216
150	231
151	556
152	260
152	324
152	449
153	262
153	341
153	472
154	233
154	522
154	525
155	252
155	294
155	481
156	580
156	598
156	615
157	303
157	396
158	403
159	182
159	342
159	402
159	412
160	207
160	386
160	471
161	211
161	301
161	332
161	567
163	233
163	275
163	510
163	574
164	270
165	169
165	171
165	238
166	290
166	316
166	345
166	362
166	394
166	479
166	491
166	533
166	538
166	547
166	585
167	255
167	451
167	696
168	332
168	406
169	395
170	461
171	220
171	312
171	568
171	622
171	680
172	435
172	499
172	614
173	281
173	303
174	434
174	527
175	369
175	462
176	285
176	577
176	696
177	447
177	455
177	662
179	328
179	385
179	469
180	676
181	621
182	268
182	592
183	292
183	468
184	213
184	421
184	425
185	366
185	462
185	587
185	643
185	688
186	231
187	242
187	253
188	442
188	533
189	634
189	665
190	503
191	299
191	331
191	341
191	642
192	358
192	626
193	233
193	323
193	353
193	615
193	694
194	511
194	623
194	656
195	440
195	516
195	540
196	344
197	271
197	327
197	527
197	552
197	649
198	231
198	554
198	581
199	513
199	532
200	403
200	653
201	373
201	454
201	473
201	650
201	682
202	562
203	289
203	334
203	377
203	522
203	584
203	661
204	236
204	385
204	406
204	444
204	639
204	693
205	304
205	426
205	510
206	210
207	231
207	350
207	362
207	418
207	564
207	602
208	391
208	416
208	573
208	600
208	684
209	365
209	554
209	615
210	337
210	352
211	221
211	444
211	469
211	509
211	581
211	633
212	405
212	450
212	573
212	616
213	273
213	504
213	665
214	245
214	460
214	638
215	410
215	413
215	549
216	423
216	479
216	503
216	538
216	548
217	574
218	272
218	286
218	470
218	608
218	670
219	413
219	614
219	664
220	430
221	241
221	412
222	257
222	480
222	485
222	581
223	328
223	643
224	296
224	415
224	561
224	562
224	688
225	245
225	411
225	478
225	548
225	616
225	633
226	249
226	370
226	450
226	526
226	618
226	640
227	419
228	330
229	566
230	276
230	307
230	597
230	634
231	642
232	494
233	407
233	572
233	611
234	318
234	351
234	500
234	689
235	544
236	472
236	656
237	247
237	268
237	280
237	592
237	647
238	365
238	400
238	518
238	605
239	442
240	578
240	592
240	677
241	388
241	475
241	574
242	479
243	288
243	366
243	458
243	487
243	573
243	609
244	380
244	520
245	469
245	572
245	623
246	249
246	443
246	453
246	475
246	542
246	600
247	372
247	462
247	573
248	420
248	539
248	617
249	278
249	312
249	329
249	536
249	555
249	602
249	685
250	254
250	331
250	378
251	325
252	302
254	357
254	464
255	344
255	407
256	543
257	592
258	264
258	432
258	482
258	572
258	612
259	590
260	360
260	402
261	457
261	580
261	692
262	451
262	493
262	510
262	571
262	645
263	305
264	285
264	392
264	450
264	480
264	553
265	400
265	440
265	453
265	587
266	289
267	538
267	599
267	619
269	436
269	461
270	275
270	526
271	361
271	554
271	636
272	378
273	688
273	689
274	369
274	380
274	562
275	384
276	552
276	563
276	682
277	386
277	696
278	454
279	379
279	545
280	326
281	292
281	347
281	485
281	599
281	661
282	308
282	423
282	491
282	592
282	620
282	686
283	337
285	626
286	643
286	676
287	389
287	494
287	586
287	672
288	383
288	406
288	656
289	511
289	654
290	382
290	559
291	615
292	343
292	435
292	613
292	644
292	659
292	663
293	615
293	642
293	695
294	538
295	347
295	529
295	614
296	336
296	626
297	366
297	458
298	354
298	494
298	562
298	657
299	547
300	327
300	439
300	484
300	522
300	583
302	464
302	596
303	407
303	544
304	322
304	327
304	498
304	539
304	578
304	596
304	598
304	695
305	346
305	353
305	474
305	580
306	314
306	469
306	504
306	508
307	566
309	383
309	580
310	416
310	522
310	645
310	691
311	364
311	459
311	480
311	513
312	377
312	444
312	676
313	336
313	397
313	422
313	483
314	406
314	425
314	522
315	477
316	435
316	445
316	584
316	686
317	343
317	433
317	564
317	584
318	544
318	582
318	665
319	561
319	599
320	341
321	480
322	370
322	626
322	657
323	448
323	455
324	434
326	455
327	655
327	664
328	522
328	575
329	476
330	505
330	644
331	448
331	495
332	697
334	415
334	521
334	635
334	638
334	672
335	513
336	352
336	390
336	409
336	499
337	377
338	340
338	346
338	520
338	536
338	598
338	660
339	551
341	359
341	417
341	452
341	524
342	445
342	524
342	540
344	628
344	682
345	525
345	646
346	478
346	625
347	520
347	689
348	405
348	449
348	585
350	426
350	526
350	660
350	697
351	362
351	444
351	542
351	553
352	537
352	670
353	446
353	503
353	642
353	667
355	360
355	453
357	603
357	607
357	647
357	648
357	694
358	450
358	515
358	595
358	657
360	661
361	413
362	436
362	473
362	560
363	532
364	484
364	501
365	444
365	477
365	494
365	508
367	641
368	412
368	428
368	467
369	443
369	528
370	390
370	511
370	566
370	687
372	550
372	580
373	652
374	500
374	529
375	680
376	471
377	471
377	645
378	510
378	524
379	518
381	446
381	449
381	685
382	574
383	411
383	617
384	557
385	422
385	459
385	518
385	593
386	398
386	604
386	630
388	427
388	521
388	570
389	483
389	592
390	666
391	442
391	624
392	471
392	597
393	544
393	667
394	572
395	539
395	583
397	428
397	435
397	479
397	560
397	683
398	453
398	488
399	470
399	669
399	687
399	688
400	544
400	664
400	671
402	561
403	459
404	408
404	546
404	611
407	467
407	472
408	410
408	543
408	592
408	629
409	498
409	674
409	678
410	423
410	562
412	443
412	454
412	494
412	557
412	639
412	669
413	414
414	547
415	432
416	472
417	472
417	595
418	498
418	512
418	695
419	466
419	611
419	654
420	541
420	600
422	663
424	520
424	577
425	640
426	658
428	433
428	467
431	533
431	695
432	434
432	558
432	559
432	648
436	588
436	590
437	493
438	602
439	605
440	503
441	466
442	480
442	573
444	509
444	601
445	634
446	587
446	602
446	652
447	470
448	477
449	466
450	531
452	477
452	656
453	519
453	659
454	487
454	495
455	489
455	582
456	572
456	667
457	673
459	461
459	509
460	578
460	604
460	645
461	488
461	601
462	554
462	696
463	502
463	558
465	590
466	501
468	672
469	661
469	676
470	536
471	556
471	629
473	481
473	567
473	587
473	599
474	507
475	525
476	555
476	599
477	558
479	634
479	671
480	526
480	663
480	667
481	523
483	501
483	584
484	577
485	502
485	650
486	578
486	618
487	698
491	653
492	524
492	616
494	548
495	665
495	672
496	627
497	502
497	508
499	631
500	568
500	580
501	503
501	526
504	581
504	685
505	578
505	640
505	655
506	558
508	669
508	697
510	636
513	542
514	521
514	610
515	600
517	641
520	535
521	596
522	548
523	699
525	546
526	535
526	599
526	610
528	604
530	622
534	684
535	577
538	614
539	541
539	647
539	657
541	567
543	592
544	649
545	580
545	658
551	614
551	619
554	618
554	679
555	588
560	676
561	573
561	606
562	583
564	572
564	612
564	682
565	590
565	602
565	625
565	663
566	581
567	595
570	580
573	603
576	654
576	656
579	607
582	665
582	674
582	688
584	652
586	624
587	639
589	665
590	651
591	697
593	670
593	681
596	673
600	607
600	630
604	634
605	671
610	680
610	695
616	638
618	682
618	699
619	683
624	688
629	695
633	690
637	644
638	660
638	675
644	681
649	694
650	683
652	655
653	656
654	679
656	672
656	691
656	699
658	686
662	686
666	674
670	681
672	691
678	689
682	690