0	39
0	144
0	147
0	372
0	402
0	598
1	18
1	175
1	206
1	236
1	470
2	30
2	469
3	314
3	515
3	665
4	198
4	209
4	491
4	494
5	172
5	246
5	264
5	394
5	589
5	689
6	403
6	580
7	119
7	212
7	324
7	384
8	86
8	336
9	96
10	156
10	168
10	176
10	300
10	600
11	333
11	677
12	127
12	435
13	208
13	370
13	552
14	222
14	315
15	344
15	655
16	52
16	145
16	219
16	276
16	277
16	424
17	459
17	622
18	101
18	431
18	472
19	230
20	131
20	231
20	275
20	423
20	459
20	541
21	117
21	329
21	330
21	524
21	693
22	59
22	205
22	208
22	366
23	135
23	254
23	351
23	369
24	145
25	135
25	249
26	80
26	93
26	415
26	556
26	577
27	80
27	104
27	642
27	690
28	77
28	236
29	102
29	234
29	511
30	160
30	223
30	458
30	620
30	685
31	81
31	98
31	225
31	255
31	377
31	449
31	463
31	470
32	106
32	127
32	645
33	68
33	69
33	204
33	336
33	451
33	501
33	559
33	591
33	669
34	320
34	373
34	699
35	162
35	468
36	130
36	303
36	524
37	249
38	61
38	121
38	131
38	268
38	417
38	499
38	644
39	56
39	80
39	455
39	679
40	622
41	485
41	568
41	605
41	631
41	695
42	221
42	607
43	640
44	342
44	343
44	393
44	510
45	190
45	204
46	103
46	178
47	168
47	293
47	550
48	694
49	316
49	367
49	419
49	447
50	233
50	435
50	441
51	108
51	201
51	223
51	244
51	298
52	53
52	153
52	273
52	499
52	672
53	105
53	220
53	374
53	540
54	367
54	406
55	79
55	115
55	211
55	360
55	577
55	628
56	314
56	317
56	403
57	158
57	470
58	191
58	314
58	466
58	531
59	429
59	486
59	693
60	208
60	217
60	647
61	436
61	687
62	78
62	154
62	629
62	681
63	134
63	202
63	333
63	636
64	321
65	81
65	271
65	459
65	569
66	183
67	167
67	174
67	290
67	523
68	135
68	206
68	322
68	462
68	525
68	577
69	168
69	399
69	406
70	147
70	278
70	356
71	129
71	475
71	603
72	118
72	132
72	152
72	295
73	127
73	266
73	379
73	548
73	628
74	173
74	453
75	82
75	196
75	393
75	424
76	442
77	209
77	254
77	270
77	372
77	447
77	524
77	636
78	351
79	186
79	517
80	621
81	87
81	223
81	411
81	667
82	130
82	161
82	481
82	486
82	541
82	599
83	302
83	506
83	548
83	550
84	450
84	482
84	580
84	644
85	133
85	403
85	458
86	360
86	564
86	681
87	115
87	120
87	176
87	536
87	610
87	646
87	687
88	152
88	167
88	273
88	343
88	403
88	449
89	118
89	639
90	438
90	514
91	150
91	376
92	207
92	270
92	341
93	164
93	268
93	282
93	323
93	382
93	582
93	638
93	677
94	260
94	487
94	683
95	467
95	609
95	671
96	355
96	476
96	692
97	436
97	596
97	603
97	661
98	526
98	545
99	117
99	170
99	195
99	558
100	132
100	595
101	322
101	357
101	378
101	417
101	419
101	420
102	247
102	424
102	449
102	492
102	557
102	659
103	121
103	296
103	449
103	617
104	145
104	213
104	621
105	192
105	246
105	507
105	518
106	224
106	677
107	191
107	300
107	320
107	323
107	453
107	470
107	535
107	538
108	112
108	158
109	269
109	468
109	477
110	344
110	473
110	646
110	675
111	133
111	365
111	401
111	528
111	590
112	306
112	319
113	274
113	314
113	519
114	217
114	408
115	363
116	512
116	527
117	122
117	260
117	430
118	217
118	497
118	517
118	545
118	597
118	626
119	173
119	392
119	683
120	385
120	480
121	283
121	313
121	455
122	147
122	397
123	395
124	150
124	224
124	284
124	359
124	400
124	462
124	525
125	368
125	387
125	584
126	433
126	472
127	324
127	553
127	612
127	640
127	690
128	325
128	487
129	447
130	271
130	465
130	646
131	472
131	553
132	385
132	590
133	227
133	288
133	293
134	180
134	687
134	690
135	518
135	570
136	198
136	320
136	580
136	668
137	260
137	417
137	424
137	558
137	623
138	213
138	250
138	256
138	301
138	668
139	361
140	195
140	424
140	526
140	527
141	143
141	327
141	691
142	203
142	207
142	364
142	570
142	626
142	687
143	151
143	243
143	426
144	287
144	311
144	317
144	524
144	587
144	673
145	556
146	577
146	595
147	222
147	367
147	390
147	402
147	500
148	277
149	201
149	246
149	357
149	672
150	346
150	564
150	583
150	600
150	601
152	197
152	442
152	571
152	587
152	648
152	660
153	225
153	318
153	608
154	450
154	522
155	291
155	427
156	202
156	534
156	623
157	203
157	550
157	694
158	168
158	241
158	335
158	362
158	598
158	674
159	243
159	282
159	371
159	450
159	571
160	383
161	249
161	616
162	226
162	567
163	532
163	595
163	671
164	193
164	204
164	471
165	439
166	274
167	478
168	367
168	404
169	194
169	314
169	495
170	179
170	316
170	360
171	323
171	453
171	498
172	694
173	333
174	359
174	401
175	264
175	286
175	322
175	426
175	631
176	285
176	354
177	242
177	320
177	530
177	537
178	266
178	383
178	394
179	237
179	544
179	569
179	592
180	215
180	330
181	210
181	220
181	225
181	288
181	339
181	363
181	366
181	414
181	614
181	690
182	218
182	522
183	221
183	491
183	509
183	519
183	648
183	652
184	461
184	474
184	584
184	688
185	449
185	580
185	638
187	502
187	567
187	587
188	202
189	444
189	476
189	566
189	633
189	689
190	270
190	359
190	475
190	585
191	447
191	486
191	619
191	684
192	545
192	617
193	200
193	225
193	390
193	502
193	682
194	396
195	245
195	516
196	277
196	282
196	505
196	553
196	600
197	313
197	664
198	292
198	332
198	469
199	355
199	356
199	418
199	557
200	448
200	495
200	699
201	233
201	522
201	531
201	659
202	219
202	265
202	407
202	409
202	477
202	528
202	657
203	606
203	678
204	588
205	212
205	317
206	308
206	429
206	495
206	549
207	290
207	307
208	548
208	668
209	325
209	629
210	230
210	448
210	628
210	634
210	691
211	318
211	495
211	628
212	511
213	257
213	409
213	414
213	574
214	422
215	270
215	690
216	679
217	654
218	271
219	512
219	653
220	298
220	362
220	490
220	527
221	467
222	446
222	518
223	324
223	528
224	341
224	637
224	653
224	675
225	280
225	374
225	452
225	520
226	262
226	374
226	446
226	567
228	629
229	366
229	402
229	439
230	330
230	346
230	564
230	608
231	235
231	547
231	618
231	630
232	270
232	308
232	533
232	664
232	691
233	438
233	678
234	522
235	283
235	392
235	482
236	300
236	659
237	342
237	609
238	279
238	357
238	445
238	660
239	544
240	632
241	262
241	315
242	530
242	561
243	515
243	578
243	678
244	446
244	469
244	579
245	372
245	396
245	460
245	484
245	595
245	673
246	381
246	468
246	486
247	357
247	370
247	503
248	352
248	359
248	424
249	361
249	433
249	495
250	435
250	643
250	663
251	538
251	676
251	692
252	283
252	295
252	574
253	504
253	505
253	697
254	297
255	377
256	446
257	462
257	463
257	529
257	544
257	647
258	439
258	466
258	523
259	384
259	496
259	530
260	406
260	437
260	593
260	634
261	356
261	643
262	405
262	567
262	692
263	270
263	298
263	452
264	501
264	654
265	287
265	310
266	317
266	323
266	496
266	538
267	269
267	273
267	556
267	619
267	692
268	465
268	585
268	595
268	650
269	317
269	539
270	382
270	563
271	392
271	443
271	466
271	553
271	696
272	649
272	680
274	541
274	571
275	279
275	590
276	622
277	331
277	372
277	413
277	600
278	286
278	349
278	358
279	324
279	359
279	393
279	496
279	541
279	635
280	523
280	643
281	326
281	371
281	626
282	418
282	427
282	428
282	567
282	572
282	588
282	638
282	662
283	658
284	623
285	288
285	531
285	671
286	481
286	677
287	597
288	459
288	518
289	395
290	365
290	425
291	351
291	417
291	504
292	425
292	447
293	693
294	350
294	400
294	642
295	321
295	496
296	329
296	456
296	635
297	323
297	571
298	380
298	456
299	395
299	678
299	698
301	446
302	332
302	434
302	453
303	557
303	619
304	428
304	558
304	624
305	440
305	541
305	593
305	687
306	367
307	605
307	683
308	310
308	525
309	395
310	564
311	640
312	415
312	483
312	496
312	534
312	551
316	628
316	640
316	685
317	345
317	609
317	697
318	530
318	610
318	619
319	512
319	594
319	601
319	608
320	574
321	430
321	486
322	350
322	391
322	688
323	356
325	491
325	549
325	620
326	351
326	383
326	505
328	478
328	540
328	601
329	537
330	430
330	449
331	532
331	695
333	575
334	410
334	670
334	676
335	390
335	613
336	388
336	521
337	358
337	503
337	593
338	590
340	448
340	587
340	687
343	405
345	508
345	583
346	373
346	417
346	459
346	558
347	646
348	670
349	487
349	657
350	490
350	503
351	421
352	389
352	522
353	464
353	619
354	628
355	366
355	530
355	608
356	645
357	401
357	500
360	379
360	460
360	575
360	640
361	525
361	528
362	431
362	588
363	381
363	415
363	598
363	641
363	679
363	683
365	510
365	531
366	585
367	402
367	403
367	601
368	400
369	407
369	505
369	666
370	573
370	604
370	655
370	671
370	683
371	464
371	541
371	556
371	577
372	571
373	453
373	488
373	529
373	689
375	504
375	611
376	694
377	453
377	587
378	380
378	590
378	621
379	554
380	387
380	443
380	570
380	682
381	391
381	414
381	617
382	497
382	692
383	666
384	427
384	516
384	541
385	552
385	681
386	544
386	573
386	628
386	665
389	426
390	440
391	500
392	554
392	602
392	679
393	466
394	586
395	415
395	536
396	584
396	612
397	477
397	574
397	575
398	462
398	464
398	579
398	661
398	696
400	460
400	552
401	510
403	441
404	416
404	432
404	465
405	470
407	420
407	603
407	691
408	432
408	474
408	549
408	559
409	641
411	505
411	593
412	479
412	488
412	566
412	571
412	668
413	420
413	445
413	661
414	546
414	589
415	479
415	650
415	689
416	535
416	656
417	521
417	544
417	595
417	604
417	610
419	464
420	505
420	537
421	494
421	508
421	536
421	551
421	660
422	521
422	531
422	612
422	697
423	437
424	647
425	448
425	521
425	522
425	675
426	614
427	611
429	632
430	506
431	462
431	672
432	480
432	697
433	693
434	565
434	627
435	509
435	539
435	640
435	665
437	440
438	587
439	536
441	454
441	679
442	651
443	554
443	555
443	657
444	505
444	585
444	611
445	579
445	647
446	520
446	593
446	605
447	515
447	637
448	486
448	517
448	548
448	679
449	652
449	693
450	453
450	598
453	496
453	646
453	654
454	631
454	651
455	493
455	574
455	583
456	650
457	614
457	633
457	686
458	684
459	578
459	591
460	475
460	522
462	636
462	656
463	518
464	503
464	579
465	671
465	694
466	604
466	611
466	621
467	539
468	534
468	539
469	503
470	571
470	653
471	523
472	515
472	545
473	554
475	476
476	667
477	480
477	630
478	494
478	579
478	606
480	560
481	574
481	664
481	679
482	601
483	551
483	574
484	625
484	663
484	686
484	695
485	514
486	589
487	596
487	651
489	677
490	566
490	676
491	614
491	643
493	514
493	542
493	547
493	556
493	678
494	617
496	683
496	685
497	541
497	588
501	526
501	541
501	589
502	632
503	538
504	677
506	651
507	643
508	520
508	552
510	653
510	692
513	543
513	615
513	642
514	530
514	579
514	623
515	524
515	557
515	567
516	685
518	608
519	640
520	652
524	588
525	580
527	581
528	683
529	666
531	600
531	616
535	649
536	573
536	609
538	558
538	672
541	543
541	568
541	596
543	588
544	631
544	668
545	671
547	639
547	667
553	559
553	609
554	589
557	637
557	675
558	564
558	619
558	654
558	693
561	582
561	595
562	640
563	623
565	573
566	684
567	692
568	665
572	593
572	641
572	665
576	631
576	664
578	629
582	633
583	631
583	676
584	629
584	633
586	610
589	625
590	636
591	634
591	655
597	699
600	652
603	677
604	624
604	678
616	637
617	639
619	629
619	684
633	649
633	684
639	687
642	667
650	686
654	661
655	665
656	692
666	677
666	689
677	684
681	695
686	691