0	561
1	20
1	95
1	585
2	350
2	387
2	501
3	120
3	130
3	147
3	392
3	459
3	680
4	136
4	321
4	343
5	94
5	257
5	307
5	380
6	117
6	321
6	664
7	183
7	184
7	312
7	346
7	583
7	623
7	654
8	77
8	293
8	409
8	620
8	690
9	336
10	431
10	491
10	528
11	231
11	416
11	421
11	526
11	537
11	585
11	629
12	74
12	111
12	560
12	699
13	51
13	237
13	438
13	461
13	692
14	43
14	76
14	414
15	119
15	221
15	654
16	42
16	150
16	462
16	477
16	697
17	173
18	39
18	40
18	385
18	569
18	598
19	341
19	402
20	44
20	331
20	373
20	484
20	587
20	598
21	81
21	135
21	334
22	162
22	196
22	426
22	572
23	133
23	158
23	345
24	44
24	103
24	157
24	168
24	525
25	346
25	378
25	635
26	142
26	191
26	263
26	373
26	649
27	127
27	174
27	354
27	641
28	465
28	470
28	520
28	667
29	471
29	508
30	421
30	669
31	527
32	47
32	223
32	306
32	548
32	577
33	37
33	248
33	453
33	531
33	589
34	69
34	185
34	577
34	658
35	254
35	665
36	80
36	87
36	209
36	309
37	243
38	155
38	234
39	67
39	307
40	586
40	657
41	55
41	679
42	185
42	425
42	485
42	683
43	94
43	330
43	374
43	393
43	533
43	562
44	197
44	276
45	139
45	215
45	351
45	405
45	408
45	527
45	553
46	610
46	683
47	187
47	478
47	487
47	683
48	69
48	196
48	389
48	456
48	484
48	512
49	423
50	132
50	445
50	631
50	649
51	374
51	649
52	116
52	245
52	321
52	351
52	396
52	503
52	515
52	687
53	396
53	478
53	510
53	537
54	159
54	316
55	118
55	318
56	119
56	496
56	571
56	582
57	261
57	290
57	513
58	117
58	133
58	151
58	221
58	363
58	466
58	470
59	304
59	360
60	84
60	169
60	237
60	460
60	633
60	668
61	66
61	84
61	155
61	193
62	300
63	167
63	168
63	260
63	394
63	573
63	607
64	471
65	102
65	343
65	347
65	386
65	439
65	618
66	182
66	234
66	287
66	447
66	576
67	222
67	261
67	265
68	347
68	493
68	572
68	613
69	216
70	167
70	466
71	374
71	481
71	561
71	608
72	371
72	416
72	443
72	631
73	265
74	231
74	232
75	170
75	336
75	380
76	174
76	418
76	502
78	313
78	407
78	427
79	107
79	345
79	547
80	185
80	518
80	559
80	573
81	214
81	245
81	345
81	403
81	450
81	556
82	318
82	467
83	439
83	540
85	147
85	237
85	600
86	112
86	127
86	193
86	461
86	508
86	631
86	686
87	537
87	626
88	239
89	145
90	435
90	526
90	602
91	677
92	142
92	167
92	458
92	561
93	133
93	558
93	600
93	698
94	96
94	98
94	220
94	397
94	453
94	554
95	139
95	258
95	421
95	527
96	140
96	594
97	340
97	366
97	478
97	492
97	516
97	572
98	267
98	511
99	472
99	654
100	129
100	150
100	467
100	571
100	634
101	215
101	315
101	479
101	578
102	204
102	251
102	553
103	271
103	326
103	362
103	511
104	183
104	406
104	472
104	512
104	591
104	602
104	637
105	176
105	370
105	452
105	554
105	683
106	171
106	315
106	361
106	411
106	571
106	616
106	685
107	148
107	223
107	249
107	360
107	427
107	565
108	378
108	637
109	263
109	654
110	242
110	258
110	401
110	408
110	481
110	483
110	511
110	618
110	657
110	667
111	113
111	261
111	596
111	673
112	418
112	630
113	181
113	626
114	285
114	390
115	248
115	506
115	675
116	174
116	440
116	501
116	519
117	345
117	394
117	587
117	633
118	192
118	307
118	342
118	343
118	595
119	191
119	404
119	557
119	633
120	165
120	279
120	359
120	438
120	465
121	434
121	458
122	138
122	206
122	498
122	504
122	587
122	671
123	217
123	326
124	344
124	404
124	470
124	520
124	538
124	675
125	255
125	337
126	139
126	160
126	202
126	267
126	363
126	496
126	588
126	627
127	148
127	450
128	142
128	287
128	307
128	582
129	345
129	580
129	591
129	692
130	322
130	579
130	589
130	623
131	183
131	393
131	425
132	245
132	450
132	504
134	329
134	391
134	428
135	190
135	242
135	407
135	483
137	238
137	661
138	147
138	233
138	287
138	502
138	550
139	246
139	282
139	536
139	560
139	629
139	637
139	698
140	186
140	293
140	432
140	634
141	182
141	600
142	176
142	308
142	543
142	616
143	321
143	388
143	476
143	696
144	252
145	255
145	272
145	289
145	308
145	531
146	168
146	622
147	282
147	434
148	272
148	297
148	345
148	699
149	400
149	562
150	289
150	551
151	682
152	311
152	425
152	428
153	228
153	510
153	648
154	332
154	651
154	689
155	186
155	308
155	416
155	678
155	685
156	478
156	567
156	582
156	655
157	236
157	451
157	495
157	547
159	233
159	243
159	541
160	231
160	286
160	595
160	636
161	272
161	472
161	591
162	463
162	535
163	216
163	550
163	619
163	629
163	663
164	246
164	344
164	377
164	667
164	677
166	551
167	636
168	307
168	314
168	553
168	685
169	256
169	369
170	291
170	595
171	535
171	668
172	200
172	650
173	622
173	649
174	298
174	352
174	465
175	221
175	665
175	677
176	300
176	303
177	203
177	641
178	557
178	620
179	591
180	221
180	272
180	429
180	474
180	595
181	261
181	388
181	459
181	489
181	598
181	679
182	351
182	424
182	502
182	620
183	221
183	275
183	511
183	537
183	648
184	243
184	248
184	454
184	617
185	254
185	356
185	517
185	691
186	214
186	486
187	237
187	529
187	636
187	643
188	314
189	285
189	300
189	420
189	545
189	649
191	411
191	482
191	606
192	481
192	533
192	661
193	392
194	246
194	401
194	405
195	263
195	293
195	431
195	616
196	367
196	436
196	606
197	385
197	522
197	682
198	623
198	660
199	488
199	645
200	444
201	232
201	242
201	320
201	548
201	571
201	607
201	698
203	231
203	334
203	427
203	659
203	670
204	221
204	452
204	499
205	258
205	388
205	545
205	557
206	309
206	395
206	458
206	478
207	233
207	424
208	486
208	495
208	617
209	468
209	484
209	532
210	329
210	361
210	528
211	607
212	656
213	415
213	457
213	638
214	576
215	491
215	628
216	329
216	345
217	676
218	424
219	314
220	345
220	361
220	483
220	528
221	262
221	422
221	583
222	285
222	563
222	685
223	313
223	544
224	267
224	544
225	629
226	348
226	397
227	620
227	646
228	383
228	467
229	302
229	486
230	520
230	550
230	684
231	269
231	504
231	676
231	690
233	563
234	340
234	571
235	380
236	299
236	470
236	563
236	577
236	596
237	450
238	611
238	689
239	501
240	457
240	516
240	529
240	534
241	280
241	482
241	501
241	687
242	447
242	476
244	498
245	347
246	258
246	421
246	437
246	523
246	565
247	281
247	368
247	417
247	586
248	531
249	435
249	561
249	568
250	259
250	387
250	419
250	497
251	331
251	453
251	599
253	649
253	692
254	277
254	294
255	543
257	602
257	619
258	268
258	387
258	584
259	670
260	465
260	539
261	374
261	586
262	543
262	623
262	696
264	372
266	530
266	542
267	311
267	363
267	483
268	280
268	454
269	315
270	621
271	324
271	469
271	653
272	356
272	395
272	494
272	549
272	590
273	275
273	340
273	474
273	515
273	672
273	684
274	542
274	693
275	378
275	461
275	675
276	310
276	461
276	483
277	302
277	316
277	334
277	385
277	456
277	604
277	633
278	334
278	418
278	443
280	291
280	468
280	610
281	308
281	597
282	309
282	327
282	511
283	560
283	667
283	683
284	555
284	675
286	339
286	390
286	429
287	316
287	385
287	395
287	693
288	321
289	612
290	309
290	533
291	495
292	584
293	307
293	322
293	333
293	482
294	459
295	497
295	611
296	377
296	389
296	463
297	376
297	602
298	306
298	438
298	529
298	538
300	393
300	670
301	325
301	698
303	475
303	568
303	693
304	414
304	441
304	553
305	346
306	310
306	398
306	473
306	527
306	567
306	653
307	426
307	502
307	553
308	576
308	636
309	533
310	437
310	463
310	612
310	629
310	650
311	363
311	575
311	696
312	387
312	458
314	636
315	330
315	499
317	504
318	480
319	340
319	631
320	325
320	420
320	439
320	571
321	434
322	551
322	595
322	632
322	641
323	410
323	456
323	544
324	331
324	472
324	655
325	393
325	482
325	515
325	577
325	621
325	665
325	688
326	594
326	617
327	412
327	535
327	638
328	382
328	492
328	693
328	697
329	422
329	444
330	359
330	482
331	392
331	642
332	340
332	653
333	570
333	655
334	410
335	449
335	635
336	344
336	348
336	414
336	418
336	422
336	644
337	368
337	654
338	393
338	565
338	687
339	439
339	518
339	612
339	658
340	437
341	476
341	553
341	659
342	448
343	504
344	477
344	479
344	607
344	668
345	533
346	617
348	416
348	633
349	363
349	580
350	684
351	392
351	526
351	668
352	411
352	680
353	548
353	592
353	636
353	677
353	680
353	690
354	451
354	611
355	535
355	573
355	671
356	490
356	502
357	380
358	533
358	640
360	388
360	609
360	658
362	442
362	695
363	600
363	696
364	389
364	616
365	676
367	495
367	508
367	602
367	669
368	405
368	409
368	648
368	677
369	476
369	502
369	604
369	698
370	430
370	566
370	595
370	605
370	611
370	664
371	405
371	429
371	524
372	473
372	656
373	392
373	448
374	381
374	515
374	591
375	408
377	673
378	465
378	681
379	389
379	540
379	653
380	401
380	548
380	670
381	657
381	663
382	595
383	393
383	513
384	399
384	484
384	605
384	699
385	586
386	607
387	392
387	475
387	492
387	554
388	440
388	452
388	645
389	516
390	669
390	684
392	459
393	502
393	559
394	556
395	402
395	403
395	587
395	649
395	694
396	455
397	535
397	591
397	619
398	696
399	515
399	572
400	423
400	553
400	644
401	462
401	561
401	674
402	411
402	511
403	491
403	586
404	514
404	575
404	642
405	522
405	564
405	636
406	413
406	593
407	609
407	620
408	452
409	658
410	629
410	644
410	649
410	650
411	440
411	574
412	469
412	634
413	454
413	488
414	515
414	527
414	565
415	659
416	623
417	691
418	558
418	567
419	464
419	504
420	595
421	565
422	602
422	653
423	494
424	519
424	694
425	538
425	545
425	580
425	676
425	693
426	469
426	482
426	496
426	655
427	598
428	517
428	581
428	596
428	660
428	665
429	542
429	560
429	588
429	641
430	590
430	632
432	679
432	691
433	611
434	651
438	629
439	480
439	589
439	611
441	450
441	577
441	628
442	505
442	539
442	601
443	494
445	553
445	643
446	686
448	478
450	587
451	568
451	578
451	630
451	666
452	557
453	520
454	455
456	611
457	516
457	560
457	622
458	479
458	580
458	646
458	666
460	687
461	565
462	586
462	593
462	694
465	495
465	619
465	648
466	485
466	546
466	615
467	584
470	500
471	499
471	505
471	538
472	519
472	654
473	543
473	554
473	573
474	563
474	622
474	637
475	552
476	655
477	625
477	685
478	578
480	502
480	504
481	598
481	616
484	548
485	509
485	559
486	604
486	694
488	640
491	620
492	585
493	545
494	508
495	526
496	562
496	604
496	672
499	680
501	654
501	678
503	556
503	636
504	524
507	568
507	649
509	514
509	522
510	670
511	526
512	601
513	663
513	691
514	682
516	596
517	616
517	650
517	697
518	624
518	661
519	667
520	607
521	584
522	540
525	540
526	578
528	565
528	580
529	557
529	682
530	557
530	607
530	673
531	548
532	555
532	612
534	695
535	649
535	675
537	609
537	687
539	578
539	638
540	565
540	609
541	590
542	619
542	669
543	628
543	680
546	605
546	653
546	662
546	695
549	550
549	579
551	634
552	569
552	613
552	667
554	652
556	673
557	603
557	663
557	664
559	643
560	570
561	589
563	647
563	693
564	645
564	650
565	650
566	594
567	684
570	685
571	635
572	663
575	681
577	659
578	584
581	665
584	619
584	694
589	666
593	664
594	625
595	625
596	628
597	672
598	621
598	639
603	628
603	643
605	684
606	652
606	657
606	665
607	691
609	644
614	651
615	670
615	682
617	638
617	695
621	642
621	656
623	651
623	688
625	692
630	666
634	644
635	654
636	691
638	648
638	653
639	696
640	652
641	643
645	661
648	694
652	656
653	673
662	671
680	685
689	697