0	20
0	182
0	415
0	519
1	144
2	337
2	509
2	663
3	158
3	276
3	644
4	214
4	255
4	383
4	477
5	16
5	304
5	354
5	444
5	519
6	86
6	320
6	475
6	601
6	636
7	637
8	509
9	136
9	492
9	623
10	165
10	219
10	494
10	680
11	204
11	411
11	425
11	477
12	143
12	451
13	246
13	327
13	356
13	372
13	661
14	531
15	147
15	265
15	326
15	327
15	341
15	469
15	474
16	239
17	93
17	213
17	283
17	452
17	607
18	272
18	376
18	458
18	693
19	33
19	216
19	281
19	571
19	580
20	623
21	50
21	75
21	438
22	173
22	303
22	330
22	346
22	376
22	400
22	562
23	158
23	251
23	502
23	592
24	420
24	450
24	469
24	554
24	656
24	661
25	139
25	361
25	423
25	425
25	428
25	460
25	505
26	326
27	104
27	198
27	298
27	548
27	582
28	392
29	126
29	257
29	291
29	298
29	347
30	213
30	316
30	689
31	374
31	448
31	471
31	509
31	560
32	137
32	146
32	521
32	543
33	148
33	208
33	254
33	548
33	583
33	636
34	245
34	458
35	295
35	407
35	411
35	608
36	237
36	282
36	627
37	358
37	455
38	368
38	426
39	547
40	155
40	449
40	498
40	610
41	151
41	211
41	224
42	350
42	485
42	547
43	233
43	505
43	513
43	634
44	105
44	160
44	265
44	336
44	381
44	577
45	71
45	565
45	580
45	698
46	104
46	317
46	352
47	57
47	353
47	414
47	416
47	576
48	254
48	536
48	697
49	74
49	496
50	61
50	145
50	298
50	326
50	525
50	533
50	583
50	628
51	189
51	402
51	482
51	535
51	632
51	699
52	120
52	155
52	253
52	536
53	136
53	448
53	532
53	596
53	659
53	666
54	159
54	271
54	340
54	366
54	506
55	173
55	435
56	110
56	187
56	211
56	571
57	119
57	161
57	332
57	658
58	547
59	336
59	563
59	676
60	241
60	480
61	110
61	269
62	208
62	388
62	516
63	644
64	68
64	83
64	213
64	270
65	359
65	514
65	619
66	500
66	525
67	213
67	256
68	593
69	151
69	349
69	604
69	634
70	305
70	413
70	659
70	670
71	183
71	358
71	394
71	438
71	456
72	81
72	401
72	433
72	542
73	433
73	552
73	627
74	160
74	642
75	99
75	328
75	641
75	682
76	155
76	288
76	378
76	405
76	526
76	552
76	607
77	347
77	353
78	274
78	296
78	318
78	557
79	439
79	601
80	528
81	393
81	446
81	494
81	517
81	601
81	644
81	671
82	192
82	603
83	111
83	483
83	644
83	678
84	204
84	259
84	334
84	375
84	377
84	447
84	498
85	205
85	547
85	559
85	636
85	637
85	684
86	185
86	520
87	139
87	403
87	454
87	624
88	218
88	307
88	323
88	662
89	109
89	271
89	501
89	591
89	623
90	221
90	395
90	499
91	190
91	271
91	340
92	133
92	257
92	546
92	646
92	659
93	412
93	509
93	583
93	607
94	153
94	279
94	425
94	536
94	626
95	405
96	204
96	391
96	499
96	598
96	690
97	99
97	165
97	666
98	140
98	229
98	433
98	491
98	537
98	565
98	638
99	351
99	412
100	132
100	306
100	481
101	411
101	571
102	155
102	162
102	179
102	352
103	256
103	321
103	345
103	619
104	676
105	167
105	366
105	426
105	445
105	470
105	543
106	139
106	176
106	373
106	681
107	220
107	376
107	499
107	597
108	289
108	328
108	350
108	386
108	613
109	110
109	138
109	192
109	224
109	244
109	343
109	368
109	560
109	590
109	601
109	656
110	123
111	261
111	338
112	242
112	258
112	531
112	608
112	654
113	380
113	477
114	450
115	166
115	436
115	574
115	655
116	331
116	373
116	683
117	227
117	424
117	431
118	217
119	209
119	295
119	387
119	455
119	465
120	215
120	499
120	614
120	655
121	476
121	550
122	123
122	124
122	204
122	365
122	463
122	576
122	687
123	248
123	425
124	251
124	407
124	688
125	181
125	501
126	163
126	483
126	588
127	286
127	314
128	145
128	313
128	328
128	392
128	405
128	406
128	443
128	467
129	204
129	225
129	276
129	316
129	364
130	146
130	291
130	342
130	352
130	435
130	472
130	566
131	328
131	603
133	148
133	237
133	342
133	451
133	611
134	420
134	488
134	631
135	284
135	538
135	553
135	658
136	200
136	215
136	543
136	672
137	242
137	509
138	476
138	649
139	601
141	173
141	332
141	419
141	424
141	460
141	578
142	544
142	579
143	602
143	649
144	697
145	190
145	210
145	318
145	342
145	389
146	197
146	599
147	371
147	664
148	282
148	357
148	433
148	580
148	605
149	244
149	252
149	297
149	331
149	340
149	534
150	384
150	621
151	154
151	611
152	222
153	311
153	459
153	668
154	157
154	452
154	539
154	665
154	683
155	276
155	322
156	327
156	349
156	363
156	486
157	529
157	545
157	555
158	392
158	395
158	548
158	643
158	683
159	194
160	195
160	486
160	498
160	640
161	167
162	256
162	454
162	664
163	201
163	560
164	225
164	659
165	168
165	261
165	298
165	443
165	473
165	564
165	570
166	404
166	592
166	627
166	641
167	399
167	463
168	391
168	423
168	546
169	397
169	495
169	566
169	569
170	444
171	332
171	420
171	483
171	579
171	691
171	699
172	335
172	339
172	430
172	614
172	654
172	667
173	267
173	498
173	554
174	628
175	207
175	300
175	367
175	459
175	647
176	524
177	207
177	382
177	643
178	213
178	214
178	279
178	616
179	663
179	674
180	226
180	229
180	426
180	447
180	628
180	641
181	383
181	448
181	530
182	222
182	427
182	582
182	650
183	519
184	440
185	332
185	683
186	388
187	604
187	619
188	390
188	432
189	453
189	677
190	205
190	279
190	310
190	337
190	350
191	619
192	589
193	484
193	545
193	565
193	639
194	257
194	346
194	614
194	620
195	209
195	526
195	581
195	584
196	354
196	424
197	202
197	210
197	224
197	512
198	665
199	251
199	525
200	211
200	632
200	679
201	212
201	248
201	289
201	647
202	253
202	664
203	233
203	263
203	489
204	300
204	514
204	567
205	242
205	315
205	362
205	581
206	621
207	239
207	313
207	316
207	498
207	674
208	400
208	434
208	438
208	469
208	658
209	414
211	224
211	275
212	269
213	467
214	426
214	519
215	274
215	366
215	392
216	258
216	323
216	507
216	629
217	372
217	499
217	592
218	302
219	408
219	433
220	443
221	252
221	572
221	673
221	690
222	455
222	459
223	324
223	420
224	235
224	246
224	371
225	504
225	600
226	247
226	308
226	456
226	693
227	461
227	591
227	693
228	348
228	486
228	558
229	289
229	355
229	390
230	500
231	240
231	251
231	284
231	393
232	270
233	300
233	576
234	480
235	240
235	370
235	470
235	534
236	269
236	401
236	531
236	617
237	310
237	494
238	286
238	487
238	646
238	653
238	699
239	311
239	502
239	682
240	243
240	247
240	314
240	429
241	253
241	529
241	649
242	416
242	458
242	582
243	303
243	584
243	688
244	463
244	489
244	502
244	513
244	587
244	665
245	320
245	414
245	470
245	643
246	276
246	444
247	300
247	379
247	398
247	568
248	463
248	592
249	399
249	451
250	444
250	494
250	561
250	590
250	648
251	496
253	341
254	418
254	460
254	664
255	652
256	320
256	577
257	359
257	576
258	692
259	291
259	435
259	501
259	653
260	287
260	317
260	558
261	415
261	586
262	529
263	281
263	308
263	508
263	530
264	265
264	440
264	506
264	532
264	641
264	653
265	282
265	359
265	549
265	692
266	403
266	540
266	565
266	578
267	313
267	383
267	598
267	688
268	590
270	417
270	523
271	389
271	596
271	661
272	298
272	489
272	540
272	563
273	640
274	340
275	622
275	653
275	661
275	672
275	678
276	406
276	630
277	433
277	437
277	447
278	399
279	309
279	587
280	360
280	384
280	503
280	569
280	611
281	509
281	574
282	457
282	698
283	519
283	546
284	613
285	476
285	502
285	689
286	343
287	303
287	589
288	648
288	658
289	366
290	316
290	378
290	668
291	315
291	341
291	542
292	353
292	565
292	693
293	635
294	514
294	518
294	591
295	653
296	343
296	580
297	639
298	325
298	672
299	541
300	320
300	467
301	420
302	304
302	421
302	487
302	578
302	630
304	521
304	598
304	699
305	472
305	646
306	669
307	457
307	574
307	611
307	645
309	418
309	490
310	325
310	528
310	580
310	699
311	388
311	650
312	374
312	379
312	597
312	625
314	338
314	348
315	327
315	403
315	531
315	631
316	367
317	333
317	344
317	348
317	469
317	552
317	588
317	593
318	553
318	697
319	577
320	442
320	470
320	491
320	612
320	656
321	540
321	696
324	628
324	654
325	337
325	444
325	455
327	627
328	465
328	477
328	496
328	573
329	426
329	529
330	396
330	433
331	486
331	608
332	444
332	572
332	589
332	641
333	403
333	451
333	474
333	619
334	346
334	552
334	690
336	458
336	496
336	526
337	351
337	354
339	392
339	548
340	364
340	526
340	542
340	587
343	424
343	504
344	484
344	490
345	653
345	687
346	527
347	402
347	459
347	648
348	364
348	515
348	546
348	552
349	560
349	574
350	384
350	494
351	376
352	621
353	444
353	463
353	589
353	596
354	458
354	607
356	560
358	540
358	601
359	406
359	415
359	474
359	560
360	463
361	530
362	438
362	584
362	599
364	658
365	399
365	549
365	571
366	620
366	629
367	552
367	667
368	471
368	481
368	517
369	446
369	547
369	696
370	382
370	413
370	421
370	449
371	512
371	657
372	520
372	572
372	593
372	691
374	686
375	444
375	455
376	380
376	428
376	540
377	404
377	464
377	633
378	449
378	473
379	515
379	566
379	613
379	698
380	431
380	487
380	630
380	651
383	580
384	390
384	409
384	540
384	689
385	557
385	688
387	658
388	519
388	662
388	671
389	399
389	563
390	482
390	564
390	587
392	424
392	466
392	494
392	545
394	636
395	399
395	561
397	411
397	491
397	507
398	434
398	643
398	690
399	465
399	577
401	666
401	673
402	482
402	512
404	600
405	471
406	490
406	622
406	651
407	453
407	475
407	521
407	527
407	587
407	615
408	638
409	431
409	553
409	699
410	420
410	468
411	532
411	597
411	673
413	629
415	466
415	489
417	432
418	440
418	664
420	440
421	422
424	551
424	568
425	479
426	633
426	695
427	478
427	549
427	628
427	656
430	632
431	529
431	659
432	467
432	594
432	621
435	527
436	621
437	549
438	523
439	542
439	631
440	609
440	695
441	640
444	469
446	539
446	544
447	464
447	664
448	566
449	591
450	572
450	698
451	584
452	577
452	617
454	622
454	650
454	669
456	519
460	517
462	625
462	668
463	595
464	697
466	634
467	517
469	639
469	680
471	588
472	593
472	647
477	492
477	548
478	518
478	647
478	679
479	658
482	544
483	655
484	552
484	664
485	554
485	562
485	618
485	628
485	666
485	685
486	605
488	490
488	692
489	566
489	635
489	683
489	685
491	499
491	553
491	568
491	653
492	661
492	676
492	683
493	676
494	623
495	579
497	502
497	631
498	671
500	668
502	514
502	656
504	528
504	614
506	520
509	637
510	518
510	582
511	536
512	553
514	543
515	521
515	542
516	554
516	585
516	602
517	628
517	651
520	533
522	621
522	647
522	681
523	532
523	637
524	587
525	586
526	590
526	664
527	596
527	699
528	632
529	539
529	550
532	673
536	639
538	679
538	697
539	647
540	690
541	547
542	648
545	600
546	655
546	679
547	576
547	621
548	610
550	631
550	641
550	647
550	669
551	621
552	575
554	650
555	681
556	674
557	602
559	658
561	614
562	597
562	682
563	574
563	611
564	664
565	576
565	687
565	697
567	666
568	628
568	686
569	598
569	690
570	665
571	585
571	603
572	675
575	580
575	590
576	606
577	622
578	606
580	696
581	623
583	629
583	632
584	587
588	601
588	620
594	595
599	692
600	661
601	632
610	626
610	656
610	694
612	656
614	654
616	684
622	639
622	660
625	640
626	660
630	649
636	656
636	667
636	669
637	653
637	692
639	664
639	682
643	675
645	662
646	659
646	661
649	651
650	681
652	664
653	675
653	688
655	697
665	691
671	680
674	691
675	693
689	699
693	695