0	608
1	188
1	539
1	647
1	675
2	317
2	607
3	598
3	649
4	184
4	301
4	474
4	664
5	356
5	386
5	518
6	212
7	322
7	674
8	16
8	173
8	589
9	232
9	513
10	350
10	596
10	644
11	141
11	323
11	417
11	578
12	230
12	325
12	616
13	278
13	298
13	652
14	149
14	150
14	274
15	67
15	690
16	631
17	172
17	173
17	183
17	392
17	477
18	138
18	194
18	424
18	547
18	677
19	75
19	172
19	174
19	457
19	560
20	279
20	462
20	479
20	539
20	599
20	693
21	219
21	232
21	247
21	261
21	371
21	429
21	503
21	597
22	76
22	428
23	110
23	388
23	402
24	424
24	436
25	160
25	336
25	399
25	490
25	581
26	72
26	565
27	129
27	409
27	601
28	475
28	651
29	104
29	146
29	178
29	672
29	674
30	154
30	228
30	292
30	397
31	332
31	342
31	489
31	490
32	595
32	669
33	143
33	183
33	273
33	539
33	559
33	585
33	652
34	275
34	315
34	353
34	653
34	667
34	681
35	82
35	318
35	504
35	696
36	545
36	642
37	81
37	133
37	195
37	221
37	248
37	490
38	65
38	211
38	461
38	616
39	111
39	547
39	568
39	656
40	89
40	583
41	445
41	698
42	74
42	121
43	137
43	333
43	474
44	152
44	315
44	637
45	160
45	203
45	489
46	178
46	377
46	627
46	678
47	485
48	526
49	135
49	207
49	379
49	482
49	658
50	286
50	548
50	596
50	674
51	555
52	86
52	398
52	530
52	560
52	589
52	642
53	401
54	147
54	351
54	398
54	516
55	263
55	547
55	613
56	72
56	441
56	581
57	624
57	635
58	74
58	105
58	141
58	190
58	257
58	258
58	268
59	210
59	216
59	450
59	454
59	553
59	622
60	108
60	310
60	614
61	184
61	368
61	459
61	467
61	477
62	204
62	330
62	459
62	574
62	690
63	374
63	506
64	116
64	300
64	421
64	511
64	563
64	570
64	598
65	146
65	234
65	453
65	570
66	101
66	103
66	336
66	502
66	553
66	649
67	304
67	587
67	659
68	94
68	207
68	376
68	500
69	95
69	191
69	587
69	608
69	660
70	508
70	524
71	88
71	269
71	292
71	309
71	450
71	690
72	79
72	84
72	106
72	191
72	300
72	325
72	463
73	171
73	172
73	490
73	578
73	595
74	554
75	256
75	294
75	505
75	563
75	587
76	185
76	391
76	509
76	520
76	553
77	173
77	335
77	508
78	525
79	126
79	316
79	402
79	448
79	526
80	198
80	243
80	384
80	612
80	628
81	315
81	337
81	459
82	93
82	587
83	370
83	453
83	468
85	89
85	159
85	205
85	213
85	245
85	373
86	348
86	383
87	215
87	394
88	137
88	282
88	324
88	507
88	512
88	611
89	111
89	262
89	336
89	482
90	115
90	133
90	200
90	210
90	341
90	401
90	500
90	648
91	220
91	316
91	411
91	536
91	692
92	142
92	244
92	345
92	412
92	519
92	685
93	154
93	318
93	458
93	535
94	695
95	391
96	167
96	355
96	521
97	426
97	621
98	304
98	497
98	592
99	196
99	303
99	410
99	639
100	358
100	616
100	626
101	173
101	564
101	688
102	179
102	202
102	209
102	283
102	535
103	385
103	588
103	649
103	657
104	299
104	477
104	487
104	538
104	599
105	342
105	469
105	656
106	123
106	452
106	472
106	695
107	207
107	270
107	392
107	416
107	482
109	114
109	130
109	319
109	502
109	560
109	654
110	442
110	451
110	482
110	603
110	641
111	472
112	495
112	501
112	635
112	657
113	315
113	389
113	478
113	649
114	161
114	469
114	516
115	335
115	567
115	574
115	618
116	122
116	663
117	583
118	212
118	419
119	264
119	405
119	469
120	288
120	305
120	603
121	444
121	486
122	210
122	290
122	483
122	520
122	561
122	623
123	136
123	170
123	446
124	379
124	406
124	633
125	536
125	552
126	189
126	239
127	141
127	145
127	173
127	251
127	465
127	578
128	148
128	245
128	605
129	582
130	376
130	444
131	211
131	541
131	609
132	672
132	682
133	201
133	237
133	489
133	622
134	199
134	362
134	508
134	560
135	391
135	459
136	435
136	474
136	489
136	514
137	168
137	281
137	651
138	147
138	220
138	279
138	541
139	385
140	265
141	290
141	522
141	695
142	187
142	242
142	286
142	673
143	391
143	520
143	541
144	227
144	325
144	342
144	345
144	461
144	637
145	347
145	452
146	225
146	303
146	355
148	286
148	458
149	201
149	582
150	381
150	515
150	598
151	487
151	570
152	211
152	382
152	519
153	179
153	226
153	266
153	324
153	456
153	691
154	216
154	284
154	420
154	468
155	284
155	672
156	395
157	268
157	423
158	237
158	293
158	491
159	196
159	537
160	340
160	361
160	453
161	507
161	512
161	621
161	681
161	692
162	250
163	530
164	498
165	300
165	373
166	329
166	334
167	293
167	490
167	553
167	635
168	208
168	638
169	256
169	471
169	681
170	184
170	334
170	510
170	644
171	274
172	429
172	496
173	462
173	569
173	587
173	637
174	337
174	386
174	561
174	698
175	253
175	297
175	337
175	451
176	363
176	608
177	432
177	449
177	671
178	184
178	403
178	611
180	197
180	271
180	495
180	564
180	565
180	604
181	433
181	502
182	235
182	425
182	619
182	621
183	248
183	455
184	216
184	346
184	437
184	648
186	215
186	217
186	617
187	447
187	487
188	513
188	542
189	436
189	499
190	236
190	253
190	321
190	422
190	423
191	333
191	409
191	467
192	266
192	448
192	496
193	418
193	421
193	509
194	429
195	641
196	476
196	555
196	661
197	388
197	396
197	417
197	527
197	669
198	544
198	636
199	234
200	321
200	494
201	224
201	503
201	626
202	467
202	576
203	208
203	234
204	240
204	279
204	397
204	467
204	488
204	614
204	680
205	313
205	341
205	459
205	513
206	280
206	390
206	432
207	243
207	293
207	337
207	568
208	233
208	262
208	319
208	554
208	603
209	327
209	438
210	357
210	424
210	431
210	611
210	634
211	314
212	326
212	520
212	533
212	535
212	692
213	273
213	451
213	618
214	433
214	442
214	461
214	544
214	601
215	308
215	535
216	234
216	444
216	449
216	562
218	415
219	244
219	413
219	456
219	501
219	565
220	361
220	429
221	371
222	311
222	331
222	424
222	488
222	519
222	529
223	302
223	358
223	523
223	542
224	256
224	367
224	425
225	287
226	425
227	476
227	513
227	615
228	322
228	432
229	633
230	239
230	613
231	508
231	554
233	293
233	589
233	630
234	235
234	236
236	240
236	480
236	658
237	427
237	631
237	689
238	290
238	367
238	455
238	482
239	259
239	408
239	518
239	578
239	665
240	393
240	653
240	656
241	335
242	558
243	347
243	514
244	376
244	536
245	492
246	609
247	334
247	381
247	431
247	436
247	563
248	508
248	536
249	579
250	275
250	299
250	302
250	338
250	378
250	555
252	276
252	577
252	595
252	612
252	696
253	376
253	568
254	392
255	260
255	370
256	315
256	354
257	309
257	439
257	551
257	608
258	325
258	511
258	665
259	277
259	512
259	602
260	639
260	640
260	665
261	591
261	697
262	582
263	622
264	270
264	610
264	666
265	417
265	487
265	545
265	634
266	275
266	359
266	583
266	649
267	332
267	424
267	430
268	345
268	514
269	475
270	321
270	434
270	514
271	618
272	431
272	505
272	678
273	292
273	368
273	554
274	283
274	318
274	522
275	397
275	550
275	687
276	387
276	599
276	602
276	651
276	666
277	558
278	285
278	525
278	527
279	290
279	352
279	536
280	453
281	687
282	669
283	372
283	390
283	596
284	357
284	395
284	418
284	531
286	413
287	332
287	634
288	606
289	399
290	351
290	387
290	393
290	517
291	318
292	502
292	674
293	299
293	395
293	646
293	688
294	378
295	524
295	527
295	540
296	649
297	307
297	328
297	698
298	616
299	538
299	661
300	463
300	565
300	680
301	309
301	407
301	478
303	609
304	377
304	453
304	455
306	465
306	519
306	663
307	327
307	384
307	560
307	678
308	578
309	483
309	549
310	340
310	549
310	653
310	696
311	386
311	395
311	565
312	324
312	395
312	459
314	503
314	666
316	465
316	696
317	576
317	639
318	366
318	647
319	334
319	396
319	452
319	623
320	464
320	512
320	531
320	590
321	510
322	415
322	423
322	494
323	349
323	468
324	330
325	361
325	421
325	559
325	675
326	391
326	571
327	344
328	431
328	655
329	632
330	333
330	606
331	363
331	373
331	515
331	581
331	696
333	685
334	561
335	376
335	683
336	535
336	638
337	464
337	541
337	591
338	577
339	341
339	387
339	402
340	353
340	603
341	472
341	685
342	561
342	610
343	363
343	590
343	667
344	424
345	452
345	625
345	682
346	674
347	375
347	425
347	495
347	592
348	431
348	584
349	374
349	446
349	514
349	669
350	519
350	674
351	353
351	565
352	674
352	679
353	398
353	631
354	566
355	509
355	603
356	393
356	511
356	518
356	677
357	548
358	405
358	437
359	650
360	632
360	655
361	528
363	652
363	698
364	511
364	645
365	500
365	532
365	602
365	658
366	387
367	478
368	610
369	426
369	647
369	659
371	433
371	606
372	377
372	520
372	618
373	375
373	376
373	580
374	650
374	661
375	482
375	571
375	688
376	401
376	541
376	566
377	578
378	402
378	481
378	546
379	512
380	464
380	512
380	596
381	382
381	413
381	651
382	384
382	504
383	388
383	612
384	393
385	616
385	683
386	395
386	409
386	508
386	694
388	592
389	620
391	653
392	453
393	530
393	562
393	668
395	417
395	565
396	444
396	635
397	524
398	566
400	436
401	468
401	519
401	531
401	608
403	406
403	481
403	493
403	612
403	642
404	424
404	538
404	603
405	430
406	442
406	629
407	523
407	549
407	588
408	461
409	548
409	679
410	435
410	475
410	652
411	602
412	467
414	587
416	435
416	664
417	563
417	682
418	472
418	573
419	518
421	665
422	647
423	635
425	523
425	552
425	624
426	443
426	655
426	657
427	476
427	640
427	694
432	477
432	527
432	579
433	531
434	505
434	629
436	566
437	553
437	628
437	680
438	488
438	508
438	638
438	660
439	478
439	585
439	643
440	522
440	666
441	442
442	557
444	565
446	568
446	643
448	507
450	593
451	505
453	458
453	518
453	682
454	682
455	622
455	673
456	490
457	546
458	512
459	465
459	563
459	666
460	698
461	543
461	606
461	650
465	558
466	602
467	495
467	585
467	633
468	684
469	473
469	557
469	646
470	482
470	506
470	549
472	653
472	684
473	544
474	527
475	570
476	532
476	589
477	532
478	511
479	679
480	611
483	630
483	670
484	659
485	562
485	636
486	541
486	627
487	506
488	500
488	605
489	682
490	535
490	562
490	688
493	663
495	675
496	532
496	542
497	638
498	556
498	631
498	674
499	526
501	508
503	507
503	659
504	567
504	687
506	543
509	569
509	580
509	627
511	635
512	620
513	580
514	546
516	610
519	623
519	684
521	572
522	650
522	653
523	579
523	608
526	579
526	599
527	646
528	572
529	583
529	615
531	617
531	622
532	634
533	603
534	613
534	697
535	608
536	569
539	598
539	662
542	627
544	546
544	629
544	671
544	685
546	561
546	595
548	584
549	605
549	676
549	695
550	674
551	646
554	558
557	679
558	625
559	617
559	625
560	622
561	665
562	600
570	631
570	669
571	584
571	618
571	654
572	651
572	682
575	662
575	686
576	598
576	649
577	642
578	616
579	664
585	685
586	697
588	632
592	653
594	655
594	686
596	686
597	637
599	677
602	668
603	689
608	669
614	684
614	687
615	628
621	669
625	649
626	644
626	661
626	662
631	674
634	699
636	663
636	682
639	663
639	686
647	692
682	692