0	88
0	192
0	420
0	624
1	318
1	619
1	627
2	41
2	54
2	233
2	242
2	342
2	689
3	48
3	138
3	142
3	204
3	401
3	496
3	674
4	336
4	436
5	405
5	424
5	551
5	597
5	606
6	246
6	378
6	432
7	31
7	36
7	240
7	694
8	450
9	112
10	136
10	534
10	633
11	74
11	109
11	688
12	259
13	532
13	618
13	622
14	521
14	528
14	577
14	681
15	224
16	439
16	446
16	483
16	547
17	89
17	343
18	135
18	209
18	687
18	688
19	46
20	38
20	92
20	675
21	603
21	674
22	178
22	390
22	444
22	635
23	335
23	475
24	58
24	126
24	365
24	370
25	28
25	190
25	358
25	500
25	597
25	681
26	54
26	142
26	187
26	270
26	366
26	525
26	555
27	75
27	433
27	505
27	605
28	633
28	674
29	212
29	644
30	68
30	186
30	449
30	553
31	83
31	113
31	198
31	387
31	438
31	696
32	33
32	306
32	502
32	509
33	71
33	128
33	152
33	258
33	321
33	325
33	664
34	42
34	111
35	205
36	282
36	311
36	683
37	45
37	54
37	244
37	641
38	65
38	398
38	431
39	122
39	399
39	414
40	75
40	153
40	525
41	161
41	185
41	661
42	79
42	283
43	165
43	217
43	255
43	256
43	642
44	57
44	490
44	682
45	299
45	497
46	61
46	262
46	385
46	396
46	420
47	140
47	272
47	312
47	320
47	392
47	491
47	566
47	600
49	52
49	262
49	345
50	135
51	100
51	359
51	368
52	92
52	232
52	310
52	435
52	649
52	654
53	64
53	357
54	602
54	641
55	67
55	70
55	92
55	106
55	239
55	436
55	592
55	604
56	448
56	546
56	637
56	674
57	203
57	225
57	247
57	252
57	444
58	173
59	140
59	368
59	386
59	518
59	612
59	690
60	483
61	223
61	230
61	317
61	322
61	471
61	587
61	601
61	659
62	128
62	417
62	588
63	319
63	435
63	569
64	220
64	648
65	85
65	323
65	359
65	444
65	501
66	112
66	205
66	313
66	390
67	342
67	622
68	446
68	493
68	625
68	640
68	691
69	382
69	400
69	469
69	564
69	659
70	155
70	181
70	331
70	441
70	532
70	563
70	615
70	678
71	207
71	399
71	668
71	695
72	118
72	156
72	195
72	279
72	532
73	90
73	143
73	185
73	614
73	628
73	657
74	698
75	468
75	590
75	608
75	622
75	642
76	106
76	199
76	554
77	424
78	130
78	340
78	397
78	506
79	201
79	429
79	457
79	606
79	662
80	456
80	549
80	612
80	680
81	136
81	240
81	300
81	321
81	394
81	477
82	114
82	182
82	273
82	435
82	463
82	683
82	697
83	86
83	156
83	169
83	371
83	384
83	386
84	189
84	555
84	686
84	699
85	103
85	334
85	346
85	485
85	564
86	225
86	413
87	336
87	353
87	659
88	121
88	338
88	501
88	546
88	579
88	602
89	310
90	374
90	497
91	197
91	226
91	336
91	342
91	485
92	138
92	229
92	433
92	452
92	464
92	589
93	362
93	667
94	217
94	240
95	636
95	692
96	364
96	399
97	127
97	449
97	640
98	170
98	344
98	554
98	562
98	595
99	265
100	635
101	122
101	197
102	161
102	184
102	260
102	365
102	432
103	133
103	456
103	528
104	133
104	516
105	278
105	396
106	182
106	228
106	462
106	531
106	589
107	492
107	527
107	657
108	139
108	185
108	425
108	455
108	496
109	203
109	560
109	571
110	312
110	356
110	408
110	450
110	590
111	193
111	255
112	151
112	502
113	221
114	201
114	214
114	600
115	155
115	349
115	424
115	639
115	643
116	247
116	597
117	430
117	593
118	459
118	524
118	580
119	324
119	469
119	654
119	663
120	308
120	381
120	589
121	297
121	374
121	432
121	659
122	158
122	320
122	379
122	395
122	456
123	147
123	361
123	429
124	177
124	189
125	245
125	444
125	503
125	504
126	144
126	235
126	258
126	421
126	515
126	565
127	233
127	305
127	416
128	174
128	218
128	260
128	321
129	518
130	671
131	341
131	439
131	474
132	274
132	347
132	419
132	497
132	569
132	672
132	689
133	165
133	191
133	199
133	356
134	616
136	228
136	371
136	522
136	564
137	334
137	387
137	587
137	636
138	149
138	414
138	426
138	484
138	556
138	678
139	144
139	265
139	311
139	555
139	689
140	537
140	627
141	361
141	515
141	660
142	371
142	490
142	596
142	632
143	145
143	275
143	619
143	699
144	451
144	555
145	227
145	265
145	298
145	604
146	189
147	247
147	432
147	445
147	687
148	288
148	304
148	685
149	164
149	222
149	382
149	585
149	590
149	638
149	661
150	324
150	362
150	502
151	185
151	211
151	421
151	580
151	594
151	622
151	650
152	216
152	448
152	489
152	536
153	465
153	498
153	696
154	193
154	599
154	609
155	258
155	457
155	595
156	423
157	294
157	482
157	629
157	636
158	185
158	216
158	225
158	241
158	277
159	224
159	475
160	467
161	239
161	270
162	612
163	333
163	454
163	578
164	364
164	611
164	646
165	175
165	206
165	246
165	310
165	423
165	692
166	382
167	272
167	359
167	470
168	214
168	331
168	507
169	370
169	395
170	195
170	228
170	370
170	469
170	474
171	343
171	366
171	383
171	398
171	593
172	440
172	499
172	572
173	181
173	325
173	326
173	527
175	307
175	317
175	420
176	372
176	622
176	641
176	665
178	343
178	522
179	309
179	498
179	662
179	685
180	667
181	352
182	287
182	370
182	431
182	436
182	668
183	305
183	415
183	481
183	510
184	218
184	556
184	666
185	300
185	329
185	514
186	230
186	305
186	568
186	674
187	222
187	276
187	374
187	386
187	643
187	670
187	675
188	287
188	572
188	645
189	234
189	410
189	497
189	631
189	649
189	685
189	695
190	271
190	461
190	618
191	342
191	527
191	529
191	561
191	574
193	238
193	667
194	352
194	369
194	400
194	415
194	418
194	600
194	686
195	493
195	530
196	223
196	368
196	451
196	474
197	257
197	275
197	468
197	493
197	530
197	585
197	615
198	467
198	651
199	291
199	469
199	503
199	610
200	238
200	293
200	343
200	345
200	429
200	515
200	627
201	274
201	358
202	315
202	560
202	576
202	658
203	564
203	658
204	603
205	241
205	381
206	565
206	600
207	653
208	311
208	370
209	252
209	433
210	344
211	227
211	248
211	403
211	550
211	607
211	693
212	249
212	291
213	513
213	626
213	628
214	292
214	503
214	558
215	220
215	345
215	681
216	440
217	348
217	541
217	669
219	420
219	649
219	697
220	237
220	249
220	483
221	355
221	467
221	476
221	548
222	664
223	449
223	569
223	665
224	300
224	389
224	569
225	392
225	546
226	306
226	370
226	678
227	364
227	435
227	508
228	287
228	322
228	552
228	570
228	624
228	652
229	385
230	285
230	425
231	311
231	469
231	610
231	689
232	243
232	370
232	376
232	579
232	581
233	297
234	254
234	315
234	476
234	614
235	527
236	249
236	467
237	348
237	397
237	489
237	498
238	295
238	296
238	303
238	430
238	449
238	563
238	588
238	667
238	698
239	282
239	595
239	601
240	379
240	405
241	286
241	312
241	463
241	480
241	486
241	595
242	402
242	492
243	398
244	263
244	314
244	354
244	417
244	433
244	487
245	487
246	325
246	410
246	596
246	684
247	296
247	439
247	631
248	575
248	668
249	393
249	404
249	590
250	294
251	346
251	464
252	348
252	543
252	573
253	537
254	440
254	544
255	478
255	503
255	563
255	673
256	481
256	619
257	326
257	393
257	623
259	443
259	483
260	335
261	477
262	693
263	371
263	464
263	657
264	280
264	478
264	650
264	692
265	661
266	455
266	548
266	588
267	503
267	549
268	410
268	516
268	563
269	474
269	657
269	695
270	386
270	536
270	690
271	272
271	326
271	665
272	385
272	524
272	526
273	487
273	624
274	507
275	342
275	344
275	388
276	449
276	563
277	278
277	394
279	392
280	569
281	410
281	584
282	423
282	531
282	588
283	432
284	290
284	326
285	404
285	504
286	367
286	692
287	390
287	613
288	582
289	312
289	371
289	411
289	542
289	569
289	604
290	462
291	351
291	356
292	480
292	665
293	366
293	609
293	665
294	506
294	538
294	617
295	620
295	621
296	413
296	578
296	697
297	442
297	527
297	596
297	635
297	641
298	323
298	399
299	392
299	544
299	698
300	357
300	687
301	327
301	393
301	453
301	690
302	498
302	542
302	593
302	674
303	515
304	319
304	699
305	323
305	466
305	528
305	649
306	438
306	525
306	621
307	332
307	446
308	368
308	475
309	372
309	468
309	561
310	432
310	652
312	327
312	351
312	461
312	506
313	446
313	517
314	333
314	390
314	516
315	604
316	377
316	412
316	599
316	665
317	476
317	513
318	344
318	495
318	617
319	364
319	651
320	560
320	579
320	692
320	699
322	360
322	372
322	489
323	472
323	586
324	686
325	578
325	635
325	651
325	666
326	555
326	597
327	349
327	551
328	432
328	515
328	662
328	666
329	482
329	531
330	372
330	417
331	378
331	424
331	469
331	566
332	492
332	551
333	524
334	516
335	390
335	517
336	346
336	350
336	614
336	633
337	510
338	432
339	376
339	444
339	560
341	357
341	369
341	536
342	507
342	658
343	489
343	605
344	346
344	431
344	527
345	581
346	439
347	390
347	430
348	378
348	639
349	458
350	432
350	438
350	445
351	576
352	391
353	556
353	631
356	616
357	418
357	590
358	648
360	470
360	486
360	569
361	563
362	537
362	679
363	365
364	615
365	617
365	659
367	391
367	424
367	588
367	600
367	643
368	542
368	582
369	539
369	574
369	693
370	566
370	625
371	433
371	639
372	596
373	383
373	387
373	609
374	438
374	586
375	422
375	432
375	655
376	421
376	423
376	455
376	461
376	573
377	387
377	438
378	541
378	681
380	492
381	449
381	488
381	565
381	649
382	687
383	673
384	451
384	500
385	580
385	594
385	617
385	659
386	494
386	609
386	615
386	655
388	429
388	449
388	634
389	488
391	478
391	563
391	575
393	480
393	545
393	586
393	604
394	420
394	593
394	681
396	463
396	562
396	638
396	640
397	503
397	603
398	462
400	464
400	615
401	438
401	491
404	616
404	697
405	691
406	514
406	631
407	573
408	415
408	537
408	675
409	559
409	646
409	696
410	657
411	434
411	476
411	536
411	646
411	652
413	431
413	522
414	669
415	443
416	480
416	620
417	491
417	514
418	685
419	499
420	586
420	638
421	441
421	550
421	618
421	691
422	616
422	664
423	503
423	510
424	564
425	480
425	642
425	649
426	473
427	440
427	441
427	574
428	479
428	480
428	499
428	680
429	513
429	537
429	566
429	588
429	620
430	576
431	575
431	644
431	665
432	464
436	483
436	604
437	681
438	612
439	557
439	658
439	674
440	555
441	498
442	533
443	490
443	578
443	658
443	694
444	657
446	614
447	528
448	605
450	584
452	575
452	609
455	484
457	572
458	467
459	643
460	472
460	624
461	649
462	548
462	605
463	513
464	501
467	634
467	666
468	548
468	669
468	670
469	481
469	698
471	662
472	626
472	636
472	678
472	687
473	548
473	597
474	475
474	526
474	529
474	556
474	627
475	578
475	697
476	627
477	649
478	548
478	616
479	519
479	538
479	539
480	695
481	520
481	628
483	510
483	554
483	683
484	575
486	697
488	491
488	530
489	621
489	637
490	644
491	610
491	612
491	661
491	671
491	679
492	598
492	648
494	508
494	562
494	596
494	672
495	526
495	591
495	662
496	557
496	678
497	506
497	603
498	607
498	637
498	648
500	608
503	675
503	676
504	624
505	526
505	579
505	639
506	646
507	648
508	570
509	667
509	668
511	518
511	614
512	629
512	689
513	586
515	656
516	606
517	632
518	696
521	640
521	667
523	586
523	588
524	605
527	556
528	622
529	661
531	576
531	643
532	682
532	699
535	638
536	595
536	651
536	673
538	643
538	680
539	601
540	655
543	552
544	590
544	617
548	662
550	557
550	611
550	634
551	575
552	628
555	676
561	603
561	639
561	652
562	586
562	690
564	681
565	582
567	586
568	618
570	690
571	595
571	610
573	602
573	637
575	689
577	670
578	582
581	600
582	630
582	634
583	647
585	662
587	661
587	663
592	619
592	680
593	611
593	662
593	686
595	645
597	633
597	638
599	604
600	643
602	655
602	671
602	695
604	691
606	677
607	646
611	614
613	694
616	635
618	643
619	621
620	625
620	641
620	660
622	637
622	661
623	677
623	678
625	645
625	687
629	669
631	672
631	687
632	679
635	689
636	676
637	675
640	650
641	672
641	697
650	684
651	652
653	672
662	669
689	698