0	36
0	384
0	408
0	606
1	41
1	212
1	334
1	398
1	445
1	479
1	566
1	583
1	615
1	642
2	324
2	551
3	43
3	430
3	431
4	20
4	209
4	544
5	244
5	247
5	314
6	263
6	348
6	388
6	440
6	487
6	568
7	33
7	184
7	288
7	612
8	159
8	328
8	536
8	665
9	433
9	523
10	124
10	381
10	623
11	547
11	694
12	192
12	424
12	465
12	658
13	308
13	406
13	504
13	523
13	636
13	640
14	21
14	346
14	385
14	619
15	86
15	407
15	457
16	93
16	238
17	39
17	341
17	396
17	448
17	482
17	586
17	662
18	278
18	357
18	553
18	636
19	44
19	108
19	263
19	495
19	586
20	90
20	94
20	97
20	129
20	256
20	276
21	94
21	607
22	300
22	323
22	375
22	529
22	644
23	129
23	598
24	113
24	161
24	192
24	231
24	351
25	295
25	303
25	559
26	173
26	195
26	223
26	308
26	451
27	51
27	193
27	319
27	560
27	601
28	63
28	64
28	363
29	47
29	83
29	213
29	245
29	248
29	314
29	361
29	562
30	235
30	492
31	268
32	420
33	49
33	214
33	523
33	681
34	243
34	359
34	388
34	568
34	614
34	625
34	646
35	44
35	95
35	148
35	165
35	291
35	381
35	477
35	512
35	524
36	291
37	81
37	148
37	186
37	236
37	499
38	634
39	131
39	172
39	352
39	515
40	97
40	350
40	558
41	461
41	492
41	636
42	68
42	280
42	319
42	343
42	464
42	524
42	591
42	603
43	105
43	380
43	454
43	528
43	575
43	689
44	125
44	208
44	243
44	367
44	438
44	458
44	554
44	582
45	60
45	196
46	59
46	331
46	341
47	191
47	235
47	276
47	334
47	439
47	582
47	599
47	630
47	639
48	513
48	696
49	108
49	245
49	247
49	610
49	633
50	144
50	490
51	390
51	396
51	667
52	380
53	55
53	117
53	430
53	613
54	142
54	635
54	678
56	68
56	441
56	545
56	624
57	346
57	450
57	479
58	101
58	126
59	434
59	517
59	552
59	563
60	492
61	179
61	235
62	102
62	203
62	666
62	694
63	85
63	623
64	264
64	380
64	692
65	463
65	582
66	135
66	212
66	242
66	505
67	126
67	225
67	378
67	450
68	149
68	172
68	237
68	264
68	351
68	519
68	537
69	91
69	169
69	171
69	224
69	266
69	406
69	509
69	635
70	120
71	303
71	533
71	673
72	529
73	347
73	623
74	651
75	96
75	276
75	443
75	542
76	335
76	559
76	668
77	352
77	633
78	338
78	484
79	280
79	343
79	358
80	154
80	462
80	539
80	694
81	380
81	394
81	457
81	572
82	511
82	670
83	461
83	488
83	590
84	139
84	477
84	540
84	592
85	155
85	195
85	267
85	321
85	369
86	479
87	313
87	448
87	469
88	156
89	149
89	381
90	315
90	598
90	613
90	637
91	149
91	403
91	565
92	360
92	392
92	502
92	586
92	596
93	240
93	272
94	111
94	373
94	409
94	501
94	675
95	315
95	319
95	338
95	504
95	527
96	201
96	542
96	640
98	213
98	225
98	417
98	553
98	574
99	155
99	225
99	404
100	306
100	342
100	363
100	373
100	461
100	498
100	626
101	184
101	383
101	597
101	640
102	239
102	243
102	289
102	339
103	201
103	324
103	329
103	343
103	394
103	469
103	643
103	661
104	181
104	236
105	480
106	520
107	132
107	136
107	213
107	426
107	513
108	127
108	394
108	645
109	194
109	256
109	326
110	574
111	401
112	147
112	282
112	697
113	635
114	128
114	129
114	398
114	424
114	591
115	188
115	296
115	338
115	627
116	225
116	258
116	519
117	158
117	413
117	466
117	468
118	314
119	247
119	265
119	551
119	552
119	613
120	322
120	369
120	522
120	561
120	654
121	139
122	127
122	344
122	422
122	484
123	487
124	135
124	231
124	312
125	151
125	279
125	333
125	376
125	426
125	584
125	586
125	588
125	603
125	641
126	292
126	377
126	499
127	139
127	270
127	550
127	555
127	614
128	308
128	312
129	169
129	307
129	386
129	486
129	611
129	637
129	663
130	528
130	624
130	695
131	243
131	452
131	551
131	567
131	688
132	160
132	378
132	547
132	643
133	209
133	532
133	652
134	150
134	312
134	339
134	369
134	494
134	558
135	160
135	237
135	425
135	451
135	467
135	636
136	493
136	551
136	616
136	666
137	287
137	307
137	405
137	442
137	499
138	593
138	615
138	626
139	179
139	555
139	632
140	194
140	582
141	158
141	320
141	330
141	506
141	651
142	192
142	504
143	217
143	356
143	511
144	319
144	530
145	217
145	283
145	332
145	355
145	411
145	490
145	564
145	661
146	199
146	234
146	272
146	279
146	585
146	618
147	328
147	491
148	189
148	197
148	443
148	511
148	537
149	366
149	559
149	694
150	308
150	516
150	684
151	193
151	226
151	393
152	330
152	445
153	330
153	392
153	538
154	183
154	230
154	484
154	574
155	495
155	586
155	596
156	410
156	604
157	309
157	479
157	587
157	608
158	446
159	198
159	250
159	302
159	410
159	483
159	524
160	268
160	369
160	523
160	609
161	179
161	536
161	570
161	632
162	205
162	471
162	486
163	226
163	350
163	497
164	560
165	417
165	455
165	683
165	699
166	473
166	681
167	188
167	292
167	470
167	539
167	625
168	193
168	430
168	503
168	535
169	324
169	493
169	505
170	236
170	283
170	440
170	534
171	292
171	338
171	355
171	426
171	459
171	476
171	541
171	643
172	495
172	552
172	663
174	223
175	325
175	508
175	685
176	459
177	286
177	409
177	569
177	657
178	255
178	477
178	682
179	195
179	212
179	330
179	653
180	300
180	359
180	494
181	363
182	220
182	241
182	279
182	330
182	446
182	662
183	351
184	260
184	280
184	565
184	577
184	612
184	693
185	591
186	312
187	296
187	319
187	542
187	562
187	595
188	524
188	633
188	674
189	428
189	641
190	439
190	448
190	477
191	661
192	393
192	531
192	548
194	264
194	299
194	435
195	580
195	657
196	584
197	342
197	376
197	397
197	559
197	674
198	231
198	322
198	443
198	582
199	234
199	375
199	393
199	562
199	637
200	234
200	468
200	500
200	513
201	388
202	242
202	510
202	538
202	637
203	495
203	505
203	662
203	668
204	686
205	376
205	438
205	553
206	423
207	308
207	398
207	442
207	505
207	670
208	436
209	299
209	301
210	235
210	325
210	331
210	352
210	383
210	612
210	618
211	379
211	595
211	612
212	284
212	391
213	254
213	497
213	609
213	666
215	317
215	523
215	527
216	236
216	280
216	544
216	645
217	566
217	571
217	631
218	428
218	527
218	597
219	229
219	440
220	352
220	485
220	531
220	656
221	335
221	417
221	431
222	231
222	539
222	651
222	674
223	365
223	687
224	642
224	673
224	682
224	687
225	365
225	576
226	245
226	282
227	539
228	461
229	241
229	478
229	640
229	666
230	465
230	540
230	658
231	683
232	576
233	352
233	478
233	619
233	637
233	644
234	520
235	311
235	405
235	668
236	265
236	303
236	538
236	542
237	322
237	415
237	483
237	487
237	539
238	279
238	316
238	331
238	475
238	532
239	406
239	478
239	594
240	272
240	299
240	393
240	425
241	335
241	411
241	522
241	527
242	526
242	566
243	582
244	355
244	414
244	426
244	510
244	572
244	591
244	662
244	672
245	523
246	486
246	649
247	250
247	370
247	374
247	439
247	680
248	315
248	426
248	547
248	628
249	338
249	415
249	480
250	304
250	429
250	447
251	279
251	409
252	368
252	416
252	634
253	265
253	292
254	285
254	286
254	568
254	677
255	566
255	577
256	616
257	370
257	458
257	560
257	617
257	623
258	305
258	363
258	415
258	524
259	404
259	573
260	270
260	283
260	292
260	347
260	416
260	535
261	262
261	553
262	322
262	439
262	555
262	564
263	449
263	454
263	473
263	598
264	666
265	272
265	307
266	390
266	652
267	281
267	595
268	286
268	315
268	360
269	282
269	362
269	507
269	538
270	482
271	383
271	438
271	465
272	291
272	369
273	454
273	534
274	437
275	501
276	485
276	630
276	633
276	642
277	568
277	633
277	676
278	286
278	331
278	581
278	669
280	326
280	489
280	634
281	469
283	335
283	587
285	326
285	414
285	446
285	520
285	562
285	688
286	486
286	641
287	462
288	564
289	481
289	625
290	345
290	388
290	698
291	314
291	369
291	380
291	612
291	633
292	380
292	508
292	524
292	586
293	314
293	403
293	568
293	607
294	463
294	480
294	585
295	512
295	612
296	419
296	508
297	554
297	619
297	695
298	396
298	443
298	454
299	432
299	453
299	516
300	396
302	568
302	571
302	636
303	319
304	618
305	323
305	365
305	491
305	630
305	692
306	535
307	316
307	455
308	472
308	564
309	374
309	681
310	594
311	662
312	364
312	366
312	376
312	514
313	446
313	530
313	546
313	548
315	337
315	508
315	611
315	660
315	667
315	696
316	664
317	336
317	394
317	413
317	449
318	397
318	490
318	498
318	616
318	660
318	682
319	322
320	493
320	510
320	672
320	684
321	371
321	486
321	545
321	570
321	620
322	440
322	571
322	576
323	653
324	381
324	451
325	533
326	409
326	579
327	380
329	405
330	339
330	654
330	658
331	414
331	440
331	489
333	486
333	620
333	640
333	697
334	450
335	476
335	664
335	674
336	468
336	630
336	647
337	567
337	585
337	592
338	431
338	496
339	489
339	514
340	655
341	583
341	689
342	375
343	474
344	593
345	602
345	604
345	646
346	461
346	503
346	524
346	565
347	492
347	635
349	372
349	565
349	624
350	576
350	618
351	411
351	429
352	489
353	637
354	492
355	578
355	602
355	612
355	622
355	648
356	361
357	375
357	385
357	402
357	502
357	570
357	586
358	468
358	561
358	646
360	633
360	654
361	423
361	531
362	552
362	581
363	475
364	376
364	389
364	505
365	423
366	628
366	634
367	397
367	399
367	455
368	616
369	434
369	586
369	587
369	627
369	663
370	486
370	630
370	690
372	528
372	654
373	385
373	411
373	557
373	645
374	437
375	432
375	664
376	448
376	453
376	562
377	403
377	417
377	548
378	463
378	564
378	681
379	450
379	525
380	535
380	576
382	641
383	633
384	498
386	396
386	697
387	562
387	625
388	430
388	589
389	632
391	497
391	635
392	436
392	600
392	639
393	504
393	543
393	672
395	490
395	638
395	665
397	503
398	591
398	688
399	581
400	594
400	605
400	644
400	649
401	484
401	525
401	530
401	622
402	483
402	640
404	562
405	463
405	583
405	669
406	569
408	532
408	677
409	656
409	688
410	491
412	584
412	591
412	655
413	483
413	496
414	654
415	477
416	549
416	561
416	636
417	490
417	566
417	652
418	470
419	424
419	580
419	676
420	513
420	521
421	578
422	496
423	699
424	440
424	518
424	617
426	452
426	492
426	577
427	605
428	457
428	543
428	633
428	695
429	633
429	694
430	566
430	646
431	464
431	625
431	649
431	676
432	539
432	691
433	436
433	658
434	690
435	470
435	555
436	471
436	508
436	658
437	664
438	495
438	599
439	686
440	453
440	586
441	524
442	576
442	672
443	503
443	561
443	643
444	562
445	686
446	638
446	674
447	622
447	696
448	550
448	681
450	469
450	648
451	469
452	539
453	456
453	563
453	576
454	666
455	544
456	602
457	526
457	555
458	616
460	539
461	484
461	518
461	641
462	576
462	626
467	587
469	650
471	593
471	627
472	636
473	492
473	535
474	532
474	579
474	673
476	482
479	579
479	662
480	659
481	485
481	568
481	629
481	679
482	517
484	573
485	546
487	510
488	491
488	682
490	667
492	638
493	617
494	632
496	651
498	656
499	674
501	666
503	621
505	547
506	574
506	662
508	574
508	638
511	519
511	573
511	602
514	671
515	679
517	564
517	693
518	557
518	623
518	667
519	520
519	672
519	688
521	643
522	527
522	687
524	530
524	639
524	694
525	579
527	633
527	648
527	687
530	610
530	698
532	554
533	658
533	676
534	652
535	640
538	622
539	679
541	650
541	652
541	669
542	690
543	556
543	667
544	626
545	557
545	698
548	568
550	573
550	625
551	618
554	616
554	662
557	627
558	655
559	566
564	634
564	636
566	594
567	603
567	683
568	587
569	606
571	633
571	648
572	609
573	664
576	670
576	674
578	623
580	662
581	589
581	629
588	664
589	633
589	698
591	633
592	648
592	654
594	668
596	648
596	695
597	617
598	646
600	685
601	634
609	687
610	629
617	650
620	642
622	658
629	654
632	639
632	653
634	670
635	671
636	698
638	684
642	676
653	688
669	672
682	694
683	691
686	691